id,year,hunt,pop,BG16a,BG16b,BG18a,BG18b,BG15a,BG15b,BG19a,BG19b,BG6a,BG6b,TTT1a,TTT1b,TTD2a,TTD2b,TTD3a,TTD3b,TUD6a,TUD6b,TUT3a,TUT3b,TUT4a,TUT4b,TTT2a,TTT2b
H_PALI,2006,hunted,6,152,164,160,164,181,185,173,177,203,203,238,246,NA,NA,136,148,182,182,160,168,169,169,149,149
H102,2003,hunted,1,160,168,152,160,185,185,177,177,199,199,238,238,NA,NA,148,152,182,184,160,164,161,169,149,149
H103,2003,hunted,1,156,172,156,164,181,181,165,177,203,215,246,250,NA,NA,140,142,182,184,164,168,165,165,149,149
H104,2003,hunted,1,160,164,160,164,189,193,169,177,199,207,238,238,NA,NA,136,138,180,186,156,160,173,173,149,149
H105,2003,hunted,1,152,168,156,156,181,193,173,177,195,207,238,242,149,149,146,150,184,186,160,168,165,173,149,149
H106,2003,hunted,1,152,156,152,168,189,193,165,169,199,211,238,238,NA,NA,128,150,182,186,156,164,161,169,149,149
H111,2003,hunted,3,152,156,152,160,189,197,169,177,199,203,238,254,NA,NA,136,154,184,186,156,176,165,169,149,149
H112,2003,hunted,1,152,160,160,164,185,189,177,177,195,199,234,246,NA,NA,138,146,182,186,160,164,169,173,149,149
H113,2003,hunted,1,156,160,156,160,189,189,169,177,199,207,246,254,NA,NA,138,146,186,186,160,160,173,173,149,149
H114,2003,hunted,1,156,160,156,160,189,189,169,177,199,207,246,254,NA,NA,138,146,186,186,164,172,165,169,149,149
H115,2003,hunted,1,156,160,156,164,181,185,173,177,199,203,238,250,149,149,138,146,180,186,156,168,169,173,149,149
H143,2003,hunted,1,160,168,160,164,181,185,177,177,199,207,234,246,NA,NA,138,152,184,186,160,172,169,173,149,157
H144,2003,hunted,1,156,168,152,156,185,193,165,193,203,203,238,246,NA,NA,146,164,180,184,160,172,165,169,149,149
H145,2003,hunted,1,152,160,156,160,197,197,165,185,199,211,250,250,149,149,148,156,184,186,160,164,157,161,149,149
H149,2003,hunted,1,164,164,152,164,181,193,173,173,199,215,238,242,149,149,146,150,180,186,156,172,169,169,149,149
H150,2003,hunted,1,156,160,156,156,189,189,165,173,203,271,242,242,149,149,146,146,182,186,156,160,161,173,149,149
H167542,2005,hunted,1,148,160,152,168,185,189,177,177,203,207,242,246,149,149,128,128,180,186,160,172,161,169,149,149
H169604,2006,hunted,1,160,160,152,156,185,189,165,169,203,203,246,250,149,149,144,148,184,186,156,164,169,177,149,149
H169607,2006,hunted,1,160,168,156,156,189,193,165,181,203,215,246,250,149,149,128,148,186,186,156,164,153,173,149,149
H169608,2007,hunted,1,152,160,156,160,181,185,169,177,199,199,242,250,NA,NA,146,156,182,186,156,168,161,169,149,149
H169633,2006,hunted,1,156,160,160,168,185,197,173,177,195,207,242,250,149,149,128,144,184,186,152,160,169,169,149,149
H169688,2006,hunted,1,152,164,160,164,189,193,177,193,203,203,238,246,149,153,144,148,182,186,156,164,165,165,149,153
H169714,2007,hunted,1,156,160,156,164,185,189,169,173,207,275,238,242,NA,NA,128,146,180,184,156,168,157,177,149,149
H171802,2007,hunted,1,156,164,148,172,185,189,169,181,199,199,246,246,NA,NA,138,146,186,186,160,160,165,177,149,149
H171805,2007,hunted,1,152,156,156,156,189,189,165,177,203,283,238,238,NA,NA,128,146,180,182,164,176,165,165,149,149
H171807,2007,hunted,1,156,160,152,152,193,193,169,181,199,203,242,246,NA,NA,148,158,180,186,156,164,169,173,149,149
H171814,2007,hunted,1,160,164,160,160,185,189,169,177,195,207,230,250,NA,NA,150,158,186,192,152,160,169,173,149,151
H171816,2007,hunted,1,156,160,152,156,189,197,169,169,199,199,238,246,NA,NA,146,158,182,186,160,168,169,173,149,149
H171817,2007,hunted,1,160,160,152,152,189,197,165,169,195,203,238,242,NA,NA,146,152,184,186,160,168,165,169,149,149
H171818,2007,hunted,1,156,168,152,164,189,189,173,177,199,207,238,254,NA,NA,136,136,180,186,168,172,169,177,149,149
H171819,2007,hunted,1,156,160,160,168,185,189,165,169,199,203,230,242,NA,NA,146,146,184,186,164,164,165,165,149,149
H171834,2007,hunted,1,156,160,152,156,185,185,173,173,199,207,238,238,NA,NA,138,146,182,182,164,176,169,169,149,149
H171835,2007,hunted,1,160,160,160,168,189,189,169,169,199,203,234,242,NA,NA,146,146,182,192,156,160,161,169,149,153
H171836,2007,hunted,1,148,156,156,172,189,197,173,177,195,211,238,250,NA,NA,134,136,182,186,160,172,165,165,149,149
H171837,2007,hunted,1,156,160,160,168,185,197,169,177,199,207,238,250,NA,NA,140,146,180,186,160,160,161,165,149,149
H171838,2007,hunted,1,156,156,152,156,185,193,165,173,211,279,242,250,NA,NA,146,146,182,186,164,168,157,165,149,149
H171839,2007,hunted,1,152,160,160,168,189,189,173,177,199,215,238,250,NA,NA,146,146,186,192,156,172,165,165,149,149
H171841,2007,hunted,1,152,152,160,168,181,197,169,181,199,199,242,242,NA,NA,146,158,182,186,160,164,165,169,149,149
H171860,2007,hunted,1,152,160,156,168,189,197,169,177,207,207,242,246,NA,NA,146,148,184,186,156,160,161,165,149,149
H171861,2007,hunted,1,148,148,156,168,181,189,177,177,195,203,234,238,NA,NA,136,152,184,186,164,164,165,169,149,149
H171862,2007,hunted,1,160,168,152,160,185,185,169,177,203,279,234,238,NA,NA,136,146,184,186,156,164,165,169,149,149
H171868,2007,hunted,1,156,160,160,160,181,181,173,177,203,207,238,246,NA,NA,146,146,184,186,168,172,169,177,149,149
H171869,2007,hunted,1,156,164,148,168,185,185,169,193,199,211,250,254,NA,NA,128,134,180,182,164,176,169,173,149,149
H171870,2007,hunted,1,152,156,152,164,189,197,173,177,203,287,238,246,NA,NA,144,152,186,186,156,168,165,177,149,153
H171871,2007,hunted,1,156,156,160,164,193,197,165,177,199,275,242,250,NA,NA,136,140,184,186,156,168,165,169,149,149
H171872,2007,hunted,1,160,160,156,160,185,189,165,169,203,207,242,250,NA,NA,136,152,184,186,156,160,173,177,149,149
H171873,2007,hunted,1,164,172,152,160,185,193,165,173,199,203,238,258,NA,NA,128,146,182,186,156,160,165,165,149,153
H171874,2007,hunted,1,148,152,156,164,185,193,173,173,199,207,238,258,NA,NA,148,148,184,184,156,172,165,165,149,153
H171875,2007,hunted,1,148,148,156,164,185,189,165,177,203,207,254,258,NA,NA,134,146,184,184,164,172,165,173,149,149
H171876,2007,hunted,1,160,164,160,168,185,193,173,173,199,203,230,246,NA,NA,142,148,180,184,164,172,165,173,149,149
H171877,2007,hunted,1,160,160,168,168,189,189,177,177,203,207,238,250,NA,NA,134,134,180,182,164,168,161,169,149,149
H171878,2007,hunted,1,164,168,148,164,193,193,169,177,199,283,230,254,NA,NA,144,146,182,182,168,168,169,173,149,149
H171901,2006,hunted,1,152,164,160,164,185,189,165,165,195,195,242,246,149,149,128,146,180,186,160,168,165,165,149,149
H171902,2006,hunted,1,160,168,152,156,185,189,165,185,191,215,238,242,149,149,146,148,186,186,156,164,153,169,149,149
H171903,2006,hunted,1,160,160,156,164,185,185,173,177,207,215,246,254,149,149,138,148,184,186,156,168,165,165,149,149
H171935,2007,hunted,1,152,164,152,160,189,193,169,173,199,211,234,242,NA,NA,136,148,182,186,156,160,165,173,149,153
H171936,2007,hunted,1,164,168,156,168,185,189,169,173,203,207,230,250,NA,NA,128,138,184,186,160,168,165,169,149,149
H171940,2007,hunted,1,152,168,152,152,189,193,173,177,203,207,238,242,NA,NA,134,146,180,182,172,176,165,177,149,149
H171945,2007,hunted,1,152,168,156,160,185,197,177,181,203,291,230,242,NA,NA,128,146,186,186,156,160,165,169,149,149
H171948,2007,hunted,1,152,156,156,164,181,193,169,173,199,203,242,242,NA,NA,138,146,184,186,164,168,169,169,149,149
H171949,2007,hunted,1,160,164,152,152,185,193,165,173,199,203,234,242,NA,NA,144,146,186,186,160,168,169,177,149,149
H171950,2007,hunted,1,164,164,152,168,181,185,165,169,199,207,238,242,NA,NA,152,152,180,180,156,168,157,177,149,149
H171963,2007,hunted,1,156,156,156,160,185,189,165,169,207,287,238,254,NA,NA,134,134,182,186,168,168,161,165,149,153
H171964,2007,hunted,1,160,164,144,160,193,197,169,173,203,287,226,242,NA,NA,146,146,180,186,164,172,173,185,149,155
H171966,2007,hunted,1,156,160,152,168,181,193,169,181,199,207,234,254,NA,NA,142,146,184,184,160,164,165,169,149,153
H171968,2007,hunted,1,164,168,152,156,185,189,165,173,191,199,238,242,NA,NA,146,152,180,186,164,172,153,161,149,149
H171971,2007,hunted,1,156,164,144,152,185,193,165,173,199,207,238,242,NA,NA,136,142,182,182,168,168,169,173,149,149
H171972,2007,hunted,1,160,164,156,156,189,197,173,177,199,203,242,246,NA,NA,148,148,180,182,160,168,169,181,149,155
H171977,2007,hunted,1,148,168,160,168,189,189,169,173,203,287,230,250,NA,NA,134,146,180,186,156,176,157,161,149,149
H171978,2007,hunted,1,152,152,160,164,189,197,165,169,199,283,234,246,NA,NA,128,152,182,184,160,164,169,173,149,149
H171979,2007,hunted,1,152,156,156,160,193,197,165,173,207,215,246,250,NA,NA,136,148,186,186,164,168,165,169,149,149
H176,2003,hunted,1,160,164,160,168,181,185,165,177,207,207,242,250,NA,NA,146,156,184,186,160,160,169,173,149,149
H177,2003,hunted,1,152,156,152,160,185,185,169,181,199,203,238,250,149,149,128,128,182,186,156,168,165,173,149,149
H179,2003,hunted,1,164,168,164,164,189,189,169,177,203,207,238,246,149,149,146,146,186,186,160,172,165,177,149,149
H181,2004,hunted,1,152,156,152,160,193,193,173,177,195,207,230,254,149,149,138,168,182,186,160,164,169,173,149,149
H182,2004,hunted,1,148,156,156,156,185,189,165,173,199,211,238,250,NA,NA,142,146,184,186,164,176,161,173,149,149
H183,2004,hunted,1,156,168,152,160,193,193,169,173,199,275,246,246,NA,NA,150,168,186,186,160,168,165,165,149,157
H184,2004,hunted,1,152,152,156,156,181,189,173,181,203,207,238,242,NA,NA,136,146,184,186,160,168,165,177,149,149
H185,2004,hunted,1,152,156,156,164,189,193,177,185,207,211,238,254,NA,NA,128,146,186,186,160,160,169,173,149,155
H186,2003,hunted,1,160,160,152,164,185,189,177,193,199,199,238,246,NA,NA,146,164,182,184,160,172,173,173,149,153
H187,2003,hunted,1,148,164,156,164,189,189,165,181,199,203,246,250,NA,NA,128,150,182,186,168,168,165,169,149,149
H188,2003,hunted,1,160,160,168,168,189,193,169,181,203,207,246,254,NA,NA,134,138,180,180,160,172,169,177,149,149
H192,2003,hunted,1,152,156,152,156,185,189,173,181,203,283,238,242,NA,NA,146,146,180,186,160,168,165,169,149,149
H193,2003,hunted,1,152,156,148,160,185,189,177,177,203,211,238,250,NA,NA,142,160,184,184,172,176,161,177,149,149
H194,2003,hunted,1,160,164,156,164,185,197,173,173,199,215,238,250,149,149,134,146,186,186,160,164,157,169,149,149
H195,2003,hunted,1,152,152,164,168,185,189,165,193,207,207,246,250,149,153,144,158,182,184,164,164,169,173,149,153
H199,2004,hunted,1,152,168,152,156,185,185,165,169,203,287,230,250,NA,NA,134,142,186,186,160,160,153,165,149,149
H200,2004,hunted,1,144,152,152,164,185,189,169,181,195,207,238,250,NA,NA,134,146,184,186,160,164,165,165,149,149
H409,2004,hunted,12,156,160,152,156,189,193,173,177,207,283,238,238,149,149,136,146,184,184,160,164,165,169,149,149
H413,2004,hunted,12,156,164,168,168,181,181,173,173,195,203,234,234,153,155,136,150,180,186,164,164,161,165,153,155
H414,2004,hunted,1,156,164,160,164,185,185,173,177,195,199,246,250,NA,NA,142,162,184,186,156,164,165,169,149,149
H415,2004,hunted,1,160,164,156,164,185,189,165,165,199,203,238,250,149,149,138,148,184,186,152,160,169,169,149,149
H419,2004,hunted,12,148,160,156,160,189,197,169,173,207,207,238,242,NA,NA,138,146,182,186,164,172,165,169,149,149
H420,2004,hunted,12,148,164,164,168,189,193,173,177,199,203,234,242,NA,NA,140,146,182,186,160,164,173,173,149,149
H421,2004,hunted,12,164,168,156,168,185,197,173,177,203,207,242,254,NA,NA,148,152,182,184,164,172,165,169,149,155
H422,2004,hunted,1,152,160,152,160,181,185,169,177,191,207,238,250,NA,NA,148,152,180,186,152,168,165,185,149,149
H423,2004,hunted,1,152,152,148,164,189,193,169,177,191,199,242,242,NA,NA,146,146,186,186,160,164,165,169,149,149
H424,2004,hunted,1,148,156,160,160,197,197,169,177,203,291,238,246,NA,NA,146,150,186,186,160,164,165,169,149,149
H425,2004,hunted,1,160,168,152,156,177,189,165,173,203,291,230,250,NA,NA,128,146,182,186,156,160,165,165,149,149
H426,2004,hunted,1,164,164,156,168,193,201,165,169,199,199,242,250,NA,NA,142,160,184,188,164,164,169,177,149,157
H435,2004,hunted,12,156,160,160,164,189,189,173,173,203,203,242,250,NA,NA,146,156,184,184,164,164,161,161,149,155
H436,2004,hunted,12,160,164,148,156,189,197,173,177,195,203,238,242,NA,NA,134,152,180,186,156,172,169,177,149,149
H437,2004,hunted,12,152,160,152,164,181,185,165,169,199,287,238,242,NA,NA,128,146,182,184,160,168,169,169,149,149
H443,2004,hunted,1,160,160,156,160,177,185,173,185,203,207,238,246,NA,NA,160,164,180,184,156,172,165,177,149,149
H445,2004,hunted,12,160,168,156,168,181,181,169,177,203,207,238,246,NA,NA,146,152,182,186,164,172,157,165,149,149
H449,2004,hunted,12,160,164,156,164,189,201,165,173,199,275,242,246,NA,NA,134,150,180,192,160,164,161,173,149,149
H463,2005,hunted,12,152,160,152,160,181,193,173,181,203,211,234,242,NA,NA,148,152,180,186,156,160,165,169,149,149
H464,2005,hunted,12,152,172,152,156,181,189,169,173,203,203,246,246,NA,NA,134,142,184,186,160,176,165,177,149,157
H465,2005,hunted,12,152,156,160,168,189,201,169,181,207,215,234,254,NA,NA,148,168,180,182,168,168,157,169,149,149
H466,2005,hunted,1,152,164,148,160,181,193,169,173,199,215,238,246,NA,NA,134,138,184,186,156,168,169,169,149,149
H467,2005,hunted,1,156,160,160,164,185,193,169,173,203,283,242,258,NA,NA,146,146,180,180,164,164,165,177,149,153
H472,2005,hunted,1,164,168,156,160,193,193,165,169,195,215,242,250,NA,NA,134,144,186,186,160,160,165,173,149,149
H483,2005,hunted,1,156,168,152,152,185,193,173,173,195,203,230,238,NA,NA,146,168,184,186,160,172,169,173,149,149
H490,2005,hunted,12,156,164,152,156,193,197,165,173,195,199,234,242,NA,NA,136,172,184,186,164,172,165,165,149,149
H504,2004,hunted,1,160,168,156,160,185,189,165,169,203,207,230,242,NA,NA,142,150,186,186,160,164,153,185,149,149
H505,2004,hunted,1,164,168,152,164,189,193,165,177,203,207,238,246,NA,NA,134,138,180,182,160,168,165,177,149,149
H506,2004,hunted,1,152,156,152,164,189,189,169,177,199,207,230,250,149,149,160,160,182,186,168,172,173,173,149,149
H507,2004,hunted,1,156,156,148,156,189,193,165,165,195,207,250,250,NA,NA,128,134,180,184,168,176,165,169,149,149
H508,2004,hunted,1,152,156,148,160,189,189,177,181,215,215,238,254,NA,NA,134,150,180,180,156,164,165,173,149,149
H524,2004,hunted,1,148,156,152,168,185,189,165,165,195,207,238,246,NA,NA,128,128,186,192,160,168,165,173,149,149
H525,2004,hunted,1,160,160,156,160,189,189,169,173,203,207,226,238,NA,NA,134,160,182,184,156,168,161,165,149,149
H526,2004,hunted,1,152,168,156,156,185,189,177,185,203,203,238,258,NA,NA,134,146,186,186,160,160,165,173,149,149
H527,2004,hunted,1,152,164,164,168,185,197,165,169,199,203,238,238,NA,NA,128,148,182,184,168,168,169,173,149,149
H528,2004,hunted,1,156,160,156,164,181,189,165,169,203,207,246,258,NA,NA,146,148,184,186,164,168,149,169,149,149
H529,2004,hunted,1,156,160,156,160,189,193,165,177,211,295,238,246,NA,NA,128,128,184,186,156,160,161,165,149,149
H533,2004,hunted,1,156,156,152,160,189,197,165,177,195,203,238,250,149,149,142,142,184,184,156,168,169,169,149,149
H538,2005,hunted,1,152,160,156,160,193,193,165,165,199,207,246,246,NA,NA,128,146,180,186,156,160,165,173,149,149
H539,2005,hunted,1,148,164,156,160,185,189,165,177,199,203,242,246,149,153,128,150,182,186,164,168,161,165,149,153
H540,2005,hunted,1,156,160,152,156,185,197,165,173,199,203,250,254,149,149,128,146,182,186,160,168,165,173,149,149
H541,2005,hunted,1,156,160,152,164,189,197,165,169,203,203,242,250,NA,NA,128,140,180,180,172,172,169,169,149,149
H558,2005,hunted,1,156,168,156,172,185,193,165,181,199,279,242,242,NA,NA,128,150,182,184,164,168,165,169,149,157
H559,2005,hunted,1,152,168,152,164,181,189,169,169,199,203,230,238,NA,NA,152,160,184,186,172,172,169,173,149,149
H561,2005,hunted,12,156,168,156,156,189,193,169,181,203,211,230,242,NA,NA,146,146,182,186,164,168,165,165,149,149
H562,2005,hunted,12,160,164,156,160,193,193,169,173,195,199,238,246,NA,NA,146,152,180,186,164,172,169,169,149,149
H563,2005,hunted,12,160,160,156,168,185,193,169,169,207,211,238,242,149,149,136,136,180,186,160,168,169,173,149,149
H570,2005,hunted,12,160,164,156,156,185,193,177,177,203,207,234,242,NA,NA,146,152,182,186,156,168,169,177,149,149
H571,2005,hunted,12,152,156,160,160,181,189,169,173,215,287,234,238,NA,NA,138,152,180,184,160,168,157,169,149,153
H572,2005,hunted,12,156,160,152,152,193,193,169,173,207,215,242,242,NA,NA,128,138,180,186,164,164,169,169,149,153
H573,2005,hunted,12,156,168,156,168,185,189,173,177,195,203,234,254,NA,NA,134,152,184,186,168,168,169,173,149,149
H579,2007,hunted,1,152,156,156,168,181,189,173,185,199,199,226,250,NA,NA,146,152,184,186,164,168,169,173,149,157
H581,2006,hunted,6,164,168,156,168,189,189,169,173,199,203,230,242,NA,NA,128,146,182,186,168,168,165,177,149,157
H582,2006,hunted,6,152,164,156,164,193,193,169,173,215,283,234,250,NA,NA,NA,NA,182,186,164,168,177,177,149,149
H583,2006,hunted,6,164,168,156,164,185,193,165,173,207,211,230,242,NA,NA,128,152,180,184,160,168,165,177,149,149
H584,2006,hunted,1,156,160,156,164,181,189,165,169,199,207,242,246,NA,NA,144,154,186,188,160,164,161,169,149,149
H585,2006,hunted,1,160,164,164,164,189,193,161,165,203,211,238,246,NA,NA,134,138,184,186,164,168,165,169,149,149
H595,2006,hunted,6,164,168,152,156,189,189,169,177,199,211,230,254,NA,NA,136,142,184,186,160,164,165,169,149,149
H596,2006,hunted,6,160,160,156,172,189,189,165,177,207,211,238,242,NA,NA,128,150,184,186,168,176,157,165,149,149
H597,2006,hunted,6,156,168,152,160,181,189,165,177,207,275,234,238,NA,NA,146,148,186,194,160,160,161,169,149,149
H598,2006,hunted,6,156,164,156,160,181,189,165,173,199,203,238,242,NA,NA,138,146,184,186,156,164,173,177,149,149
H599,2006,hunted,6,152,168,168,172,193,193,173,181,199,199,246,250,149,149,134,146,180,180,160,168,165,169,149,149
H600,2006,hunted,9,156,160,160,164,185,185,173,177,199,203,238,250,NA,NA,150,156,180,186,156,164,165,177,149,149
H605,2006,hunted,1,160,164,152,168,181,185,173,177,191,203,238,238,NA,NA,128,150,182,186,156,164,157,165,149,149
H606,2006,hunted,1,164,168,164,164,185,185,165,177,191,207,238,242,NA,NA,146,152,180,186,160,172,161,169,149,149
H631,2006,hunted,7,148,160,152,160,193,197,165,169,195,207,238,238,NA,NA,146,146,180,182,164,164,161,177,149,149
H632,2006,hunted,1,156,168,144,160,185,193,165,169,195,207,234,250,NA,NA,146,160,182,184,156,172,161,173,149,155
H634,2006,hunted,1,160,164,164,168,181,181,165,173,199,203,238,246,NA,NA,128,154,182,186,164,164,165,165,149,149
H642,2006,hunted,6,156,156,156,160,189,197,173,181,199,215,234,234,NA,NA,136,140,186,186,164,168,165,181,149,153
H643,2006,hunted,6,160,164,152,156,189,189,165,177,195,203,238,242,NA,NA,146,146,180,184,156,160,173,181,149,149
H648,2006,hunted,9,156,160,160,168,189,193,169,181,279,283,234,242,NA,NA,140,146,184,186,164,168,169,169,149,149
H664,2006,hunted,6,156,164,164,164,185,197,169,169,211,215,234,238,NA,NA,128,168,180,182,160,168,161,165,149,153
H665,2006,hunted,6,160,168,156,164,189,197,173,177,199,203,238,250,NA,NA,146,146,184,186,164,168,169,169,149,149
H671,2006,hunted,1,160,168,164,168,189,189,169,169,191,215,238,242,NA,NA,146,148,184,186,156,160,165,169,149,149
H672,2006,hunted,1,144,164,164,168,189,197,165,173,203,207,238,246,NA,NA,150,152,180,186,156,160,165,165,149,149
H673,2006,hunted,1,148,160,156,168,193,193,173,173,199,207,242,246,NA,NA,150,170,182,184,168,172,161,173,149,149
H674,2006,hunted,6,152,164,168,176,189,193,165,165,207,211,234,246,149,155,146,156,186,186,164,168,169,169,149,155
H675,2006,hunted,6,152,156,168,176,185,189,165,165,199,199,234,234,NA,NA,146,168,180,186,156,168,169,169,149,149
H676,2006,hunted,6,152,156,152,156,181,181,177,181,199,211,242,254,NA,NA,142,146,186,186,152,164,157,173,149,149
H684,2006,hunted,7,152,160,156,156,189,197,169,181,199,279,226,242,NA,NA,134,148,184,184,164,164,161,169,149,155
H685,2006,hunted,7,160,164,160,168,189,189,169,169,199,215,242,242,NA,NA,142,146,180,192,156,168,157,165,149,149
H686,2006,hunted,6,152,160,160,164,189,193,165,177,199,211,246,250,NA,NA,142,160,182,184,164,172,169,177,149,149
H687,2006,hunted,6,156,160,164,164,189,193,165,177,195,199,238,250,NA,NA,136,146,180,186,156,164,157,165,149,151
H689,2006,hunted,1,152,160,148,176,193,197,165,169,207,275,238,250,NA,NA,146,146,184,186,164,172,165,169,149,149
H690,2006,hunted,1,156,160,156,164,185,189,177,177,199,203,238,242,NA,NA,138,138,186,186,156,168,161,161,149,149
H691,2006,hunted,1,152,168,148,156,185,189,169,173,199,207,246,250,NA,NA,128,146,180,184,156,172,169,169,149,149
H692,2006,hunted,1,152,176,156,156,189,193,173,173,195,211,246,246,NA,NA,136,150,184,184,160,172,165,169,149,149
H696,2006,hunted,9,160,164,148,156,189,193,165,173,203,287,230,230,NA,NA,136,142,182,186,160,160,169,181,149,153
H697,2006,hunted,9,164,168,144,160,185,193,169,169,207,211,242,250,NA,NA,134,146,184,186,160,164,169,173,149,149
H698,2006,hunted,9,160,164,160,168,189,193,165,173,203,207,230,242,NA,NA,146,152,186,186,152,168,165,181,149,149
H699,2006,hunted,9,144,156,152,164,189,193,177,181,199,207,246,254,NA,NA,134,146,182,186,156,164,169,173,149,149
H700,2006,hunted,9,152,160,156,160,185,197,177,177,195,203,238,242,NA,NA,152,152,180,182,156,168,161,161,149,149
H709,2006,hunted,1,156,156,160,164,181,181,173,177,199,203,234,238,NA,NA,142,150,184,192,156,160,161,173,149,149
H710,2006,hunted,1,156,172,156,160,181,193,165,177,199,203,234,246,NA,NA,146,150,184,184,164,164,173,181,149,149
H713,2006,hunted,7,156,156,160,164,189,193,169,177,199,215,238,238,NA,NA,152,152,180,186,156,168,173,177,149,153
H715,2006,hunted,7,152,160,152,156,189,197,169,177,199,207,226,234,NA,NA,146,148,184,186,160,164,157,161,149,155
H716,2006,hunted,7,152,160,156,168,181,193,173,173,199,203,238,250,NA,NA,130,146,180,186,160,164,161,177,149,149
H717,2006,hunted,7,156,160,160,168,181,193,169,173,195,207,238,246,NA,NA,150,168,180,182,160,160,169,177,149,149
H729,2006,hunted,7,156,160,156,168,189,197,173,173,199,203,246,250,NA,NA,134,138,184,192,164,168,165,169,149,149
H730,2006,hunted,7,160,160,152,168,189,189,169,173,203,207,242,250,NA,NA,134,140,180,186,156,160,169,169,149,149
H732,2006,hunted,9,152,164,164,168,193,193,161,169,199,207,238,242,NA,NA,136,140,180,186,156,168,165,177,149,149
H733,2006,hunted,9,156,164,156,168,185,189,177,181,207,211,230,238,NA,NA,136,138,184,186,160,168,169,173,149,149
H734,2006,hunted,9,156,156,148,164,189,189,165,165,195,199,238,250,NA,NA,144,148,186,186,164,168,165,169,149,157
H735,2006,hunted,9,156,160,160,172,189,193,169,177,207,211,230,242,NA,NA,134,146,180,186,160,168,157,169,149,153
H7355,2005,hunted,1,160,160,156,156,189,197,165,177,211,211,250,250,NA,NA,146,146,186,186,160,172,161,173,149,149
H7356,2005,hunted,1,152,172,156,164,185,189,165,173,203,283,242,246,NA,NA,128,146,186,186,156,164,161,169,149,149
H7357,2005,hunted,1,156,168,152,152,181,189,177,177,195,203,238,250,NA,NA,146,152,186,186,156,160,165,177,149,149
H7358,2005,hunted,1,148,152,168,168,181,189,165,181,195,207,238,246,NA,NA,144,144,180,186,160,172,169,169,149,149
H736,2006,hunted,9,160,164,156,160,181,189,173,181,195,199,238,250,NA,NA,144,148,180,186,160,168,165,165,149,153
H737,2006,hunted,9,160,160,144,176,185,189,173,177,199,199,242,258,NA,NA,140,146,180,186,156,168,169,173,149,149
H7372,2005,hunted,12,144,160,156,160,189,189,165,165,203,207,238,246,NA,NA,148,152,180,184,164,172,169,173,149,149
H7373,2005,hunted,12,156,160,148,152,189,201,165,169,199,203,246,250,149,155,148,158,180,184,168,168,165,173,149,155
H7374,2005,hunted,12,152,156,156,156,185,193,173,181,203,207,226,234,149,149,146,152,180,186,160,172,177,177,149,149
H7375,2005,hunted,12,148,164,168,168,189,189,169,173,199,207,238,242,NA,NA,128,152,182,186,164,164,173,177,149,149
H7376,2005,hunted,12,156,160,156,168,193,197,173,173,203,207,246,250,NA,NA,134,146,186,186,164,172,161,165,149,149
H7377,2005,hunted,12,164,164,152,160,185,189,169,177,199,203,242,254,NA,NA,146,152,186,186,168,168,165,169,149,149
H7380,2005,hunted,1,160,164,152,160,181,185,165,177,195,203,238,242,NA,NA,146,146,184,186,164,172,169,173,149,151
H7381,2005,hunted,1,152,160,160,168,193,197,169,169,199,207,238,242,NA,NA,142,170,182,184,156,168,169,173,149,149
H7382,2005,hunted,1,152,160,156,164,185,189,165,173,207,211,246,250,NA,NA,152,158,180,182,164,172,169,173,149,149
H904,2006,hunted,1,160,164,164,164,185,185,173,181,199,199,234,238,NA,NA,146,152,180,186,160,172,165,169,149,149
H905,2006,hunted,9,152,168,156,168,185,185,173,177,199,199,234,242,NA,NA,138,146,184,186,164,168,169,173,149,149
H917,2006,hunted,6,156,164,152,168,185,189,165,177,203,203,238,246,149,149,128,146,186,186,164,164,157,169,149,149
H918,2006,hunted,6,152,160,148,152,189,193,173,173,203,203,238,238,NA,NA,128,144,184,186,168,172,161,165,149,149
H919,2006,hunted,6,152,160,160,160,189,193,169,169,199,203,250,250,149,149,146,146,180,186,160,160,165,169,149,149
H920,2006,hunted,6,156,156,152,164,185,193,177,181,199,203,238,242,149,149,152,168,182,184,160,160,165,169,149,149
H921,2006,hunted,9,160,164,156,168,189,197,169,173,199,199,238,238,NA,NA,134,146,182,186,164,168,169,169,149,149
H922,2006,hunted,9,156,164,160,168,193,197,165,173,203,211,242,246,NA,NA,134,142,186,186,168,172,169,169,149,149
H923,2006,hunted,1,152,160,160,168,185,189,177,181,203,283,246,258,NA,NA,144,146,186,186,NA,NA,165,165,NA,NA
H924,2006,hunted,1,148,160,160,168,185,185,169,173,199,203,242,246,NA,NA,128,160,180,186,160,160,165,169,149,149
H925,2006,hunted,1,160,168,160,176,185,189,169,185,203,207,238,246,NA,NA,128,128,186,186,160,168,165,169,149,149
H951,2006,hunted,3,156,160,160,176,181,189,165,177,203,211,230,242,NA,NA,134,146,182,186,164,168,165,169,149,149
H952,2006,hunted,3,144,164,164,168,189,189,165,169,199,287,234,250,NA,NA,140,148,180,186,160,164,161,173,149,149
H953,2006,hunted,3,160,168,144,168,189,189,165,185,207,207,250,250,NA,NA,134,146,180,186,156,160,169,169,149,149
H954,2006,hunted,3,152,164,164,168,185,189,173,177,199,203,242,242,NA,NA,136,152,180,182,160,168,165,169,149,149
H955,2006,hunted,3,156,164,156,160,185,189,169,177,195,199,246,246,NA,NA,134,136,180,184,168,176,165,165,149,157
H9558,2006,hunted,1,156,168,156,172,185,193,165,181,199,279,242,242,149,157,128,150,182,184,164,168,165,169,149,157
H956,2006,hunted,3,160,160,148,160,189,189,169,173,199,203,242,246,NA,NA,142,152,186,192,156,156,165,169,149,149
H9563,2006,hunted,3,160,160,156,168,185,193,169,169,207,211,238,242,149,149,136,136,180,186,160,168,169,173,149,149
