id,year,hunt,pop,BG16a,BG16b,BG18a,BG18b,BG15a,BG15b,BG19a,BG19b,BG6a,BG6b,TTT1a,TTT1b,TTD2a,TTD2b,TTD3a,TTD3b,TUD6a,TUD6b,TUT3a,TUT3b,TUT4a,TUT4b,TTT2a,TTT2b
H001,2002,unhunted,11,160,168,156,160,181,189,169,169,199,203,234,250,NA,NA,146,154,180,184,160,172,169,177,149,149
H002,2002,unhunted,4,156,160,164,164,181,185,169,177,199,199,238,238,NA,NA,130,150,182,186,164,176,161,177,149,149
H003,2002,unhunted,4,156,160,156,160,185,189,173,185,199,203,238,238,NA,NA,140,152,184,188,164,168,173,173,149,149
H004,2002,unhunted,11,160,168,148,160,181,185,169,173,195,207,242,242,NA,NA,142,148,186,186,164,168,169,169,149,149
H005,2002,unhunted,11,152,160,164,164,181,193,169,177,199,207,242,242,149,149,146,148,184,186,168,172,169,177,149,149
H006,2002,unhunted,11,160,164,152,168,181,185,165,177,199,199,238,250,NA,NA,136,152,184,186,156,164,165,169,149,149
H007,2002,unhunted,11,160,160,164,168,181,193,177,177,195,199,246,250,NA,NA,134,134,180,182,156,160,173,177,149,149
H008,2002,unhunted,2,156,160,156,160,189,189,177,181,195,203,242,246,149,149,134,134,184,186,164,176,169,169,149,149
H009,2002,unhunted,4,152,164,156,156,189,197,165,177,199,203,226,226,149,153,134,138,180,180,160,160,165,169,149,153
H010,2002,unhunted,4,160,164,152,156,185,189,165,173,199,207,234,250,NA,NA,138,168,180,186,164,172,165,169,149,149
H011,2002,unhunted,4,152,164,152,168,193,193,169,173,199,203,238,238,NA,NA,146,146,182,186,160,168,161,173,149,149
H012,2002,unhunted,4,152,156,156,156,185,197,173,177,195,207,242,246,NA,NA,128,146,184,186,164,168,169,173,149,149
H013,2002,unhunted,4,156,160,148,168,185,189,177,181,199,199,238,246,NA,NA,134,146,184,184,164,164,173,177,149,149
H014,2002,unhunted,4,156,160,152,164,185,193,165,169,207,279,234,238,NA,NA,146,148,182,184,160,164,169,169,149,149
H015,2002,unhunted,5,156,156,152,152,193,193,165,185,195,199,242,246,NA,NA,136,146,182,186,160,164,169,169,149,157
H016,2002,unhunted,5,160,168,148,160,185,185,165,181,203,219,238,246,149,149,136,150,184,194,156,168,169,169,149,149
H017,2002,unhunted,5,156,160,160,172,185,185,169,173,199,287,242,250,149,153,142,146,180,184,156,164,157,161,149,153
H019,2002,unhunted,5,148,152,152,156,193,197,165,181,203,207,242,246,NA,NA,NA,NA,182,186,164,168,169,173,NA,NA
H020,2002,unhunted,5,144,156,168,176,185,193,177,181,199,203,238,250,NA,NA,144,146,180,182,156,160,161,165,149,149
H021,2003,unhunted,2,156,164,148,152,185,193,173,185,199,207,238,242,NA,NA,146,146,180,186,156,156,169,169,149,149
H023,2003,unhunted,2,160,168,152,168,185,189,169,169,199,203,238,238,NA,NA,128,142,184,186,160,168,161,161,149,149
H024,2002,unhunted,2,152,156,168,172,189,197,165,169,195,275,238,242,NA,NA,134,138,186,186,152,164,169,181,149,149
H025,2002,unhunted,2,148,152,164,164,185,201,165,181,203,203,242,246,NA,NA,134,146,182,186,160,164,169,177,149,149
H026,2002,unhunted,2,160,164,156,172,197,201,169,173,203,207,230,254,NA,NA,146,164,180,186,160,160,165,169,149,149
H027,2002,unhunted,2,156,164,156,160,185,193,169,173,195,207,238,238,NA,NA,128,144,180,192,160,168,169,173,149,149
H028,2002,unhunted,2,160,168,152,156,189,193,165,173,203,279,238,242,NA,NA,138,168,186,186,164,168,165,165,149,149
H029,2002,unhunted,2,156,164,152,160,189,189,169,185,199,207,230,246,149,149,144,146,186,186,152,172,165,165,149,149
H030,2002,unhunted,2,152,156,156,156,189,189,165,169,203,279,230,242,149,155,134,138,180,186,156,168,169,169,149,155
H031,2002,unhunted,11,160,164,164,164,189,189,169,177,199,199,238,250,149,149,146,150,180,186,160,168,165,169,149,149
H032,2002,unhunted,5,160,164,156,172,189,189,165,169,191,199,238,242,149,149,146,152,184,186,168,176,165,169,149,149
H033,2002,unhunted,5,152,160,152,156,189,193,173,177,199,203,246,246,NA,NA,142,152,184,184,156,160,165,169,149,149
H034,2002,unhunted,5,160,160,152,156,181,185,169,173,195,199,234,242,149,149,146,152,186,186,160,164,165,169,149,149
H035,2002,unhunted,5,164,168,160,164,189,189,173,177,199,215,246,254,NA,NA,140,146,180,186,156,164,165,169,149,149
H036,2002,unhunted,5,164,172,160,168,189,193,169,169,203,211,238,246,NA,NA,138,142,180,186,160,164,169,173,149,149
H037,2002,unhunted,5,164,168,160,160,185,193,165,169,199,199,238,250,NA,NA,142,146,180,180,156,164,169,169,149,149
H038,2002,unhunted,2,160,164,156,160,189,193,169,185,199,207,238,242,149,153,128,140,180,186,168,168,165,177,149,153
H039,2002,unhunted,2,152,160,164,164,185,189,169,181,191,199,242,242,NA,NA,138,146,186,186,160,160,161,165,149,149
H040,2002,unhunted,2,164,164,160,160,189,189,177,181,203,203,230,238,NA,NA,142,152,186,186,156,156,177,177,149,153
H041,2002,unhunted,2,152,160,156,168,189,189,169,173,199,203,238,246,149,149,134,146,186,186,152,164,165,169,149,149
H042,2002,unhunted,2,152,160,156,164,189,193,165,185,203,203,238,242,NA,NA,136,146,186,186,160,168,161,165,149,149
H043,2002,unhunted,2,152,160,160,164,185,189,169,177,199,199,242,250,149,153,150,158,182,186,160,168,165,169,149,153
H044,2002,unhunted,2,152,156,156,172,185,193,177,181,195,211,238,254,NA,NA,136,148,NA,NA,160,168,165,165,149,149
H045,2002,unhunted,4,156,160,168,168,189,193,173,177,203,207,238,242,NA,NA,128,134,NA,NA,152,156,177,177,149,149
H046,2002,unhunted,4,148,160,156,160,185,193,165,169,199,203,238,250,149,151,128,128,184,186,156,164,169,173,149,151
H047,2002,unhunted,2,160,160,164,168,185,189,165,169,199,207,242,242,149,157,138,146,182,186,160,176,169,169,149,157
H048,2003,unhunted,5,156,168,164,164,189,193,169,169,207,215,238,238,149,149,128,134,180,184,160,160,169,177,149,149
H049,2003,unhunted,5,152,172,156,172,189,193,169,177,199,203,238,246,149,157,134,146,180,182,164,168,165,177,149,157
H050,2003,unhunted,2,144,164,164,172,181,189,165,177,195,203,234,246,NA,NA,138,152,182,186,156,160,157,169,149,149
H051,2002,unhunted,4,152,160,160,168,185,193,169,177,199,203,238,242,NA,NA,134,136,180,186,164,168,169,173,149,149
H052,2002,unhunted,4,152,164,168,176,185,197,165,165,191,203,242,242,NA,NA,146,160,186,186,160,164,169,177,149,149
H053,2002,unhunted,4,160,164,160,164,193,197,165,169,199,199,230,246,NA,NA,146,146,184,184,156,156,169,169,149,149
H054,2002,unhunted,5,160,164,156,160,173,189,169,177,203,207,234,242,NA,NA,146,146,186,186,160,164,165,173,149,149
H055,2002,unhunted,5,152,160,152,156,185,185,169,173,207,283,230,234,NA,NA,146,146,182,184,160,172,161,173,149,149
H056,2002,unhunted,4,152,152,152,168,181,189,165,181,199,211,238,242,NA,NA,146,168,180,186,160,168,169,173,149,149
H057,2002,unhunted,5,152,168,160,164,193,197,165,173,199,299,234,246,NA,NA,150,152,182,184,164,168,161,165,149,149
H058,2002,unhunted,2,152,156,148,160,189,189,173,177,199,203,234,254,NA,NA,136,150,180,180,168,168,165,177,149,149
H060,2002,unhunted,5,160,168,156,160,181,185,177,181,199,199,242,250,149,149,156,160,180,182,156,164,161,169,149,149
H061,2002,unhunted,5,164,164,156,156,181,185,165,185,207,207,234,238,NA,NA,128,148,184,186,160,168,169,177,149,149
H062,2002,unhunted,2,168,168,152,156,193,197,173,185,199,203,242,250,NA,NA,128,146,180,186,160,168,161,177,149,149
H063,2002,unhunted,2,156,160,164,168,189,189,169,173,199,199,246,250,NA,NA,146,150,182,182,160,168,169,173,149,149
H064,2002,unhunted,5,152,152,156,168,185,189,169,173,199,287,234,246,NA,NA,134,138,186,186,168,172,173,177,149,153
H065,2002,unhunted,2,152,160,160,168,185,193,169,177,199,267,238,238,NA,NA,128,164,186,186,160,176,165,165,149,149
H066,2002,unhunted,2,164,164,152,160,189,189,165,169,207,207,242,254,NA,NA,138,146,182,186,164,168,165,169,149,157
H067,2002,unhunted,2,160,160,152,156,189,193,169,169,195,287,238,250,NA,NA,128,148,180,186,164,172,169,169,149,149
H068,2002,unhunted,2,152,160,168,176,189,189,169,173,199,203,234,242,NA,NA,142,142,180,182,160,164,165,177,149,149
H069,2002,unhunted,2,164,168,160,164,189,189,169,181,195,203,238,246,NA,NA,128,144,182,186,160,168,157,165,149,155
H070,2002,unhunted,5,156,160,156,156,181,185,165,177,199,199,242,242,149,149,134,146,186,186,156,168,161,169,149,149
H071,2002,unhunted,2,160,164,156,160,185,193,169,177,199,203,234,242,149,149,140,150,180,184,160,168,161,165,149,149
H072,2002,unhunted,2,152,160,164,168,189,197,169,177,199,203,242,242,NA,NA,134,146,182,186,160,164,165,165,149,149
H073,2002,unhunted,2,160,164,148,156,189,193,169,177,199,291,238,238,NA,NA,128,140,184,186,160,160,157,173,149,149
H074,2002,unhunted,11,160,164,156,160,189,193,169,173,195,215,234,242,NA,NA,136,142,180,182,160,164,177,177,149,149
H075,2002,unhunted,11,160,168,164,168,185,189,177,181,195,199,238,250,NA,NA,128,146,180,186,168,168,161,169,149,149
H076,2002,unhunted,4,156,160,144,152,185,201,161,173,199,207,238,250,149,149,136,146,186,186,164,172,165,169,149,149
H077,2002,unhunted,5,152,156,152,160,181,185,165,181,199,207,242,242,149,149,146,150,186,186,164,168,169,177,149,149
H078,2002,unhunted,5,152,164,152,164,189,189,173,177,199,287,230,234,NA,NA,138,146,180,182,156,168,165,169,149,149
H079,2002,unhunted,5,164,168,148,156,189,197,177,177,199,203,246,250,NA,NA,128,134,186,192,156,168,169,173,149,149
H080,2002,unhunted,11,156,160,160,164,185,189,169,173,199,203,234,234,NA,NA,146,146,184,186,152,160,169,177,149,149
H081,2002,unhunted,2,152,160,156,160,189,189,177,177,199,203,238,242,149,149,134,134,180,186,160,164,169,173,149,149
H082,2002,unhunted,2,156,156,156,168,181,193,173,177,195,207,242,246,NA,NA,150,150,182,186,160,168,157,169,149,155
H083,2002,unhunted,2,152,156,152,168,185,189,173,173,199,203,242,246,149,155,140,150,184,184,164,168,161,169,149,155
H084,2002,unhunted,2,156,164,156,160,189,189,169,173,199,211,234,250,149,149,136,144,180,186,160,168,165,177,149,149
H085,2002,unhunted,2,160,168,156,156,185,189,173,177,199,203,242,246,149,149,134,134,180,192,160,168,169,173,149,149
H086,2002,unhunted,11,156,160,168,172,185,189,173,177,199,279,234,258,NA,NA,138,138,180,180,156,168,169,173,149,149
H087,2002,unhunted,2,160,168,156,156,193,193,169,177,203,207,238,242,NA,NA,146,146,186,186,164,164,161,169,149,149
H088,2002,unhunted,2,152,164,160,164,185,189,173,177,199,199,238,246,149,149,134,146,184,186,160,168,165,169,149,149
H089,2002,unhunted,2,156,160,148,168,189,197,173,181,195,203,238,250,NA,NA,128,144,180,186,164,172,165,173,149,149
H090,2002,unhunted,2,144,156,168,172,185,193,169,173,199,199,246,258,NA,NA,148,150,186,192,160,164,169,169,149,149
H091,2002,unhunted,2,156,160,156,168,185,189,165,165,203,203,230,246,149,149,134,140,180,192,156,156,169,173,149,149
H092,2002,unhunted,11,156,160,160,164,181,197,169,177,195,199,238,242,NA,NA,146,146,180,192,160,164,157,173,149,149
H093,2002,unhunted,11,152,168,148,156,185,189,165,177,203,287,242,246,NA,NA,134,136,186,188,160,164,169,173,149,149
H094,2002,unhunted,11,156,164,156,160,189,189,165,177,199,275,234,238,NA,NA,142,146,182,186,164,168,165,165,149,149
H095,2002,unhunted,11,152,168,160,176,185,189,169,169,195,203,234,238,NA,NA,146,152,184,184,156,160,165,177,149,149
H096,2002,unhunted,11,152,160,156,164,181,193,165,177,203,207,238,242,NA,NA,128,146,184,186,168,172,165,177,149,149
H097,2002,unhunted,5,152,152,152,164,189,197,165,177,199,199,238,242,149,155,136,156,180,186,156,164,165,165,149,155
H098,2002,unhunted,2,152,164,152,168,189,189,177,177,203,211,242,250,NA,NA,134,136,186,186,152,164,169,177,149,149
H099,2002,unhunted,11,156,160,160,164,193,197,177,177,207,211,234,242,NA,NA,146,148,180,180,160,168,165,173,149,149
H100,2002,unhunted,11,168,172,160,176,189,189,165,173,203,203,238,246,NA,NA,142,146,180,186,160,172,161,161,149,149
H10001,2005,unhunted,2,152,164,160,168,185,185,181,181,191,199,242,242,NA,NA,146,146,180,186,156,156,169,173,149,149
H10002,2005,unhunted,2,152,160,156,164,181,185,173,177,199,203,238,238,NA,NA,128,152,182,186,156,168,165,169,149,149
H101,2003,unhunted,2,144,164,164,172,189,189,165,169,195,203,234,246,NA,NA,136,142,182,186,156,160,169,169,149,149
H107,2003,unhunted,5,160,164,152,164,193,193,169,173,199,199,238,238,NA,NA,146,152,180,180,160,164,165,173,149,149
H108,2003,unhunted,2,152,160,152,160,193,197,169,177,191,203,238,238,NA,NA,134,146,184,186,160,172,173,177,149,149
H109,2003,unhunted,2,160,164,164,164,189,197,169,169,195,211,250,254,149,149,138,150,182,186,160,164,165,169,149,149
H110,2003,unhunted,2,156,160,156,156,185,193,177,177,199,203,238,238,NA,NA,148,152,186,186,152,168,169,173,149,149
H116,2003,unhunted,2,160,164,156,164,189,189,165,173,199,287,242,250,NA,NA,134,152,182,184,152,176,169,169,149,149
H117,2003,unhunted,2,156,156,156,156,189,189,169,169,207,207,234,238,149,149,134,146,186,192,160,164,165,169,149,149
H118,2003,unhunted,2,160,168,156,160,169,193,173,177,203,207,242,250,NA,NA,134,140,186,192,156,176,169,181,149,149
H119,2003,unhunted,2,160,160,156,160,189,189,169,169,199,203,234,238,NA,NA,146,152,186,194,164,168,165,173,149,149
H120,2003,unhunted,2,160,160,156,164,181,193,181,181,199,203,238,242,NA,NA,134,146,180,186,160,168,165,173,149,149
H121,2003,unhunted,2,144,160,168,172,185,185,165,169,203,203,246,246,NA,NA,134,144,180,186,152,156,169,173,149,149
H122,2003,unhunted,5,156,164,156,160,181,185,165,173,207,215,242,250,NA,NA,128,158,180,180,160,168,157,161,149,149
H123,2003,unhunted,5,156,164,152,156,185,189,165,169,195,203,238,246,NA,NA,140,146,180,194,152,168,165,169,149,149
H124,2003,unhunted,5,160,164,156,164,189,197,165,169,195,207,238,246,149,149,134,140,186,194,168,172,165,165,149,149
H125,2003,unhunted,2,152,160,164,164,189,189,169,181,199,215,238,242,NA,NA,146,146,180,180,160,164,165,173,149,149
H126,2003,unhunted,2,152,160,160,164,185,185,177,181,203,219,238,242,149,157,134,136,186,186,152,164,169,173,149,157
H127,2003,unhunted,11,160,164,156,164,189,193,169,173,203,207,242,258,NA,NA,138,140,182,184,160,168,169,177,149,149
H128,2003,unhunted,2,144,156,156,172,169,185,165,169,203,203,230,246,NA,NA,140,144,186,192,152,156,169,169,149,155
H129,2003,unhunted,2,156,160,152,164,189,193,161,169,203,203,246,254,NA,NA,150,160,184,188,164,164,161,169,149,149
H130,2003,unhunted,2,152,152,152,152,185,185,165,173,191,195,234,242,149,149,142,148,180,182,168,176,165,173,149,149
H131,2003,unhunted,5,144,160,152,172,189,193,169,173,195,207,238,246,NA,NA,146,152,180,186,164,164,157,165,149,149
H132,2003,unhunted,5,160,160,152,156,185,189,165,169,203,207,230,238,149,149,134,136,182,186,160,168,161,177,149,149
H133,2003,unhunted,2,152,152,164,168,185,197,169,169,199,287,242,246,149,149,146,152,186,186,156,160,165,165,149,149
H134,2003,unhunted,2,148,168,156,164,193,197,169,177,267,279,230,242,NA,NA,146,164,186,186,152,164,161,165,149,151
H135,2003,unhunted,2,152,164,156,160,181,189,169,173,199,203,238,246,NA,NA,146,150,186,186,168,172,165,173,149,149
H136,2003,unhunted,11,160,168,160,164,185,197,165,169,203,207,242,242,149,149,138,146,182,182,168,168,165,173,149,149
H137,2003,unhunted,2,160,164,152,172,189,189,169,173,203,215,242,250,NA,NA,138,150,186,186,160,164,169,169,149,149
H138,2003,unhunted,2,152,164,156,160,181,197,165,173,199,207,234,238,NA,NA,140,146,182,184,164,176,165,169,149,151
H140,2003,unhunted,2,152,160,156,172,169,185,165,173,203,207,238,242,NA,NA,146,146,186,186,160,164,165,165,149,149
H141,2003,unhunted,5,152,164,152,160,189,189,165,169,195,199,238,250,NA,NA,146,152,186,186,160,172,161,165,149,153
H142,2003,unhunted,5,152,164,148,156,185,193,165,177,199,207,238,250,NA,NA,142,148,184,186,164,164,157,173,149,149
H146,2003,unhunted,2,160,160,156,164,169,197,173,177,203,207,242,246,NA,NA,140,150,186,192,156,156,165,181,149,149
H147,2003,unhunted,2,156,156,148,156,185,189,169,177,203,203,242,246,149,149,140,146,186,186,164,168,173,173,149,149
H148,2003,unhunted,2,156,160,156,160,185,189,169,173,195,207,250,250,149,149,138,146,186,186,156,164,169,169,149,149
H151,2003,unhunted,4,160,164,152,164,185,201,169,177,199,207,234,242,NA,NA,146,152,180,182,168,168,161,165,149,149
H152,2003,unhunted,4,152,160,164,176,185,185,165,169,199,199,238,242,NA,NA,138,146,184,186,160,176,149,161,149,149
H153,2003,unhunted,11,152,152,156,160,181,185,173,177,199,215,242,246,149,149,134,136,182,186,164,164,157,165,149,149
H154,2003,unhunted,11,152,164,156,164,189,189,165,169,199,215,234,242,NA,NA,128,146,180,186,164,168,161,165,149,149
H155,2003,unhunted,11,160,164,156,156,193,193,169,185,203,207,234,246,149,149,128,134,186,186,152,164,169,169,149,149
H156,2003,unhunted,11,164,168,168,172,181,189,173,177,203,203,238,238,NA,NA,146,148,184,184,152,172,165,169,149,149
H157,2003,unhunted,5,160,164,160,164,193,197,169,169,203,215,238,242,NA,NA,134,146,180,184,156,164,161,169,149,149
H158,2003,unhunted,5,156,172,156,168,181,189,169,169,199,199,246,254,NA,NA,140,146,184,192,156,168,153,165,149,157
H159,2003,unhunted,5,152,156,156,160,181,193,165,185,215,215,242,250,NA,NA,128,136,186,186,164,164,169,169,149,149
H160,2003,unhunted,5,160,164,148,164,189,189,165,165,203,215,234,238,NA,NA,128,152,186,186,156,164,165,173,149,157
H161,2003,unhunted,11,152,152,156,168,185,185,173,185,195,203,242,250,NA,NA,134,138,182,186,164,168,165,169,153,155
H162,2003,unhunted,11,156,156,160,172,189,197,165,177,207,215,238,242,NA,NA,128,146,184,186,156,164,173,181,149,149
H163,2003,unhunted,5,152,160,152,156,181,189,169,169,203,279,246,250,NA,NA,142,146,184,186,160,168,157,169,149,149
H164,2003,unhunted,5,152,156,156,156,185,189,181,181,203,203,238,242,NA,NA,134,152,184,184,168,168,169,169,149,155
H165,2003,unhunted,5,144,160,152,156,189,189,177,177,207,207,238,242,NA,NA,144,152,186,186,172,172,165,169,149,153
H166,2003,unhunted,5,152,156,156,168,193,193,165,177,199,203,246,246,NA,NA,144,146,180,180,160,160,157,161,149,157
H166022,2003,unhunted,2,156,156,152,156,181,189,169,169,195,211,238,246,149,149,128,148,184,186,164,168,165,173,149,149
H167,2003,unhunted,11,160,160,156,160,181,189,173,177,199,275,246,246,149,149,140,146,180,182,164,168,169,173,149,149
H167359,2007,unhunted,2,152,168,160,164,189,197,165,173,203,207,238,242,NA,NA,136,138,184,184,160,168,165,165,149,149
H167397,2005,unhunted,2,156,164,156,156,189,189,177,177,195,211,230,246,149,149,136,160,186,186,152,168,169,173,149,149
H167428,2007,unhunted,2,148,168,168,176,181,189,173,173,203,207,246,246,NA,NA,134,146,184,186,156,172,169,181,149,149
H167496,2005,unhunted,2,152,164,164,164,189,189,169,173,199,203,238,238,149,149,134,146,186,186,156,160,169,173,149,149
H167513,2007,unhunted,2,156,156,164,168,189,193,173,177,195,211,242,242,149,153,142,146,182,186,160,168,169,169,149,153
H167545,2007,unhunted,2,148,160,152,156,189,189,165,185,199,203,238,250,NA,NA,142,150,182,186,156,164,157,161,149,157
H167547,2007,unhunted,2,156,164,144,156,189,189,165,181,211,215,230,242,149,149,146,156,184,186,152,164,157,165,149,149
H168,2003,unhunted,11,160,164,156,168,181,189,169,177,199,203,242,250,NA,NA,146,146,180,184,152,164,149,169,149,149
H169,2003,unhunted,5,152,164,156,156,185,189,169,177,199,199,238,246,149,157,146,152,180,180,164,172,169,169,149,157
H169586,2007,unhunted,11,164,168,152,164,185,185,169,181,199,291,238,250,NA,NA,136,144,182,186,156,168,153,165,149,153
H169613,2006,unhunted,5,152,152,160,172,181,193,165,169,199,207,242,250,149,149,148,148,180,184,156,164,165,173,149,149
H169621,2007,unhunted,2,156,156,152,156,185,189,165,173,203,207,242,246,NA,NA,138,146,180,186,156,164,157,173,149,155
H169622,2007,unhunted,2,152,156,156,164,185,189,177,177,195,207,238,246,NA,NA,128,158,180,184,168,172,153,165,149,149
H169653,2006,unhunted,5,156,172,152,156,185,193,165,169,199,203,234,246,149,149,146,148,184,186,160,164,169,173,149,149
H169705,2007,unhunted,10,160,164,152,156,189,189,169,177,203,211,242,246,NA,NA,136,146,180,192,156,156,157,169,149,149
H169728,2006,unhunted,5,152,164,152,160,189,189,177,177,199,203,218,250,149,149,142,146,184,186,160,168,157,169,149,149
H169738,2007,unhunted,11,160,168,168,168,185,189,177,177,203,211,238,258,NA,NA,136,138,184,186,164,168,173,173,149,149
H169741,2007,unhunted,11,160,164,164,164,185,185,165,169,199,207,246,246,NA,NA,128,142,180,182,164,168,165,165,149,149
H169742,2007,unhunted,5,160,168,164,176,189,193,177,177,199,203,238,250,NA,NA,128,128,180,182,160,172,161,165,149,149
H169750,2006,unhunted,2,152,156,156,164,189,193,169,169,199,215,242,246,149,155,142,152,180,186,160,168,165,173,149,155
H170,2003,unhunted,5,152,152,144,152,189,197,173,173,199,207,226,238,NA,NA,142,160,180,184,160,176,169,177,149,149
H171,2003,unhunted,5,156,160,160,164,193,193,177,181,195,199,234,246,NA,NA,134,140,182,184,168,176,165,181,149,151
H171801,2007,unhunted,11,152,164,152,152,193,193,173,173,195,203,238,238,NA,NA,130,136,182,184,152,160,165,169,149,149
H171803,2007,unhunted,4,156,164,156,164,185,189,169,169,203,215,238,238,NA,NA,128,146,180,184,156,168,161,161,149,153
H171804,2007,unhunted,4,156,156,160,164,189,193,165,169,195,203,242,250,NA,NA,128,146,184,186,156,168,173,177,149,149
H171806,2007,unhunted,2,144,164,164,168,189,189,169,169,199,207,234,250,NA,NA,140,156,180,186,160,164,161,173,149,149
H171808,2007,unhunted,2,164,168,160,160,181,181,169,185,195,199,234,246,NA,NA,128,144,186,186,160,160,165,169,149,149
H171809,2007,unhunted,2,164,168,156,164,181,193,177,181,195,203,234,250,NA,NA,146,146,184,186,160,164,169,173,149,149
H171810,2007,unhunted,11,152,160,160,168,185,193,165,169,199,207,238,242,NA,NA,142,142,182,184,168,168,161,165,149,149
H171811,2007,unhunted,11,160,160,148,152,189,197,169,181,199,283,234,250,NA,NA,146,146,180,184,156,168,157,165,149,153
H171812,2007,unhunted,11,168,168,152,168,193,193,165,173,199,207,238,250,NA,NA,146,146,180,180,168,172,169,169,149,149
H171813,2007,unhunted,2,152,156,144,172,181,185,169,173,203,283,242,250,NA,NA,134,146,180,186,156,164,161,161,149,153
H171815,2007,unhunted,2,148,152,164,164,185,185,169,173,199,199,238,250,NA,NA,128,150,180,186,160,168,177,181,149,153
H171820,2007,unhunted,11,160,164,148,160,185,185,169,181,203,215,238,242,NA,NA,134,146,180,186,168,168,157,169,149,149
H171821,2007,unhunted,11,152,160,160,160,189,197,169,169,203,211,230,238,NA,NA,146,146,184,186,164,172,157,169,149,149
H171822,2007,unhunted,11,164,164,160,164,189,197,169,177,203,279,250,250,NA,NA,138,146,186,186,160,164,161,169,149,149
H171823,2007,unhunted,11,152,152,164,164,193,197,177,181,199,283,242,246,NA,NA,134,156,182,184,160,168,173,177,149,157
H171824,2007,unhunted,2,160,160,152,156,185,189,169,169,203,207,238,242,NA,NA,146,146,180,184,156,172,165,165,149,149
H171825,2007,unhunted,2,152,160,156,160,193,197,165,169,199,203,238,250,NA,NA,128,136,180,184,168,172,153,165,149,149
H171826,2007,unhunted,2,160,164,160,164,181,189,169,173,199,207,242,254,NA,NA,146,146,184,186,160,172,169,169,149,149
H171827,2007,unhunted,2,156,160,148,160,185,189,169,177,199,199,238,246,NA,NA,138,152,184,184,156,164,161,165,149,153
H171828,2007,unhunted,2,160,160,156,168,185,189,169,181,199,203,234,242,NA,NA,134,146,180,186,156,168,173,177,149,149
H171829,2007,unhunted,2,164,164,156,160,185,189,165,169,199,211,238,242,NA,NA,154,162,180,182,160,164,173,173,149,149
H171830,2007,unhunted,2,152,156,164,168,189,189,177,177,199,203,242,242,NA,NA,134,142,184,186,152,168,165,169,149,149
H171831,2007,unhunted,2,152,156,156,176,189,189,165,173,195,207,238,242,NA,NA,146,154,184,186,160,168,169,169,149,151
H171832,2007,unhunted,2,152,156,156,164,181,197,169,173,199,203,226,250,NA,NA,134,146,184,186,160,168,165,169,149,157
H171833,2007,unhunted,4,148,160,156,160,189,193,165,181,203,275,238,254,NA,NA,130,152,182,182,164,168,165,169,149,149
H171851,2007,unhunted,5,148,160,152,152,181,197,173,181,195,203,242,246,NA,NA,146,146,180,184,156,164,165,169,149,155
H171852,2007,unhunted,5,160,164,164,164,185,189,169,181,203,207,218,250,NA,NA,144,148,182,186,160,168,165,173,149,149
H171853,2007,unhunted,5,156,160,152,156,189,193,169,177,199,215,234,246,NA,NA,146,152,186,186,160,168,165,169,149,149
H171854,2007,unhunted,5,148,152,164,164,189,189,173,177,199,211,242,254,NA,NA,146,148,184,186,160,164,165,169,149,149
H171855,2007,unhunted,4,152,160,160,164,185,189,161,181,199,215,234,254,NA,NA,146,146,184,186,160,168,169,177,149,149
H171856,2007,unhunted,4,156,164,152,160,189,189,165,177,195,207,242,250,NA,NA,128,146,186,192,156,168,161,177,149,153
H171857,2007,unhunted,4,160,164,160,168,189,189,169,169,199,211,234,238,NA,NA,146,148,182,186,160,160,173,177,149,151
H171858,2007,unhunted,4,152,160,156,160,181,181,165,181,195,207,238,258,NA,NA,146,146,184,186,156,156,149,165,149,149
H171859,2007,unhunted,4,160,164,156,160,189,193,165,181,199,203,242,258,NA,NA,152,160,180,184,160,168,169,173,149,149
H171863,2007,unhunted,2,148,168,164,168,189,189,165,173,195,203,238,246,NA,NA,136,148,182,194,168,168,157,169,149,155
H171864,2007,unhunted,2,156,164,160,168,189,189,173,177,195,203,234,250,NA,NA,146,150,186,186,160,160,165,173,149,149
H171865,2007,unhunted,2,148,168,164,168,189,189,169,169,199,199,238,242,NA,NA,134,150,182,186,152,168,165,177,149,149
H171866,2007,unhunted,11,160,168,164,168,181,189,177,181,203,203,230,242,NA,NA,128,138,184,186,152,176,173,181,149,149
H171867,2007,unhunted,11,156,160,156,164,181,189,177,177,203,203,246,250,NA,NA,146,150,186,186,156,164,165,169,149,149
H171879,2007,unhunted,2,160,164,164,172,189,197,173,181,199,207,258,258,NA,NA,136,152,184,186,164,168,165,169,149,149
H171880,2007,unhunted,2,156,164,156,156,189,197,169,169,199,211,238,246,NA,NA,136,146,186,192,160,168,165,169,149,149
H171881,2007,unhunted,2,156,164,152,156,193,197,173,173,203,207,238,238,NA,NA,146,160,180,186,160,168,169,169,149,149
H171882,2007,unhunted,2,152,152,164,168,181,189,173,181,199,203,242,242,NA,NA,150,152,186,186,156,160,173,177,149,149
H171929,2006,unhunted,2,152,156,156,168,185,193,173,177,195,207,230,242,149,149,134,150,180,184,160,160,165,169,149,149
H171930,2007,unhunted,2,156,164,156,172,185,189,169,173,199,203,250,254,149,157,128,142,186,186,160,160,157,165,149,157
H171933,2006,unhunted,2,156,164,152,156,185,189,165,173,203,215,242,250,149,149,138,144,180,186,164,164,165,173,149,149
H171934,2007,unhunted,2,160,160,156,156,189,197,165,173,203,207,234,242,NA,NA,128,128,186,186,160,168,161,161,149,149
H171937,2007,unhunted,2,152,160,164,172,189,197,177,177,203,203,238,242,NA,NA,130,138,184,186,168,168,149,165,149,157
H171938,2007,unhunted,5,160,160,156,160,185,189,173,177,199,199,238,238,NA,NA,128,136,184,186,160,164,165,173,149,149
H171939,2007,unhunted,5,164,168,164,176,185,193,165,169,207,211,230,238,NA,NA,134,144,180,186,164,168,169,173,149,155
H171941,2007,unhunted,5,152,160,152,152,185,185,173,181,199,203,234,246,NA,NA,134,146,180,180,160,164,161,169,149,149
H171942,2007,unhunted,10,156,172,152,168,193,193,165,177,203,203,238,246,NA,NA,146,154,186,186,160,160,149,169,149,149
H171943,2007,unhunted,10,148,164,152,160,189,193,177,185,195,199,242,250,NA,NA,140,142,180,186,156,156,157,161,149,149
H171944,2007,unhunted,10,156,164,156,160,189,197,169,177,195,199,238,250,NA,NA,140,146,180,186,168,168,165,169,149,149
H171946,2007,unhunted,10,164,164,160,164,189,193,165,169,199,207,230,242,NA,NA,146,160,180,186,168,168,161,165,149,153
H171947,2007,unhunted,10,152,164,164,172,181,189,173,177,203,207,242,246,NA,NA,134,144,182,182,160,172,165,169,149,149
H171961,2007,unhunted,4,160,160,148,168,181,193,173,181,199,211,238,238,NA,NA,146,150,180,180,160,164,165,169,149,149
H171962,2007,unhunted,2,160,168,152,168,193,197,173,173,199,207,238,250,NA,NA,134,138,184,184,168,168,165,169,149,157
H171965,2007,unhunted,5,160,164,152,156,185,197,173,177,199,203,242,250,NA,NA,146,148,184,184,164,176,153,173,149,149
H171967,2007,unhunted,11,160,164,156,160,189,189,169,173,199,203,238,238,NA,NA,134,134,180,182,160,168,165,177,149,149
H171969,2007,unhunted,11,152,160,152,160,185,185,165,177,203,203,238,254,NA,NA,134,144,180,186,168,168,165,169,149,149
H171970,2007,unhunted,5,152,160,152,152,185,193,165,173,199,203,234,242,NA,NA,146,146,186,186,160,168,169,177,149,149
H171973,2007,unhunted,5,160,168,160,164,189,189,165,177,195,203,234,250,NA,NA,128,134,184,186,164,172,165,165,149,149
H171974,2007,unhunted,5,156,160,156,156,185,189,165,173,195,207,234,246,NA,NA,146,146,180,182,168,172,169,177,149,149
H171975,2007,unhunted,5,152,156,160,168,193,193,169,169,203,207,234,242,NA,NA,146,146,186,186,160,172,169,173,149,157
H171976,2007,unhunted,5,148,148,152,164,189,197,165,169,199,203,242,250,NA,NA,128,168,182,186,164,176,165,177,149,157
H172,2003,unhunted,11,156,168,160,164,185,189,165,169,203,203,238,250,NA,NA,144,146,180,186,164,164,165,169,149,149
H173,2003,unhunted,11,160,164,164,168,189,189,169,177,203,203,246,246,149,149,128,146,180,184,164,168,169,169,149,149
H174,2003,unhunted,11,156,164,144,160,189,197,177,177,203,211,234,254,NA,NA,128,146,180,182,164,168,169,169,149,151
H175,2003,unhunted,5,152,168,164,164,189,193,169,173,203,207,234,238,NA,NA,128,138,180,184,156,160,165,169,149,149
H178,2003,unhunted,5,152,160,152,156,193,197,165,181,199,199,238,246,NA,NA,134,140,180,186,160,164,161,169,149,149
H189,2003,unhunted,5,144,160,156,156,185,189,165,165,203,279,242,246,NA,NA,148,152,186,186,160,164,165,173,149,153
H190,2003,unhunted,2,152,160,148,172,193,197,173,177,203,215,238,250,149,149,128,150,182,186,164,164,169,169,149,149
H191,2003,unhunted,2,156,160,152,168,189,189,173,181,195,199,234,238,NA,NA,134,168,180,186,164,168,169,181,149,149
H196,2004,unhunted,11,156,160,144,156,189,189,169,173,203,207,250,258,149,149,146,146,186,194,160,160,165,169,149,149
H197,2004,unhunted,11,156,160,160,164,185,189,177,177,203,207,246,254,NA,NA,146,152,182,184,160,164,169,169,149,149
H198,2004,unhunted,4,164,168,156,156,185,189,169,177,199,203,246,254,NA,NA,146,148,184,188,164,172,165,169,149,149
H20001,2005,unhunted,4,156,164,152,160,181,189,173,177,203,283,238,254,NA,NA,146,154,182,182,168,168,161,169,149,157
H229641,2006,unhunted,10,152,156,160,164,189,189,165,181,207,207,238,242,149,149,136,150,182,186,164,164,165,173,149,149
H30001,2005,unhunted,10,156,156,160,164,185,197,169,177,199,203,234,238,NA,NA,134,146,184,186,164,168,165,169,149,149
H30002,2005,unhunted,10,156,160,148,156,185,185,173,173,195,199,242,246,NA,NA,144,148,180,186,156,156,169,173,149,149
H30005,2005,unhunted,10,156,160,156,160,189,189,169,169,199,203,234,238,NA,NA,138,138,186,194,164,168,157,169,149,149
H30006,2005,unhunted,10,144,152,160,172,169,193,169,177,195,203,242,246,NA,NA,144,146,186,192,156,160,165,169,149,149
H30007,2005,unhunted,10,168,168,156,168,185,197,185,185,211,211,242,246,NA,NA,144,144,180,182,168,168,161,185,149,155
H346,2002,unhunted,11,152,160,156,160,185,193,173,173,199,199,246,250,NA,NA,134,148,186,186,156,168,165,173,149,149
H355,2001,unhunted,11,160,168,152,160,189,189,169,169,191,203,238,246,NA,NA,136,144,180,186,164,172,161,177,149,149
H356,2001,unhunted,11,152,156,168,176,185,197,173,177,199,203,234,258,149,149,138,142,180,180,168,168,173,173,149,149
H357,2001,unhunted,11,160,164,152,168,189,197,177,181,195,203,238,238,NA,NA,146,146,182,186,160,168,165,169,149,149
H358,2001,unhunted,11,156,168,156,160,185,189,177,177,195,199,250,250,NA,NA,146,146,180,186,156,164,161,173,149,149
H359,2001,unhunted,11,156,164,152,156,185,197,165,173,199,207,242,250,NA,NA,152,168,180,186,168,168,165,169,149,149
H360,2001,unhunted,11,144,156,156,156,185,193,173,177,199,203,238,246,149,149,146,146,180,182,156,168,165,165,149,149
H361,2001,unhunted,11,144,156,168,176,185,197,169,173,199,199,246,250,NA,NA,146,146,184,186,164,164,173,173,149,149
H362,2001,unhunted,11,156,156,156,160,181,189,169,181,203,203,230,250,NA,NA,136,138,184,186,164,168,157,169,149,149
H363,2001,unhunted,11,160,164,156,164,185,185,165,177,195,199,242,242,NA,NA,146,152,180,184,164,168,165,173,149,149
H364,2001,unhunted,11,160,168,148,164,185,197,165,173,199,199,230,246,NA,NA,146,152,180,184,168,172,165,173,149,157
H365,2001,unhunted,11,168,168,156,168,185,189,173,181,207,207,230,238,NA,NA,144,150,180,186,160,168,169,169,149,149
H366,2001,unhunted,11,160,164,156,156,189,189,165,177,203,203,250,258,NA,NA,134,162,180,186,160,172,165,177,149,149
H367,2001,unhunted,11,156,164,144,152,189,193,169,169,203,215,238,242,NA,NA,146,146,182,186,160,168,173,177,149,149
H368,2001,unhunted,11,148,164,148,160,181,189,161,165,203,203,238,238,NA,NA,142,142,180,182,168,168,165,169,149,149
H369,2001,unhunted,11,156,160,152,164,189,189,169,169,199,199,246,250,149,149,146,152,186,186,164,168,173,177,149,149
H370,2001,unhunted,11,156,164,156,164,181,185,165,173,203,203,238,238,NA,NA,142,152,182,186,168,172,165,181,149,149
H371,2001,unhunted,11,156,160,164,172,189,189,165,169,199,211,234,246,NA,NA,134,134,180,182,160,168,169,169,149,149
H372,2001,unhunted,11,160,168,156,156,189,189,169,169,199,203,230,250,NA,NA,128,146,180,186,160,164,161,165,149,157
H373,2001,unhunted,11,160,160,160,172,185,193,165,177,199,203,234,234,NA,NA,146,146,182,184,168,172,157,169,149,149
H374,2001,unhunted,11,152,152,156,164,185,185,173,173,199,203,246,254,149,149,138,146,180,186,156,172,161,161,149,149
H375,2001,unhunted,11,160,164,152,160,193,193,169,181,199,203,238,246,NA,NA,128,128,186,186,164,168,169,169,149,149
H376,2001,unhunted,11,156,168,148,152,189,193,165,169,195,199,242,246,149,149,130,146,184,186,160,172,169,169,149,149
H377,2001,unhunted,11,152,164,156,164,185,197,177,177,199,203,242,246,NA,NA,138,142,182,186,156,172,165,173,149,149
H378,2001,unhunted,11,160,164,152,160,189,197,169,177,199,203,234,246,NA,NA,146,146,180,186,160,164,161,165,149,151
H379,2001,unhunted,11,156,160,160,164,197,197,169,177,203,211,238,242,NA,NA,128,148,182,184,156,168,157,173,149,149
H380,2001,unhunted,11,148,164,156,156,189,193,165,177,199,203,238,238,NA,NA,146,150,184,186,164,172,165,173,149,149
H381,2001,unhunted,11,152,164,152,164,185,197,177,181,195,215,238,242,149,149,134,158,180,184,160,168,165,165,149,149
H382,2001,unhunted,11,148,164,156,164,189,193,177,177,211,279,238,250,NA,NA,150,152,184,184,152,164,169,169,149,149
H383,2001,unhunted,11,160,168,152,160,185,201,165,173,207,279,238,246,NA,NA,146,146,184,186,164,172,165,169,149,149
H384,2001,unhunted,11,160,168,148,164,185,197,165,173,199,199,230,246,149,149,146,146,180,184,156,156,165,165,149,149
H385,2001,unhunted,11,156,160,156,164,185,197,165,177,195,207,242,242,NA,NA,146,146,180,182,168,168,157,169,149,149
H386,2001,unhunted,11,156,160,156,168,185,189,169,177,199,203,234,250,149,149,128,152,184,184,164,172,161,165,149,149
H387,2001,unhunted,11,152,168,156,160,189,201,165,185,199,199,242,242,149,151,146,148,180,184,156,164,169,177,149,151
H388,2001,unhunted,11,164,168,156,160,185,189,169,177,207,207,230,250,NA,NA,144,168,186,192,160,172,169,173,149,149
H389,2001,unhunted,11,156,160,160,160,189,193,177,177,199,203,238,250,NA,NA,134,150,180,186,160,168,165,173,149,149
H390,2001,unhunted,11,156,164,156,160,189,193,173,177,203,211,238,250,NA,NA,148,152,180,184,156,160,169,177,149,153
H391,2001,unhunted,11,164,168,144,152,189,189,177,185,211,211,234,250,NA,NA,128,146,180,180,156,168,165,185,149,149
H392,2001,unhunted,11,160,160,152,164,181,185,177,181,199,203,238,250,149,149,128,140,180,186,168,168,161,161,149,149
H393,2001,unhunted,11,152,168,160,176,181,193,173,173,203,215,246,246,149,149,134,144,182,186,160,164,157,161,149,149
H394,2001,unhunted,11,152,168,148,160,189,193,165,177,215,287,242,246,149,149,134,150,186,188,160,168,169,181,149,149
H395,2001,unhunted,11,160,164,164,168,185,189,169,181,199,207,230,242,NA,NA,146,152,184,186,168,172,165,169,149,149
H396,2002,unhunted,2,160,164,160,168,193,193,185,185,203,207,238,246,NA,NA,134,140,180,186,156,168,173,177,149,149
H397,2002,unhunted,2,160,164,160,164,193,197,165,177,203,203,238,242,NA,NA,142,144,184,186,156,164,157,173,149,149
H398,2002,unhunted,2,152,164,160,168,181,185,173,185,207,267,234,242,NA,NA,128,134,180,180,160,168,165,169,149,149
H399,2002,unhunted,5,160,164,156,164,197,209,165,177,215,215,218,234,NA,NA,128,146,186,194,160,168,165,169,149,149
H400,2002,unhunted,2,152,168,160,168,181,189,177,185,195,199,246,250,149,149,128,138,180,186,160,168,165,169,149,149
H401,2004,unhunted,2,156,156,144,168,189,189,165,165,207,211,242,242,NA,NA,134,138,184,186,164,164,157,181,149,149
H402,2004,unhunted,2,156,164,152,156,189,189,173,177,203,207,242,246,NA,NA,128,152,184,186,164,168,165,169,149,153
H403,2004,unhunted,4,152,156,152,164,189,193,177,185,195,215,230,258,NA,NA,146,146,186,186,156,168,165,173,149,153
H404,2004,unhunted,4,156,160,160,160,185,189,173,177,199,203,238,250,NA,NA,138,144,182,184,172,176,169,173,149,149
H405,2004,unhunted,4,156,164,156,156,181,189,165,177,199,295,238,250,NA,NA,128,146,186,186,160,168,169,173,149,149
H406,2004,unhunted,4,156,164,152,168,189,197,165,181,207,211,242,242,NA,NA,146,150,186,194,152,168,177,181,149,157
H407,2004,unhunted,4,160,168,144,152,189,189,169,177,195,195,234,238,NA,NA,128,138,180,180,156,156,165,169,149,149
H408,2004,unhunted,11,160,164,156,164,185,189,177,185,203,203,NA,NA,NA,NA,146,148,180,186,164,172,173,177,149,149
H410,2004,unhunted,4,156,160,144,156,189,189,169,173,195,207,238,258,NA,NA,128,146,186,186,152,160,165,181,149,149
H411,2004,unhunted,4,152,156,152,160,181,185,177,177,211,279,230,234,NA,NA,146,146,182,186,168,176,157,169,149,149
H412,2004,unhunted,11,164,164,152,164,189,189,165,169,215,215,242,242,149,153,128,146,180,188,156,160,165,177,149,153
H416,2004,unhunted,5,168,168,156,168,185,189,165,181,199,211,238,250,NA,NA,146,146,180,186,164,168,165,169,149,149
H417,2004,unhunted,11,164,168,156,164,185,189,169,173,199,207,238,246,NA,NA,144,146,182,184,156,168,165,165,149,149
H418,2004,unhunted,11,156,160,144,152,185,189,165,169,199,215,234,242,NA,NA,144,146,182,184,160,164,157,161,149,149
H427,2004,unhunted,2,156,168,156,164,189,193,177,185,203,207,238,250,NA,NA,146,146,180,184,152,164,173,177,149,149
H428,2004,unhunted,2,148,168,168,176,181,189,173,173,203,207,246,246,149,149,134,146,184,186,156,172,169,181,149,149
H429,2004,unhunted,11,156,168,156,160,185,193,161,177,199,199,238,250,NA,NA,128,134,184,186,156,168,169,173,149,149
H430,2004,unhunted,11,156,160,164,168,189,193,165,177,203,211,238,246,NA,NA,144,146,184,186,160,164,161,169,149,149
H431,2004,unhunted,8,160,164,144,164,185,189,169,169,199,207,NA,NA,NA,NA,146,146,184,186,164,164,165,165,149,149
H432,2004,unhunted,8,156,172,152,168,189,193,165,177,203,203,238,246,NA,NA,146,154,186,186,160,160,149,161,149,149
H433,2004,unhunted,8,152,156,156,156,189,193,169,177,203,203,242,250,NA,NA,136,150,180,184,156,164,165,173,149,149
H434,2004,unhunted,8,156,156,148,152,185,193,173,177,207,211,246,246,NA,NA,138,138,180,182,156,156,161,173,149,149
H438,2004,unhunted,5,156,156,156,164,189,193,169,173,199,203,234,250,NA,NA,128,146,184,186,156,160,169,169,149,149
H439,2004,unhunted,11,160,164,156,160,185,193,169,177,199,207,246,250,NA,NA,138,146,182,186,156,168,157,169,149,149
H440,2004,unhunted,11,152,164,164,164,181,197,177,185,199,207,242,242,NA,NA,146,152,180,184,156,160,161,173,149,149
H441,2004,unhunted,11,156,156,144,156,189,193,165,169,203,215,242,250,149,149,146,152,186,186,164,168,169,169,149,149
H442,2004,unhunted,11,NA,NA,NA,NA,185,189,165,169,199,207,238,238,149,149,128,168,184,186,164,172,165,181,149,149
H444,2004,unhunted,8,152,156,152,168,185,193,173,181,195,203,246,250,NA,NA,134,146,184,186,164,164,169,173,149,149
H446,2004,unhunted,11,156,164,152,164,185,189,165,193,199,203,238,250,149,149,138,148,180,186,156,164,169,173,149,149
H447,2004,unhunted,11,164,164,160,164,189,189,173,177,203,203,250,250,149,149,128,140,184,184,164,168,161,173,149,149
H448,2004,unhunted,11,160,164,164,168,181,189,173,177,203,203,242,258,149,149,128,128,186,186,160,164,169,169,149,149
H450,2005,unhunted,5,152,160,156,160,181,185,177,181,199,199,242,250,NA,NA,146,160,182,186,156,168,161,169,149,149
H451,2005,unhunted,10,156,156,152,156,185,193,177,177,203,279,238,246,NA,NA,148,150,186,186,160,164,169,177,149,149
H452,2005,unhunted,10,160,164,144,156,189,189,165,169,199,211,242,258,149,149,128,150,182,186,160,160,173,181,149,149
H453,2005,unhunted,10,164,168,152,164,185,193,169,173,199,207,234,242,149,149,146,148,180,182,160,168,149,173,149,149
H454,2005,unhunted,8,152,156,152,164,189,193,173,173,199,203,242,246,149,149,134,146,180,186,168,168,173,177,149,149
H455,2005,unhunted,5,152,160,152,168,193,193,169,173,199,203,234,242,NA,NA,134,146,186,186,156,168,161,173,149,149
H456,2005,unhunted,5,152,164,156,164,189,189,169,185,203,207,238,246,NA,NA,128,146,180,184,164,168,161,173,149,149
H457,2005,unhunted,5,152,152,160,164,185,189,173,181,195,207,234,242,149,149,128,148,182,186,164,164,149,177,149,149
H458,2005,unhunted,5,160,164,156,172,185,185,169,173,199,215,234,238,NA,NA,134,146,180,184,164,168,161,173,149,149
H459,2005,unhunted,5,164,164,156,156,185,193,165,173,199,275,246,246,NA,NA,128,136,180,184,164,168,165,173,149,149
H460,2005,unhunted,5,152,156,156,160,189,189,177,181,199,199,238,250,NA,NA,128,150,180,184,156,156,157,169,149,153
H461,2005,unhunted,5,152,164,160,172,181,189,169,177,195,199,238,242,NA,NA,146,146,184,186,160,176,153,165,149,157
H462,2005,unhunted,5,160,164,168,172,193,197,173,177,203,203,234,250,149,149,138,142,186,186,160,164,161,165,149,149
H468,2005,unhunted,4,156,164,156,164,189,189,169,169,203,215,218,246,NA,NA,136,142,182,184,168,168,161,177,149,157
H469,2005,unhunted,5,156,160,152,156,185,197,177,181,207,211,246,246,NA,NA,142,146,186,186,152,160,169,173,149,149
H470,2005,unhunted,5,152,160,152,164,189,189,169,177,203,207,234,238,NA,NA,136,146,182,184,164,168,169,169,149,153
H471,2005,unhunted,5,156,164,160,164,169,189,165,177,207,275,242,254,149,149,128,158,184,184,156,164,165,165,149,149
H473,2005,unhunted,10,160,168,160,164,181,185,169,185,191,195,238,246,149,149,134,148,182,186,160,160,165,169,149,149
H474,2005,unhunted,10,152,164,152,164,185,197,169,177,199,203,230,242,NA,NA,138,142,180,182,156,164,177,177,149,153
H475,2005,unhunted,8,152,156,156,164,181,181,177,181,199,199,242,242,NA,NA,146,150,182,186,156,168,165,173,149,149
H476,2005,unhunted,4,152,164,152,160,185,189,165,169,195,199,242,246,NA,NA,142,150,184,186,164,168,165,165,149,149
H477,2005,unhunted,4,164,168,160,160,189,189,165,165,195,195,234,238,149,157,146,148,180,184,156,168,161,185,149,157
H478,2005,unhunted,4,152,156,156,156,181,185,165,177,199,203,238,242,NA,NA,128,128,184,186,168,172,169,169,153,153
H479,2005,unhunted,4,160,168,152,164,189,193,177,177,191,203,246,250,149,149,140,150,184,186,156,168,173,177,149,149
H480,2005,unhunted,4,156,156,156,164,181,185,165,177,211,215,242,246,NA,NA,140,142,184,186,156,176,161,165,149,149
H481,2005,unhunted,5,160,164,160,168,181,185,165,169,199,203,242,242,149,149,144,146,180,186,156,160,165,177,149,149
H482,2005,unhunted,5,152,164,156,164,185,197,169,177,195,195,242,242,NA,NA,146,156,182,186,168,172,169,173,149,149
H486,2005,unhunted,10,152,156,168,168,189,189,169,169,199,203,238,242,NA,NA,150,168,184,186,156,168,169,173,149,149
H487,2005,unhunted,10,152,164,160,164,185,197,173,173,199,207,242,258,149,149,138,138,186,186,160,164,161,165,149,149
H488,2005,unhunted,10,156,160,156,160,185,193,173,173,199,203,238,242,149,149,138,150,186,186,164,172,169,177,149,149
H489,2005,unhunted,10,164,164,156,164,185,197,169,177,195,207,242,246,149,149,138,146,180,182,160,160,165,177,149,149
H491,2005,unhunted,8,152,160,148,152,185,193,173,177,199,203,238,242,NA,NA,134,146,182,186,168,176,161,169,149,149
H492,2005,unhunted,8,160,164,160,168,185,193,169,177,199,203,238,246,NA,NA,142,150,180,182,160,168,165,165,149,149
H493,2005,unhunted,8,164,164,152,156,189,189,165,169,199,203,242,246,NA,NA,146,148,182,182,160,172,169,173,149,151
H494,2005,unhunted,8,152,156,168,176,189,193,169,177,195,203,234,250,NA,NA,142,146,184,186,160,160,165,177,149,149
H495,2005,unhunted,8,160,168,148,164,185,185,177,181,199,211,242,242,149,153,140,146,182,186,160,176,161,177,149,153
H497,2005,unhunted,2,152,160,160,168,185,189,177,177,199,211,242,246,149,153,146,150,182,186,160,168,165,169,149,153
H498,2005,unhunted,4,156,160,152,156,185,189,165,173,199,199,238,246,NA,NA,146,150,182,188,164,164,173,173,149,149
H499,2005,unhunted,4,148,160,156,164,185,189,177,181,203,203,238,250,NA,NA,146,154,180,186,168,168,157,161,149,149
H500,2005,unhunted,4,160,164,164,164,189,189,177,181,199,203,238,238,NA,NA,128,138,182,184,156,168,165,173,149,149
H501,2004,unhunted,5,156,168,164,164,189,189,173,173,199,203,238,246,NA,NA,134,146,182,184,164,168,165,165,149,149
H502,2004,unhunted,5,152,160,156,172,189,193,169,177,199,203,246,250,NA,NA,140,158,182,184,164,176,165,169,149,149
H503,2004,unhunted,5,160,172,152,168,185,189,169,169,203,211,238,246,NA,NA,138,152,186,186,164,164,157,161,149,153
H509,2004,unhunted,5,156,164,152,156,193,193,169,169,203,215,234,242,149,149,128,146,180,186,160,160,165,169,149,149
H510,2004,unhunted,5,152,152,152,168,181,193,173,177,199,279,238,238,NA,NA,134,146,184,186,164,168,157,161,149,149
H511,2004,unhunted,5,160,160,152,156,181,189,165,181,199,203,230,242,NA,NA,140,148,182,184,168,172,157,169,149,149
H512,2004,unhunted,2,156,164,164,168,185,189,177,177,207,211,238,242,149,149,146,152,182,184,156,164,169,181,149,149
H513,2004,unhunted,2,156,156,164,168,189,193,173,177,195,211,242,242,149,153,142,146,182,186,160,168,169,169,149,153
H514,2004,unhunted,2,164,168,156,164,185,189,173,177,199,199,246,254,NA,NA,148,150,182,182,164,168,169,173,149,151
H515,2004,unhunted,4,148,156,156,164,181,185,165,169,199,211,238,242,149,149,146,146,180,186,156,168,169,169,149,149
H516,2004,unhunted,4,160,164,152,172,185,185,169,177,275,283,242,246,149,149,138,152,182,186,160,164,165,169,149,149
H517,2004,unhunted,4,164,164,156,168,189,189,169,169,199,203,242,258,NA,NA,152,156,184,184,160,164,165,169,149,149
H518,2004,unhunted,4,152,160,152,156,189,197,165,181,191,199,234,246,NA,NA,142,162,180,186,160,160,165,169,149,149
H519,2004,unhunted,2,156,156,164,168,189,193,173,177,195,211,242,242,NA,NA,142,146,182,186,160,168,169,169,149,153
H520,2004,unhunted,4,160,164,152,164,189,189,165,169,199,203,238,242,NA,NA,152,162,182,186,156,168,169,169,149,149
H521,2004,unhunted,4,160,164,152,160,189,193,169,177,203,207,234,246,NA,NA,134,134,184,186,160,164,161,165,149,153
H522,2004,unhunted,4,156,164,152,156,189,189,169,173,199,283,238,246,NA,NA,128,142,180,182,156,168,161,173,149,149
H523,2004,unhunted,4,156,160,152,156,181,189,169,173,199,203,242,242,NA,NA,142,148,182,192,156,168,165,173,149,149
H530,2004,unhunted,5,160,164,164,164,189,193,165,169,199,207,246,250,NA,NA,134,152,186,186,168,172,165,169,149,149
H531,2004,unhunted,5,164,164,148,164,189,197,173,181,191,207,238,254,NA,NA,128,146,180,180,160,168,165,165,149,149
H532,2004,unhunted,2,164,168,156,168,181,189,173,185,207,207,238,250,149,149,140,146,180,186,164,168,165,169,149,149
H534,2004,unhunted,11,156,160,152,164,185,201,169,177,199,207,234,242,NA,NA,146,146,180,182,168,168,161,161,149,149
H536,2005,unhunted,4,160,168,152,160,185,189,169,177,199,203,238,246,NA,NA,128,128,174,186,164,168,169,173,149,149
H537,2005,unhunted,11,156,160,152,164,189,193,169,169,199,215,238,246,NA,NA,146,152,184,186,164,180,177,177,149,149
H543,2005,unhunted,2,156,156,148,156,185,189,173,177,195,199,246,250,149,149,136,152,180,186,164,164,165,165,149,149
H544,2005,unhunted,2,152,164,164,168,181,193,173,181,195,219,238,242,NA,NA,144,148,184,186,160,168,165,165,149,155
H545,2005,unhunted,2,148,160,152,156,189,189,165,185,199,203,238,250,149,157,142,150,182,186,156,164,157,161,149,157
H546,2005,unhunted,2,148,168,152,168,185,193,173,177,199,215,238,242,NA,NA,150,168,186,186,156,168,165,177,149,149
H547,2005,unhunted,2,156,164,144,156,189,189,165,181,211,215,230,242,149,149,146,156,184,186,152,164,157,165,149,149
H548,2005,unhunted,2,156,160,156,168,189,197,177,181,195,199,238,250,149,149,128,144,184,186,160,164,165,165,149,149
H549,2005,unhunted,2,164,164,168,168,189,189,165,165,195,195,238,238,153,153,128,150,186,186,156,168,161,169,153,153
H550,2005,unhunted,10,164,164,152,156,185,189,165,165,195,199,238,246,NA,NA,148,158,180,180,164,168,165,169,149,155
H551,2005,unhunted,10,156,160,168,168,189,189,169,177,203,203,242,246,NA,NA,128,138,180,182,160,168,165,169,149,149
H553,2005,unhunted,10,152,164,152,164,169,189,169,169,199,203,242,258,NA,NA,128,138,180,186,156,164,165,169,149,149
H554,2005,unhunted,10,152,156,152,156,185,189,177,177,203,207,238,242,NA,NA,134,152,182,184,160,164,165,173,153,155
H556,2005,unhunted,10,164,164,148,164,169,193,165,169,203,203,238,250,NA,NA,134,146,180,186,156,156,165,165,149,155
H564,2005,unhunted,5,148,148,164,164,185,193,177,181,199,283,250,250,NA,NA,128,134,180,186,164,168,165,169,149,149
H565,2005,unhunted,5,152,168,160,168,189,193,181,181,199,199,250,250,NA,NA,146,146,180,186,160,168,165,165,149,157
H567,2005,unhunted,5,144,164,172,176,185,189,165,173,195,203,NA,NA,149,149,NA,NA,186,186,160,164,165,169,149,149
H568,2005,unhunted,11,152,164,152,164,185,197,177,181,195,207,242,242,NA,NA,138,146,186,186,160,168,165,177,149,149
H568???,2005,unhunted,5,148,164,156,160,185,197,165,169,203,275,242,254,NA,NA,138,154,180,184,164,172,169,177,149,149
H569,2005,unhunted,11,144,148,160,168,189,189,177,177,203,203,246,246,NA,NA,138,142,186,186,160,160,169,169,149,149
H580,2006,unhunted,10,156,164,156,168,185,189,173,173,207,275,234,234,NA,NA,128,146,184,186,156,160,161,169,149,149
H586,2006,unhunted,11,164,168,152,164,185,185,169,181,199,291,238,250,149,153,136,144,182,186,156,168,153,165,149,153
H587,2006,unhunted,11,160,164,152,160,185,189,165,169,199,203,238,246,NA,NA,146,146,180,182,156,168,173,177,149,149
H588,2006,unhunted,11,168,168,164,180,181,185,165,177,203,207,234,246,NA,NA,142,146,184,186,160,176,157,161,149,149
H589,2006,unhunted,11,160,168,156,164,185,197,165,185,195,199,238,238,NA,NA,146,146,182,186,156,168,177,177,149,149
H590,2006,unhunted,11,152,152,164,168,185,189,169,185,199,203,242,242,149,149,134,168,184,186,164,168,165,173,149,149
H591,2006,unhunted,10,160,160,164,168,185,189,173,177,199,207,242,242,NA,NA,144,150,180,186,168,168,165,177,149,149
H592,2006,unhunted,10,156,164,160,164,185,189,165,169,195,203,242,242,NA,NA,128,146,180,184,160,164,165,169,149,149
H593,2006,unhunted,10,148,152,156,160,181,197,169,177,203,207,238,242,NA,NA,134,152,182,186,164,168,165,169,149,153
H594,2006,unhunted,10,156,168,152,156,189,201,169,173,203,211,246,254,NA,NA,134,140,180,184,160,164,165,165,149,149
H601,2006,unhunted,11,156,164,168,172,185,197,177,177,203,207,242,246,NA,NA,134,150,186,186,168,172,149,165,149,149
H602,2006,unhunted,11,156,160,144,164,181,189,165,169,199,203,250,250,NA,NA,138,146,186,186,168,168,169,177,149,149
H603,2006,unhunted,11,152,156,156,156,189,193,177,177,199,211,238,238,NA,NA,140,146,186,186,164,168,169,173,149,149
H608,2006,unhunted,5,152,160,156,160,181,185,169,177,199,199,242,250,149,149,146,156,182,186,156,168,161,169,149,149
H609,2006,unhunted,5,NA,NA,152,156,189,193,173,177,199,203,234,246,NA,NA,144,146,180,186,160,172,169,173,149,149
H610,2006,unhunted,11,156,164,152,164,181,189,173,177,199,207,238,242,149,149,138,150,180,192,160,168,161,169,149,149
H611,2006,unhunted,11,160,164,152,164,189,189,165,181,195,199,246,250,149,149,142,142,184,186,156,160,165,177,149,149
H612,2006,unhunted,5,156,160,164,168,189,189,177,181,199,199,242,250,NA,NA,128,152,180,180,168,172,169,177,149,149
H614,2006,unhunted,5,164,168,164,168,185,189,169,173,199,199,218,250,NA,NA,146,146,182,182,156,160,165,169,149,149
H615,2006,unhunted,5,152,168,160,168,185,197,169,169,199,203,242,250,149,149,142,158,180,182,160,164,165,165,149,149
H616,2006,unhunted,5,160,160,160,168,181,185,169,169,199,203,238,242,NA,NA,146,146,180,186,156,160,165,173,149,149
H617,2006,unhunted,5,156,164,156,164,189,193,165,177,203,207,238,238,NA,NA,128,140,180,186,164,164,157,165,149,149
H618,2006,unhunted,5,148,160,160,168,189,193,169,169,195,199,234,242,NA,NA,134,146,184,186,160,168,169,177,149,149
H619,2006,unhunted,5,152,168,156,176,185,185,177,181,203,203,246,250,NA,NA,128,146,186,186,172,172,173,173,149,153
H620,2006,unhunted,2,152,160,164,168,185,189,169,181,199,199,238,242,NA,NA,128,150,184,186,160,164,173,177,149,149
H623,2006,unhunted,2,152,156,152,164,193,197,173,177,203,203,238,242,NA,NA,136,150,186,186,156,164,169,185,149,157
H624,2006,unhunted,2,168,168,152,164,181,185,165,165,199,199,242,242,NA,NA,140,158,182,186,168,168,161,165,149,153
H625,2006,unhunted,2,156,164,152,168,189,193,165,185,199,203,238,250,NA,NA,134,134,184,186,160,168,161,165,149,149
H626,2006,unhunted,2,156,160,148,160,189,197,169,181,195,211,238,250,NA,NA,128,146,184,186,160,168,165,165,149,149
H627,2006,unhunted,10,152,164,164,168,189,197,165,173,203,283,242,242,NA,NA,136,142,184,184,156,168,161,173,149,149
H628,2006,unhunted,10,160,160,144,156,181,201,173,177,203,207,238,238,NA,NA,128,134,184,186,160,172,165,169,149,149
H629,2006,unhunted,10,148,160,160,164,189,193,165,173,211,215,242,250,NA,NA,146,162,182,186,160,168,165,169,149,149
H630,2006,unhunted,10,160,164,164,172,189,189,165,165,203,211,234,238,NA,NA,128,146,180,182,156,168,169,169,149,153
H635,2006,unhunted,5,148,160,152,156,193,197,165,169,199,203,242,242,149,149,146,148,184,186,160,164,169,169,149,149
H636,2006,unhunted,5,152,160,156,160,185,189,177,177,199,203,250,250,NA,NA,128,152,184,186,160,172,157,173,149,149
H637,2006,unhunted,5,152,168,160,168,181,185,177,181,199,203,246,250,NA,NA,128,144,182,186,160,160,165,173,149,149
H638,2006,unhunted,10,156,164,152,160,189,189,173,177,203,211,242,254,NA,NA,146,146,184,186,160,168,165,165,149,149
H639,2006,unhunted,10,152,152,152,164,189,189,169,169,203,203,218,230,NA,NA,136,146,186,186,156,164,177,177,149,149
H640,2006,unhunted,10,156,156,164,176,189,189,165,177,199,203,238,238,NA,NA,136,152,186,186,156,160,165,169,153,157
H644,2006,unhunted,5,152,156,156,160,169,193,165,165,203,207,242,246,NA,NA,136,144,182,184,164,180,169,181,149,149
H645,2006,unhunted,4,160,168,168,168,189,189,169,173,199,203,238,250,NA,NA,134,152,184,186,168,172,161,177,149,149
H646,2006,unhunted,4,164,164,152,172,197,201,173,177,207,207,242,246,149,149,128,136,186,192,156,160,161,165,149,149
H647,2006,unhunted,4,164,168,160,164,189,197,165,173,195,203,230,238,NA,NA,146,158,180,186,160,168,165,169,149,149
H649,2006,unhunted,11,160,160,156,164,193,193,173,181,203,211,238,246,NA,NA,142,146,180,186,160,164,161,165,149,157
H650,2006,unhunted,11,156,168,160,172,185,189,165,165,199,203,242,242,NA,NA,136,148,184,186,156,168,157,165,149,149
H651,2006,unhunted,11,156,160,160,172,185,189,169,177,203,207,238,242,NA,NA,134,146,180,186,164,172,165,173,149,149
H652,2006,unhunted,11,156,160,164,172,181,189,169,177,199,207,242,242,NA,NA,146,148,180,184,164,180,161,165,149,149
H654,2006,unhunted,2,152,168,152,164,185,189,169,181,195,199,238,238,NA,NA,146,150,182,186,168,168,177,177,149,153
H655,2006,unhunted,2,152,160,156,164,185,197,165,169,199,199,246,250,NA,NA,138,142,180,182,164,164,161,165,149,149
H656,2006,unhunted,2,152,168,160,164,185,193,169,181,191,199,238,242,NA,NA,128,134,186,186,160,164,173,173,149,149
H657,2006,unhunted,4,160,164,144,168,189,197,165,177,195,215,238,246,NA,NA,140,152,184,186,164,168,165,173,149,149
H658,2006,unhunted,4,160,164,156,164,181,197,165,169,199,203,246,250,149,149,136,142,180,180,156,160,165,169,149,149
H659,2006,unhunted,4,156,160,160,164,185,189,169,181,199,199,234,238,NA,NA,146,152,180,182,168,168,165,169,149,153
H660,2006,unhunted,4,152,156,156,164,185,193,169,177,195,203,238,242,NA,NA,136,144,182,182,160,168,161,169,149,149
H661,2006,unhunted,4,160,160,148,152,189,197,173,181,199,283,234,250,NA,NA,146,146,182,186,164,168,165,169,149,153
H662,2006,unhunted,8,164,168,148,164,189,193,161,169,195,207,230,246,NA,NA,134,146,180,186,164,168,165,169,149,153
H663,2006,unhunted,8,156,160,164,168,185,189,169,177,203,207,238,250,NA,NA,150,154,186,186,160,168,161,165,149,149
H666,2006,unhunted,2,156,160,152,164,169,185,169,173,191,199,242,242,NA,NA,146,150,180,186,156,160,165,165,149,149
H667,2006,unhunted,2,156,160,156,156,185,189,169,185,199,203,230,238,NA,NA,146,152,184,186,164,168,161,173,149,153
H668,2006,unhunted,4,148,164,156,156,181,185,165,177,195,199,234,238,NA,NA,146,152,186,186,164,172,169,169,149,149
H669,2006,unhunted,4,160,164,164,164,185,193,173,177,203,207,230,250,NA,NA,146,150,186,186,156,164,169,169,149,149
H670,2006,unhunted,4,160,160,156,164,181,185,169,177,203,207,238,250,NA,NA,146,148,186,186,164,172,161,177,149,149
H677,2006,unhunted,2,164,168,156,156,181,197,169,181,207,207,238,242,NA,NA,128,140,184,186,156,164,161,165,149,149
H678,2006,unhunted,4,156,164,148,160,185,189,173,177,199,211,250,254,NA,NA,146,146,180,186,160,168,165,169,149,149
H679,2006,unhunted,4,160,164,168,172,189,197,177,181,203,207,246,250,NA,NA,136,150,184,186,164,168,165,165,149,149
H680,2006,unhunted,4,160,160,160,168,189,189,161,177,207,215,234,234,NA,NA,146,154,182,184,168,168,169,169,149,149
H681,2006,unhunted,4,152,152,156,168,189,189,177,181,199,199,238,242,NA,NA,144,152,184,184,156,172,165,169,149,149
H682,2006,unhunted,4,156,164,156,156,189,189,169,169,199,203,238,238,149,149,142,150,184,184,156,168,169,169,149,149
H683,2006,unhunted,4,164,164,164,172,189,193,169,181,191,203,230,242,NA,NA,134,138,182,182,160,168,173,173,149,155
H693,2006,unhunted,2,160,160,164,168,193,193,181,181,203,203,238,250,NA,NA,146,146,180,186,164,164,161,169,149,149
H694,2006,unhunted,2,152,164,152,172,193,197,173,177,191,203,246,250,NA,NA,136,146,186,186,160,164,165,169,149,157
H695,2006,unhunted,8,152,160,156,160,185,189,165,169,203,207,238,238,NA,NA,138,150,180,184,160,160,165,165,149,149
H701,2005,unhunted,2,152,164,152,172,185,197,177,177,203,207,246,250,NA,NA,136,146,184,186,168,168,165,169,149,149
H702,2005,unhunted,2,156,160,156,160,189,193,169,173,195,199,242,242,NA,NA,142,152,180,184,164,168,165,169,149,149
H704,2005,unhunted,10,160,164,156,172,181,185,173,173,207,267,230,238,NA,NA,134,146,180,186,160,160,157,161,149,153
H705,2005,unhunted,10,160,164,152,156,189,189,169,177,203,211,242,246,149,149,136,146,180,192,156,156,157,169,149,149
H706,2005,unhunted,10,160,160,168,168,189,193,177,177,199,207,234,242,NA,NA,138,146,180,184,156,164,165,173,149,149
H708,2005,unhunted,10,160,160,148,160,189,189,169,173,199,207,242,250,NA,NA,146,146,180,182,168,168,165,165,149,153
H711,2006,unhunted,5,164,168,156,164,181,185,169,181,203,207,226,246,NA,NA,140,146,182,186,164,176,165,165,149,153
H712,2006,unhunted,5,160,168,156,160,193,193,165,169,195,203,242,250,NA,NA,134,146,180,180,156,160,173,173,149,149
H718,2006,unhunted,4,152,160,164,168,169,185,165,169,203,207,238,242,NA,NA,128,150,186,186,160,164,177,177,149,149
H719,2006,unhunted,4,156,160,152,168,193,193,173,177,203,203,246,246,NA,NA,136,146,180,186,164,168,177,177,149,149
H720,2006,unhunted,4,152,160,152,160,193,193,177,177,191,207,242,250,149,153,128,154,182,186,160,160,161,169,149,153
H721,2006,unhunted,4,152,168,152,160,193,197,177,181,211,215,234,250,149,149,128,138,186,188,156,164,161,177,149,149
H722,2006,unhunted,4,152,160,160,168,169,185,181,189,199,211,242,246,NA,NA,134,146,182,184,164,168,165,177,149,153
H723,2006,unhunted,4,156,164,156,164,185,189,169,181,207,207,238,242,NA,NA,134,146,186,186,168,168,173,173,149,149
H724,2006,unhunted,4,160,164,152,164,189,189,165,169,199,203,234,242,149,149,144,146,180,186,160,160,165,177,149,149
H725,2006,unhunted,4,156,164,152,164,189,193,169,181,199,203,238,242,149,149,146,162,182,186,156,164,173,177,149,149
H726,2006,unhunted,4,156,160,164,164,181,185,173,181,207,275,238,242,149,149,146,146,186,186,164,168,165,165,149,149
H727,2006,unhunted,4,160,160,152,164,189,189,169,181,203,207,234,246,NA,NA,146,146,184,186,156,164,161,169,149,149
H731,2006,unhunted,2,160,168,148,156,185,189,169,169,203,203,242,242,NA,NA,146,148,182,186,156,164,173,173,149,149
H7351,2005,unhunted,10,152,164,152,156,181,193,169,169,195,203,242,246,NA,NA,136,160,180,180,164,172,165,169,149,153
H7352,2005,unhunted,10,160,164,156,164,189,189,173,185,199,215,242,246,149,149,146,146,184,186,160,176,165,169,149,149
H7353,2005,unhunted,10,152,156,140,168,181,185,165,173,199,203,234,254,NA,NA,136,146,180,186,152,180,169,173,149,149
H7354,2005,unhunted,10,152,160,152,156,181,185,165,181,195,203,234,238,149,149,146,148,180,182,156,172,161,173,149,149
H7359,2005,unhunted,2,152,168,160,164,189,197,165,173,203,207,238,242,149,149,136,138,184,184,160,168,165,165,149,149
H7360,2005,unhunted,5,156,164,156,160,185,193,173,181,191,199,242,246,NA,NA,136,160,180,180,164,172,165,169,149,153
H7361,2005,unhunted,5,152,160,152,160,181,193,169,169,195,199,242,250,NA,NA,146,146,184,186,160,176,165,169,149,149
H7362,2005,unhunted,5,156,172,152,160,189,189,165,173,203,287,238,246,NA,NA,136,146,180,186,152,180,169,173,149,149
H7363,2005,unhunted,5,148,164,168,172,185,189,165,181,195,199,234,234,NA,NA,146,146,186,186,160,164,161,161,149,149
H7364,2005,unhunted,11,164,168,160,168,181,185,165,169,203,211,238,246,NA,NA,128,146,186,186,156,164,161,169,149,149
H7365,2005,unhunted,10,160,164,160,164,189,193,165,177,199,215,238,250,NA,NA,146,152,186,186,156,160,165,177,149,149
H7366,2005,unhunted,11,152,160,156,164,185,189,173,181,195,207,238,246,NA,NA,146,152,186,192,160,164,169,173,149,149
H7367,2005,unhunted,8,156,164,156,172,185,197,169,177,203,207,234,246,NA,NA,134,138,184,192,160,168,165,169,149,149
H7368,2005,unhunted,8,156,160,164,164,189,189,169,177,203,279,242,250,149,149,146,168,184,184,164,172,169,185,149,149
H7369,2005,unhunted,8,152,160,156,156,185,193,169,185,207,211,238,242,NA,NA,134,146,184,186,160,168,169,173,149,149
H7370,2005,unhunted,8,164,164,156,172,189,189,165,173,195,207,246,250,NA,NA,136,142,186,186,160,168,165,165,149,149
H7371,2005,unhunted,8,156,164,168,168,189,197,169,169,199,203,242,246,NA,NA,128,142,184,184,168,172,169,173,149,149
H7378,2005,unhunted,11,156,156,160,172,189,189,181,189,211,211,NA,NA,NA,NA,154,154,186,186,160,172,169,181,149,153
H7379,2005,unhunted,11,164,168,164,164,185,185,169,173,203,203,230,234,149,149,136,146,184,186,152,160,169,169,149,149
H7383,2005,unhunted,10,160,160,152,156,185,197,169,177,195,199,238,250,NA,NA,136,146,180,186,164,164,169,177,149,149
H7384,2005,unhunted,10,160,160,156,164,181,185,173,173,199,279,238,238,NA,NA,138,146,180,192,156,160,165,169,149,149
H7385,2005,unhunted,10,152,156,156,160,185,185,177,177,199,211,234,250,NA,NA,138,146,180,186,156,160,161,177,149,149
H7386,2005,unhunted,10,156,160,152,168,193,193,169,177,203,207,238,242,NA,NA,136,152,180,184,168,172,165,181,149,149
H7387,2005,unhunted,10,164,164,156,160,185,185,177,177,195,199,246,250,NA,NA,146,146,180,184,160,164,169,185,149,149
H7388,2005,unhunted,10,156,160,144,156,189,189,169,169,199,199,238,258,NA,NA,146,150,186,186,160,172,165,181,149,149
H7389,2005,unhunted,2,164,164,168,168,189,189,169,185,199,207,254,258,149,149,134,140,180,182,164,168,161,169,149,149
H739,2006,unhunted,11,160,164,164,164,185,189,165,169,203,207,242,246,NA,NA,142,144,180,186,160,164,165,177,149,149
H7390,2005,unhunted,2,164,164,160,164,185,197,173,173,195,215,234,250,NA,NA,146,146,180,184,156,168,165,177,149,149
H7391,2005,unhunted,2,160,160,156,168,189,189,169,173,203,207,238,250,NA,NA,128,146,184,186,160,164,169,173,149,149
H7392,2005,unhunted,2,160,164,148,152,185,189,165,169,207,207,238,238,NA,NA,134,160,180,186,156,164,165,177,149,155
H7393,2005,unhunted,2,152,164,156,156,185,189,165,173,207,211,242,242,NA,NA,128,146,182,186,156,168,169,177,149,149
H7394,2005,unhunted,5,152,164,172,172,181,189,169,177,199,199,246,250,NA,NA,146,148,184,184,164,164,165,169,149,149
H7395,2005,unhunted,5,152,160,148,152,189,193,173,177,195,199,234,238,149,149,140,146,184,184,164,168,161,173,149,149
H7396,2005,unhunted,5,156,168,156,168,185,189,165,173,199,199,246,250,NA,NA,142,146,180,182,156,164,165,169,149,149
H7398,2005,unhunted,2,160,164,156,164,189,193,173,177,203,203,242,250,NA,NA,134,146,186,186,152,156,169,173,149,149
H7399,2005,unhunted,2,160,164,156,172,181,185,173,173,203,203,230,238,NA,NA,140,152,180,184,160,164,161,173,149,153
H740,2006,unhunted,11,152,164,156,172,185,189,165,177,195,279,238,242,NA,NA,148,152,182,186,160,160,165,169,149,149
H7400,2005,unhunted,2,152,168,152,164,185,197,181,181,199,199,242,250,NA,NA,128,150,186,186,160,164,177,177,149,149
H741,2006,unhunted,11,160,164,164,164,185,185,165,169,199,207,246,246,149,149,128,142,180,182,164,168,165,165,149,149
H742,2006,unhunted,5,160,168,164,176,189,193,177,177,199,203,238,250,149,149,128,128,180,182,160,172,161,165,149,149
H743,2006,unhunted,5,168,168,148,168,189,189,165,181,203,203,242,258,NA,NA,144,146,180,182,160,160,173,173,149,149
H744,2006,unhunted,5,160,168,164,168,189,193,169,169,195,199,242,258,NA,NA,146,146,186,186,156,156,165,169,149,149
H745,2006,unhunted,2,156,180,160,168,181,201,173,177,203,211,234,234,NA,NA,134,146,182,186,160,168,165,169,149,155
H746,2006,unhunted,2,156,164,156,160,181,185,173,185,199,203,230,238,NA,NA,140,152,184,186,164,168,161,173,149,153
H747,2006,unhunted,2,156,164,164,168,189,189,165,173,191,199,234,242,149,149,128,142,180,186,156,156,169,173,149,149
H748,2006,unhunted,2,156,164,160,164,185,189,165,177,199,199,230,250,NA,NA,146,148,186,186,164,168,165,169,149,149
H7484,2005,unhunted,2,152,160,160,164,189,193,169,181,191,203,234,242,149,149,128,138,186,186,160,160,157,173,149,149
H7485,2005,unhunted,2,156,160,148,168,189,197,173,181,199,203,250,254,149,153,134,150,182,184,160,168,169,169,149,153
H749,2006,unhunted,2,156,168,156,160,189,197,181,185,195,199,250,250,NA,NA,144,152,184,186,164,168,165,169,149,153
H906,2006,unhunted,10,152,160,160,164,193,193,173,181,199,219,238,242,NA,NA,134,144,184,186,160,168,161,169,149,149
H907,2006,unhunted,10,156,156,152,160,181,185,169,181,195,203,246,254,NA,NA,142,146,184,186,152,164,165,165,149,149
H908,2006,unhunted,10,152,156,156,160,185,189,169,177,203,203,234,242,NA,NA,138,146,184,186,164,168,169,173,149,153
H909,2006,unhunted,10,152,160,156,160,185,185,165,181,195,203,234,238,149,149,134,148,180,186,164,172,161,173,149,149
H910,2006,unhunted,4,152,160,156,168,189,189,169,177,199,203,234,242,NA,NA,142,146,186,186,156,164,161,169,149,149
H911,2006,unhunted,4,156,160,152,168,189,189,165,169,199,207,230,238,NA,NA,136,150,186,194,160,164,165,173,149,149
H912,2006,unhunted,4,156,164,164,164,185,189,169,181,203,207,230,238,NA,NA,146,154,182,184,160,164,165,169,149,149
H913,2006,unhunted,4,160,164,148,160,185,189,165,165,199,203,242,246,NA,NA,136,146,180,180,156,156,165,173,149,149
H914,2006,unhunted,4,156,160,156,168,185,185,169,177,195,207,250,250,NA,NA,146,152,180,180,156,168,165,177,149,149
H915,2006,unhunted,4,156,164,152,160,185,189,169,181,195,199,238,250,NA,NA,142,146,184,186,152,168,165,169,149,149
H916,2006,unhunted,4,156,164,168,172,181,189,169,177,199,211,242,250,NA,NA,142,146,182,186,156,168,161,185,149,149
H926,2006,unhunted,11,152,160,152,172,189,197,165,177,203,203,234,242,NA,NA,146,148,182,186,160,164,157,169,149,149
H927,2006,unhunted,11,156,164,156,156,181,189,165,169,207,207,250,250,149,149,150,152,180,192,156,160,165,165,149,149
H928,2006,unhunted,11,164,164,164,172,185,189,169,181,203,211,238,246,149,149,128,136,182,184,156,168,165,169,149,149
H930,2006,unhunted,2,156,164,156,172,185,189,169,173,199,203,250,254,NA,NA,128,142,186,186,160,160,157,165,149,157
H931,2006,unhunted,2,152,160,168,168,185,193,169,177,195,203,242,246,NA,NA,134,138,184,194,168,172,165,165,149,149
H932,2006,unhunted,2,160,164,156,160,181,189,169,177,203,207,234,242,NA,NA,140,146,180,194,160,168,165,165,149,149
H9552,2006,unhunted,10,160,164,160,160,189,193,169,181,195,279,234,246,NA,NA,134,146,180,184,156,172,165,181,149,149
H9553,2006,unhunted,10,NA,NA,NA,NA,169,189,169,169,199,203,242,258,NA,NA,128,138,180,186,156,164,165,169,149,149
H9555,2005,unhunted,10,156,164,156,168,181,197,165,177,203,211,238,238,149,149,128,146,180,186,156,168,165,169,149,149
H9560,2005,unhunted,11,152,164,156,160,189,197,165,177,199,275,238,250,149,149,138,154,180,186,156,156,165,165,149,149
H957,2006,unhunted,5,148,164,156,156,181,197,169,177,199,283,226,238,NA,NA,142,146,184,186,168,168,165,177,149,149
H9572,2006,unhunted,4,156,160,152,152,193,193,169,173,207,215,242,242,149,153,128,138,180,186,164,164,169,169,149,153
H9575,2006,unhunted,10,160,164,NA,NA,185,189,161,181,199,199,234,238,NA,NA,NA,NA,180,184,164,168,165,165,149,149
H958,2006,unhunted,5,152,164,156,168,189,197,165,165,195,203,238,242,149,149,128,142,180,186,156,164,157,173,149,149
H959,2006,unhunted,5,152,160,164,168,185,193,169,177,195,199,238,242,NA,NA,134,146,182,184,168,172,165,169,149,149
H960,2006,unhunted,5,160,168,156,168,185,193,165,169,199,207,238,258,149,149,142,146,186,186,160,168,157,169,149,149
H9703,2005,unhunted,10,152,164,152,156,169,185,169,169,199,199,234,250,149,149,128,146,180,192,156,160,173,177,149,149
H9707,2005,unhunted,10,152,156,156,168,189,197,165,169,199,203,242,242,149,149,150,152,180,182,160,160,165,173,149,149
HSAA4,2005,unhunted,10,156,164,156,168,185,189,173,173,207,275,234,234,149,149,128,146,184,186,156,160,161,169,NA,NA
