id,year,hunt,pop,BG16a,BG16b,BG18a,BG18b,BG15a,BG15b,BG19a,BG19b,BG6a,BG6b,TTT1a,TTT1b,TTD2a,TTD2b,TTD3a,TTD3b,TUD6a,TUD6b,TUT3a,TUT3b,TUT4a,TUT4b,TTT2a,TTT2b
D009,2006,unhunted,4,156,164,152,156,185,189,165,177,283,283,238,242,149,149,128,152,180,182,172,176,165,169,NA,NA
D023,2005,unhunted,2,156,168,156,160,185,189,173,185,199,207,230,250,149,153,152,152,186,194,168,168,161,169,NA,NA
D038,2006,unhunted,11,156,168,144,164,181,189,169,169,203,203,242,242,149,149,138,154,186,186,160,168,169,181,NA,NA
D057,2005,unhunted,4,164,164,152,164,189,189,169,177,203,207,242,250,149,153,128,146,180,192,156,156,157,161,NA,NA
D063,2006,unhunted,11,160,164,152,152,189,197,177,177,203,203,242,242,149,149,142,146,180,184,156,168,157,161,NA,NA
D093,2006,unhunted,5,152,160,152,160,185,189,165,173,203,207,242,242,149,149,146,152,180,186,160,172,173,177,NA,NA
D109,2006,unhunted,4,152,160,152,156,181,185,165,181,191,203,238,242,149,149,146,158,180,186,168,172,169,181,NA,NA
D130,2005,unhunted,2,152,156,152,156,185,185,177,177,199,203,238,246,149,153,150,150,180,182,156,168,161,177,149,153
D131,2005,unhunted,2,156,164,156,168,185,189,169,177,199,203,234,238,149,149,146,164,180,186,156,160,165,181,149,149
D132,2005,unhunted,8,160,160,152,156,185,197,165,165,199,207,234,238,149,153,146,146,184,186,156,172,169,169,149,153
D133,2005,unhunted,8,160,164,152,156,189,189,169,177,199,207,242,254,149,155,130,146,180,184,164,168,173,185,149,155
D142,2005,unhunted,10,152,156,156,164,185,193,169,177,199,203,242,246,149,149,148,150,180,186,168,168,173,173,149,149
D143,2005,unhunted,10,152,164,156,172,185,189,165,185,195,203,242,242,149,155,146,150,182,184,168,172,161,165,149,155
D144,2005,unhunted,10,160,160,156,164,185,185,165,185,199,199,238,254,149,149,146,148,186,186,164,168,169,173,149,149
D145,2005,unhunted,10,156,160,144,152,185,189,169,177,207,283,242,242,149,149,146,146,180,186,156,164,161,169,149,149
D146,2005,unhunted,10,156,168,152,156,185,197,181,185,203,211,242,250,149,149,128,138,186,186,156,160,161,181,149,149
D147,2005,unhunted,10,152,160,164,184,185,197,169,181,203,211,242,246,149,149,138,150,186,186,156,164,173,181,149,149
D148,2005,unhunted,10,152,160,164,168,185,193,169,177,199,203,242,246,149,151,134,146,186,186,156,164,169,169,149,151
D149,2005,unhunted,10,160,160,148,152,185,185,169,181,199,207,238,250,149,149,130,146,180,182,164,168,165,169,149,149
D151,2005,unhunted,10,152,164,152,168,185,189,169,177,191,195,234,258,149,151,142,146,182,184,156,164,169,177,149,151
D152,2005,unhunted,10,156,156,152,160,189,193,161,173,203,203,242,246,149,155,136,146,186,186,164,164,169,173,149,155
D153,2005,unhunted,10,156,164,156,164,181,189,165,177,199,203,242,242,149,149,150,152,180,180,160,160,169,169,149,149
D154,2005,unhunted,5,156,164,152,156,169,193,177,181,207,215,234,242,149,149,146,148,186,186,160,160,165,169,149,149
D155,2005,unhunted,11,156,160,156,172,185,189,169,177,195,203,238,246,149,149,142,154,186,186,160,172,173,173,149,149
D156,2005,unhunted,10,152,164,164,164,181,185,169,181,199,203,230,242,149,149,140,146,184,186,164,168,169,177,149,149
D157,2005,unhunted,10,152,152,160,168,181,189,165,173,203,211,242,250,149,149,128,152,182,184,168,168,161,169,149,149
D158,2005,unhunted,10,152,152,152,156,185,193,173,177,211,215,234,238,149,149,136,146,180,180,156,164,169,177,149,149
D159,2005,unhunted,10,160,164,160,172,189,189,169,173,199,203,234,250,149,155,128,146,184,186,156,160,161,165,149,155
D160,2005,unhunted,10,152,160,144,168,185,189,165,173,195,207,250,258,149,149,146,154,180,180,160,164,173,177,149,149
D161,2005,unhunted,10,156,160,152,160,185,189,173,185,199,203,238,246,149,149,134,146,186,186,160,164,161,165,149,149
D162,2005,unhunted,10,152,164,164,164,185,193,169,169,199,207,230,242,149,149,134,146,180,186,164,168,161,169,149,149
D163,2005,unhunted,2,160,164,156,164,185,189,173,181,199,275,238,250,149,153,152,154,184,186,156,176,169,173,149,153
D164,2005,unhunted,2,148,156,152,152,185,189,173,185,199,199,242,250,155,157,144,150,182,186,164,168,161,165,155,157
D165,2005,unhunted,2,156,160,156,156,181,189,173,173,199,207,230,250,149,153,146,152,186,194,168,168,169,173,149,153
D166,2005,unhunted,2,156,156,156,164,181,197,169,181,203,211,242,250,149,149,136,150,182,186,156,164,161,177,149,149
D167,2005,unhunted,2,156,168,164,168,189,193,173,173,203,211,242,246,149,155,142,148,182,182,164,168,169,173,149,155
D168,2005,unhunted,5,156,164,156,172,185,197,181,181,207,207,238,246,149,149,142,146,182,186,160,168,165,169,149,149
D169,2005,unhunted,10,156,164,168,176,185,189,177,177,195,199,238,258,149,153,136,142,186,186,156,160,165,169,149,153
D170,2005,unhunted,10,152,156,160,164,189,197,169,177,199,203,234,242,149,153,134,146,184,186,168,172,169,173,149,153
D171,2005,unhunted,10,152,160,156,164,197,197,173,185,199,203,234,242,149,149,128,134,186,186,160,164,161,169,149,149
D172,2005,unhunted,10,152,164,152,164,185,185,173,177,203,279,242,242,149,149,138,146,186,186,156,164,169,169,149,149
D173,2005,unhunted,10,164,164,148,164,169,193,173,177,199,207,238,258,149,155,128,138,180,186,156,164,165,169,149,155
D175,2005,unhunted,11,160,160,152,156,193,197,165,165,199,203,234,238,149,149,128,136,180,182,156,156,169,173,149,149
D176,2005,unhunted,11,152,160,152,168,185,189,169,181,203,211,242,246,149,149,130,146,180,182,156,168,169,177,149,149
D181,2005,unhunted,10,152,160,160,168,197,197,169,169,199,203,242,246,149,149,134,146,186,186,156,164,165,169,149,149
D182,2005,unhunted,10,160,160,148,152,185,193,169,181,199,275,238,242,149,149,146,146,182,186,164,164,165,169,149,149
D183,2005,unhunted,10,160,160,160,168,189,193,165,165,199,203,234,238,149,149,146,152,180,180,160,168,161,177,149,149
D184,2005,unhunted,10,156,164,156,168,181,189,181,185,203,203,238,254,149,153,128,152,186,186,168,180,169,169,149,153
D185,2005,unhunted,10,156,160,160,168,185,197,177,185,199,203,238,246,149,149,134,146,186,186,156,164,169,169,149,149
D186,2005,unhunted,10,156,160,152,160,185,193,173,177,199,215,242,250,149,153,138,146,180,188,156,164,169,177,149,153
D189,2005,unhunted,5,152,164,160,164,189,193,165,173,203,207,238,258,149,149,128,148,180,180,160,160,173,177,149,149
D190,2005,unhunted,5,152,160,152,168,189,193,169,173,199,203,238,242,149,149,128,134,180,186,160,160,165,165,149,149
D192,2005,unhunted,2,156,156,160,164,193,193,173,173,195,203,230,242,149,155,146,148,182,182,164,168,157,169,149,155
D193,2005,unhunted,2,152,156,152,152,189,193,169,177,203,211,238,242,149,149,128,168,184,184,160,164,165,173,149,149
D194,2005,unhunted,10,156,168,152,156,185,193,165,177,195,199,242,246,149,149,142,150,184,186,164,168,169,185,149,149
D195,2005,unhunted,10,156,160,164,164,181,181,169,173,195,199,234,250,149,149,144,146,182,186,160,168,157,169,149,149
D196,2005,unhunted,10,160,164,160,164,181,189,169,177,199,203,238,250,149,149,146,148,182,192,156,164,165,169,149,149
D197,2005,unhunted,10,152,160,156,172,185,193,169,173,199,199,234,238,149,153,146,146,180,182,160,168,161,165,149,153
D198,2005,unhunted,10,156,160,156,160,185,193,177,185,191,203,238,250,149,149,136,152,186,186,160,164,161,165,149,149
D200,2006,unhunted,8,156,164,156,164,189,189,165,173,203,215,238,242,149,149,136,162,182,186,156,164,169,177,149,149
D205,2006,unhunted,11,160,168,156,160,189,197,165,165,195,199,234,238,NA,NA,138,148,180,184,156,168,165,173,149,149
D206,2006,unhunted,2,156,160,152,168,193,193,181,185,203,207,246,246,NA,NA,128,128,180,186,152,164,165,169,149,149
D207,2006,unhunted,2,156,160,148,156,185,189,173,173,203,215,242,246,NA,NA,144,150,182,184,160,168,169,173,149,149
D208,2006,unhunted,2,160,160,156,160,189,197,169,169,199,203,238,238,NA,NA,142,148,180,180,160,168,157,169,149,149
D209,2006,unhunted,2,156,168,156,164,189,193,173,181,195,291,230,246,NA,NA,134,146,182,186,152,168,157,169,149,149
D210,2006,unhunted,2,160,164,156,160,185,185,173,173,195,207,242,250,149,149,146,148,180,184,156,168,165,177,149,149
D229599,2007,unhunted,2,156,156,164,168,181,189,169,177,203,279,250,250,NA,NA,146,152,184,186,164,168,169,173,149,149
D229600,2007,unhunted,2,160,168,156,156,185,189,173,177,195,203,238,246,NA,NA,128,136,182,182,164,164,161,177,153,155
D237220,2007,unhunted,5,160,164,148,160,189,189,165,165,195,283,238,238,NA,NA,146,146,184,186,160,164,173,177,149,149
D237221,2007,unhunted,5,160,160,160,168,189,193,169,177,199,203,238,242,NA,NA,146,146,182,186,156,160,165,169,149,149
D237222,2007,unhunted,4,164,168,160,164,189,189,165,177,195,207,234,242,NA,NA,128,148,180,184,156,168,161,185,149,153
D237223,2007,unhunted,4,152,164,152,156,185,185,173,181,195,207,238,242,NA,NA,138,144,184,184,160,164,173,185,149,149
D237224,2007,unhunted,4,156,160,148,164,189,189,169,173,203,203,238,250,NA,NA,134,146,186,186,164,168,165,169,149,149
D237225,2007,unhunted,4,160,164,152,160,185,189,173,177,199,283,234,242,NA,NA,146,152,182,186,176,180,165,173,149,149
D237226,2007,unhunted,10,160,160,144,168,185,189,181,185,195,199,254,258,NA,NA,146,150,186,186,164,164,169,181,149,149
D237227,2007,unhunted,2,152,168,168,172,189,193,165,169,195,199,238,250,NA,NA,136,152,186,186,156,172,157,169,149,149
D237228,2007,unhunted,2,152,152,168,172,189,189,165,173,195,199,238,242,NA,NA,136,148,184,186,160,164,149,169,149,157
D237229,2007,unhunted,11,164,172,152,156,181,189,169,173,203,203,230,238,NA,NA,136,146,180,184,164,168,165,169,149,149
D237230,2007,unhunted,11,144,164,156,168,185,185,169,181,199,203,246,246,NA,NA,128,138,184,186,152,160,165,177,149,149
D237231,2007,unhunted,11,160,164,164,164,189,197,169,177,203,207,238,246,NA,NA,150,150,180,180,156,164,161,165,149,149
D237232,2007,unhunted,10,156,160,156,156,189,189,169,181,195,203,238,258,NA,NA,136,148,180,186,156,160,165,169,149,149
D237233,2007,unhunted,10,152,156,152,156,189,189,173,173,207,207,242,242,NA,NA,146,160,180,186,164,168,165,169,149,149
D237234,2007,unhunted,10,152,160,156,164,185,189,165,169,199,203,242,250,NA,NA,128,146,186,186,164,164,173,177,149,149
D237258,2007,unhunted,2,156,160,156,156,189,189,173,177,195,207,246,250,NA,NA,146,160,186,186,168,168,169,173,149,149
D237259,2007,unhunted,9,156,164,156,156,193,197,169,177,207,295,234,246,NA,NA,140,146,186,194,160,160,165,181,149,149
D237260,2007,unhunted,9,152,164,148,172,189,197,169,173,207,211,242,250,NA,NA,142,158,180,186,164,168,173,177,149,149
D237262,2007,unhunted,9,168,168,148,164,181,189,165,169,199,199,254,254,NA,NA,136,154,180,186,168,168,161,185,149,153
D237263,2007,unhunted,9,156,168,152,156,189,189,165,173,207,207,238,254,NA,NA,136,146,182,186,156,164,169,169,149,149
D237264,2007,unhunted,9,152,168,156,172,189,197,169,173,199,203,238,254,NA,NA,138,146,182,184,156,172,165,173,149,149
D237265,2007,unhunted,9,152,156,144,172,185,193,165,169,199,287,234,238,NA,NA,146,152,180,182,164,168,161,169,149,149
D237266,2007,unhunted,9,160,164,156,160,181,189,169,181,207,207,246,250,NA,NA,146,148,182,186,168,168,165,169,155,157
D237267,2007,unhunted,9,152,160,148,164,193,193,177,181,199,219,226,246,NA,NA,136,152,180,182,168,168,173,177,149,149
D237268,2007,unhunted,9,156,160,156,160,197,197,165,177,199,207,238,238,NA,NA,136,142,180,186,168,168,161,169,149,149
D237269,2007,unhunted,11,156,164,160,160,189,197,169,173,199,203,238,250,NA,NA,136,146,186,192,160,164,161,165,149,149
D237270,2007,unhunted,11,156,164,160,168,189,189,173,173,195,199,238,254,NA,NA,150,158,186,186,160,168,169,169,149,149
D237271,2007,unhunted,11,152,164,164,164,189,189,177,181,199,199,238,242,NA,NA,134,NA,182,186,156,168,173,173,149,149
D237272,2007,unhunted,11,164,164,152,156,189,193,169,169,207,207,246,246,NA,NA,142,146,184,184,172,180,161,177,149,157
D237273,2007,unhunted,11,152,168,164,164,189,189,165,165,203,215,242,246,NA,NA,142,146,180,182,164,164,161,177,149,149
D237274,2007,unhunted,5,148,156,156,164,185,185,169,173,199,203,242,246,NA,NA,146,150,184,184,176,176,165,169,149,149
D237275,2007,unhunted,5,152,160,156,160,189,189,165,169,203,215,234,246,NA,NA,142,146,182,184,156,168,165,181,149,155
D237276,2007,unhunted,5,152,160,160,164,185,189,173,181,199,203,238,242,NA,NA,128,138,180,180,160,168,165,177,149,149
D237277,2007,unhunted,5,160,160,168,168,185,193,169,173,199,203,242,242,NA,NA,146,146,186,186,160,168,165,177,149,149
D237278,2007,unhunted,5,152,160,164,172,181,193,165,165,207,211,250,254,NA,NA,128,134,180,186,156,156,165,169,149,155
D237279,2007,unhunted,5,156,164,156,156,185,185,177,177,195,295,226,242,NA,NA,146,152,186,186,160,164,169,169,149,157
D237280,2007,unhunted,5,148,168,164,168,181,193,181,181,199,283,250,250,NA,NA,128,146,180,186,168,168,165,165,149,149
D237281,2007,unhunted,5,160,164,152,164,189,193,173,173,207,207,250,258,NA,NA,142,148,184,186,152,164,169,181,149,149
D237289,2007,unhunted,9,152,160,156,172,185,197,173,173,199,199,238,242,NA,NA,146,148,180,182,160,164,161,169,149,149
D237290,2007,unhunted,9,156,164,144,156,189,189,173,173,199,207,234,234,NA,NA,142,146,180,182,164,168,165,169,149,149
D237291,2007,unhunted,9,160,160,152,152,185,193,169,169,215,287,242,246,NA,NA,148,158,184,186,156,176,165,169,149,155
D237292,2007,unhunted,9,144,152,156,172,189,197,173,173,211,287,238,246,NA,NA,138,152,182,186,164,164,161,173,149,149
D237293,2007,unhunted,9,148,152,160,164,189,193,169,181,199,199,234,234,NA,NA,146,152,182,184,168,168,165,177,149,149
D237294,2007,unhunted,9,148,156,152,164,189,193,165,173,211,287,242,242,NA,NA,128,158,180,180,156,168,169,177,149,149
D237295,2007,unhunted,9,156,164,156,156,189,189,165,177,199,199,238,238,NA,NA,134,152,180,186,160,164,169,173,149,149
D237296,2007,unhunted,9,156,164,156,156,185,193,161,177,199,211,242,254,NA,NA,138,142,184,184,160,164,165,177,149,149
D237297,2007,unhunted,9,152,160,156,164,189,197,165,169,203,279,238,242,NA,NA,134,146,182,184,160,160,165,169,149,149
D237298,2007,unhunted,9,160,164,152,156,189,189,165,173,199,207,238,238,NA,NA,140,146,186,186,156,168,177,177,149,149
D237299,2007,unhunted,4,152,152,156,168,185,189,169,177,207,211,234,250,NA,NA,136,146,186,188,156,164,177,177,149,151
D237300,2007,unhunted,4,156,156,144,152,185,193,161,181,203,207,242,250,NA,NA,146,148,180,186,156,164,165,169,149,149
D237301,2007,unhunted,11,160,168,164,164,181,189,169,169,203,207,242,246,NA,NA,138,146,184,186,156,160,161,169,149,149
D237302,2007,unhunted,11,160,164,152,156,181,189,177,177,203,207,242,242,NA,NA,128,146,186,186,160,160,157,169,149,153
D237303,2007,unhunted,11,152,164,160,160,185,189,169,173,203,211,246,246,NA,NA,138,158,180,186,152,168,169,169,149,149
D237304,2007,unhunted,11,152,168,164,168,185,189,165,173,199,283,234,242,NA,NA,140,150,180,184,156,168,169,177,149,149
D237305,2007,unhunted,11,152,172,152,164,189,189,165,181,195,207,238,238,NA,NA,146,158,180,180,164,168,165,165,149,149
D237306,2007,unhunted,4,152,152,164,164,193,197,173,173,195,207,238,242,NA,NA,138,152,184,184,160,160,165,169,149,149
D237307,2007,unhunted,4,160,160,160,168,189,193,165,177,203,207,234,246,NA,NA,128,146,180,184,168,172,165,177,149,149
D237308,2007,unhunted,4,160,164,152,164,185,189,169,181,195,195,246,250,NA,NA,128,146,186,186,164,168,161,173,149,155
D237309,2007,unhunted,4,156,164,152,156,185,189,169,193,199,215,242,250,NA,NA,128,152,180,186,168,176,169,169,149,149
D237310,2007,unhunted,2,152,152,156,156,185,189,165,169,195,211,234,246,NA,NA,136,146,182,186,156,156,169,177,149,157
D237311,2007,unhunted,2,152,156,156,168,189,189,165,173,199,203,238,242,NA,NA,136,138,184,186,160,164,169,173,155,157
D237312,2007,unhunted,2,152,152,156,156,185,189,165,169,199,211,234,238,NA,NA,128,138,184,186,160,168,169,173,149,149
D237313,2007,unhunted,2,148,160,152,168,189,193,177,181,199,207,234,250,NA,NA,142,146,186,186,156,176,161,169,149,149
D237314,2007,unhunted,11,152,164,152,168,189,197,169,181,203,203,238,250,NA,NA,134,154,184,184,156,164,169,169,149,149
D237315,2007,unhunted,11,156,164,156,156,181,189,173,177,199,199,234,238,NA,NA,146,158,180,186,164,164,161,173,149,149
D237316,2007,unhunted,11,164,168,164,164,189,193,173,181,199,203,242,250,NA,NA,128,140,186,186,176,176,165,177,149,149
D237317,2007,unhunted,4,152,156,160,168,189,205,169,177,199,207,242,250,NA,NA,128,152,180,184,168,176,161,165,149,149
D237318,2007,unhunted,4,160,164,144,160,189,193,161,173,203,207,246,258,NA,NA,136,148,180,184,156,164,165,169,149,149
D237319,2007,unhunted,4,148,156,152,168,189,193,173,181,203,207,238,246,NA,NA,128,136,184,186,156,156,173,177,149,149
D237320,2007,unhunted,4,156,160,152,156,185,189,173,173,199,207,238,238,NA,NA,138,146,182,184,160,164,169,173,149,149
D237321,2007,unhunted,4,156,156,144,168,185,189,173,177,199,203,242,250,NA,NA,142,146,182,186,164,172,169,173,149,149
D237322,2007,unhunted,2,152,164,156,160,189,189,169,181,203,223,238,242,NA,NA,146,146,180,186,156,160,169,173,149,149
D237323,2007,unhunted,2,152,156,156,168,189,189,165,165,195,207,238,242,NA,NA,136,146,180,186,156,156,169,173,149,157
D237324,2007,unhunted,2,160,164,152,160,181,185,169,173,187,207,242,246,NA,NA,136,150,182,186,156,164,157,165,149,153
D237325,2007,unhunted,2,152,156,152,156,185,189,169,181,195,195,238,246,NA,NA,128,138,182,186,156,156,169,173,149,149
D237326,2007,unhunted,2,152,156,156,168,185,189,169,177,195,195,230,238,NA,NA,138,150,184,184,160,160,165,169,149,157
D237327,2007,unhunted,2,164,164,156,160,185,189,165,173,207,215,230,250,NA,NA,146,156,180,184,156,164,157,177,149,149
D237328,2007,unhunted,11,156,164,156,156,185,185,165,177,199,203,246,250,NA,NA,138,152,180,184,160,160,161,173,149,149
D237329,2007,unhunted,11,156,160,160,172,189,193,169,177,199,199,238,250,NA,NA,142,144,180,186,168,168,165,173,149,157
D237330,2007,unhunted,11,152,164,152,164,189,189,165,169,195,207,242,242,NA,NA,146,148,186,186,160,164,169,173,149,149
D237331,2007,unhunted,11,160,168,148,168,185,197,169,181,203,215,238,242,NA,NA,134,146,186,186,168,172,157,173,149,149
D237332,2007,unhunted,11,156,160,160,164,181,189,169,177,199,203,238,242,NA,NA,128,148,180,184,164,180,173,177,149,149
D237333,2007,unhunted,11,152,160,168,172,185,193,169,169,203,203,238,242,NA,NA,134,146,184,186,168,168,157,173,149,149
D237334,2007,unhunted,11,160,168,160,164,181,185,173,177,203,203,234,246,NA,NA,128,146,184,186,164,172,165,177,149,149
D237335,2007,unhunted,11,160,168,152,164,185,189,165,169,195,199,238,242,NA,NA,138,146,182,184,164,176,169,177,149,149
D237336,2007,unhunted,11,156,160,160,168,185,189,165,177,203,287,234,238,NA,NA,134,146,184,186,156,164,157,177,149,149
D237337,2007,unhunted,2,152,156,168,168,189,189,165,169,191,199,234,238,NA,NA,128,138,184,186,156,160,169,169,149,157
D237338,2007,unhunted,2,152,156,152,168,185,189,165,169,199,199,238,242,NA,NA,138,152,180,186,152,156,157,169,149,149
D237339,2007,unhunted,2,156,164,152,164,185,189,169,177,199,203,230,242,NA,NA,128,144,180,192,164,176,165,181,149,149
D237340,2007,unhunted,2,152,156,156,168,189,189,165,165,195,203,238,242,NA,NA,138,146,184,186,160,164,169,173,149,155
D237341,2007,unhunted,9,160,164,152,156,185,185,161,169,199,199,254,254,NA,NA,140,146,182,184,160,164,161,173,149,149
D237342,2007,unhunted,9,152,168,164,164,189,197,165,169,199,207,242,254,NA,NA,136,146,180,186,160,168,181,185,149,149
D237343,2007,unhunted,9,156,164,160,164,189,189,173,173,195,207,230,242,NA,NA,142,158,186,186,160,168,173,181,149,149
D237344,2007,unhunted,9,152,164,156,168,189,189,165,185,199,215,238,246,NA,NA,134,148,182,186,168,172,157,165,149,149
D237345,2007,unhunted,9,156,164,156,164,189,189,173,177,199,203,238,242,NA,NA,136,138,182,186,164,164,169,185,149,153
D237346,2007,unhunted,9,152,160,156,160,185,197,161,169,195,203,254,254,NA,NA,128,142,180,186,160,168,161,165,149,155
D237347,2007,unhunted,9,152,160,152,168,189,193,165,177,199,207,250,254,NA,NA,134,146,186,192,156,168,173,173,149,149
D237348,2007,unhunted,9,156,164,156,168,189,189,165,177,199,199,238,246,NA,NA,146,148,182,186,168,168,165,169,149,149
D237349,2007,unhunted,9,144,164,152,168,185,185,169,173,199,203,242,246,NA,NA,140,146,182,186,164,172,165,169,149,157
D237350,2007,unhunted,11,152,164,164,164,189,197,165,169,195,203,242,250,NA,NA,128,144,184,186,168,168,165,165,149,149
D237351,2007,unhunted,5,152,160,152,160,185,189,181,181,199,199,234,250,NA,NA,146,146,180,186,160,160,161,169,149,157
D237352,2007,unhunted,5,160,160,156,164,189,189,165,177,199,199,242,246,NA,NA,128,140,180,186,160,168,165,165,149,153
D237353,2007,unhunted,5,152,160,160,168,189,193,169,181,195,199,242,242,NA,NA,134,142,186,186,160,164,165,165,149,149
D237354,2007,unhunted,10,156,160,144,152,189,189,169,169,199,207,242,258,NA,NA,142,146,184,184,164,164,165,169,149,149
D237355,2007,unhunted,10,160,160,144,156,185,185,165,177,207,207,238,258,NA,NA,146,154,180,186,160,164,165,173,149,149
D237356,2007,unhunted,10,160,160,160,160,193,193,177,185,199,199,238,250,NA,NA,128,152,180,186,160,160,161,161,149,149
D237357,2007,unhunted,10,152,164,172,176,189,189,165,173,199,203,234,246,NA,NA,128,146,182,186,160,164,165,169,149,149
D237358,2007,unhunted,10,160,168,172,176,181,185,169,173,199,203,230,246,NA,NA,148,152,180,194,168,168,161,165,149,153
D237359,2007,unhunted,5,160,160,148,160,189,193,165,165,203,283,238,238,NA,NA,146,146,184,186,164,164,165,177,149,149
D237361,2007,unhunted,5,160,168,168,168,181,193,165,177,195,199,242,250,NA,NA,144,146,182,186,160,160,173,177,149,149
D237362,2007,unhunted,5,156,160,152,156,189,193,169,181,199,207,234,246,NA,NA,134,146,186,186,160,172,161,165,149,149
D237363,2007,unhunted,5,156,160,152,168,193,217,169,177,199,211,234,246,NA,NA,136,142,184,186,152,160,165,165,149,149
D237364,2007,unhunted,5,156,164,156,172,185,189,173,177,203,215,234,238,NA,NA,128,128,186,186,156,160,169,169,149,149
D237369,2007,unhunted,10,152,164,152,156,185,185,173,177,211,275,234,238,NA,NA,128,138,184,188,160,164,169,169,149,149
D237370,2007,unhunted,10,152,156,156,168,185,189,177,185,199,203,242,250,NA,NA,144,148,182,186,160,160,161,165,149,149
D237371,2007,unhunted,10,156,156,160,160,181,189,177,181,199,203,234,254,NA,NA,134,142,184,186,152,172,169,173,149,149
D237372,2007,unhunted,10,156,156,168,172,185,189,165,193,203,203,250,250,NA,NA,144,146,184,186,152,168,165,185,149,149
D237373,2007,unhunted,10,152,152,160,164,185,193,161,173,203,215,234,234,NA,NA,134,136,180,184,156,156,169,169,149,149
D237374,2007,unhunted,10,152,160,144,152,189,193,165,177,203,207,242,258,NA,NA,134,146,180,186,164,164,165,177,149,149
D237375,2007,unhunted,10,152,160,156,160,185,189,173,177,199,203,230,246,NA,NA,136,146,180,186,152,160,165,173,149,149
D237376,2007,unhunted,5,152,152,156,156,193,197,165,165,203,203,242,242,NA,NA,144,148,180,184,164,164,169,169,149,149
D237377,2007,unhunted,5,160,160,160,168,189,189,181,181,203,203,242,250,NA,NA,140,146,180,194,172,172,169,173,149,157
D237378,2007,unhunted,5,152,160,152,160,185,197,165,173,203,203,242,242,NA,NA,146,148,184,186,156,172,157,173,149,149
D237379,2007,unhunted,5,152,160,164,172,189,197,165,177,195,211,238,246,NA,NA,134,134,184,186,156,164,173,177,149,149
D237380,2007,unhunted,5,148,148,152,164,185,193,165,165,195,203,242,250,NA,NA,128,168,180,186,164,168,161,177,149,157
D237381,2007,unhunted,5,152,160,152,164,189,193,169,169,195,199,238,250,NA,NA,128,136,182,186,168,176,165,169,149,153
D237383,2007,unhunted,11,156,156,148,156,189,189,165,181,203,211,238,242,NA,NA,146,146,180,184,168,168,165,173,149,149
D237384,2007,unhunted,11,148,156,160,168,181,185,169,177,199,203,238,250,NA,NA,136,142,184,186,164,168,165,169,149,149
D237385,2007,unhunted,11,160,164,148,152,185,189,165,169,203,203,238,242,NA,NA,138,142,180,186,160,168,165,169,149,149
D237386,2007,unhunted,11,152,156,156,160,185,189,165,169,195,203,234,250,NA,NA,150,150,184,192,156,172,165,169,149,149
D237387,2007,unhunted,11,156,164,152,164,181,189,169,181,199,203,238,238,NA,NA,128,134,180,184,156,180,161,165,149,149
D237388,2007,unhunted,11,152,160,156,164,185,193,165,173,203,203,234,250,NA,NA,134,134,182,186,156,176,173,177,149,149
D237389,2007,unhunted,2,152,156,156,164,189,193,165,173,199,211,242,246,NA,NA,138,146,182,184,160,168,169,169,149,157
D237390,2007,unhunted,2,152,156,156,168,189,189,165,169,199,203,238,242,NA,NA,138,138,184,186,160,164,169,173,149,149
D237391,2007,unhunted,5,160,160,160,168,185,193,169,173,195,199,238,242,NA,NA,146,152,186,186,156,160,173,177,149,149
D237392,2007,unhunted,5,148,156,156,164,185,185,169,173,199,203,246,246,NA,NA,148,150,184,186,160,164,165,169,149,149
D237393,2007,unhunted,5,152,168,160,164,181,189,169,173,199,207,242,254,NA,NA,128,146,180,184,168,172,165,165,149,149
D237394,2007,unhunted,5,160,160,160,168,193,197,165,169,195,199,238,242,NA,NA,134,152,186,186,160,160,165,165,149,149
D237395,2007,unhunted,5,152,156,160,160,185,193,165,173,199,203,234,242,NA,NA,146,152,180,182,160,164,165,177,149,149
D237396,2007,unhunted,5,160,164,160,160,185,189,169,173,195,207,246,250,NA,NA,146,152,186,194,156,160,165,169,149,149
D237397,2007,unhunted,4,160,160,152,152,189,193,165,173,207,207,238,242,NA,NA,138,146,182,184,160,168,161,165,149,149
D237398,2007,unhunted,4,156,164,144,156,185,193,173,177,207,207,238,250,NA,NA,136,140,184,186,164,164,173,177,149,149
D237399,2007,unhunted,4,156,164,160,168,189,189,169,173,199,199,238,242,NA,NA,146,152,184,184,156,164,173,177,149,149
D237400,2007,unhunted,10,156,160,152,164,185,189,169,173,199,203,242,242,NA,NA,130,146,180,186,156,164,157,169,149,155
D239,2001,unhunted,11,160,164,156,160,185,185,173,181,199,215,242,250,149,149,134,146,180,180,164,168,173,173,149,149
D240,2001,unhunted,11,156,172,156,172,185,189,169,177,203,287,238,250,149,149,144,154,180,186,160,168,157,173,149,149
D241,2001,unhunted,11,160,160,148,156,189,189,169,177,207,215,222,222,149,149,136,136,180,184,168,176,161,169,149,149
D242,2001,unhunted,11,164,164,164,168,181,185,169,173,199,203,238,242,149,149,146,152,182,184,164,168,173,181,149,149
D243,2001,unhunted,11,156,160,160,168,185,193,177,177,195,211,238,250,149,149,146,146,180,180,156,168,165,177,149,149
D244,2001,unhunted,11,156,168,160,160,189,189,165,165,195,195,238,254,149,149,146,148,180,184,160,164,161,165,149,149
D244001,2007,unhunted,4,160,164,152,152,185,193,165,193,203,207,242,242,NA,NA,128,128,182,184,168,168,165,165,149,153
D244002,2007,unhunted,10,152,164,148,152,185,197,165,177,203,283,238,242,NA,NA,128,146,182,184,152,176,165,169,149,151
D244003,2007,unhunted,10,152,164,152,168,189,189,169,173,195,211,242,250,NA,NA,146,154,180,180,156,164,157,173,149,149
D244004,2007,unhunted,10,152,152,156,168,185,185,165,165,195,195,234,250,NA,NA,148,154,180,180,160,172,161,173,149,149
D244005,2007,unhunted,10,156,160,144,156,185,189,173,177,195,207,238,258,NA,NA,146,152,180,184,164,164,165,173,149,153
D244016,2007,unhunted,5,160,164,156,168,193,197,169,169,195,215,226,242,NA,NA,134,140,186,186,160,160,165,165,149,149
D244017,2007,unhunted,2,168,168,148,168,189,189,169,173,203,211,242,246,NA,NA,142,148,182,186,156,168,173,173,149,149
D244018,2007,unhunted,5,144,160,152,172,189,189,165,177,195,203,238,246,NA,NA,146,152,180,186,160,160,157,165,149,149
D244019,2007,unhunted,5,160,160,156,160,189,193,169,181,199,203,234,246,NA,NA,140,142,182,186,164,176,165,173,149,149
D244020,2007,unhunted,10,156,160,156,168,189,193,165,169,199,203,238,246,NA,NA,134,146,186,186,160,164,161,169,149,149
D244021,2007,unhunted,10,152,160,152,152,169,193,169,177,199,199,242,250,NA,NA,128,138,180,188,156,164,169,177,149,149
D244109,2007,unhunted,9,156,172,148,160,189,189,169,169,207,211,230,246,NA,NA,146,150,180,182,164,168,165,169,149,149
D244110,2007,unhunted,9,156,156,148,160,189,193,169,173,207,211,242,246,NA,NA,146,150,180,182,164,168,165,165,149,149
D244111,2007,unhunted,9,164,164,152,168,189,193,169,169,199,203,234,246,NA,NA,136,146,186,186,156,168,169,173,149,149
D244112,2007,unhunted,2,156,164,164,172,189,193,169,173,211,211,242,250,NA,NA,146,148,182,182,168,172,169,185,149,155
D244116,2007,unhunted,10,152,164,156,164,185,185,169,169,199,203,242,250,NA,NA,138,160,184,186,164,168,169,173,149,153
D244117,2007,unhunted,10,152,160,164,168,185,189,169,173,195,279,250,250,NA,NA,142,154,180,184,152,160,173,177,149,149
D244118,2007,unhunted,2,156,156,160,164,189,189,173,173,195,195,230,242,NA,NA,128,142,182,182,164,168,169,173,153,155
D244119,2007,unhunted,2,152,168,160,168,189,193,169,173,195,203,238,246,NA,NA,146,148,180,180,156,160,165,173,149,155
D244120,2007,unhunted,2,152,156,156,164,189,189,173,173,211,211,242,242,NA,NA,146,148,182,184,164,164,165,169,149,149
D244121,2007,unhunted,10,152,160,152,168,189,197,173,173,195,195,246,250,NA,NA,128,146,180,180,164,168,161,173,149,149
D244122,2007,unhunted,2,156,160,160,164,193,197,173,173,199,203,238,242,NA,NA,128,148,180,182,168,168,165,169,149,155
D244123,2007,unhunted,10,156,160,160,164,185,189,165,169,203,211,242,250,NA,NA,136,148,180,184,164,164,169,173,149,149
D244124,2007,unhunted,10,152,156,152,160,189,189,165,169,203,203,234,238,NA,NA,128,134,180,184,160,168,173,173,153,155
D244128,2007,unhunted,9,164,168,160,164,189,197,173,177,199,211,242,254,NA,NA,136,136,182,186,164,168,177,185,149,149
D244137,2007,unhunted,9,164,168,168,176,185,189,165,173,199,199,234,238,NA,NA,146,150,186,192,156,172,169,169,149,149
D244138,2007,unhunted,9,156,164,152,164,185,189,165,169,199,203,242,258,NA,NA,136,146,182,186,160,164,153,169,149,149
D245,2001,unhunted,11,156,160,156,172,185,189,165,177,279,283,234,238,149,149,128,138,180,186,156,164,169,169,149,149
D246,2001,unhunted,11,156,164,152,156,185,193,165,165,203,203,238,242,149,149,142,150,186,186,160,160,173,177,149,149
D247,2001,unhunted,11,152,172,156,160,185,197,169,173,207,207,238,242,149,149,146,160,186,186,164,168,161,165,149,149
D248,2001,unhunted,11,160,160,152,168,189,189,177,185,203,203,246,246,149,149,144,150,180,184,160,168,161,169,149,149
D249,2001,unhunted,11,152,152,156,156,185,197,177,177,199,203,242,242,149,149,136,158,184,186,164,172,165,173,149,149
D250,2001,unhunted,11,152,168,152,168,185,189,169,173,199,203,246,246,149,149,140,144,184,184,156,160,161,173,149,149
D251,2001,unhunted,11,152,164,156,156,189,193,165,165,199,203,238,250,149,149,134,146,180,180,160,168,169,169,149,149
D252,2001,unhunted,11,152,164,156,156,189,193,177,181,199,203,234,246,149,149,128,152,180,186,168,172,161,169,149,149
D253,2001,unhunted,11,156,160,160,164,189,197,165,177,203,211,238,242,149,149,136,148,182,184,168,172,157,173,149,149
D254,2001,unhunted,11,144,160,156,160,185,189,177,177,199,199,234,246,149,149,146,146,182,188,156,160,165,185,149,149
D255,2001,unhunted,11,152,156,156,164,189,193,165,181,203,219,242,246,149,149,144,150,184,186,160,168,161,169,149,149
D256,2001,unhunted,11,156,160,160,168,185,193,177,177,203,211,238,250,149,149,146,146,180,186,164,168,165,177,149,149
D257,2001,unhunted,11,160,160,164,168,185,189,169,173,195,275,234,242,149,157,136,146,186,186,164,168,165,173,149,157
D258,2001,unhunted,11,164,168,156,160,181,193,173,177,199,203,250,250,149,157,134,146,180,186,160,164,169,177,149,157
D259,2001,unhunted,11,156,164,160,160,189,197,169,177,211,279,250,254,149,149,138,146,180,186,160,164,169,185,149,149
D260,2001,unhunted,11,152,164,156,160,189,197,165,177,203,291,238,242,149,149,146,160,182,184,168,172,165,169,149,149
D261,2001,unhunted,11,152,156,156,164,181,185,177,177,203,203,242,242,149,149,128,146,180,184,164,164,169,173,149,149
D262,2001,unhunted,11,156,160,168,172,193,197,181,181,279,283,234,246,149,149,128,146,180,186,156,164,165,169,149,149
D263,2001,unhunted,11,148,160,156,164,181,197,165,181,195,195,242,250,149,149,148,152,180,186,152,164,161,169,149,149
D264,2001,unhunted,11,160,164,164,164,189,193,165,177,199,203,242,246,149,149,128,146,184,188,156,160,177,185,149,149
D265,2001,unhunted,11,156,160,156,160,185,193,169,173,199,203,234,238,149,149,144,146,182,188,156,160,165,165,149,149
D266,2001,unhunted,11,164,168,160,164,185,193,169,173,203,203,234,250,149,149,136,148,184,186,164,164,165,165,149,149
D267,2001,unhunted,11,164,168,160,168,185,197,165,177,195,199,238,242,149,149,146,146,184,186,156,164,169,173,149,149
D268,2001,unhunted,11,152,168,156,168,185,189,169,177,199,203,238,242,149,149,144,146,180,186,156,172,165,173,149,149
D269,2001,unhunted,11,152,160,164,164,181,185,177,177,199,207,242,254,149,149,152,152,184,184,156,176,169,169,149,149
D270,2001,unhunted,11,156,168,156,164,181,189,169,181,199,203,234,250,149,149,138,146,180,184,152,172,177,177,149,149
D271,2001,unhunted,11,152,164,156,160,189,193,165,177,203,287,238,250,149,149,136,150,186,186,160,168,173,173,149,149
D272,2001,unhunted,11,164,168,148,164,185,189,169,177,199,203,230,242,149,149,146,154,184,186,156,164,161,177,149,149
D273,2001,unhunted,11,152,164,152,160,181,185,165,177,203,283,238,238,149,157,128,146,180,186,160,164,169,169,149,157
D274,2001,unhunted,11,156,168,152,160,181,189,165,165,195,199,250,254,149,149,140,148,184,184,160,164,161,181,149,149
D275,2001,unhunted,11,160,168,160,164,189,193,173,177,195,199,234,238,149,149,146,150,186,186,164,168,165,177,149,149
D276,2001,unhunted,11,160,168,156,164,185,189,169,177,195,199,234,238,149,149,134,152,180,184,156,168,161,165,149,149
D277,2001,unhunted,11,160,164,156,156,185,193,173,185,195,199,238,250,149,149,144,152,180,184,156,168,161,169,149,149
D278,2002,unhunted,11,164,164,156,164,189,189,165,181,203,211,238,242,149,149,142,160,182,182,156,160,169,173,149,149
D279,2002,unhunted,5,152,160,152,172,185,185,169,177,207,283,234,250,149,149,146,146,184,186,160,168,165,177,149,149
D280,2002,unhunted,5,160,168,156,160,185,189,165,169,199,215,250,254,149,149,146,156,180,180,164,168,169,173,149,149
D281,2002,unhunted,5,164,164,152,160,185,193,173,177,207,215,242,258,149,149,144,148,180,180,160,164,173,181,149,149
D282,2002,unhunted,11,152,168,152,156,189,193,169,177,199,211,238,250,149,153,128,152,180,184,164,172,165,165,149,153
D283,2002,unhunted,5,160,160,156,160,189,189,173,177,195,199,242,250,149,149,146,156,180,184,160,176,165,169,149,149
D284,2002,unhunted,5,156,164,156,156,189,193,165,177,199,207,234,246,149,149,146,158,180,186,156,164,165,177,149,149
D285,2002,unhunted,5,160,164,160,168,181,185,165,177,195,215,242,250,149,149,146,146,184,186,160,164,173,177,149,149
D286,2002,unhunted,5,152,164,160,160,189,197,169,173,203,203,238,242,149,149,128,152,180,186,160,164,173,177,149,149
D287,2002,unhunted,5,152,156,156,168,185,197,165,181,199,203,242,242,149,149,142,160,180,186,156,164,169,173,149,149
D288,2002,unhunted,5,156,160,160,168,189,189,161,177,199,199,246,250,149,149,142,156,180,184,164,176,165,169,149,149
D289,2002,unhunted,4,160,160,160,164,193,197,169,173,195,199,230,238,149,149,146,146,184,184,156,156,165,169,149,149
D290,2002,unhunted,4,164,164,156,164,189,189,165,177,203,207,238,250,149,149,136,162,180,182,156,168,165,177,149,149
D291,2002,unhunted,2,156,160,160,160,181,189,177,177,199,199,246,258,149,149,136,142,182,184,164,168,157,173,149,149
D292,2002,unhunted,2,160,168,164,168,189,189,169,173,203,207,250,250,149,149,142,146,182,186,164,168,169,169,149,149
D293,2002,unhunted,2,160,164,160,164,169,185,169,177,207,207,230,246,149,149,144,150,192,192,156,160,165,181,149,149
D294,2003,unhunted,4,164,164,156,160,185,185,165,177,215,291,238,242,149,149,134,146,184,186,156,168,161,173,149,149
D295,2003,unhunted,4,156,164,160,164,189,189,169,181,199,203,238,242,149,149,138,146,180,186,160,172,169,177,149,149
D296,2003,unhunted,11,160,160,152,160,185,193,177,177,199,207,238,242,149,149,142,142,186,186,164,164,161,165,149,149
D297,2003,unhunted,11,164,168,160,164,189,189,165,177,199,199,234,238,149,149,146,152,180,180,160,168,165,165,149,149
D298,2003,unhunted,11,156,160,156,156,185,189,169,177,199,203,230,238,149,149,146,148,180,184,160,164,161,173,149,149
D299,2003,unhunted,11,152,164,152,164,189,189,165,165,203,203,242,242,149,149,128,144,184,186,160,168,161,177,149,149
D300,2003,unhunted,11,148,160,148,172,185,193,169,181,203,215,242,242,149,149,142,146,180,180,168,168,169,169,149,149
D301,2002,unhunted,4,152,156,152,168,189,189,173,181,203,203,238,242,149,153,142,146,184,186,164,168,165,177,149,153
D302,2002,unhunted,4,164,164,156,164,185,189,169,177,199,203,238,242,149,149,128,134,186,194,164,168,161,177,149,149
D303,2002,unhunted,4,152,160,164,168,185,197,165,173,195,199,242,250,149,149,146,146,182,186,156,172,165,169,149,149
D304,2002,unhunted,4,160,160,156,168,189,189,177,177,207,215,238,242,149,149,128,162,180,186,168,168,165,173,149,149
D305,2002,unhunted,4,156,164,152,164,185,189,169,181,203,203,230,242,186,194,146,146,184,186,168,168,165,169,149,149
D306,2002,unhunted,4,156,168,164,164,185,189,177,181,203,219,238,254,149,149,136,162,180,182,156,156,165,173,149,149
D307,2002,unhunted,4,152,160,156,160,189,197,165,177,195,203,238,250,149,153,146,146,180,186,156,168,157,161,149,153
D308,2002,unhunted,5,148,168,156,160,185,185,173,181,191,203,242,250,149,157,146,150,184,186,160,164,165,177,149,157
D309,2002,unhunted,5,164,164,156,164,185,197,165,169,195,199,218,238,149,149,128,140,180,194,164,168,165,169,149,149
D310,2002,unhunted,5,160,160,160,164,189,189,165,181,195,215,242,250,149,149,134,166,180,184,160,160,153,173,149,149
D311,2002,unhunted,5,160,160,152,164,185,189,177,181,203,203,234,246,149,149,128,142,186,186,160,160,173,173,149,149
D312,2002,unhunted,5,160,168,156,156,181,185,177,177,199,199,242,242,149,149,146,148,182,186,156,168,161,169,149,149
D313,2002,unhunted,5,152,168,152,160,185,189,177,181,199,207,234,250,153,157,128,136,180,186,156,160,153,169,153,157
D314,2002,unhunted,5,152,160,152,172,193,197,169,173,199,203,234,250,149,149,138,146,186,186,168,168,161,177,149,149
D315,2002,unhunted,5,156,168,160,164,185,189,165,173,203,211,238,254,149,149,134,148,180,186,164,172,165,169,149,149
D317,2002,unhunted,5,152,160,152,160,189,193,165,181,203,207,242,250,149,149,148,152,184,184,156,172,161,165,149,149
D318,2002,unhunted,5,164,168,148,156,185,197,169,177,199,211,246,250,149,149,146,146,184,186,160,164,165,173,149,149
D319,2002,unhunted,5,152,160,160,164,189,189,169,169,195,199,234,250,149,149,138,148,180,180,156,160,153,165,149,149
D320,2002,unhunted,5,152,160,160,168,181,197,165,169,195,199,238,242,149,149,142,146,184,186,156,164,165,173,149,149
D321,2002,unhunted,5,160,168,144,160,189,193,177,181,199,199,238,250,149,157,128,134,184,186,160,160,165,169,149,157
D322,2002,unhunted,2,164,164,156,160,185,185,169,173,199,207,230,254,149,149,144,150,182,192,160,168,169,173,149,149
D323,2002,unhunted,2,156,160,152,160,189,189,165,181,203,203,246,246,149,149,134,140,182,186,160,164,165,173,149,149
D324,2002,unhunted,2,156,160,156,160,181,185,173,173,195,199,238,258,149,149,136,150,184,186,160,164,161,165,149,149
D325,2002,unhunted,2,144,164,148,172,169,189,169,173,199,207,238,246,149,149,146,146,184,186,152,164,165,169,149,149
D326,2002,unhunted,2,160,164,160,168,193,201,177,177,203,207,238,250,149,149,134,150,184,184,164,172,169,173,149,149
D327,2002,unhunted,4,156,160,152,164,185,193,177,177,203,207,246,250,149,149,146,150,186,186,160,172,173,173,149,149
D328,2002,unhunted,4,156,160,164,168,197,197,165,169,195,203,242,242,149,149,128,146,184,186,160,160,169,169,149,149
D329,2002,unhunted,4,148,164,164,164,189,189,165,173,199,291,238,250,149,149,146,146,180,186,156,168,157,165,149,149
D330,2002,unhunted,4,156,164,160,164,197,197,165,173,199,199,250,250,149,149,138,150,182,184,152,176,169,169,149,149
D331,2002,unhunted,4,152,164,156,168,189,189,177,177,203,207,238,250,149,149,136,142,180,186,168,168,165,177,149,149
D332,2004,unhunted,10,156,164,164,168,189,193,173,177,199,203,242,246,149,149,138,140,180,186,160,172,165,169,149,149
D333,2002,unhunted,4,160,164,152,152,181,189,165,177,199,207,242,242,149,149,128,146,180,182,160,168,165,169,149,149
D334,2002,unhunted,4,160,164,156,160,193,197,165,169,195,203,238,238,149,149,146,152,180,180,156,156,161,165,149,149
D335,2002,unhunted,4,164,164,156,164,189,189,169,177,195,203,246,250,149,149,128,140,184,186,160,168,161,161,149,149
D336,2002,unhunted,5,152,160,164,168,189,197,165,169,195,219,242,250,149,149,128,146,180,184,156,172,173,173,149,149
D337,2002,unhunted,5,160,160,156,168,189,189,169,177,195,199,242,242,149,149,144,148,184,186,164,172,153,165,149,149
D338,2002,unhunted,5,152,164,160,172,189,193,177,177,191,207,238,250,149,149,128,146,180,180,156,156,169,177,149,149
D339,2002,unhunted,5,152,160,152,160,185,189,177,181,195,207,234,242,149,149,142,146,182,184,156,172,153,165,149,149
D340,2002,unhunted,2,144,152,156,172,185,185,169,177,195,207,238,246,149,155,146,146,182,186,152,164,165,165,149,155
D341,2002,unhunted,2,160,164,152,160,185,189,173,181,199,199,234,250,149,155,128,146,184,192,160,164,177,177,149,155
D342,2002,unhunted,2,152,156,152,160,185,189,173,185,199,203,238,254,149,149,130,146,182,182,168,168,165,169,149,149
D343,2002,unhunted,2,144,164,148,172,169,185,169,173,203,207,238,246,149,155,144,146,180,186,152,156,165,169,149,155
D344,2002,unhunted,2,148,152,164,164,193,193,173,177,203,207,242,242,149,149,128,136,186,186,152,176,169,169,149,149
D345,2002,unhunted,2,148,156,148,160,181,185,169,169,195,199,242,254,149,149,128,146,186,186,168,176,165,165,149,149
D346,2002,unhunted,2,152,160,156,160,185,193,173,173,199,199,246,250,149,149,134,148,186,186,156,164,165,173,149,149
D347,2002,unhunted,5,156,168,164,164,189,189,165,169,207,215,242,246,149,149,128,142,182,184,168,176,165,173,149,149
D348,2002,unhunted,5,160,160,152,164,189,193,165,177,195,203,230,242,149,149,148,148,184,186,156,176,153,165,149,149
D349,2002,unhunted,5,152,152,160,160,181,193,169,181,199,199,242,250,149,157,146,146,186,186,160,168,165,169,149,157
D350,2002,unhunted,5,160,164,152,164,185,197,165,173,199,199,218,242,149,149,140,146,180,186,164,164,169,169,149,149
D351,2002,unhunted,2,160,164,148,156,181,189,169,177,199,203,238,238,149,149,146,150,184,186,160,164,173,181,149,149
D352,2002,unhunted,2,152,164,156,156,189,189,165,169,191,279,230,242,149,149,134,146,184,186,152,164,165,173,149,149
D353,2002,unhunted,2,148,160,148,164,173,201,177,181,203,203,242,242,149,149,156,164,180,186,156,164,169,169,149,149
D354,2002,unhunted,2,148,152,156,164,185,193,177,177,195,279,238,242,149,149,134,146,186,186,168,176,165,169,149,149
D355,2002,unhunted,5,164,164,164,180,185,189,169,173,199,215,234,246,149,149,146,146,184,184,160,160,165,169,149,149
D356,2002,unhunted,5,156,168,156,168,185,189,165,177,199,203,238,242,149,149,142,152,180,186,156,164,165,169,149,149
D357,2002,unhunted,5,152,168,152,156,189,193,169,177,199,215,238,254,149,149,146,160,182,184,164,176,169,173,149,149
D358,2002,unhunted,5,152,160,156,168,185,185,165,173,195,203,238,242,149,149,146,148,184,194,156,168,169,169,149,149
D359,2002,unhunted,5,160,160,152,156,189,189,169,173,191,195,238,242,149,149,134,152,184,184,176,176,165,169,149,149
D360,2002,unhunted,5,156,168,156,168,185,189,165,177,199,199,238,242,149,149,142,152,180,186,156,164,165,173,149,149
D361,2002,unhunted,5,152,160,152,156,185,189,173,181,191,199,250,254,149,157,128,142,182,186,160,172,169,169,149,157
D362,2002,unhunted,2,168,168,156,160,189,193,169,177,199,207,246,250,149,149,128,152,184,186,168,168,169,169,149,149
D363,2002,unhunted,2,168,168,156,160,189,193,169,177,199,207,246,250,149,149,134,152,184,186,168,168,169,169,149,149
D364,2002,unhunted,2,148,168,160,164,193,193,173,177,207,279,242,250,149,149,128,134,186,186,168,176,169,169,149,149
D365,2002,unhunted,2,144,160,168,172,185,185,165,169,203,207,246,246,149,155,140,144,180,192,156,160,169,169,149,155
D366,2002,unhunted,5,144,160,168,172,185,185,165,169,203,207,246,246,149,149,128,150,184,186,168,172,165,169,149,149
D367,2002,unhunted,5,152,160,152,156,181,189,165,177,203,279,242,250,149,149,136,146,180,184,160,160,153,161,149,149
D368,2002,unhunted,5,152,160,152,156,185,193,177,181,191,199,250,254,149,149,142,146,184,186,160,160,169,169,149,149
D369,2002,unhunted,2,160,168,156,168,189,189,173,173,199,207,238,246,149,149,146,148,186,186,156,172,169,181,149,149
D370,2002,unhunted,4,152,156,152,168,181,189,165,169,199,203,242,246,149,149,128,168,180,186,168,168,165,169,149,149
D371,2002,unhunted,4,152,160,152,168,185,193,173,177,195,207,242,246,149,149,134,160,184,186,172,172,165,165,149,149
D372,2002,unhunted,4,152,156,144,168,189,193,169,177,215,223,238,242,149,149,146,146,182,182,168,168,165,177,149,149
D373,2002,unhunted,4,164,168,156,172,193,197,177,177,203,203,250,250,149,153,146,146,186,186,164,168,157,165,149,153
D374,2002,unhunted,2,152,168,152,152,193,193,165,177,203,203,242,242,149,149,148,168,184,186,160,168,165,165,149,149
D375,2002,unhunted,2,148,156,156,164,193,197,169,177,211,279,230,242,149,149,128,134,186,186,160,176,169,173,149,149
D376,2002,unhunted,2,152,168,152,152,193,193,173,177,199,279,242,242,149,149,148,168,180,186,156,168,165,165,149,149
D377,2002,unhunted,2,152,156,156,168,189,193,169,185,199,203,234,242,149,149,138,146,186,186,160,168,165,169,149,149
D378,2002,unhunted,2,156,164,160,160,181,185,173,185,203,207,230,238,149,149,140,146,180,192,160,168,169,173,149,149
D379,2002,unhunted,2,156,160,152,160,185,189,173,177,203,267,238,246,149,149,128,134,186,186,160,176,165,177,149,149
D380,2002,unhunted,5,160,164,156,156,185,197,169,173,195,199,234,238,149,149,140,146,186,194,164,168,165,169,149,149
D381,2002,unhunted,5,160,164,152,172,189,189,169,177,191,195,238,242,149,149,148,152,184,186,164,176,153,165,149,149
D382,2002,unhunted,11,168,168,168,168,185,185,169,181,195,199,238,238,149,149,128,146,184,186,168,172,161,165,149,149
D383,2002,unhunted,11,152,168,160,164,185,189,165,181,195,195,238,238,149,149,148,158,180,180,164,168,165,165,149,149
D384,2002,unhunted,2,160,160,160,168,185,193,169,177,203,267,238,250,149,149,128,150,184,186,160,172,165,169,149,149
D385,2002,unhunted,2,144,152,156,172,185,189,169,177,199,279,242,246,149,155,134,144,180,186,160,168,169,173,149,155
D386,2002,unhunted,2,148,164,148,164,185,185,177,185,203,203,238,242,149,149,140,146,180,186,160,168,165,169,149,149
D387,2002,unhunted,11,152,160,148,156,189,193,165,173,199,199,242,242,149,149,136,144,180,186,164,168,169,169,149,149
D388,2002,unhunted,11,156,168,148,160,189,201,177,177,199,203,238,250,149,149,134,134,180,184,164,172,169,169,149,149
D389,2002,unhunted,11,164,164,164,164,189,193,165,169,203,203,242,242,149,149,128,146,184,186,156,160,173,177,149,149
D390,2002,unhunted,11,160,168,156,164,189,189,177,177,199,207,246,250,149,149,128,144,184,186,156,164,165,177,149,149
D391,2002,unhunted,2,164,164,156,160,185,189,169,181,203,207,242,246,149,155,140,146,186,192,156,160,169,173,149,155
D392,2002,unhunted,2,160,168,156,168,189,189,173,177,199,203,242,254,149,155,136,150,186,186,156,160,165,169,149,155
D393,2002,unhunted,2,160,164,156,160,185,189,169,173,199,207,238,238,149,149,140,146,186,186,164,168,165,169,149,149
D394,2002,unhunted,2,164,168,152,168,181,189,165,177,207,211,230,242,149,149,138,146,182,186,164,168,165,169,149,149
D395,2002,unhunted,2,152,156,156,172,185,189,165,169,203,279,230,246,149,149,140,144,180,186,152,156,169,173,149,149
D396,2002,unhunted,11,160,160,152,172,197,201,165,169,203,207,238,242,149,149,128,146,180,186,160,164,165,169,149,149
D397,2002,unhunted,11,156,164,164,164,189,193,165,169,199,215,238,242,149,153,146,152,180,184,156,180,177,177,149,153
D398,2002,unhunted,11,156,168,160,160,181,185,173,181,195,207,242,254,149,149,142,154,184,186,164,168,161,169,149,149
D399,2002,unhunted,11,152,156,156,156,193,197,173,177,203,207,230,238,149,149,128,140,184,186,160,168,169,169,149,149
D400,2002,unhunted,5,160,164,152,164,189,189,177,181,203,207,242,250,149,149,142,146,180,182,156,160,161,173,149,149
D401,2003,unhunted,2,152,152,156,168,189,193,165,173,195,199,246,246,149,157,136,138,184,186,160,172,157,181,149,157
D402,2003,unhunted,2,152,164,156,160,185,189,169,169,199,207,234,242,149,155,140,146,182,186,164,164,165,165,149,155
D403,2003,unhunted,2,148,164,160,164,193,193,177,185,207,207,238,242,149,149,128,128,180,186,148,168,169,177,149,149
D411,2003,unhunted,5,152,156,156,156,193,197,181,181,207,211,246,246,149,153,136,146,184,186,156,164,169,169,149,153
D412,2003,unhunted,5,160,168,152,164,189,189,177,181,207,215,230,254,149,149,128,142,182,184,168,168,153,165,149,149
D413,2003,unhunted,5,164,164,156,160,185,193,173,177,199,203,226,238,149,155,134,146,180,184,156,164,165,169,149,155
D414,2003,unhunted,5,152,164,152,164,185,197,169,173,203,207,230,234,149,149,144,146,186,186,164,164,169,177,149,149
D415,2003,unhunted,2,148,164,160,176,181,193,173,177,199,203,234,246,149,149,138,164,184,186,156,156,169,169,149,149
D420,2004,unhunted,5,156,156,156,160,189,189,165,165,199,207,234,258,149,149,136,152,186,186,164,168,173,173,149,149
D431,2003,unhunted,5,152,156,156,168,185,197,161,181,199,211,242,250,149,149,146,160,180,186,164,164,169,169,149,149
D432,2003,unhunted,5,164,168,152,160,185,189,173,173,195,203,238,250,149,149,152,160,180,186,160,168,157,173,149,149
D433,2003,unhunted,5,152,152,152,160,181,189,169,181,203,207,250,250,149,149,142,148,184,186,156,160,165,169,149,149
D434,2003,unhunted,5,152,164,152,156,189,189,165,173,195,199,238,238,149,149,142,156,180,184,160,176,165,165,149,149
D435,2003,unhunted,2,144,164,152,160,181,185,173,177,207,207,242,250,149,149,146,150,186,186,164,168,169,169,149,149
D436,2003,unhunted,2,160,160,164,164,185,189,165,177,199,203,242,242,149,149,128,138,184,186,152,160,169,173,149,149
D437,2003,unhunted,11,152,164,152,152,189,197,173,177,203,283,238,242,182,194,142,146,180,186,164,168,161,169,149,149
D438,2003,unhunted,2,144,156,152,172,185,193,173,185,199,203,242,246,149,155,144,146,180,186,156,160,165,165,149,155
D439,2003,unhunted,2,156,164,160,160,185,197,169,169,203,279,230,254,149,149,146,146,186,186,152,176,161,165,149,149
D440,2003,unhunted,5,164,164,164,164,185,197,165,173,195,283,218,234,149,149,128,140,180,186,160,164,165,169,149,149
D441,2003,unhunted,11,152,152,156,160,185,189,169,177,199,207,242,250,149,149,144,146,180,186,160,172,173,173,149,149
D442,2003,unhunted,11,164,164,152,160,189,189,165,169,203,279,242,250,149,149,136,146,180,184,164,168,169,173,149,149
D443,2003,unhunted,11,160,160,144,168,193,193,169,177,195,199,238,242,149,149,146,146,180,184,156,168,165,169,149,149
D444,2003,unhunted,11,160,164,164,168,185,185,165,169,199,203,238,246,149,149,128,134,180,182,164,168,165,169,149,149
D445,2003,unhunted,11,156,160,164,164,181,189,169,181,199,199,238,250,149,149,128,138,184,186,168,180,161,177,149,149
D446,2003,unhunted,11,156,168,160,164,185,185,169,173,199,203,234,238,186,198,136,136,184,186,164,164,165,165,149,149
D447,2003,unhunted,5,164,168,156,164,185,185,173,173,199,275,230,246,149,149,136,146,184,184,164,176,173,173,149,149
D448,2003,unhunted,5,160,168,152,164,189,197,173,181,203,215,242,242,149,149,142,148,184,184,160,172,161,169,149,149
D449,2003,unhunted,2,160,168,156,164,193,193,173,173,199,275,246,250,149,149,130,146,182,186,152,152,165,169,149,149
D450,2003,unhunted,2,156,160,156,164,181,189,177,177,191,211,242,242,149,149,146,152,180,186,160,164,161,169,149,149
D451,2002,unhunted,11,156,160,156,156,185,185,177,181,199,203,238,246,149,149,146,152,180,184,160,168,173,177,149,149
D452,2002,unhunted,11,152,156,152,160,185,189,169,169,203,203,230,242,149,149,128,146,184,186,164,168,165,169,149,149
D453,2002,unhunted,11,160,164,160,168,189,189,177,177,203,203,234,238,149,149,150,152,184,184,152,160,161,161,149,149
D454,2002,unhunted,11,152,168,148,156,193,197,177,177,203,287,242,246,149,149,150,158,186,186,164,168,173,181,149,149
D455,2002,unhunted,4,164,164,160,164,189,189,165,177,199,203,238,250,149,153,146,146,180,186,156,168,157,173,149,153
D456,2002,unhunted,2,160,164,160,160,185,193,177,177,199,207,238,238,149,149,150,164,184,186,164,176,165,173,149,149
D457,2002,unhunted,11,152,156,164,168,193,197,169,173,199,283,238,242,149,149,138,146,180,186,156,172,173,177,149,149
D458,2002,unhunted,11,160,168,160,168,189,189,169,181,203,207,234,238,149,149,128,146,184,186,156,176,173,173,149,149
D459,2002,unhunted,5,160,164,164,172,189,189,169,169,199,207,246,258,149,149,138,148,184,192,156,164,165,169,149,149
D460,2002,unhunted,5,160,168,156,160,185,193,169,173,199,199,250,254,149,157,134,146,184,186,160,160,169,169,149,157
D461,2002,unhunted,5,160,164,156,164,181,185,169,177,199,199,218,242,149,149,128,134,180,186,164,168,165,169,149,149
D462,2002,unhunted,2,160,164,156,160,189,197,169,177,203,207,230,242,149,155,146,150,186,192,152,156,165,169,149,155
D463,2002,unhunted,2,152,164,160,168,185,201,177,177,207,267,238,238,149,149,128,134,184,186,172,176,165,173,149,149
D464,2002,unhunted,2,152,160,148,164,173,185,165,177,203,203,242,246,149,149,134,140,180,182,156,160,169,169,149,149
D465,2002,unhunted,2,144,152,156,172,185,189,169,173,199,199,246,246,149,149,136,150,186,186,156,172,165,169,149,149
D466,2002,unhunted,11,152,160,156,160,189,201,177,185,199,199,234,242,149,155,146,148,180,182,156,156,177,185,149,155
D467,2002,unhunted,11,152,152,156,164,189,189,169,173,203,203,242,246,149,149,160,168,184,186,164,168,169,177,149,149
D468,2002,unhunted,5,152,160,156,156,193,197,173,181,199,207,246,246,149,149,134,136,180,186,160,172,165,169,149,149
D469,2003,unhunted,5,152,164,156,160,185,197,177,177,199,207,238,250,149,149,142,146,180,186,160,172,169,169,149,149
D470,2003,unhunted,5,156,160,152,164,193,197,177,181,199,203,238,242,149,149,128,148,184,186,164,172,161,185,149,149
D471,2003,unhunted,5,152,156,164,164,189,193,169,173,203,207,234,238,149,149,134,148,180,184,160,160,165,177,149,149
D472,2003,unhunted,5,160,164,160,160,189,201,169,173,203,207,238,250,149,149,146,150,184,184,164,168,165,165,149,149
D473,2003,unhunted,2,152,164,156,168,185,189,165,185,195,199,242,250,149,149,146,146,180,186,156,160,169,173,149,149
D474,2003,unhunted,2,160,168,156,160,185,189,169,173,207,207,250,250,149,149,146,152,186,186,164,168,169,169,149,149
D475,2002,unhunted,11,152,168,156,172,185,197,177,177,199,203,234,242,149,153,134,158,186,186,164,172,165,173,149,153
D476,2002,unhunted,2,164,164,156,160,189,189,169,177,207,279,242,242,149,153,140,146,186,186,152,156,169,173,149,153
D477,2002,unhunted,2,164,168,156,160,181,193,169,169,195,203,234,238,149,149,134,146,186,186,164,164,169,169,149,149
D478,2002,unhunted,2,156,168,156,168,189,189,177,185,199,211,230,242,149,149,146,152,182,184,164,176,173,173,149,149
D479,2002,unhunted,5,152,160,152,164,189,197,177,181,203,203,230,246,149,155,134,142,182,184,168,168,165,169,149,155
D480,2002,unhunted,2,152,164,156,160,185,193,169,173,207,207,238,238,149,149,134,140,180,192,160,168,161,177,149,149
D481,2002,unhunted,2,164,168,160,168,185,189,165,177,207,211,230,250,149,149,134,142,186,186,164,168,165,169,149,149
D482,2002,unhunted,2,160,164,148,152,189,189,165,181,199,203,242,242,149,149,134,154,186,186,164,164,169,173,149,149
D483,2002,unhunted,2,156,168,160,168,189,193,173,173,195,203,230,246,149,155,128,148,180,182,156,164,157,173,149,155
D484,2002,unhunted,2,152,164,156,164,189,197,165,169,199,279,230,242,149,149,144,146,186,186,164,164,165,173,149,149
D485,2003,unhunted,5,156,164,156,164,189,197,165,169,199,199,242,246,149,149,142,160,180,186,156,164,169,173,149,149
D486,2003,unhunted,5,152,164,156,156,193,197,165,181,199,207,246,246,149,149,136,146,180,186,156,172,161,165,149,149
D487,2003,unhunted,5,152,160,152,160,185,189,169,173,203,279,242,250,149,149,142,152,182,186,156,164,157,177,149,149
D488,2001,unhunted,11,164,164,156,172,189,189,169,177,199,199,238,246,149,149,134,136,184,184,156,164,165,173,149,149
D489,2001,unhunted,11,160,164,160,164,189,193,169,177,199,203,234,242,149,149,146,146,180,188,160,160,165,185,149,149
D490,2003,unhunted,4,156,160,152,156,189,197,165,165,199,283,238,238,149,153,128,146,180,184,156,172,161,169,149,153
D493,2003,unhunted,11,160,168,156,164,185,185,173,185,199,203,234,238,149,151,146,148,180,184,156,164,165,173,149,151
D494,2003,unhunted,11,160,168,160,172,185,185,165,169,199,203,234,242,149,149,128,150,184,184,156,160,161,169,149,149
D495,2003,unhunted,11,156,160,160,172,189,189,173,177,203,283,234,254,149,149,128,138,180,186,156,164,157,169,149,149
D496,2003,unhunted,11,156,160,164,172,189,189,169,169,207,287,238,242,149,149,142,144,184,186,156,160,173,173,149,149
D497,2003,unhunted,4,156,156,152,156,189,197,165,169,199,283,238,242,149,153,128,156,180,186,156,160,169,169,149,153
D498,2003,unhunted,4,152,164,156,168,189,189,165,177,203,207,238,250,149,149,136,142,182,186,160,168,165,177,149,149
D499,2003,unhunted,4,152,156,156,168,193,193,173,173,203,211,238,242,149,149,134,146,186,192,160,164,169,181,149,149
D500,2004,unhunted,8,156,160,152,156,181,189,165,165,199,207,238,242,149,153,128,158,184,186,168,172,169,173,149,153
D510,2006,unhunted,2,152,156,152,152,181,193,169,177,195,203,238,242,NA,NA,148,148,184,184,160,164,165,173,149,149
D511,2006,unhunted,2,164,164,156,160,185,189,169,181,207,207,230,242,NA,NA,134,140,186,186,156,168,169,173,149,149
D512,2006,unhunted,2,152,164,156,172,189,193,165,173,199,203,246,246,NA,NA,136,136,186,186,156,164,169,169,149,157
D513,2006,unhunted,2,144,160,168,172,189,193,169,185,199,199,242,246,NA,NA,146,150,184,186,160,164,165,177,149,149
D514,2006,unhunted,4,156,164,156,164,181,181,169,177,199,215,242,246,NA,NA,128,136,186,186,164,172,169,173,149,149
D515,2006,unhunted,4,152,156,156,164,185,197,173,173,199,199,238,242,NA,NA,138,150,184,188,160,164,161,173,149,149
D516,2006,unhunted,4,160,164,152,160,189,189,181,181,203,207,238,246,NA,NA,138,148,180,186,160,168,165,169,149,149
D517,2006,unhunted,4,156,168,156,160,189,189,169,193,279,287,238,250,NA,NA,128,138,180,184,168,172,157,161,149,153
D518,2006,unhunted,4,160,164,152,164,189,193,177,177,195,203,242,242,NA,NA,128,128,186,192,156,160,161,161,149,153
D519,2006,unhunted,4,156,160,152,156,185,189,173,173,199,207,238,238,NA,NA,138,146,184,188,160,164,169,173,149,149
D555,2006,unhunted,5,160,168,168,168,185,189,165,165,203,207,242,250,NA,NA,144,148,182,186,156,156,165,165,149,149
D556,2006,unhunted,5,152,160,156,168,181,185,161,177,199,199,242,242,NA,NA,146,146,180,186,164,168,161,169,149,149
D557,2006,unhunted,5,152,168,160,168,189,197,169,181,195,203,242,250,149,149,146,148,186,192,160,172,161,165,149,149
D560,2006,unhunted,4,156,160,152,152,185,193,173,177,203,207,238,242,NA,NA,128,150,186,188,164,164,169,177,149,149
D561,2006,unhunted,4,156,164,152,156,189,193,165,177,199,203,230,238,NA,NA,150,152,184,186,152,156,169,181,149,151
D562,2006,unhunted,4,152,160,160,160,189,197,169,177,203,211,230,238,NA,NA,136,146,184,184,156,168,161,165,149,149
D563,2006,unhunted,4,156,164,156,172,189,197,173,173,203,203,230,250,NA,NA,136,140,180,186,160,164,165,169,149,149
D564,2006,unhunted,5,156,168,164,168,185,189,165,173,211,279,242,254,NA,NA,134,134,186,186,156,160,165,169,149,149
D570,2006,unhunted,10,152,168,164,168,185,197,173,177,199,199,242,242,NA,NA,134,146,184,186,156,168,165,173,149,149
D572,2006,unhunted,4,160,164,160,164,185,197,165,177,203,203,230,242,NA,NA,128,146,184,186,156,156,165,169,149,149
D594,2006,unhunted,5,152,168,164,176,189,197,169,177,203,215,246,250,NA,NA,128,146,182,184,160,176,165,165,149,149
D595,2006,unhunted,5,152,160,164,168,185,189,169,181,207,211,242,246,NA,NA,146,152,180,186,164,172,165,169,149,149
D596,2006,unhunted,5,160,168,168,168,189,193,165,165,203,207,242,250,NA,NA,134,148,182,186,156,168,165,165,149,149
D597,2006,unhunted,5,160,164,160,160,185,185,169,177,195,207,242,242,149,149,144,146,182,184,160,168,165,165,149,149
D598,2006,unhunted,5,160,164,152,160,185,189,165,173,195,207,238,242,NA,NA,146,160,186,186,168,172,161,173,149,149
D602,2005,unhunted,10,164,164,152,164,181,185,165,169,199,199,218,238,149,149,144,146,182,186,168,172,165,169,149,149
D603,2005,unhunted,10,152,164,160,168,189,189,173,173,203,211,234,242,149,149,136,150,182,186,160,160,165,173,149,149
D604,2005,unhunted,10,152,164,164,176,181,193,169,177,195,203,230,246,149,149,140,144,180,186,164,168,157,177,149,149
D605,2005,unhunted,10,156,156,156,168,189,189,169,169,195,203,238,238,149,149,150,150,184,186,164,168,169,173,149,149
D606,2005,unhunted,10,160,160,164,168,189,189,177,185,195,199,238,250,149,153,148,152,180,186,156,160,169,173,149,153
D607,2005,unhunted,10,152,156,160,160,185,201,169,177,203,203,238,246,149,149,138,140,186,186,168,176,165,173,149,149
D608,2005,unhunted,10,152,160,164,172,189,201,173,177,199,203,246,246,149,155,140,146,182,186,168,168,165,173,149,155
D609,2005,unhunted,10,152,160,160,164,181,185,165,177,199,199,242,250,149,149,146,152,180,186,160,160,169,177,149,149
D610,2005,unhunted,10,160,168,160,176,185,197,165,169,199,215,238,258,149,149,152,156,180,186,160,164,173,173,149,149
D611,2005,unhunted,10,152,160,164,168,189,189,165,165,199,199,242,250,149,149,134,142,180,184,160,160,173,173,149,149
D613,2006,unhunted,10,160,164,156,164,185,189,169,169,199,199,238,250,149,149,134,160,186,186,164,164,161,169,149,149
D614,2006,unhunted,8,152,152,156,164,181,189,165,181,199,207,238,238,149,149,146,146,180,184,156,168,165,173,149,149
D617,2006,unhunted,5,156,160,152,156,189,197,181,181,207,211,246,246,NA,NA,142,146,182,184,164,168,165,169,149,153
D618,2006,unhunted,5,160,160,160,168,189,193,169,173,195,203,238,242,NA,NA,128,146,186,186,160,164,165,177,149,149
D619,2006,unhunted,5,168,168,156,164,185,193,169,169,203,207,238,250,NA,NA,148,168,182,186,164,176,165,169,149,157
D620,2006,unhunted,5,160,164,152,160,189,193,169,169,207,207,238,250,149,155,128,146,180,184,160,168,165,169,149,155
D628,2006,unhunted,5,148,164,156,164,185,185,165,173,195,203,230,242,NA,NA,146,160,180,186,156,164,161,177,149,149
D629,2006,unhunted,4,156,160,156,160,181,197,177,185,199,207,238,238,NA,NA,134,146,184,186,164,168,165,169,149,149
D630,2006,unhunted,4,156,164,156,160,189,197,169,173,199,203,238,242,NA,NA,128,152,184,184,156,164,173,177,149,149
D631,2006,unhunted,4,164,164,152,156,185,189,169,177,203,211,238,242,NA,NA,128,146,186,192,156,160,157,161,149,149
D632,2006,unhunted,4,148,152,156,156,181,185,173,177,199,203,238,242,NA,NA,128,134,186,186,164,168,165,169,153,155
D633,2006,unhunted,10,156,168,152,164,189,189,169,169,199,199,230,230,NA,NA,134,150,186,186,164,168,169,169,149,149
D634,2006,unhunted,10,152,160,156,156,193,197,177,185,199,203,234,242,NA,NA,134,146,180,186,164,168,165,169,149,149
D635,2006,unhunted,2,156,168,148,160,185,189,173,177,199,199,246,250,NA,NA,152,152,186,194,164,168,165,169,149,149
D636,2006,unhunted,2,156,168,148,160,185,189,181,185,199,199,250,254,NA,NA,134,152,182,186,160,168,161,169,153,153
D637,2006,unhunted,2,152,156,152,164,169,189,169,173,199,199,238,242,149,149,134,146,186,186,160,168,169,173,149,149
D638,2006,unhunted,10,156,160,152,164,185,189,169,173,199,203,242,250,NA,NA,146,146,180,180,156,168,157,169,149,155
D646,2006,unhunted,4,160,164,152,152,185,189,169,173,207,275,238,242,NA,NA,138,138,182,184,160,176,165,169,149,149
D647,2006,unhunted,4,156,164,152,164,189,189,173,177,203,203,238,238,NA,NA,138,150,184,186,164,168,165,169,149,149
D648,2006,unhunted,4,152,152,156,164,197,197,173,177,203,203,242,242,NA,NA,128,134,182,186,156,160,161,165,149,149
D649,2006,unhunted,4,148,164,156,156,181,189,169,177,195,199,234,238,NA,NA,128,146,186,186,164,172,169,169,149,149
D650,2006,unhunted,4,152,160,156,168,185,189,177,177,199,207,234,238,NA,NA,128,146,184,186,156,160,161,169,149,149
D658,2006,unhunted,2,152,164,156,168,189,189,173,177,199,279,242,242,NA,NA,128,144,180,180,156,160,169,169,149,155
D659,2006,unhunted,2,156,160,164,164,181,185,169,177,207,275,238,242,NA,NA,146,152,184,186,164,172,165,165,149,149
D674,2006,unhunted,11,152,156,144,152,185,193,169,173,203,203,238,242,NA,NA,142,154,184,186,152,168,165,169,149,149
D675,2006,unhunted,11,160,164,144,152,181,189,169,177,195,207,242,258,NA,NA,144,146,184,186,164,168,165,165,149,149
D676,2006,unhunted,11,152,164,152,156,189,189,165,165,203,203,238,242,NA,NA,128,138,180,186,156,160,161,165,149,149
D677,2006,unhunted,2,156,160,156,160,189,189,173,181,203,207,238,246,NA,NA,128,128,184,186,160,164,169,177,149,149
D678,2006,unhunted,2,156,168,156,164,185,193,173,181,203,291,242,246,NA,NA,136,148,182,186,168,168,157,169,149,155
D679,2006,unhunted,2,160,164,156,168,185,201,169,181,199,207,234,238,NA,NA,134,146,180,184,164,168,161,165,149,149
D680,2006,unhunted,11,156,160,156,160,181,185,169,181,195,287,242,250,NA,NA,142,154,180,186,168,168,161,173,149,149
D681,2006,unhunted,10,152,156,152,164,185,197,181,185,203,203,242,242,NA,NA,128,146,186,186,160,164,161,177,149,149
D701,2006,unhunted,11,160,164,152,164,189,189,177,181,215,283,234,234,NA,NA,146,146,184,186,156,164,165,169,149,149
D702,2006,unhunted,11,148,156,156,160,181,189,169,193,203,203,238,246,NA,NA,146,146,182,186,156,160,169,173,149,149
D703,2006,unhunted,11,NA,NA,160,160,189,189,169,169,199,203,238,250,NA,NA,136,146,182,184,156,168,165,169,149,149
D704,2006,unhunted,11,156,164,156,168,189,197,165,169,203,203,242,246,NA,NA,136,146,182,184,160,172,161,173,149,149
D705,2006,unhunted,11,144,160,156,164,181,185,173,181,199,275,246,250,NA,NA,138,144,184,186,160,180,165,177,149,153
D706,2006,unhunted,11,164,168,156,164,189,193,169,173,199,215,242,242,NA,NA,146,146,182,186,164,164,157,177,149,153
D707,2006,unhunted,11,156,160,160,164,181,185,169,181,199,203,242,250,NA,NA,138,146,180,184,164,180,161,173,149,149
D708,2006,unhunted,4,156,160,152,164,181,193,177,181,195,211,234,242,NA,NA,134,146,184,186,156,164,161,165,149,149
D709,2006,unhunted,4,152,164,156,168,189,189,181,181,199,203,242,242,NA,NA,150,162,182,186,160,176,169,173,149,149
D714,2006,unhunted,5,152,160,156,156,185,197,165,169,199,203,242,258,NA,NA,134,148,184,186,160,164,157,169,149,149
D715,2006,unhunted,5,160,160,156,168,189,193,169,173,199,207,238,242,NA,NA,134,142,186,186,156,160,165,165,149,149
D716,2006,unhunted,5,156,160,156,164,189,197,169,177,203,215,242,246,NA,NA,128,142,184,184,160,168,165,173,149,149
D717,2006,unhunted,5,160,164,156,168,181,189,165,165,199,207,238,238,NA,NA,140,142,180,186,156,164,165,165,149,149
D718,2006,unhunted,5,152,152,156,156,193,197,165,165,203,207,242,242,NA,NA,136,148,180,182,164,180,177,181,149,149
D719,2006,unhunted,2,160,160,156,168,189,193,169,169,195,203,242,250,NA,NA,146,150,184,192,160,172,165,169,149,149
D720,2006,unhunted,2,160,164,160,168,185,185,177,177,199,203,238,246,NA,NA,142,150,180,184,160,160,165,165,149,149
D721,2006,unhunted,2,156,160,160,172,181,185,173,173,199,203,230,230,NA,NA,152,152,180,186,160,168,161,161,149,153
D722,2006,unhunted,2,152,156,152,156,189,193,169,177,195,203,242,246,NA,NA,148,168,184,186,160,168,165,165,149,149
D723,2006,unhunted,8,160,164,152,156,189,189,169,181,199,207,238,246,NA,NA,138,146,182,184,160,172,169,169,149,149
D734,2006,unhunted,2,160,160,156,164,185,185,169,169,203,211,242,242,NA,NA,134,146,186,192,156,160,165,173,149,149
D735,2006,unhunted,2,164,164,160,168,181,193,173,177,199,203,234,254,NA,NA,140,146,180,180,160,168,161,165,149,149
D736,2006,unhunted,2,156,160,156,156,185,193,169,173,195,195,242,250,NA,NA,146,152,184,184,164,164,165,169,149,149
D737,2006,unhunted,2,156,156,164,168,189,189,173,173,195,203,230,242,149,149,128,146,180,182,156,168,157,169,149,149
D738,2006,unhunted,4,152,160,152,164,189,189,165,173,195,207,238,238,NA,NA,138,152,184,186,160,160,161,165,149,149
D739,2006,unhunted,4,156,160,156,160,189,197,165,173,203,283,238,242,NA,NA,128,136,184,184,156,168,161,165,149,149
D740,2006,unhunted,4,156,164,160,168,185,185,169,169,211,283,234,250,NA,NA,146,146,180,186,160,168,153,173,149,149
D741,2006,unhunted,4,160,160,152,164,169,197,173,177,199,207,238,246,NA,NA,138,138,184,184,160,164,169,181,149,149
D742,2006,unhunted,4,152,160,148,172,189,197,173,177,199,199,238,238,NA,NA,146,148,184,192,156,160,169,169,149,149
D743,2006,unhunted,4,156,160,164,164,185,185,169,177,203,207,238,246,NA,NA,134,146,186,186,156,156,165,169,149,149
D744,2006,unhunted,4,160,164,156,164,185,185,169,169,199,211,230,238,NA,NA,140,146,186,186,160,164,169,173,149,149
D745,2006,unhunted,4,156,160,152,156,185,197,165,173,199,207,238,238,NA,NA,138,146,186,188,160,164,169,173,149,149
D751,2006,unhunted,11,156,168,160,164,181,181,177,181,203,203,234,238,NA,NA,142,146,186,186,168,172,165,177,149,149
D752,2006,unhunted,11,160,164,152,152,185,189,177,181,203,203,238,242,NA,NA,134,146,180,186,156,164,157,173,149,149
D753,2006,unhunted,11,144,160,156,164,185,189,165,169,199,207,246,250,NA,NA,138,144,180,184,160,180,165,177,149,149
D754,2006,unhunted,10,152,168,152,156,185,197,173,181,211,215,238,242,NA,NA,136,138,180,182,156,160,177,177,149,149
D755,2006,unhunted,10,152,152,152,168,185,189,169,173,195,199,242,250,NA,NA,142,146,180,180,160,164,173,177,149,155
D756,2006,unhunted,10,152,156,152,156,185,185,165,169,203,211,234,238,NA,NA,146,148,180,186,168,172,173,177,149,149
D757,2006,unhunted,10,156,160,148,168,189,189,173,177,195,207,238,254,NA,NA,128,146,180,184,164,168,165,165,149,149
D758,2006,unhunted,10,156,164,152,152,185,193,181,181,203,207,238,242,NA,NA,128,134,180,186,164,168,165,173,149,149
D759,2006,unhunted,10,152,160,168,172,185,189,173,173,195,207,230,250,NA,NA,134,154,180,186,160,164,161,173,149,149
D760,2006,unhunted,10,160,164,152,156,185,189,165,177,203,203,242,258,NA,NA,146,146,186,186,160,160,161,165,149,149
D761,2006,unhunted,10,152,156,144,160,189,189,169,169,199,215,238,242,NA,NA,144,146,182,186,156,160,157,157,149,149
D762,2006,unhunted,10,156,160,160,164,185,189,169,185,191,203,238,246,NA,NA,134,140,180,186,164,168,161,169,149,149
D769,2006,unhunted,5,156,156,152,164,189,197,165,177,199,275,238,242,NA,NA,142,148,182,184,152,168,169,177,149,153
D770,2006,unhunted,5,152,160,156,172,185,197,169,173,203,207,242,246,NA,NA,134,160,180,186,160,164,169,169,149,149
D771,2006,unhunted,5,156,160,148,164,189,189,165,173,199,203,234,250,NA,NA,146,160,180,184,164,168,165,169,149,149
D772,2006,unhunted,5,160,160,156,156,185,189,165,169,199,199,242,242,NA,NA,134,146,186,186,164,168,161,161,149,149
D773,2006,unhunted,11,156,164,156,160,181,189,177,181,199,211,234,254,NA,NA,138,158,180,188,160,164,165,169,149,157
D774,2006,unhunted,11,160,164,148,160,185,185,165,169,203,215,242,250,NA,NA,142,150,180,184,168,168,169,169,149,149
D775,2006,unhunted,10,152,160,156,168,189,189,173,173,195,203,234,250,NA,NA,146,154,180,186,160,160,161,177,149,149
D776,2006,unhunted,10,156,160,144,156,189,197,173,177,199,207,246,258,NA,NA,146,148,180,182,160,168,165,173,149,149
D777,2006,unhunted,10,152,160,148,168,185,193,165,181,203,207,238,250,NA,NA,146,154,180,186,160,164,165,173,149,149
D778,2006,unhunted,10,156,160,144,168,185,189,173,173,195,203,246,258,NA,NA,128,146,180,182,160,164,169,177,149,157
D779,2006,unhunted,10,152,160,156,164,197,197,165,181,203,207,242,242,NA,NA,138,146,180,186,160,164,157,169,149,149
D780,2006,unhunted,10,164,164,152,164,185,189,169,169,199,211,242,250,NA,NA,134,146,180,186,156,164,157,169,149,149
D781,2006,unhunted,10,152,164,164,164,181,189,169,173,199,211,218,238,NA,NA,128,136,182,192,160,168,161,165,149,149
D782,2006,unhunted,5,156,164,156,160,193,193,165,173,207,295,242,258,NA,NA,144,152,184,186,164,168,165,169,149,157
D783,2006,unhunted,5,152,160,152,156,189,197,169,173,195,207,234,242,NA,NA,140,144,186,186,152,168,173,173,149,149
D784,2006,unhunted,5,160,164,156,160,181,193,169,177,195,203,238,238,NA,NA,140,146,186,186,156,164,165,173,149,149
D785,2006,unhunted,5,152,160,160,168,185,193,165,181,199,199,242,242,NA,NA,128,134,186,186,160,164,165,165,149,149
D786,2006,unhunted,5,152,164,164,164,189,189,165,177,199,207,234,246,NA,NA,128,150,186,186,164,168,165,165,149,153
D801,2003,unhunted,11,160,160,156,176,185,193,169,169,203,203,234,242,149,149,146,148,182,184,156,160,149,173,149,149
D802,2003,unhunted,11,156,156,164,172,185,185,181,181,199,199,234,246,149,149,146,164,184,186,160,168,149,173,149,149
D803,2003,unhunted,11,152,160,156,160,189,193,161,177,203,215,238,238,149,149,136,146,184,184,156,168,161,173,149,149
D804,2003,unhunted,11,160,160,156,172,189,197,165,177,203,283,246,250,149,149,128,146,186,186,164,172,161,173,149,149
D805,2003,unhunted,11,148,152,148,160,193,193,169,177,207,211,234,238,149,149,146,152,180,186,164,172,169,173,149,149
D806,2003,unhunted,11,160,164,152,152,185,189,165,177,207,283,234,242,149,157,128,134,186,186,160,168,169,169,149,157
D807,2003,unhunted,2,160,168,156,164,189,189,169,173,199,199,238,238,149,149,146,148,180,186,160,164,169,169,149,149
D808,2003,unhunted,2,156,164,152,168,185,189,173,177,199,203,242,254,149,149,136,150,180,186,156,156,169,181,149,149
D809,2003,unhunted,11,164,168,152,164,193,197,173,173,199,203,242,242,149,149,146,152,180,184,160,168,165,169,149,149
D810,2003,unhunted,11,152,168,164,164,185,193,165,177,199,203,242,258,149,149,134,146,184,184,156,168,165,173,149,149
D812,2003,unhunted,11,160,164,156,160,185,193,165,165,199,211,238,246,149,149,128,146,184,186,156,168,165,169,149,149
D813,2003,unhunted,11,160,164,152,160,181,189,161,161,199,199,230,238,149,149,128,146,184,186,164,168,157,165,149,149
D814,2003,unhunted,4,156,160,164,172,193,197,177,181,207,275,230,242,149,149,128,130,180,184,164,168,173,177,149,149
D815,2003,unhunted,4,152,164,164,164,181,189,169,181,199,203,238,242,149,149,146,150,186,186,164,168,165,173,149,149
D817,2003,unhunted,2,156,160,156,156,189,189,177,181,199,203,238,246,149,149,134,142,186,186,160,176,165,169,149,149
D818,2003,unhunted,2,156,164,148,156,169,189,169,185,203,207,234,238,149,149,146,152,180,184,156,164,169,173,149,149
D819,2003,unhunted,2,156,160,156,168,181,189,165,173,199,203,238,246,149,149,134,136,186,186,168,172,169,181,149,149
D820,2003,unhunted,2,160,160,164,164,181,185,169,177,199,207,238,246,149,149,138,150,184,192,156,164,161,165,149,149
D821,2003,unhunted,5,160,160,168,168,193,193,165,169,195,199,242,242,149,149,134,146,186,186,156,160,165,177,149,149
D822,2003,unhunted,5,160,160,156,164,189,193,169,177,195,199,238,246,149,149,136,140,180,182,160,176,165,169,149,149
D823,2003,unhunted,11,152,156,156,164,189,193,177,181,203,203,238,242,149,149,128,144,184,186,168,168,161,177,149,149
D824,2003,unhunted,11,152,164,152,164,193,193,165,173,195,203,238,242,149,149,130,160,182,184,164,172,161,165,149,149
D826,2003,unhunted,5,152,160,164,172,181,189,169,181,199,207,234,250,149,149,146,148,180,186,156,156,165,169,149,149
D827,2003,unhunted,5,160,164,152,156,185,201,173,185,199,203,242,246,149,149,138,146,184,184,164,176,173,173,149,149
D828,2003,unhunted,4,152,156,152,164,185,189,165,169,199,211,234,242,149,149,142,148,182,186,164,168,161,173,149,149
D829,2004,unhunted,11,164,168,156,164,185,197,173,177,199,207,230,242,149,149,144,156,184,186,164,168,161,165,149,149
D830,2004,unhunted,11,164,168,152,164,185,197,165,169,195,275,238,246,149,149,138,152,186,186,160,164,165,169,149,149
D831,2004,unhunted,11,160,160,152,152,189,197,177,181,203,283,242,246,149,149,146,146,184,186,156,164,157,169,149,149
D832,2004,unhunted,11,160,164,152,172,193,197,165,173,199,291,234,246,149,149,146,152,180,182,156,168,153,165,149,149
D833,2004,unhunted,11,168,168,164,168,189,189,169,169,199,207,238,238,149,149,128,142,184,186,156,164,161,173,149,149
D834,2004,unhunted,11,152,168,160,168,189,189,169,169,199,207,238,242,NA,NA,128,150,186,186,160,176,165,173,149,149
D835,2004,unhunted,11,156,156,156,160,181,197,177,181,199,211,238,242,149,149,138,146,180,180,160,164,169,173,149,149
D845,2004,unhunted,4,160,160,144,172,189,189,169,169,199,207,238,242,149,149,146,146,184,186,160,164,165,165,149,149
D846,2004,unhunted,4,156,164,148,164,189,189,177,177,199,203,238,246,149,149,128,146,186,186,152,168,157,161,149,149
D847,2004,unhunted,4,156,164,148,160,189,193,165,177,199,199,238,250,149,149,146,146,180,184,156,156,169,173,149,149
D848,2004,unhunted,4,152,164,160,172,189,189,165,177,203,203,230,258,149,153,146,152,180,186,168,168,157,165,149,153
D849,2004,unhunted,4,156,164,156,160,189,193,169,181,199,283,242,246,149,149,128,138,180,184,156,168,161,185,149,149
D850,2004,unhunted,4,160,168,156,156,185,189,177,185,195,199,238,258,149,149,138,146,180,184,152,164,161,165,149,149
D851,2003,unhunted,5,160,164,152,168,189,193,169,173,203,211,234,254,149,149,142,152,186,194,160,164,161,169,149,149
D852,2003,unhunted,5,152,164,152,152,181,189,169,173,195,279,238,238,149,149,146,148,186,186,164,164,157,165,149,149
D853,2003,unhunted,5,152,160,160,160,185,189,169,169,199,203,238,242,149,149,136,152,180,182,160,164,161,177,149,149
D854,2003,unhunted,5,156,156,156,164,189,193,169,181,203,207,234,246,149,149,136,146,184,186,160,164,169,169,149,149
D855,2003,unhunted,11,160,164,156,156,185,193,165,181,199,199,234,238,149,149,142,144,180,184,160,168,161,169,149,149
D856,2003,unhunted,4,148,160,152,160,181,189,165,177,203,211,234,242,149,149,136,150,186,186,156,160,173,181,149,149
D857,2003,unhunted,4,152,152,148,152,185,189,165,173,203,203,242,242,149,157,128,158,182,182,160,168,165,173,149,157
D858,2004,unhunted,10,160,164,148,152,181,189,173,185,199,283,238,250,149,157,146,154,180,182,160,168,169,181,149,157
D859,2003,unhunted,4,156,160,164,164,185,189,177,181,203,279,242,250,149,149,146,146,184,184,156,164,169,169,149,149
D860,2003,unhunted,4,160,164,160,168,185,189,169,177,195,203,230,250,149,149,142,148,180,184,156,164,165,165,149,149
D861,2003,unhunted,5,156,160,152,164,185,193,173,181,207,207,242,246,149,149,136,146,186,186,156,160,153,169,149,149
D862,2003,unhunted,5,152,160,160,160,181,197,165,177,199,207,238,246,149,149,144,148,184,186,160,176,161,169,149,149
D863,2003,unhunted,11,156,160,144,172,189,193,169,169,203,203,238,242,149,149,146,154,180,186,168,168,157,169,149,149
D864,2003,unhunted,11,152,168,156,160,197,197,169,177,203,203,242,242,149,149,136,146,182,184,168,172,165,173,149,149
D865,2003,unhunted,5,160,168,156,156,189,189,169,181,195,211,242,250,149,149,146,148,180,186,160,168,165,169,149,149
D868,2003,unhunted,5,164,168,160,160,185,189,169,177,203,207,238,242,149,149,138,146,180,180,164,172,165,177,149,149
D869,2003,unhunted,5,156,160,156,156,193,197,173,181,199,199,246,246,149,153,136,146,180,186,160,172,165,165,149,153
D870,2004,unhunted,5,156,164,156,160,181,189,169,185,203,203,226,242,149,151,150,152,182,186,152,168,165,173,149,151
D878,2004,unhunted,11,160,160,156,164,185,193,177,181,195,203,238,242,149,149,146,146,180,184,160,168,169,177,149,149
D879,2004,unhunted,11,152,156,160,176,189,197,165,177,203,279,250,254,149,149,138,138,180,186,160,164,169,173,149,149
D880,2004,unhunted,11,164,168,152,156,189,189,169,177,207,207,238,250,149,149,142,144,186,192,156,164,165,165,149,149
D881,2004,unhunted,11,152,168,168,168,189,193,169,173,195,203,234,238,149,149,152,154,180,184,156,168,165,169,149,149
D882,2004,unhunted,11,160,160,156,172,185,193,177,181,203,207,238,242,149,149,130,146,184,184,160,168,169,177,149,149
D883,2004,unhunted,4,156,160,152,156,181,189,165,165,199,207,238,242,149,149,128,146,184,186,168,172,165,169,149,149
D884,2004,unhunted,4,152,160,152,164,189,197,173,181,199,207,238,242,149,149,138,138,184,186,160,160,161,169,149,149
D885,2004,unhunted,4,160,160,172,172,185,185,169,177,203,283,234,246,149,149,138,152,186,186,160,164,165,169,149,149
D886,2004,unhunted,4,152,164,152,160,189,189,165,177,199,207,238,238,149,149,128,150,182,186,168,168,169,173,149,149
D887,2004,unhunted,4,152,152,148,156,181,185,173,177,203,207,242,250,149,149,146,146,180,184,164,168,169,169,149,149
D888,2005,unhunted,8,152,156,144,160,181,189,169,169,199,215,238,242,149,149,146,150,184,186,156,164,157,157,149,149
D889,2004,unhunted,4,156,160,144,164,181,189,169,177,199,215,238,242,149,149,146,162,184,186,164,164,161,177,149,149
D890,2004,unhunted,4,152,156,152,168,181,189,165,185,199,203,242,246,149,149,134,146,180,186,168,168,165,169,149,149
D891,2004,unhunted,4,156,160,144,144,185,189,161,169,207,207,250,258,149,149,136,146,184,186,164,164,165,165,149,149
D895,2004,unhunted,2,156,160,148,164,181,181,177,181,195,275,242,246,149,149,128,146,186,186,168,172,165,165,149,149
D896,2004,unhunted,2,152,152,156,168,189,189,165,169,195,199,238,246,149,157,136,138,184,186,156,160,169,169,149,157
D897,2004,unhunted,2,156,164,152,160,185,189,169,173,199,211,234,238,149,149,130,144,182,186,160,168,165,169,149,149
D898,2004,unhunted,2,156,156,160,168,181,189,165,169,211,215,242,250,149,149,136,146,186,186,160,176,169,169,149,149
D899,2004,unhunted,4,156,160,156,156,185,189,165,169,203,207,242,250,149,149,146,148,182,192,156,168,165,169,149,149
D900,2004,unhunted,4,156,164,148,164,189,193,165,165,199,207,246,250,149,149,146,146,180,186,156,176,169,173,149,149
D901,2004,unhunted,8,152,152,152,156,185,193,173,177,199,211,234,238,149,149,136,146,180,188,156,164,169,177,149,149
D902,2004,unhunted,8,152,164,152,156,185,185,165,173,191,195,242,250,149,149,128,144,180,180,156,160,173,173,149,149
D903,2004,unhunted,8,160,164,156,168,189,189,169,177,203,203,234,246,149,149,140,152,186,186,156,160,161,161,149,149
D904,2004,unhunted,8,152,164,152,160,189,193,177,177,199,207,230,238,149,149,128,134,180,186,168,168,169,173,149,149
D905,2004,unhunted,8,152,156,144,168,189,193,165,169,207,215,242,242,149,149,146,146,180,184,156,164,157,161,149,149
D906,2004,unhunted,8,156,160,160,172,189,197,173,177,199,203,230,254,149,149,142,146,184,186,152,164,165,173,149,149
D907,2004,unhunted,5,160,168,152,164,181,189,165,181,207,211,242,250,149,149,146,152,180,182,160,168,153,173,149,149
D908,2004,unhunted,5,152,152,152,160,185,189,169,173,195,203,242,250,149,149,142,146,186,186,164,168,157,169,149,149
D909,2004,unhunted,11,160,160,156,156,185,189,173,177,203,207,238,250,149,149,138,144,180,186,156,168,161,173,149,149
D910,2004,unhunted,5,160,160,152,156,189,189,169,181,203,207,242,246,149,149,142,148,184,186,156,160,165,169,149,149
D911,2004,unhunted,5,160,164,164,180,189,189,169,169,207,215,234,258,149,149,138,146,184,184,156,160,165,165,149,149
D918,2004,unhunted,2,160,160,156,168,169,189,165,169,199,199,238,242,149,149,128,158,186,186,156,164,169,177,149,149
D919,2004,unhunted,2,164,164,156,164,189,193,169,177,203,207,230,254,149,149,142,146,184,186,152,164,161,173,149,149
D920,2004,unhunted,2,156,164,160,164,189,193,173,177,195,211,238,242,149,153,128,142,180,186,160,160,169,185,149,153
D921,2004,unhunted,11,152,156,156,164,189,189,169,177,199,203,238,242,149,149,128,134,180,186,156,168,161,173,149,149
D923,2004,unhunted,2,164,168,156,160,181,193,173,177,203,203,238,242,149,149,134,150,184,186,152,164,161,169,149,149
D924,2004,unhunted,11,156,160,156,172,189,189,169,169,203,203,238,242,149,149,144,152,180,186,164,168,169,173,149,149
D930,2005,unhunted,2,152,160,160,164,185,185,173,177,191,203,234,242,149,149,146,150,186,186,160,164,161,165,149,149
D931,2005,unhunted,2,164,168,156,156,185,189,169,173,203,207,242,246,149,149,134,146,180,186,156,168,169,169,149,149
D933,2005,unhunted,10,160,168,144,160,181,185,177,185,199,215,246,246,149,149,144,152,186,186,160,168,165,173,149,149
D934,2004,unhunted,5,156,160,156,168,193,197,169,173,203,203,234,246,149,149,134,146,186,186,164,164,157,169,149,149
D935,2004,unhunted,11,160,164,160,164,181,189,177,177,203,207,238,250,149,149,150,168,184,186,156,160,169,169,149,149
D937,2004,unhunted,8,152,152,152,152,185,189,165,173,191,195,234,242,149,149,142,144,180,180,156,160,165,173,149,149
D940,2004,unhunted,11,156,160,144,172,189,193,165,169,215,287,238,250,149,149,144,152,180,186,164,168,169,173,149,149
D941,2004,unhunted,11,156,160,160,168,189,189,169,177,199,207,234,250,149,149,146,146,186,186,164,176,173,173,149,149
D942,2004,unhunted,11,164,164,152,156,185,193,165,177,199,199,238,238,149,157,150,160,180,186,156,168,165,173,149,157
D943,2004,unhunted,8,156,164,148,164,185,189,165,185,207,283,238,238,149,149,136,146,180,180,160,164,165,173,149,149
D946,2005,unhunted,5,152,156,164,168,189,197,161,173,211,279,242,250,149,149,128,146,186,186,160,164,169,169,149,149
D947,2005,unhunted,5,156,164,156,160,181,185,177,177,199,215,242,242,149,149,146,146,186,186,160,168,169,177,149,149
D948,2005,unhunted,5,152,168,160,168,181,189,169,181,199,199,242,250,149,157,146,146,180,186,168,172,165,165,149,157
D949,2005,unhunted,5,152,160,160,160,181,189,181,181,199,203,242,250,149,157,146,146,180,186,160,172,161,169,149,157
D950,2005,unhunted,5,152,164,172,180,181,189,169,177,207,207,234,250,149,149,146,148,184,184,164,164,165,169,149,149
D951,2004,unhunted,5,156,168,160,164,185,189,165,169,203,219,246,246,149,149,146,150,186,194,160,168,169,169,149,149
D952,2004,unhunted,5,156,160,160,164,189,189,169,177,199,207,238,250,149,149,128,142,180,184,160,176,165,169,149,149
D953,2004,unhunted,5,152,168,168,168,185,189,169,181,199,203,238,242,149,149,142,152,180,180,164,164,165,169,149,149
D954,2004,unhunted,5,164,168,168,168,193,193,169,177,191,207,238,246,149,149,134,142,186,186,160,168,165,169,149,149
D961,2004,unhunted,5,148,152,156,156,185,197,165,173,203,203,234,242,149,149,148,160,180,184,164,164,169,177,149,149
D962,2004,unhunted,5,160,168,156,164,181,189,165,165,199,211,242,242,149,149,134,134,186,186,156,164,161,165,149,149
D963,2004,unhunted,5,160,164,164,168,185,193,165,173,203,207,238,238,149,149,134,144,186,186,156,168,165,177,149,149
D964,2004,unhunted,5,156,156,156,156,185,185,165,169,199,211,234,250,149,149,142,146,186,186,156,164,169,173,149,149
D965,2004,unhunted,5,152,164,156,160,189,197,169,185,203,203,230,242,149,149,128,142,180,184,160,164,169,173,149,149
D966,2004,unhunted,5,148,160,164,172,185,189,177,177,199,203,242,250,149,149,134,148,184,186,168,172,157,173,149,149
D967,2004,unhunted,5,156,160,160,168,185,189,169,169,195,199,242,254,149,149,136,146,182,186,156,168,165,165,149,149
D968,2004,unhunted,2,156,160,156,160,189,189,169,169,203,207,242,242,149,155,144,150,184,186,152,164,165,181,149,155
D969,2004,unhunted,2,160,168,148,168,189,189,173,173,207,215,238,242,149,149,140,146,184,186,168,172,169,169,149,149
D970,2004,unhunted,4,160,164,160,160,189,193,165,177,203,203,230,238,149,149,146,146,180,186,156,176,157,169,149,149
D971,2004,unhunted,4,164,164,156,164,189,189,165,177,191,195,238,246,149,155,140,142,186,186,160,168,161,173,149,155
D972,2004,unhunted,8,156,164,152,156,185,189,173,181,199,207,242,246,149,149,138,138,182,184,156,172,169,173,149,149
D973,2004,unhunted,8,164,164,156,160,189,189,177,181,195,199,242,246,149,149,138,150,180,184,156,172,169,169,149,149
D974,2004,unhunted,8,160,164,156,160,189,189,165,165,199,199,246,246,149,149,142,146,182,184,160,168,169,177,149,149
D975,2004,unhunted,8,156,164,160,164,185,189,165,173,199,211,238,238,149,149,144,162,180,182,156,156,173,173,149,149
D976,2004,unhunted,8,160,164,148,156,193,197,165,173,195,283,242,246,149,149,136,142,180,186,160,164,165,173,149,149
D977,2004,unhunted,2,144,156,148,152,169,193,173,177,199,203,242,246,149,149,146,146,180,186,156,168,165,169,149,149
D978,2004,unhunted,2,156,160,160,160,189,193,173,177,203,215,234,234,149,149,140,146,180,182,164,168,173,173,149,149
D979,2004,unhunted,4,160,164,164,168,189,189,177,177,203,203,246,250,149,149,128,140,184,186,160,164,161,161,149,149
D980,2004,unhunted,11,164,164,160,160,185,189,165,173,203,203,238,238,149,149,134,136,184,186,164,164,165,169,149,149
D981,2004,unhunted,11,156,156,160,160,189,197,165,185,199,203,238,250,149,149,128,128,180,186,168,168,169,173,149,149
D982,2004,unhunted,11,164,164,164,164,185,189,165,169,195,203,234,250,149,155,128,142,186,186,160,168,161,165,149,155
D983,2004,unhunted,11,160,168,152,164,185,189,169,177,199,199,238,242,149,149,146,152,180,184,156,160,161,173,149,149
D984,2004,unhunted,11,152,168,152,164,189,189,169,169,199,207,242,246,149,149,128,128,184,184,164,164,165,165,149,149
D991,2004,unhunted,5,156,164,152,164,181,197,165,165,195,207,238,242,149,149,128,146,180,186,156,168,165,169,149,149
D992,2004,unhunted,11,152,164,152,160,189,197,169,169,203,279,238,242,149,149,138,138,184,186,160,168,169,185,149,149
D993,2004,unhunted,11,156,168,156,160,185,193,165,185,199,203,242,246,149,149,148,152,184,184,160,160,165,169,149,149
D994,2004,unhunted,11,164,164,152,164,189,193,165,165,215,215,234,234,149,149,128,146,180,186,156,164,165,177,149,149
D995,2004,unhunted,11,152,164,156,168,193,197,165,181,191,199,226,246,149,149,136,152,184,186,156,160,169,169,149,149
H354,2001,unhunted,11,164,168,160,164,181,193,165,173,195,199,246,246,NA,NA,146,150,186,186,164,164,169,177,149,157
