        D174  1 0.1035 0.0330 0.0383 0.0321 0.0909 0.0696 0.1049 0.4426 0.0851 
        D199  1 0.0395 0.0978 0.1889 0.0410 0.0687 0.2075 0.1260 0.1357 0.0950 
        D203  1 0.1003 0.0884 0.2257 0.0432 0.0912 0.2326 0.0837 0.0590 0.0760 
        D204  1 0.0351 0.0200 0.0396 0.0581 0.0382 0.7321 0.0338 0.0218 0.0212 
     D237366  1 0.0206 0.0504 0.0451 0.0902 0.0836 0.0536 0.0622 0.0452 0.5490 
     D237367  1 0.0554 0.0289 0.0658 0.0449 0.1565 0.3001 0.1417 0.0351 0.1716 
     D237368  1 0.0498 0.0323 0.0859 0.0420 0.0518 0.1090 0.0711 0.0940 0.4641 
     D244101  1 0.0420 0.1327 0.1009 0.3955 0.0543 0.1629 0.0730 0.0193 0.0193 
     D244102  1 0.1693 0.0815 0.0549 0.2128 0.1701 0.0745 0.0980 0.0503 0.0886 
     D244103  1 0.0462 0.0481 0.0398 0.0480 0.1460 0.1404 0.1799 0.0475 0.3042 
     D244104  1 0.0498 0.0538 0.0363 0.0200 0.0358 0.6229 0.0389 0.1000 0.0426 
     D244105  1 0.1076 0.0728 0.0231 0.0295 0.2104 0.0685 0.1745 0.0188 0.2947 
     D244106  1 0.0320 0.0970 0.0777 0.0338 0.0922 0.0562 0.0876 0.4920 0.0315 
     D244107  1 0.2069 0.0299 0.0950 0.0506 0.0831 0.0741 0.1328 0.0176 0.3100 
     D244108  1 0.3570 0.0354 0.0430 0.0545 0.0619 0.0637 0.0600 0.2911 0.0333 
     D244113  1 0.0419 0.0203 0.0562 0.3046 0.0613 0.0162 0.0547 0.4038 0.0409 
     D244114  1 0.0425 0.1944 0.0532 0.0518 0.2419 0.0661 0.2203 0.0797 0.0501 
     D244115  1 0.1946 0.0347 0.0318 0.0311 0.1350 0.1300 0.1750 0.2006 0.0673 
     D267365  1 0.0500 0.1320 0.0418 0.0428 0.0602 0.2952 0.0870 0.1939 0.0971 
        D404  1 0.0850 0.0229 0.0592 0.3443 0.0995 0.0286 0.0571 0.2827 0.0207 
        D405  1 0.1446 0.0600 0.1119 0.2171 0.1065 0.1088 0.1217 0.0792 0.0500 
        D406  1 0.0700 0.0211 0.0187 0.0381 0.0379 0.0660 0.0344 0.0464 0.6674 
        D407  1 0.0235 0.0223 0.0605 0.0205 0.0581 0.5521 0.0803 0.0253 0.1575 
        D408  1 0.0793 0.1456 0.0234 0.0532 0.0834 0.0598 0.0832 0.4430 0.0290 
        D409  1 0.0716 0.0644 0.0563 0.0298 0.1969 0.0837 0.2038 0.0464 0.2470 
        D410  1 0.7894 0.0158 0.0133 0.0293 0.0312 0.0482 0.0279 0.0223 0.0227 
        D421  1 0.0119 0.0153 0.0206 0.0102 0.0133 0.8783 0.0141 0.0211 0.0152 
        D422  1 0.0287 0.0364 0.0220 0.0140 0.0329 0.0783 0.0358 0.0144 0.7375 
        D423  1 0.6658 0.0136 0.0477 0.0249 0.0383 0.0999 0.0401 0.0172 0.0526 
        D424  1 0.0256 0.0215 0.0221 0.0207 0.0745 0.5642 0.1255 0.0423 0.1036 
        D425  1 0.1295 0.0393 0.0269 0.0381 0.0830 0.4108 0.1514 0.0886 0.0325 
        D426  1 0.0200 0.1413 0.0310 0.0224 0.2065 0.0655 0.2617 0.0278 0.2237 
        D427  1 0.0222 0.0302 0.3968 0.0133 0.0319 0.2677 0.0287 0.1826 0.0265 
        D428  1 0.0907 0.0311 0.0427 0.1067 0.1012 0.2832 0.1177 0.1384 0.0884 
        D429  1 0.0648 0.0778 0.0361 0.0467 0.1299 0.3292 0.0737 0.1851 0.0567 
        D430  1 0.0584 0.1781 0.0893 0.0539 0.1993 0.0755 0.1780 0.1135 0.0540 
        D491  1 0.0430 0.0520 0.0159 0.0366 0.0440 0.0803 0.0436 0.6609 0.0237 
        D492  1 0.0645 0.0362 0.0441 0.0770 0.1164 0.2083 0.2000 0.1327 0.1208 
        D537  1 0.0527 0.0182 0.0254 0.0529 0.0408 0.6579 0.0531 0.0315 0.0674 
        D538  1 0.1401 0.0315 0.0961 0.0703 0.1820 0.0565 0.1905 0.0987 0.1343 
        D539  1 0.0633 0.3266 0.0527 0.0668 0.1558 0.0383 0.1106 0.1328 0.0531 
        D540  1 0.0957 0.0939 0.0333 0.0265 0.1527 0.2755 0.2013 0.0446 0.0765 
        D541  1 0.0191 0.0175 0.0218 0.0159 0.0195 0.8402 0.0267 0.0161 0.0231 
        D551  1 0.0212 0.2071 0.1171 0.0250 0.1767 0.0622 0.2993 0.0339 0.0576 
        D552  1 0.1879 0.0560 0.0300 0.0394 0.0813 0.1356 0.1027 0.2618 0.1053 
        D553  1 0.0184 0.0237 0.0137 0.0174 0.0177 0.8437 0.0301 0.0189 0.0166 
        D615  1 0.1391 0.0736 0.0841 0.0252 0.1184 0.3428 0.0884 0.0751 0.0533 
        D616  1 0.1672 0.0607 0.0947 0.0218 0.1072 0.2639 0.1397 0.0586 0.0861 
        D621  1 0.1541 0.0291 0.0285 0.2658 0.0447 0.0189 0.0480 0.1101 0.3008 
        D622  1 0.1213 0.0449 0.0251 0.0441 0.0715 0.0454 0.0599 0.0415 0.5464 
        D623  1 0.0868 0.0268 0.1853 0.3699 0.0395 0.0244 0.0457 0.1960 0.0256 
        D624  1 0.0260 0.0404 0.0173 0.0136 0.0457 0.0504 0.0814 0.6885 0.0368 
        D625  1 0.0872 0.0237 0.0236 0.0430 0.0729 0.5209 0.0974 0.0673 0.0640 
        D626  1 0.1756 0.0607 0.0391 0.0324 0.0790 0.0914 0.1030 0.3042 0.1145 
        D627  1 0.0200 0.1935 0.0243 0.0186 0.1869 0.0728 0.2884 0.0357 0.1600 
        D690  1 0.0725 0.0195 0.0120 0.0227 0.0291 0.6971 0.0337 0.0601 0.0534 
        D691  1 0.0458 0.0460 0.0203 0.0175 0.0645 0.0691 0.0380 0.0372 0.6615 
        D710  1 0.1256 0.0379 0.0491 0.0785 0.0866 0.2467 0.1030 0.1303 0.1423 
        D711  1 0.0331 0.0254 0.0234 0.0428 0.0453 0.7046 0.0438 0.0273 0.0543 
        D712  1 0.0373 0.0581 0.0445 0.0619 0.0459 0.0350 0.0410 0.5947 0.0817 
        D713  1 0.0612 0.0254 0.0226 0.3091 0.0886 0.1636 0.0959 0.1477 0.0859 
        D746  1 0.0436 0.0299 0.0342 0.0196 0.0235 0.0694 0.0327 0.0301 0.7171 
        D747  1 0.0147 0.0204 0.0172 0.0178 0.0193 0.8469 0.0229 0.0210 0.0197 
        D748  1 0.0953 0.0454 0.0222 0.0486 0.1238 0.2846 0.0688 0.0327 0.2787 
        D749  1 0.0934 0.0353 0.0334 0.1151 0.0949 0.0266 0.1437 0.1206 0.3371 
        D750  1 0.1046 0.0338 0.0230 0.0395 0.0414 0.1405 0.0476 0.5246 0.0449 
        D763  1 0.0385 0.2432 0.0995 0.1340 0.1157 0.1050 0.1223 0.0312 0.1107 
        D764  1 0.1071 0.0208 0.0187 0.0166 0.0538 0.4089 0.0670 0.2273 0.0797 
        D765  1 0.5953 0.0331 0.0154 0.0211 0.0539 0.0344 0.0733 0.0981 0.0754 
        D766  1 0.3947 0.0265 0.0235 0.1277 0.0629 0.1276 0.0778 0.0500 0.1093 
        D767  1 0.0928 0.0394 0.1146 0.2518 0.1525 0.0831 0.1132 0.0319 0.1206 
        D768  1 0.0233 0.0170 0.0200 0.0166 0.0216 0.8390 0.0232 0.0148 0.0246 
        D811  1 0.3651 0.0600 0.0254 0.1076 0.1338 0.0302 0.1020 0.1560 0.0199 
        D816  1 0.0235 0.0173 0.0197 0.0200 0.0283 0.8212 0.0245 0.0254 0.0201 
        D825  1 0.3675 0.0352 0.0171 0.0431 0.1164 0.1019 0.1168 0.1628 0.0392 
        D866  1 0.0826 0.3067 0.1406 0.0256 0.0881 0.0538 0.0931 0.1783 0.0313 
        D867  1 0.0277 0.0179 0.0608 0.1146 0.0307 0.0212 0.0379 0.0236 0.6656 
        D871  1 0.0260 0.0851 0.0258 0.0297 0.2732 0.0655 0.2411 0.0503 0.2033 
        D872  1 0.2108 0.0272 0.0719 0.0601 0.1088 0.2245 0.1214 0.0487 0.1266 
        D873  1 0.7784 0.0120 0.0261 0.0729 0.0245 0.0095 0.0266 0.0178 0.0322 
        D874  1 0.0216 0.0566 0.0260 0.5963 0.0519 0.0690 0.0562 0.1012 0.0213 
        D875  1 0.0646 0.0377 0.0154 0.0241 0.2687 0.0438 0.2267 0.0230 0.2961 
        D876  1 0.0804 0.0429 0.0255 0.0609 0.0906 0.3488 0.1052 0.1374 0.1083 
        D877  1 0.0448 0.0251 0.0338 0.3959 0.1530 0.0344 0.1061 0.1920 0.0149 
        D892  1 0.0479 0.0355 0.0185 0.0360 0.1334 0.3215 0.0740 0.1571 0.1761 
        D893  1 0.0510 0.0654 0.0353 0.0368 0.0802 0.5489 0.0775 0.0199 0.0849 
        D894  1 0.0305 0.0647 0.0378 0.0258 0.1282 0.5244 0.0803 0.0582 0.0500 
        D915  1 0.1530 0.0384 0.0286 0.0233 0.0484 0.5048 0.0648 0.0482 0.0906 
        D916  1 0.0261 0.0181 0.0158 0.0132 0.0247 0.8369 0.0198 0.0245 0.0209 
        D917  1 0.0425 0.0850 0.0948 0.1141 0.0834 0.1342 0.1368 0.2591 0.0502 
        D925  1 0.5335 0.0258 0.0207 0.0231 0.0387 0.1776 0.0489 0.0871 0.0447 
        D926  1 0.0597 0.0503 0.0185 0.0569 0.1313 0.3889 0.1637 0.0514 0.0793 
        D927  1 0.0287 0.0980 0.2680 0.0325 0.0690 0.2511 0.1330 0.0538 0.0659 
        D928  1 0.0431 0.0134 0.0177 0.0260 0.0185 0.0759 0.0255 0.7672 0.0128 
        D929  1 0.0368 0.0319 0.0244 0.5303 0.1224 0.0362 0.0594 0.0602 0.0985 
        D936  1 0.0557 0.0908 0.0589 0.1106 0.0718 0.4874 0.0686 0.0242 0.0319 
        D938  1 0.1147 0.0224 0.0166 0.0527 0.0357 0.0387 0.0293 0.0285 0.6614 
        D956  1 0.0507 0.0389 0.0397 0.0376 0.1161 0.0319 0.0810 0.5764 0.0277 
        D957  1 0.4545 0.0263 0.0450 0.0899 0.0682 0.1208 0.0742 0.0345 0.0865 
        D958  1 0.2514 0.0260 0.0351 0.0749 0.0773 0.1828 0.0990 0.1396 0.1138 
        D959  1 0.0169 0.0150 0.0321 0.0161 0.0533 0.6300 0.0686 0.0296 0.1385 
        D960  1 0.1315 0.0240 0.0238 0.0875 0.0356 0.0295 0.0465 0.0597 0.5619 
        D989  1 0.0339 0.0904 0.0999 0.0286 0.0470 0.0573 0.0662 0.5319 0.0449 
        D990  1 0.5719 0.1211 0.0292 0.0155 0.0670 0.0168 0.0782 0.0585 0.0418 
        D023  2 0.0216 0.0143 0.0206 0.0135 0.0196 0.0395 0.0275 0.0177 0.8258 
        D130  2 0.0259 0.0225 0.0432 0.0289 0.0611 0.0826 0.0379 0.0180 0.6798 
        D131  2 0.0623 0.1110 0.0444 0.0388 0.2069 0.1964 0.2545 0.0402 0.0454 
        D163  2 0.0392 0.0433 0.0215 0.0414 0.0453 0.1256 0.0557 0.0344 0.5936 
        D164  2 0.3557 0.0113 0.5246 0.0195 0.0150 0.0129 0.0165 0.0139 0.0306 
        D165  2 0.0247 0.0241 0.0288 0.0209 0.0314 0.0289 0.0279 0.0172 0.7960 
        D166  2 0.0710 0.0655 0.0555 0.1633 0.3031 0.0539 0.1911 0.0253 0.0712 
        D167  2 0.0194 0.0172 0.8472 0.0195 0.0218 0.0133 0.0210 0.0264 0.0142 
        D192  2 0.0151 0.0204 0.8706 0.0187 0.0149 0.0097 0.0166 0.0213 0.0128 
        D193  2 0.0751 0.0699 0.0388 0.2919 0.1268 0.0298 0.1548 0.1756 0.0374 
        D206  2 0.0525 0.0454 0.3271 0.0424 0.0977 0.1417 0.1410 0.0284 0.1238 
        D207  2 0.0298 0.0559 0.6390 0.0335 0.0746 0.0301 0.0817 0.0220 0.0333 
        D208  2 0.0649 0.2492 0.1158 0.0582 0.1014 0.0642 0.1269 0.1773 0.0420 
        D209  2 0.0676 0.0332 0.4533 0.0704 0.1060 0.0332 0.1657 0.0255 0.0451 
        D210  2 0.0263 0.1558 0.0905 0.0294 0.0490 0.0686 0.0453 0.4980 0.0371 
     D229599  2 0.0766 0.1115 0.0562 0.1458 0.0974 0.1796 0.1293 0.0689 0.1346 
     D229600  2 0.0280 0.0329 0.3275 0.0306 0.0555 0.0370 0.0540 0.0236 0.4109 
     D237227  2 0.2052 0.0985 0.0504 0.0200 0.0522 0.0452 0.0866 0.3758 0.0661 
     D237228  2 0.5430 0.0489 0.0545 0.0269 0.0656 0.0169 0.0997 0.1253 0.0191 
     D237258  2 0.0882 0.1045 0.1961 0.0866 0.1062 0.0552 0.1253 0.0664 0.1715 
     D237310  2 0.5816 0.0347 0.0522 0.0624 0.1069 0.0148 0.0763 0.0376 0.0335 
     D237311  2 0.5329 0.0257 0.2094 0.0307 0.0687 0.0136 0.0490 0.0309 0.0392 
     D237312  2 0.2670 0.0434 0.0295 0.2139 0.1936 0.0308 0.0882 0.0434 0.0902 
     D237313  2 0.2174 0.1019 0.0322 0.0495 0.1217 0.1794 0.1584 0.0832 0.0563 
     D237322  2 0.1100 0.2219 0.0517 0.1141 0.1555 0.0299 0.2182 0.0612 0.0374 
     D237323  2 0.5263 0.0523 0.0323 0.0318 0.0705 0.0172 0.0564 0.1321 0.0811 
     D237324  2 0.0518 0.0913 0.1628 0.0312 0.1250 0.0522 0.2148 0.0171 0.2537 
     D237325  2 0.3617 0.0462 0.0653 0.0821 0.1104 0.0402 0.1128 0.0660 0.1152 
     D237326  2 0.6433 0.0243 0.0341 0.0409 0.0388 0.0621 0.0564 0.0536 0.0466 
     D237327  2 0.0332 0.2564 0.1346 0.0685 0.1429 0.0530 0.1787 0.0318 0.1009 
     D237337  2 0.7617 0.0216 0.0196 0.0204 0.0479 0.0267 0.0407 0.0344 0.0272 
     D237338  2 0.1532 0.0870 0.0897 0.0983 0.1124 0.0483 0.1112 0.1147 0.1852 
     D237339  2 0.0343 0.0402 0.2349 0.4482 0.0697 0.0470 0.0815 0.0234 0.0208 
     D237340  2 0.2966 0.0495 0.2154 0.1019 0.0762 0.0222 0.0549 0.1165 0.0670 
     D237389  2 0.5832 0.0237 0.0905 0.0864 0.0752 0.0227 0.0603 0.0227 0.0354 
     D237390  2 0.3633 0.0698 0.0259 0.1259 0.1376 0.0423 0.0818 0.0630 0.0904 
     D244017  2 0.0406 0.0370 0.4843 0.0438 0.0567 0.0238 0.0996 0.1707 0.0434 
     D244112  2 0.0201 0.0190 0.8076 0.0183 0.0373 0.0153 0.0267 0.0217 0.0338 
     D244118  2 0.0258 0.0199 0.6255 0.0281 0.0208 0.0126 0.0244 0.0249 0.2181 
     D244119  2 0.0279 0.0243 0.2749 0.0141 0.0217 0.0185 0.0216 0.5791 0.0179 
     D244120  2 0.0373 0.1151 0.4566 0.1757 0.0828 0.0132 0.0426 0.0464 0.0304 
     D244122  2 0.0292 0.0269 0.6712 0.0481 0.0536 0.0280 0.0458 0.0475 0.0497 
        D291  2 0.0453 0.4225 0.0605 0.0271 0.1098 0.0708 0.1446 0.0217 0.0977 
        D292  2 0.1165 0.1422 0.2936 0.0439 0.0528 0.1845 0.0758 0.0674 0.0233 
        D293  2 0.0145 0.0438 0.6346 0.0568 0.0442 0.1026 0.0689 0.0193 0.0153 
        D322  2 0.0463 0.0334 0.5609 0.0791 0.0533 0.0964 0.0704 0.0229 0.0374 
        D323  2 0.0905 0.0822 0.1618 0.1475 0.1452 0.0673 0.2058 0.0578 0.0420 
        D324  2 0.0971 0.2944 0.0430 0.0235 0.1052 0.1308 0.1418 0.0675 0.0967 
        D325  2 0.0195 0.0572 0.7430 0.0203 0.0378 0.0408 0.0414 0.0156 0.0244 
        D326  2 0.0166 0.0258 0.0189 0.0159 0.0180 0.8362 0.0258 0.0275 0.0153 
        D340  2 0.0191 0.0335 0.8225 0.0198 0.0197 0.0241 0.0186 0.0259 0.0169 
        D341  2 0.0573 0.0891 0.5060 0.0363 0.1218 0.0746 0.0427 0.0389 0.0332 
        D342  2 0.0769 0.0678 0.5054 0.0296 0.0999 0.0220 0.1072 0.0191 0.0720 
        D343  2 0.0100 0.0191 0.8857 0.0128 0.0144 0.0189 0.0157 0.0108 0.0125 
        D344  2 0.0714 0.0377 0.0585 0.5092 0.0905 0.0862 0.0938 0.0273 0.0253 
        D345  2 0.3429 0.0672 0.0504 0.1112 0.0856 0.1087 0.1272 0.0462 0.0605 
        D346  2 0.0563 0.1013 0.0710 0.0499 0.0628 0.0580 0.0605 0.5055 0.0347 
        D351  2 0.0655 0.1588 0.0570 0.0550 0.1499 0.2294 0.1973 0.0280 0.0591 
        D352  2 0.0470 0.0340 0.0556 0.6017 0.0717 0.0212 0.0947 0.0505 0.0235 
        D353  2 0.0209 0.0241 0.0387 0.0990 0.1664 0.1821 0.4314 0.0196 0.0179 
        D354  2 0.0744 0.0279 0.0175 0.6159 0.0506 0.0654 0.0713 0.0512 0.0257 
        D362  2 0.0562 0.0226 0.0359 0.0237 0.0396 0.6651 0.0402 0.0274 0.0894 
        D363  2 0.0460 0.0288 0.0260 0.0254 0.0317 0.7169 0.0382 0.0420 0.0450 
        D364  2 0.1126 0.0231 0.0328 0.2845 0.0663 0.3061 0.0784 0.0558 0.0404 
        D365  2 0.0168 0.0172 0.8425 0.0252 0.0178 0.0260 0.0214 0.0210 0.0121 
        D369  2 0.1985 0.1113 0.1446 0.0257 0.0722 0.1865 0.0948 0.1232 0.0432 
        D374  2 0.0597 0.0251 0.0275 0.2284 0.0353 0.0207 0.0455 0.5407 0.0171 
        D375  2 0.0278 0.0186 0.0188 0.8079 0.0303 0.0175 0.0407 0.0165 0.0219 
        D376  2 0.0600 0.0343 0.0384 0.2025 0.0420 0.0211 0.0370 0.5435 0.0212 
        D377  2 0.2787 0.1004 0.0678 0.1239 0.1513 0.0259 0.1261 0.0684 0.0576 
        D378  2 0.0399 0.0744 0.2656 0.1158 0.1006 0.1143 0.1551 0.0339 0.1003 
        D379  2 0.0412 0.0352 0.0232 0.0388 0.0800 0.6403 0.0777 0.0367 0.0270 
        D384  2 0.0162 0.0193 0.0160 0.0146 0.0188 0.8361 0.0198 0.0453 0.0139 
        D385  2 0.0241 0.0214 0.6795 0.1475 0.0280 0.0205 0.0296 0.0342 0.0153 
        D386  2 0.0406 0.0400 0.0795 0.4000 0.1167 0.0896 0.1258 0.0217 0.0863 
        D391  2 0.0267 0.0309 0.7306 0.0837 0.0276 0.0303 0.0363 0.0160 0.0178 
        D392  2 0.1020 0.0314 0.5831 0.0204 0.0504 0.0520 0.0518 0.0586 0.0503 
        D393  2 0.0712 0.2373 0.1036 0.1129 0.0789 0.2053 0.1097 0.0279 0.0533 
        D394  2 0.1651 0.0456 0.1054 0.1231 0.0998 0.0810 0.1655 0.0439 0.1706 
        D395  2 0.0168 0.0234 0.3245 0.4517 0.0567 0.0164 0.0648 0.0226 0.0231 
        D401  2 0.8115 0.0218 0.0255 0.0156 0.0259 0.0200 0.0265 0.0360 0.0173 
        D402  2 0.0278 0.0677 0.7157 0.0627 0.0331 0.0227 0.0294 0.0234 0.0175 
        D403  2 0.0445 0.0464 0.0299 0.0813 0.1873 0.1986 0.2916 0.0287 0.0915 
        D415  2 0.0962 0.0235 0.0261 0.0411 0.1214 0.4611 0.1603 0.0171 0.0531 
        D435  2 0.0496 0.0522 0.1266 0.0325 0.0483 0.5696 0.0649 0.0199 0.0364 
        D436  2 0.0338 0.0302 0.0361 0.4719 0.0968 0.1616 0.0748 0.0484 0.0464 
        D438  2 0.0163 0.0229 0.8439 0.0193 0.0165 0.0142 0.0227 0.0247 0.0195 
        D439  2 0.0640 0.0421 0.1024 0.3959 0.0911 0.0722 0.1460 0.0200 0.0663 
        D449  2 0.0349 0.0380 0.4943 0.0258 0.0626 0.1306 0.1496 0.0259 0.0383 
        D450  2 0.0449 0.0928 0.0285 0.1458 0.2226 0.0962 0.1677 0.1390 0.0625 
        D456  2 0.0149 0.0316 0.0137 0.0183 0.0409 0.8058 0.0277 0.0218 0.0253 
        D462  2 0.0129 0.0256 0.7814 0.0687 0.0229 0.0286 0.0224 0.0167 0.0206 
        D463  2 0.0233 0.0177 0.0144 0.0293 0.0246 0.8056 0.0342 0.0344 0.0165 
        D464  2 0.0234 0.0281 0.0745 0.3411 0.1371 0.0555 0.2831 0.0376 0.0196 
        D465  2 0.0997 0.0387 0.4587 0.0327 0.0623 0.1793 0.0739 0.0209 0.0337 
        D473  2 0.1344 0.0571 0.0368 0.1303 0.0666 0.0279 0.0602 0.4192 0.0675 
        D474  2 0.0556 0.1306 0.0541 0.0242 0.0396 0.5135 0.0579 0.0604 0.0641 
        D476  2 0.0150 0.0366 0.0957 0.3304 0.0433 0.0257 0.0492 0.0162 0.3878 
        D477  2 0.1721 0.1333 0.0321 0.1690 0.0834 0.2242 0.0868 0.0664 0.0327 
        D478  2 0.0424 0.0482 0.0942 0.1004 0.1229 0.0429 0.1569 0.0903 0.3018 
        D480  2 0.0324 0.1715 0.0875 0.1536 0.1067 0.1845 0.1210 0.1193 0.0235 
        D481  2 0.0773 0.0611 0.0850 0.1006 0.0801 0.2331 0.1218 0.0942 0.1466 
        D482  2 0.0914 0.2216 0.0379 0.2767 0.0974 0.0287 0.1093 0.0859 0.0512 
        D483  2 0.0216 0.0225 0.8064 0.0153 0.0177 0.0159 0.0191 0.0615 0.0199 
        D484  2 0.0182 0.0225 0.0279 0.8411 0.0193 0.0116 0.0195 0.0224 0.0174 
        D510  2 0.0376 0.1041 0.0330 0.0900 0.0487 0.0267 0.0537 0.5832 0.0230 
        D511  2 0.0429 0.0618 0.1245 0.4299 0.0866 0.0882 0.0962 0.0218 0.0482 
        D512  2 0.4978 0.0473 0.1372 0.0464 0.0956 0.0223 0.0970 0.0157 0.0405 
        D513  2 0.0470 0.0951 0.4357 0.0350 0.0817 0.0905 0.1123 0.0648 0.0380 
        D635  2 0.0446 0.0333 0.0438 0.0189 0.0635 0.2047 0.0949 0.0321 0.4642 
        D636  2 0.0504 0.0142 0.0211 0.0146 0.0198 0.0262 0.0279 0.0240 0.8018 
        D637  2 0.0871 0.0822 0.1531 0.2746 0.1403 0.0282 0.1375 0.0617 0.0353 
        D658  2 0.0562 0.0261 0.4477 0.2283 0.0682 0.0247 0.0419 0.0821 0.0249 
        D659  2 0.0185 0.0548 0.0277 0.0398 0.0347 0.6687 0.0421 0.0360 0.0779 
        D677  2 0.0819 0.0904 0.0451 0.0509 0.1384 0.3296 0.1266 0.0231 0.1141 
        D678  2 0.0458 0.0319 0.6548 0.0343 0.0789 0.0215 0.0841 0.0176 0.0313 
        D679  2 0.0490 0.1209 0.0596 0.0427 0.0853 0.4045 0.1310 0.0601 0.0470 
        D719  2 0.0895 0.0874 0.1624 0.0334 0.0379 0.1259 0.0515 0.3942 0.0179 
        D720  2 0.0316 0.0359 0.0338 0.0243 0.0444 0.6563 0.0513 0.0909 0.0315 
        D721  2 0.0199 0.0289 0.0528 0.0246 0.0310 0.0475 0.0408 0.0312 0.7233 
        D722  2 0.1470 0.0475 0.0704 0.2219 0.0601 0.0317 0.0792 0.3142 0.0281 
        D734  2 0.0181 0.0510 0.0977 0.4296 0.0490 0.0259 0.0584 0.2526 0.0177 
        D735  2 0.1339 0.0988 0.0673 0.0579 0.1810 0.1599 0.1576 0.0862 0.0573 
        D736  2 0.0591 0.2387 0.0583 0.0543 0.0445 0.0676 0.0722 0.3556 0.0497 
        D737  2 0.0391 0.0559 0.6072 0.0860 0.0456 0.0173 0.0486 0.0396 0.0608 
        D807  2 0.1427 0.1338 0.0696 0.0937 0.1056 0.1479 0.0814 0.1748 0.0505 
        D808  2 0.1726 0.0883 0.1440 0.0470 0.1997 0.0527 0.1784 0.0322 0.0851 
        D817  2 0.1503 0.0641 0.0373 0.1197 0.1005 0.3308 0.1205 0.0366 0.0402 
        D818  2 0.0206 0.1636 0.1967 0.0390 0.1806 0.0490 0.2153 0.0229 0.1123 
        D819  2 0.3666 0.0563 0.0419 0.0331 0.1044 0.1480 0.1366 0.0452 0.0679 
        D820  2 0.0175 0.0378 0.0383 0.0650 0.0493 0.6922 0.0501 0.0249 0.0249 
        D895  2 0.1075 0.0378 0.0393 0.0367 0.0712 0.3817 0.1694 0.0391 0.1174 
        D896  2 0.8377 0.0156 0.0156 0.0199 0.0233 0.0205 0.0185 0.0287 0.0203 
        D897  2 0.0646 0.1116 0.4603 0.0411 0.1109 0.0286 0.1157 0.0307 0.0366 
        D898  2 0.2854 0.1405 0.0459 0.0682 0.1566 0.0486 0.1781 0.0410 0.0356 
        D918  2 0.1518 0.1082 0.0812 0.0793 0.1944 0.0383 0.1898 0.0524 0.1046 
        D919  2 0.0262 0.0696 0.1412 0.3217 0.0910 0.1427 0.1271 0.0229 0.0576 
        D920  2 0.0344 0.0290 0.0301 0.0375 0.0880 0.0365 0.0477 0.0878 0.6091 
        D923  2 0.0340 0.0297 0.0490 0.0955 0.0588 0.6060 0.0619 0.0310 0.0342 
        D930  2 0.0832 0.0834 0.0462 0.1518 0.1409 0.1560 0.1868 0.1230 0.0286 
        D931  2 0.0573 0.0658 0.1560 0.2086 0.0809 0.2534 0.0906 0.0444 0.0430 
        D968  2 0.0156 0.0591 0.7881 0.0268 0.0212 0.0282 0.0280 0.0160 0.0171 
        D969  2 0.0599 0.1775 0.2365 0.0346 0.0845 0.1972 0.1029 0.0646 0.0422 
        D977  2 0.0187 0.0428 0.6626 0.0341 0.0646 0.0336 0.0886 0.0221 0.0328 
        D978  2 0.0230 0.3748 0.1018 0.0318 0.2358 0.0213 0.1535 0.0308 0.0274 
        D211  3 0.0218 0.0502 0.0207 0.0329 0.2269 0.0554 0.0740 0.0262 0.4920 
     D229639  3 0.0819 0.4402 0.0613 0.0285 0.0609 0.0916 0.1004 0.1019 0.0334 
     D237212  3 0.0885 0.2613 0.0751 0.1483 0.1258 0.0688 0.1236 0.0246 0.0839 
     D237213  3 0.2942 0.0712 0.0368 0.1374 0.1703 0.0524 0.1461 0.0180 0.0735 
     D237214  3 0.0161 0.0134 0.0152 0.0188 0.0351 0.0258 0.0546 0.0267 0.7944 
     D237215  3 0.0522 0.0907 0.6148 0.0424 0.0378 0.0178 0.0538 0.0691 0.0213 
     D237216  3 0.0414 0.0384 0.0277 0.0379 0.2364 0.0572 0.4571 0.0277 0.0763 
     D237217  3 0.0743 0.0797 0.0271 0.0215 0.1768 0.1107 0.2778 0.0165 0.2156 
     D237218  3 0.0291 0.4539 0.0447 0.0690 0.1640 0.0523 0.0903 0.0594 0.0375 
     D237219  3 0.2691 0.1846 0.0274 0.0190 0.1284 0.0486 0.1375 0.0860 0.0994 
     D237382  3 0.1547 0.0549 0.0747 0.0975 0.2520 0.0913 0.1161 0.1022 0.0566 
     D244127  3 0.5547 0.0708 0.0747 0.0361 0.0860 0.0240 0.0867 0.0225 0.0444 
     D244129  3 0.2094 0.0988 0.0820 0.0725 0.1235 0.0934 0.1749 0.0416 0.1039 
     D244133  3 0.0790 0.0896 0.1739 0.0218 0.1137 0.1007 0.1892 0.1269 0.1052 
     D244134  3 0.0919 0.4740 0.0284 0.0228 0.0368 0.0319 0.0597 0.2190 0.0352 
     D244135  3 0.0222 0.0306 0.0497 0.0199 0.0372 0.0425 0.0527 0.0187 0.7264 
     D244136  3 0.0726 0.0833 0.0897 0.0428 0.0886 0.1974 0.1457 0.1993 0.0806 
        D416  3 0.1264 0.1141 0.1422 0.0423 0.1212 0.1539 0.1956 0.0372 0.0672 
        D417  3 0.0434 0.0514 0.0193 0.0343 0.1189 0.5965 0.0701 0.0301 0.0360 
        D419  3 0.1770 0.2227 0.0751 0.0339 0.0954 0.1048 0.1450 0.0653 0.0807 
        D565  3 0.0198 0.0382 0.0158 0.0178 0.0258 0.0421 0.0299 0.7909 0.0196 
        D566  3 0.0842 0.2682 0.0650 0.0327 0.0736 0.0795 0.0897 0.2765 0.0307 
        D567  3 0.1143 0.0270 0.0440 0.0504 0.0588 0.5018 0.0720 0.0329 0.0987 
        D568  3 0.0959 0.1015 0.1327 0.1127 0.0900 0.1605 0.1248 0.0160 0.1660 
        D569  3 0.0325 0.0470 0.1033 0.4961 0.0924 0.0260 0.0944 0.0389 0.0694 
        D573  3 0.0506 0.2857 0.2673 0.0261 0.0697 0.1665 0.0880 0.0247 0.0214 
        D574  3 0.0610 0.1107 0.0525 0.0394 0.1095 0.0419 0.1036 0.4177 0.0636 
        D575  3 0.2338 0.1155 0.0521 0.0349 0.0885 0.0911 0.1354 0.1299 0.1188 
        D576  3 0.0193 0.0739 0.6713 0.0466 0.0505 0.0101 0.0650 0.0277 0.0356 
        D577  3 0.0329 0.0496 0.0336 0.0449 0.0920 0.4526 0.1085 0.0569 0.1291 
        D578  3 0.0249 0.0176 0.0247 0.0155 0.0296 0.0211 0.0285 0.0141 0.8241 
        D579  3 0.0625 0.2192 0.0594 0.0785 0.0978 0.1743 0.0952 0.1546 0.0585 
        D660  3 0.0710 0.0535 0.5632 0.0349 0.0768 0.0215 0.1052 0.0188 0.0552 
        D661  3 0.0269 0.3454 0.1668 0.0536 0.1966 0.0308 0.0974 0.0186 0.0639 
        D663  3 0.0244 0.4373 0.0854 0.0680 0.1063 0.0719 0.1446 0.0225 0.0396 
        D664  3 0.1466 0.0795 0.1782 0.0359 0.1311 0.0221 0.1966 0.0646 0.1453 
        D665  3 0.0894 0.0456 0.0399 0.0854 0.3305 0.0168 0.2980 0.0131 0.0815 
        D666  3 0.4149 0.0899 0.0273 0.0336 0.0897 0.0886 0.0853 0.1010 0.0697 
        D009  4 0.1029 0.0887 0.0223 0.0856 0.2225 0.1461 0.1672 0.0380 0.1265 
        D057  4 0.0183 0.0747 0.2088 0.2197 0.0555 0.0419 0.0617 0.0326 0.2869 
        D109  4 0.4889 0.0392 0.0196 0.0321 0.1027 0.0434 0.1539 0.0531 0.0670 
     D237222  4 0.0455 0.0279 0.0392 0.0446 0.0930 0.0375 0.0526 0.1272 0.5327 
     D237223  4 0.1056 0.0690 0.0636 0.0921 0.2086 0.0481 0.1531 0.1265 0.1333 
     D237224  4 0.0639 0.1988 0.2023 0.1425 0.0749 0.1251 0.0973 0.0374 0.0578 
     D237225  4 0.0650 0.0997 0.0362 0.0448 0.2089 0.1587 0.2390 0.0591 0.0886 
     D237299  4 0.0482 0.2878 0.0210 0.0329 0.3290 0.0198 0.1548 0.0371 0.0693 
     D237300  4 0.0324 0.7301 0.0448 0.0229 0.0383 0.0169 0.0547 0.0391 0.0208 
     D237306  4 0.1206 0.0476 0.0257 0.1027 0.0918 0.0875 0.0646 0.4243 0.0353 
     D237307  4 0.0469 0.0852 0.0429 0.0314 0.0977 0.3769 0.0797 0.1964 0.0429 
     D237308  4 0.0877 0.0381 0.4268 0.1474 0.0585 0.0410 0.0695 0.0706 0.0603 
     D237309  4 0.0922 0.0754 0.0527 0.0964 0.1521 0.1321 0.1912 0.0300 0.1779 
     D237317  4 0.0688 0.0511 0.0339 0.0323 0.0979 0.1763 0.1957 0.2689 0.0751 
     D237318  4 0.0277 0.7148 0.0614 0.0169 0.0393 0.0295 0.0594 0.0301 0.0209 
     D237319  4 0.1168 0.1017 0.0507 0.0524 0.2057 0.0691 0.2027 0.0401 0.1608 
     D237320  4 0.1029 0.2654 0.0620 0.0250 0.2038 0.0811 0.0716 0.0349 0.1532 
     D237321  4 0.0527 0.4412 0.1258 0.0380 0.0785 0.0553 0.0906 0.0593 0.0587 
     D237397  4 0.0793 0.2330 0.0732 0.0327 0.1536 0.0631 0.1127 0.1582 0.0942 
     D237398  4 0.0212 0.6814 0.0325 0.0320 0.0863 0.0524 0.0463 0.0157 0.0322 
     D237399  4 0.0593 0.2890 0.0492 0.0534 0.1056 0.0879 0.0879 0.1589 0.1088 
     D244001  4 0.0316 0.0463 0.0866 0.0675 0.0963 0.0323 0.0623 0.0393 0.5377 
        D289  4 0.0399 0.1203 0.0717 0.1678 0.0837 0.0690 0.0854 0.2988 0.0636 
        D290  4 0.0483 0.1326 0.0504 0.0917 0.2900 0.0764 0.2223 0.0259 0.0624 
        D294  4 0.0254 0.1199 0.0416 0.2039 0.2339 0.0808 0.1844 0.0439 0.0661 
        D295  4 0.1912 0.0682 0.0278 0.0762 0.1718 0.2916 0.0857 0.0472 0.0403 
        D301  4 0.0577 0.1202 0.0481 0.0526 0.0628 0.0261 0.0471 0.0686 0.5168 
        D302  4 0.0210 0.0311 0.0164 0.6253 0.0709 0.1014 0.0793 0.0181 0.0365 
        D303  4 0.0929 0.0350 0.0591 0.1002 0.0517 0.0366 0.0628 0.5392 0.0225 
        D304  4 0.0356 0.2244 0.0391 0.0526 0.2492 0.0665 0.1935 0.0786 0.0606 
        D305  4 0.0412 0.0433 0.0995 0.2487 0.1499 0.0230 0.3400 0.0138 0.0406 
        D306  4 0.0364 0.0315 0.0289 0.0778 0.3008 0.0530 0.3847 0.0362 0.0507 
        D307  4 0.0384 0.0480 0.0272 0.0337 0.0339 0.0212 0.0395 0.0731 0.6849 
        D327  4 0.0303 0.0590 0.0612 0.0452 0.0804 0.5056 0.0850 0.0825 0.0506 
        D328  4 0.0774 0.0322 0.0293 0.5663 0.0533 0.0258 0.0482 0.1392 0.0283 
        D329  4 0.0961 0.0978 0.1271 0.1451 0.1705 0.0595 0.1811 0.0406 0.0823 
        D330  4 0.1983 0.0239 0.0911 0.0893 0.1364 0.2375 0.1204 0.0171 0.0859 
        D331  4 0.0907 0.1971 0.0541 0.0575 0.1603 0.1487 0.1285 0.0915 0.0717 
        D333  4 0.1073 0.1387 0.0730 0.1778 0.1625 0.0764 0.1050 0.0952 0.0641 
        D334  4 0.0236 0.0547 0.0224 0.0450 0.0990 0.0729 0.0853 0.5182 0.0787 
        D335  4 0.0432 0.0231 0.0566 0.4807 0.0616 0.2118 0.0617 0.0290 0.0324 
        D370  4 0.3742 0.0363 0.0455 0.2287 0.0592 0.0398 0.0980 0.0804 0.0380 
        D371  4 0.0242 0.0271 0.0268 0.0371 0.0259 0.1030 0.0446 0.6925 0.0188 
        D372  4 0.0339 0.5603 0.0715 0.0224 0.1165 0.0132 0.1384 0.0235 0.0204 
        D373  4 0.0264 0.0755 0.0585 0.0405 0.0491 0.0375 0.0517 0.0271 0.6337 
        D455  4 0.0302 0.0442 0.0356 0.0467 0.0382 0.0335 0.0369 0.0277 0.7068 
        D490  4 0.0241 0.0281 0.0122 0.0282 0.0674 0.0283 0.0305 0.0236 0.7575 
        D497  4 0.0511 0.0455 0.0235 0.0806 0.0984 0.0180 0.0613 0.0164 0.6050 
        D498  4 0.2059 0.1345 0.0471 0.0673 0.1798 0.0749 0.1225 0.1091 0.0589 
        D499  4 0.0952 0.1442 0.2054 0.0976 0.1632 0.0246 0.1291 0.1189 0.0219 
        D514  4 0.0821 0.0666 0.0380 0.1645 0.1595 0.2889 0.1319 0.0208 0.0477 
        D515  4 0.0899 0.0921 0.0420 0.1205 0.3220 0.0523 0.1101 0.0245 0.1466 
        D516  4 0.2661 0.0762 0.0719 0.0285 0.1373 0.1780 0.1114 0.0542 0.0765 
        D517  4 0.0374 0.0543 0.0395 0.0277 0.0796 0.0613 0.1231 0.0221 0.5550 
        D518  4 0.0213 0.0304 0.0657 0.3718 0.0649 0.0505 0.0352 0.0987 0.2615 
        D519  4 0.0815 0.2843 0.0357 0.0219 0.2899 0.0502 0.0673 0.0227 0.1465 
        D560  4 0.0287 0.3071 0.0435 0.0432 0.3245 0.0706 0.0801 0.0213 0.0809 
        D561  4 0.0384 0.0298 0.0776 0.0414 0.2169 0.0799 0.1904 0.0165 0.3091 
        D562  4 0.0548 0.0760 0.0916 0.1342 0.1300 0.0498 0.2031 0.0726 0.1878 
        D563  4 0.0474 0.0676 0.4546 0.1035 0.0924 0.0281 0.1253 0.0187 0.0625 
        D572  4 0.0215 0.0411 0.0385 0.6014 0.0598 0.0644 0.0613 0.0340 0.0780 
        D629  4 0.0504 0.0957 0.0294 0.0682 0.0934 0.2170 0.1163 0.0305 0.2990 
        D630  4 0.0334 0.1090 0.0429 0.1510 0.1735 0.1175 0.1020 0.0594 0.2113 
        D631  4 0.0202 0.0810 0.1794 0.3873 0.1382 0.0326 0.0784 0.0321 0.0506 
        D632  4 0.0824 0.0203 0.1832 0.1466 0.0396 0.0496 0.0465 0.0241 0.4075 
        D646  4 0.1927 0.0975 0.0729 0.0385 0.0992 0.2861 0.1162 0.0321 0.0648 
        D647  4 0.0787 0.0606 0.0603 0.0663 0.0812 0.4910 0.0686 0.0142 0.0790 
        D648  4 0.0171 0.0161 0.0325 0.7622 0.0692 0.0161 0.0209 0.0484 0.0176 
        D649  4 0.3134 0.0402 0.0241 0.1180 0.0681 0.2547 0.0767 0.0264 0.0784 
        D650  4 0.0716 0.1311 0.0289 0.1071 0.1455 0.1763 0.1160 0.1092 0.1145 
        D708  4 0.0577 0.1211 0.0313 0.2027 0.1510 0.0530 0.1455 0.1878 0.0499 
        D709  4 0.2746 0.0406 0.0446 0.1207 0.2093 0.0342 0.2122 0.0380 0.0259 
        D738  4 0.1561 0.0414 0.0169 0.0321 0.0726 0.0939 0.0481 0.4684 0.0705 
        D739  4 0.0525 0.0834 0.0343 0.0963 0.2719 0.0325 0.1415 0.0439 0.2435 
        D740  4 0.1530 0.1513 0.0542 0.0533 0.1883 0.0250 0.2033 0.1202 0.0514 
        D741  4 0.1001 0.0930 0.0833 0.0372 0.2176 0.1684 0.2086 0.0218 0.0700 
        D742  4 0.0533 0.1534 0.2724 0.0793 0.1130 0.0382 0.1190 0.1054 0.0660 
        D743  4 0.0221 0.0621 0.0551 0.2097 0.0559 0.4560 0.0578 0.0359 0.0453 
        D744  4 0.0382 0.0533 0.0672 0.5907 0.0923 0.0351 0.0645 0.0236 0.0351 
        D745  4 0.0668 0.2133 0.0190 0.0302 0.3301 0.0303 0.0904 0.0250 0.1950 
        D814  4 0.0155 0.1514 0.1879 0.0771 0.1784 0.0455 0.2381 0.0195 0.0866 
        D815  4 0.1136 0.0511 0.0442 0.4168 0.0856 0.1244 0.0896 0.0403 0.0345 
        D828  4 0.0409 0.0860 0.1171 0.3585 0.1573 0.0148 0.0892 0.0988 0.0375 
        D845  4 0.0197 0.7565 0.0376 0.0208 0.0324 0.0258 0.0405 0.0502 0.0165 
        D846  4 0.0245 0.0441 0.1970 0.2330 0.1015 0.1408 0.0949 0.0126 0.1516 
        D847  4 0.0482 0.1685 0.0595 0.0427 0.1538 0.0700 0.1253 0.0864 0.2454 
        D848  4 0.0193 0.1211 0.0802 0.0318 0.0449 0.0170 0.0538 0.0225 0.6094 
        D849  4 0.0678 0.0464 0.0467 0.0517 0.3517 0.0503 0.1619 0.0233 0.2001 
        D850  4 0.0427 0.1706 0.0551 0.0469 0.1071 0.1373 0.1553 0.0677 0.2172 
        D856  4 0.1975 0.0526 0.0317 0.0499 0.2875 0.0423 0.2322 0.0444 0.0620 
        D857  4 0.6365 0.0216 0.0997 0.0711 0.0530 0.0115 0.0387 0.0277 0.0402 
        D859  4 0.0301 0.0906 0.0404 0.5127 0.0975 0.0877 0.0747 0.0322 0.0340 
        D860  4 0.0336 0.1139 0.1223 0.0702 0.0350 0.0744 0.0650 0.4479 0.0377 
        D883  4 0.1485 0.0901 0.0354 0.0816 0.1050 0.2001 0.0878 0.0907 0.1607 
        D884  4 0.2348 0.0662 0.0207 0.1125 0.2420 0.0910 0.0965 0.0715 0.0648 
        D885  4 0.0434 0.2476 0.0640 0.0393 0.2071 0.1162 0.2061 0.0326 0.0436 
        D886  4 0.1408 0.0632 0.0820 0.0793 0.1697 0.1361 0.0934 0.0264 0.2091 
        D887  4 0.0824 0.2356 0.1113 0.1446 0.1142 0.0991 0.1082 0.0541 0.0505 
        D889  4 0.0205 0.5438 0.0155 0.0604 0.1806 0.0377 0.1031 0.0171 0.0214 
        D890  4 0.1750 0.0657 0.0885 0.1867 0.0954 0.0463 0.1358 0.0936 0.1131 
        D891  4 0.0151 0.8783 0.0180 0.0118 0.0204 0.0146 0.0172 0.0128 0.0118 
        D899  4 0.0369 0.1655 0.4788 0.0706 0.0650 0.0288 0.0517 0.0750 0.0277 
        D900  4 0.0701 0.0665 0.0993 0.1358 0.1552 0.1381 0.1641 0.0621 0.1087 
        D970  4 0.0653 0.1400 0.0864 0.1856 0.1207 0.1249 0.1204 0.0553 0.1014 
        D971  4 0.0583 0.0205 0.4325 0.1563 0.1075 0.0462 0.0851 0.0625 0.0311 
        D979  4 0.0230 0.0451 0.0396 0.2942 0.0672 0.3940 0.0732 0.0361 0.0277 
        D093  5 0.0346 0.0596 0.0251 0.0313 0.0455 0.0439 0.0508 0.6796 0.0296 
        D154  5 0.0490 0.2006 0.1284 0.0412 0.2500 0.0266 0.2293 0.0559 0.0189 
        D168  5 0.0943 0.1340 0.1794 0.0401 0.1736 0.0852 0.1848 0.0179 0.0908 
        D189  5 0.0472 0.2501 0.0398 0.0829 0.1334 0.0419 0.0807 0.2961 0.0279 
        D190  5 0.0510 0.0490 0.0306 0.0596 0.0414 0.0383 0.0391 0.6718 0.0191 
     D237220  5 0.0954 0.2544 0.0259 0.0468 0.2117 0.0239 0.1206 0.0968 0.1244 
     D237221  5 0.0560 0.2443 0.0943 0.0550 0.0809 0.0727 0.0793 0.2819 0.0356 
     D237274  5 0.0866 0.0263 0.0690 0.2039 0.0606 0.4189 0.0758 0.0246 0.0343 
     D237275  5 0.0540 0.0812 0.5697 0.0323 0.0963 0.0189 0.0907 0.0329 0.0240 
     D237276  5 0.1639 0.0658 0.0393 0.0624 0.2111 0.1345 0.1029 0.1548 0.0652 
     D237277  5 0.0548 0.1876 0.0654 0.0403 0.0446 0.0295 0.0544 0.5035 0.0200 
     D237278  5 0.0793 0.0332 0.3224 0.0653 0.0920 0.0530 0.1076 0.1899 0.0574 
     D237279  5 0.2336 0.0463 0.0227 0.0681 0.1955 0.0462 0.2654 0.0217 0.1006 
     D237280  5 0.4081 0.0297 0.0258 0.0345 0.0942 0.1220 0.1083 0.0803 0.0970 
     D237281  5 0.0304 0.3625 0.3098 0.0315 0.0570 0.0454 0.1078 0.0301 0.0256 
     D237351  5 0.6801 0.0465 0.0207 0.0267 0.0569 0.0273 0.0332 0.0731 0.0356 
     D237352  5 0.0524 0.0385 0.0728 0.1755 0.0700 0.0811 0.0857 0.0669 0.3571 
     D237353  5 0.0771 0.0644 0.0208 0.0311 0.0246 0.0208 0.0279 0.7196 0.0136 
     D237359  5 0.0519 0.3731 0.0251 0.0453 0.1831 0.0383 0.1333 0.0573 0.0926 
     D237361  5 0.0414 0.0379 0.0211 0.0235 0.0310 0.0244 0.0256 0.7770 0.0181 
     D237362  5 0.1464 0.1415 0.0556 0.0465 0.1416 0.1559 0.1511 0.1197 0.0418 
     D237363  5 0.0473 0.0690 0.0848 0.0232 0.2275 0.0352 0.4281 0.0507 0.0343 
     D237364  5 0.0606 0.1544 0.1023 0.1061 0.2743 0.0739 0.1273 0.0161 0.0851 
     D237376  5 0.0417 0.0414 0.0443 0.5510 0.1169 0.0155 0.0320 0.1376 0.0196 
     D237377  5 0.3975 0.0369 0.0409 0.0403 0.0858 0.0948 0.1477 0.1193 0.0367 
     D237378  5 0.0376 0.0713 0.1049 0.1256 0.0646 0.0228 0.0717 0.4522 0.0493 
     D237379  5 0.0334 0.0664 0.0456 0.3177 0.1197 0.0366 0.1157 0.2184 0.0465 
     D237380  5 0.4966 0.0203 0.0218 0.2414 0.0602 0.0301 0.0430 0.0572 0.0295 
     D237381  5 0.2917 0.0486 0.0711 0.1038 0.0718 0.0401 0.0735 0.0689 0.2306 
     D237391  5 0.0281 0.0765 0.0211 0.0200 0.0362 0.0314 0.0314 0.7333 0.0220 
     D237392  5 0.1126 0.0369 0.1754 0.1585 0.0746 0.2581 0.1060 0.0291 0.0488 
     D237393  5 0.1644 0.0472 0.0608 0.0412 0.0600 0.3271 0.0577 0.1918 0.0498 
     D237394  5 0.0265 0.0325 0.0119 0.0278 0.0189 0.0197 0.0204 0.8235 0.0188 
     D237395  5 0.0813 0.2200 0.0565 0.0373 0.1769 0.0317 0.0977 0.2375 0.0610 
     D237396  5 0.0872 0.0838 0.0790 0.0362 0.0774 0.2117 0.1437 0.1662 0.1148 
     D244016  5 0.0540 0.1236 0.0564 0.1617 0.1598 0.0223 0.2085 0.1894 0.0244 
     D244018  5 0.0553 0.0970 0.2720 0.0255 0.0767 0.0811 0.1128 0.2240 0.0556 
     D244019  5 0.0886 0.1436 0.1213 0.0903 0.1773 0.0909 0.2178 0.0405 0.0296 
        D279  5 0.0345 0.5161 0.0410 0.0420 0.1285 0.0336 0.1255 0.0488 0.0298 
        D280  5 0.0912 0.1595 0.0531 0.0300 0.1681 0.0809 0.2257 0.1197 0.0719 
        D281  5 0.0178 0.5114 0.1350 0.0333 0.0824 0.0283 0.1145 0.0606 0.0168 
        D283  5 0.1048 0.1456 0.0419 0.0349 0.0676 0.1145 0.1150 0.3417 0.0340 
        D284  5 0.0682 0.1353 0.0395 0.0564 0.2609 0.0721 0.1616 0.0286 0.1774 
        D285  5 0.0705 0.2560 0.0253 0.0596 0.0956 0.0676 0.0946 0.2933 0.0376 
        D286  5 0.0630 0.0962 0.0372 0.1767 0.1891 0.0898 0.1218 0.1634 0.0628 
        D287  5 0.0526 0.0542 0.0359 0.3938 0.1451 0.0172 0.1175 0.1380 0.0458 
        D288  5 0.1295 0.2603 0.0451 0.0307 0.0954 0.1352 0.1959 0.0725 0.0354 
        D308  5 0.7144 0.0272 0.0222 0.0238 0.0396 0.0760 0.0361 0.0356 0.0251 
        D309  5 0.0228 0.0219 0.0208 0.6561 0.1011 0.0344 0.0783 0.0238 0.0407 
        D310  5 0.0392 0.0374 0.0143 0.0231 0.0876 0.0209 0.1612 0.6020 0.0142 
        D311  5 0.0582 0.0645 0.0372 0.1931 0.1653 0.1400 0.1821 0.1117 0.0479 
        D312  5 0.0624 0.0856 0.0618 0.1963 0.1246 0.0947 0.1245 0.1531 0.0969 
        D313  5 0.4942 0.0181 0.0115 0.0133 0.0264 0.0175 0.0257 0.0298 0.3635 
        D314  5 0.0767 0.1967 0.0747 0.0895 0.2678 0.0284 0.1533 0.0698 0.0431 
        D315  5 0.1053 0.0507 0.0685 0.0651 0.0859 0.1987 0.1260 0.2303 0.0693 
        D317  5 0.0264 0.0333 0.0181 0.0193 0.0344 0.0581 0.0418 0.7358 0.0327 
        D318  5 0.0500 0.0746 0.1263 0.1406 0.1208 0.0852 0.2141 0.0643 0.1240 
        D319  5 0.0995 0.0365 0.0192 0.0250 0.0436 0.0307 0.0431 0.6860 0.0164 
        D320  5 0.0512 0.1220 0.0203 0.0677 0.0462 0.0268 0.0604 0.5750 0.0304 
        D321  5 0.6196 0.1072 0.0134 0.0197 0.0358 0.0836 0.0384 0.0584 0.0240 
        D336  5 0.0316 0.0208 0.0243 0.1373 0.0557 0.0271 0.0970 0.5795 0.0267 
        D337  5 0.0242 0.0547 0.0226 0.0277 0.0262 0.0266 0.0330 0.7708 0.0142 
        D338  5 0.0441 0.1934 0.0545 0.0336 0.2302 0.1433 0.1334 0.1223 0.0451 
        D339  5 0.0886 0.0832 0.0385 0.0232 0.0888 0.0512 0.1088 0.4929 0.0247 
        D347  5 0.0674 0.0577 0.1416 0.2312 0.1425 0.1477 0.1252 0.0462 0.0404 
        D348  5 0.0327 0.0307 0.0294 0.1468 0.0482 0.0255 0.0527 0.6122 0.0219 
        D349  5 0.8370 0.0222 0.0173 0.0215 0.0160 0.0172 0.0194 0.0310 0.0183 
        D350  5 0.0208 0.0474 0.0268 0.7312 0.0567 0.0217 0.0521 0.0197 0.0236 
        D355  5 0.0403 0.3136 0.0742 0.0859 0.1467 0.1125 0.1796 0.0260 0.0212 
        D356  5 0.0641 0.0971 0.0338 0.0706 0.0978 0.1521 0.1045 0.2408 0.1393 
        D357  5 0.1318 0.1051 0.0385 0.1645 0.2039 0.0555 0.1978 0.0691 0.0339 
        D358  5 0.0894 0.0618 0.0531 0.1673 0.0692 0.0330 0.1350 0.3281 0.0631 
        D359  5 0.1090 0.0831 0.0222 0.0694 0.0662 0.1843 0.0906 0.3557 0.0196 
        D360  5 0.0448 0.0686 0.0197 0.0441 0.0849 0.0981 0.0781 0.4004 0.1613 
        D361  5 0.8287 0.0171 0.0206 0.0158 0.0216 0.0285 0.0248 0.0257 0.0171 
        D366  5 0.0282 0.0271 0.2680 0.0221 0.0332 0.5133 0.0567 0.0252 0.0261 
        D367  5 0.0990 0.0554 0.0210 0.1078 0.1497 0.0267 0.1131 0.3914 0.0359 
        D368  5 0.3601 0.0666 0.0193 0.0399 0.1382 0.0595 0.1506 0.1393 0.0264 
        D380  5 0.0675 0.0829 0.0494 0.3057 0.1544 0.0387 0.2085 0.0314 0.0614 
        D381  5 0.0878 0.1085 0.0379 0.0478 0.1103 0.0714 0.1101 0.4062 0.0200 
        D400  5 0.0384 0.1668 0.1076 0.1070 0.1842 0.0826 0.1102 0.1615 0.0417 
        D411  5 0.0632 0.0307 0.0292 0.0389 0.0935 0.0249 0.0623 0.0132 0.6441 
        D412  5 0.1049 0.0622 0.0844 0.0588 0.1956 0.0661 0.2912 0.0647 0.0722 
        D413  5 0.0267 0.0432 0.5310 0.0528 0.0685 0.0872 0.0721 0.0315 0.0870 
        D414  5 0.0275 0.0998 0.0618 0.6365 0.0558 0.0336 0.0498 0.0174 0.0178 
        D420  5 0.0625 0.3085 0.0271 0.0417 0.1449 0.0207 0.1431 0.0420 0.2096 
        D431  5 0.1292 0.1935 0.0372 0.2289 0.1606 0.0172 0.1564 0.0473 0.0297 
        D432  5 0.0624 0.0712 0.0734 0.0483 0.0700 0.0696 0.1035 0.4039 0.0977 
        D433  5 0.1990 0.1234 0.0461 0.0400 0.0544 0.0747 0.0608 0.3837 0.0180 
        D434  5 0.1723 0.0805 0.0285 0.0438 0.0908 0.0645 0.1156 0.3644 0.0395 
        D440  5 0.0329 0.0359 0.0186 0.6624 0.1081 0.0336 0.0664 0.0261 0.0160 
        D447  5 0.0560 0.0419 0.0828 0.1464 0.1104 0.2050 0.1959 0.0225 0.1393 
        D448  5 0.0466 0.0725 0.0621 0.1590 0.1184 0.0692 0.1170 0.3309 0.0244 
        D459  5 0.0325 0.3054 0.3652 0.0537 0.0478 0.0774 0.0718 0.0282 0.0181 
        D460  5 0.7508 0.0257 0.0174 0.0209 0.0252 0.0481 0.0261 0.0668 0.0190 
        D461  5 0.0278 0.0223 0.0168 0.6566 0.0608 0.1264 0.0432 0.0257 0.0204 
        D468  5 0.1762 0.0502 0.0565 0.0546 0.1592 0.1648 0.1928 0.0978 0.0480 
        D469  5 0.0873 0.0587 0.0292 0.0633 0.1093 0.4595 0.0814 0.0551 0.0563 
        D470  5 0.0436 0.0480 0.0379 0.1303 0.2809 0.0921 0.1144 0.0746 0.1782 
        D471  5 0.0390 0.1505 0.0405 0.1175 0.0888 0.0841 0.0669 0.3961 0.0167 
        D472  5 0.0263 0.0677 0.1041 0.0180 0.0260 0.6767 0.0429 0.0212 0.0171 
        D479  5 0.0313 0.0205 0.6421 0.1366 0.0414 0.0404 0.0424 0.0248 0.0205 
        D485  5 0.0404 0.0364 0.0447 0.5616 0.1374 0.0310 0.0697 0.0372 0.0416 
        D486  5 0.1102 0.0409 0.0463 0.0915 0.2417 0.1062 0.1852 0.0763 0.1018 
        D487  5 0.0505 0.2641 0.1185 0.1408 0.1236 0.0315 0.1073 0.1268 0.0370 
        D555  5 0.0336 0.0408 0.0510 0.0307 0.0300 0.0285 0.0463 0.7141 0.0250 
        D556  5 0.1418 0.3261 0.0318 0.1593 0.0942 0.0335 0.0827 0.0860 0.0446 
        D557  5 0.0629 0.0336 0.0475 0.0434 0.0266 0.0379 0.0475 0.6825 0.0182 
        D564  5 0.1473 0.0306 0.0517 0.2841 0.0755 0.0456 0.0794 0.2174 0.0684 
        D594  5 0.1401 0.0407 0.0871 0.1365 0.1602 0.1651 0.1759 0.0523 0.0419 
        D595  5 0.0815 0.0862 0.0850 0.0662 0.0761 0.1680 0.1314 0.2556 0.0500 
        D596  5 0.0448 0.0398 0.0373 0.0216 0.0241 0.0230 0.0305 0.7547 0.0242 
        D597  5 0.0411 0.2004 0.1619 0.0708 0.0590 0.1011 0.0771 0.2610 0.0275 
        D598  5 0.0818 0.0749 0.0465 0.0931 0.0852 0.0782 0.1020 0.3032 0.1350 
        D617  5 0.0649 0.0525 0.1466 0.0268 0.0840 0.0332 0.1084 0.0163 0.4673 
        D618  5 0.0778 0.2065 0.0386 0.0558 0.0565 0.0477 0.0514 0.4365 0.0292 
        D619  5 0.4912 0.0308 0.0495 0.0958 0.0474 0.1183 0.0779 0.0664 0.0225 
        D620  5 0.0270 0.0737 0.6701 0.0184 0.0335 0.0867 0.0304 0.0331 0.0271 
        D628  5 0.0320 0.0276 0.0225 0.6933 0.0482 0.0232 0.0469 0.0474 0.0590 
        D714  5 0.0361 0.2419 0.0431 0.4099 0.0587 0.0194 0.0852 0.0723 0.0334 
        D715  5 0.0300 0.1764 0.0296 0.0304 0.0389 0.0496 0.0420 0.5819 0.0210 
        D716  5 0.0260 0.0745 0.1006 0.2824 0.1745 0.0873 0.1661 0.0478 0.0408 
        D717  5 0.1020 0.1417 0.0390 0.0782 0.1104 0.1671 0.1105 0.1625 0.0887 
        D718  5 0.0995 0.0796 0.0435 0.1762 0.2444 0.0278 0.2043 0.0829 0.0419 
        D769  5 0.0413 0.0461 0.1015 0.0886 0.1105 0.0337 0.0920 0.0336 0.4528 
        D770  5 0.0469 0.0980 0.1855 0.3669 0.0806 0.0377 0.1054 0.0508 0.0282 
        D771  5 0.0624 0.1377 0.1856 0.1300 0.1589 0.0447 0.1400 0.0601 0.0804 
        D772  5 0.0386 0.0699 0.0324 0.5268 0.0696 0.0330 0.0660 0.1209 0.0428 
        D782  5 0.1836 0.1965 0.0521 0.0337 0.1585 0.0462 0.2264 0.0405 0.0624 
        D783  5 0.0393 0.0766 0.2449 0.3282 0.0770 0.0198 0.0979 0.0836 0.0328 
        D784  5 0.0513 0.1873 0.0454 0.1401 0.1155 0.1419 0.1444 0.1084 0.0658 
        D785  5 0.1586 0.0570 0.0186 0.1012 0.0453 0.0384 0.0516 0.4964 0.0330 
        D786  5 0.0708 0.0327 0.0691 0.1452 0.0801 0.1373 0.0631 0.0230 0.3788 
        D821  5 0.0199 0.0451 0.0124 0.0333 0.0153 0.0138 0.0193 0.8296 0.0114 
        D822  5 0.1123 0.0916 0.0828 0.1251 0.1304 0.1358 0.2063 0.0889 0.0269 
        D826  5 0.0837 0.2418 0.1030 0.0470 0.1042 0.0695 0.1039 0.2200 0.0269 
        D827  5 0.0424 0.0708 0.0702 0.1217 0.1464 0.2346 0.1850 0.0401 0.0888 
        D851  5 0.0674 0.0939 0.0548 0.0673 0.2356 0.0462 0.2731 0.0907 0.0711 
        D852  5 0.1046 0.2602 0.0662 0.2421 0.0907 0.0241 0.0705 0.1041 0.0375 
        D853  5 0.0665 0.2687 0.0459 0.0548 0.1506 0.0561 0.1077 0.1975 0.0523 
        D854  5 0.1173 0.1937 0.0895 0.0945 0.2018 0.0815 0.1700 0.0199 0.0318 
        D861  5 0.1233 0.1439 0.0836 0.0485 0.1935 0.0570 0.2202 0.0866 0.0434 
        D862  5 0.0993 0.0592 0.0280 0.1085 0.1073 0.2664 0.1017 0.1884 0.0412 
        D865  5 0.1406 0.0768 0.0818 0.0499 0.0653 0.0283 0.0824 0.4460 0.0288 
        D868  5 0.0336 0.0648 0.0234 0.0275 0.0575 0.6550 0.0453 0.0634 0.0295 
        D869  5 0.0675 0.0282 0.0366 0.0197 0.0597 0.0495 0.0603 0.0465 0.6320 
        D870  5 0.0266 0.0204 0.0771 0.0249 0.2480 0.0351 0.2049 0.0168 0.3462 
        D907  5 0.0811 0.0366 0.0302 0.0270 0.1095 0.0412 0.1370 0.4817 0.0556 
        D908  5 0.1745 0.2670 0.1300 0.1304 0.0549 0.0221 0.0594 0.1386 0.0230 
        D910  5 0.0647 0.2091 0.1618 0.0686 0.0878 0.0923 0.0961 0.1912 0.0284 
        D911  5 0.0194 0.5472 0.0297 0.0355 0.1067 0.0817 0.1323 0.0287 0.0187 
        D934  5 0.0573 0.2523 0.1405 0.1961 0.1358 0.0403 0.1159 0.0343 0.0273 
        D946  5 0.1166 0.1512 0.0527 0.3660 0.1355 0.0183 0.0930 0.0375 0.0293 
        D947  5 0.0506 0.2122 0.0290 0.1664 0.2050 0.1206 0.1332 0.0311 0.0519 
        D948  5 0.7699 0.0280 0.0196 0.0146 0.0176 0.0321 0.0189 0.0823 0.0170 
        D949  5 0.7557 0.0302 0.0145 0.0160 0.0310 0.0467 0.0272 0.0574 0.0212 
        D950  5 0.0303 0.5598 0.0560 0.0261 0.0681 0.0705 0.1455 0.0282 0.0153 
        D951  5 0.0825 0.0199 0.0698 0.1384 0.1341 0.1688 0.3054 0.0250 0.0560 
        D952  5 0.0576 0.0765 0.0337 0.0335 0.0511 0.6061 0.0572 0.0554 0.0289 
        D953  5 0.0966 0.1071 0.0300 0.0477 0.0676 0.0731 0.0748 0.4609 0.0421 
        D954  5 0.1168 0.0490 0.0372 0.0309 0.0768 0.3213 0.1105 0.2360 0.0215 
        D961  5 0.0461 0.0622 0.0255 0.5266 0.1618 0.0165 0.0808 0.0569 0.0235 
        D962  5 0.0388 0.0244 0.0172 0.4041 0.0495 0.0375 0.0500 0.3435 0.0350 
        D963  5 0.0343 0.1204 0.0484 0.1245 0.0917 0.2149 0.0817 0.2475 0.0366 
        D964  5 0.0680 0.1699 0.0616 0.1336 0.2347 0.0312 0.1501 0.0390 0.1118 
        D965  5 0.0441 0.0401 0.0694 0.5201 0.0988 0.0381 0.0825 0.0420 0.0650 
        D966  5 0.0398 0.0977 0.0989 0.1529 0.0806 0.1466 0.1619 0.1713 0.0503 
        D967  5 0.2331 0.2083 0.1161 0.0382 0.0749 0.0234 0.1014 0.1524 0.0522 
        D991  5 0.0819 0.0589 0.0316 0.2970 0.1407 0.0649 0.1167 0.0819 0.1264 
        D502  6 0.0401 0.0369 0.1229 0.1787 0.2950 0.0172 0.2264 0.0108 0.0720 
        D503  6 0.0774 0.2680 0.1190 0.0263 0.1642 0.0317 0.1600 0.0661 0.0873 
        D504  6 0.0886 0.1562 0.0433 0.1237 0.0968 0.1998 0.1324 0.0955 0.0637 
        D505  6 0.0526 0.0614 0.1311 0.0950 0.0932 0.0841 0.1597 0.2013 0.1216 
        D506  6 0.0198 0.0275 0.0156 0.0207 0.0233 0.0267 0.0299 0.8115 0.0250 
        D507  6 0.0733 0.1401 0.0902 0.2986 0.1470 0.0425 0.1221 0.0363 0.0500 
        D508  6 0.0563 0.2072 0.0464 0.1294 0.2073 0.1112 0.1664 0.0217 0.0542 
        D529  6 0.0476 0.1316 0.0312 0.0603 0.1189 0.0756 0.1652 0.0737 0.2959 
        D530  6 0.1151 0.0316 0.0784 0.3737 0.1381 0.0214 0.0815 0.0810 0.0791 
        D531  6 0.0876 0.1453 0.0411 0.0962 0.1724 0.2049 0.1306 0.0733 0.0486 
        D532  6 0.0845 0.0424 0.0891 0.2288 0.1161 0.1497 0.1343 0.1130 0.0420 
        D534  6 0.1263 0.0469 0.0396 0.0496 0.0679 0.0485 0.0561 0.0273 0.5378 
        D535  6 0.1763 0.0541 0.0304 0.0612 0.1101 0.1214 0.1373 0.2460 0.0632 
        D536  6 0.0254 0.0426 0.5311 0.0516 0.0808 0.0249 0.1011 0.0202 0.1223 
        D554  6 0.0663 0.0333 0.0393 0.3629 0.1166 0.0393 0.1221 0.1177 0.1026 
        D587  6 0.0339 0.0478 0.0431 0.0411 0.0526 0.0590 0.0528 0.6347 0.0349 
        D588  6 0.1083 0.0446 0.0416 0.0324 0.0998 0.1048 0.2270 0.2897 0.0517 
        D589  6 0.0682 0.1686 0.1226 0.0364 0.1878 0.0410 0.2313 0.1010 0.0430 
        D590  6 0.0544 0.0426 0.6003 0.0484 0.0618 0.0487 0.0744 0.0361 0.0333 
        D591  6 0.0418 0.2934 0.0241 0.0448 0.1846 0.0295 0.2042 0.0784 0.0993 
        D592  6 0.0785 0.0350 0.0467 0.0231 0.0442 0.0410 0.0547 0.0768 0.5999 
        D593  6 0.0675 0.0405 0.0488 0.4578 0.1862 0.0170 0.0755 0.0765 0.0302 
        D682  6 0.0311 0.0335 0.0197 0.0233 0.0359 0.0269 0.0301 0.7708 0.0288 
        D683  6 0.0443 0.0983 0.0199 0.0346 0.1131 0.3265 0.0972 0.2206 0.0456 
        D684  6 0.0606 0.2157 0.0473 0.0239 0.2137 0.0370 0.2307 0.0180 0.1531 
        D685  6 0.0483 0.1199 0.0300 0.0466 0.2108 0.0163 0.4608 0.0248 0.0425 
        D686  6 0.1556 0.0276 0.0436 0.3033 0.0961 0.0420 0.1300 0.1776 0.0243 
        D724  6 0.1256 0.1335 0.0614 0.1409 0.1920 0.1353 0.1339 0.0150 0.0625 
        D725  6 0.0451 0.1114 0.1787 0.2701 0.1201 0.0321 0.1058 0.0536 0.0832 
        D726  6 0.0222 0.0312 0.0134 0.0295 0.0252 0.0230 0.0349 0.7929 0.0278 
        D727  6 0.0523 0.0532 0.3120 0.0380 0.0809 0.2045 0.1376 0.0744 0.0471 
        D728  6 0.1176 0.0508 0.0375 0.1168 0.1049 0.0505 0.1068 0.3769 0.0381 
        D729  6 0.2332 0.0213 0.1713 0.0200 0.0742 0.2911 0.0953 0.0208 0.0727 
        D730  6 0.1254 0.0748 0.1079 0.1314 0.1894 0.0976 0.1495 0.0255 0.0985 
        D731  6 0.0298 0.0725 0.1016 0.0230 0.0270 0.0157 0.0310 0.6816 0.0177 
        D732  6 0.0425 0.0646 0.0506 0.3379 0.1124 0.1742 0.1005 0.0268 0.0905 
        D733  6 0.0606 0.0523 0.0460 0.5047 0.0824 0.0321 0.0859 0.0410 0.0951 
     D237251  7 0.0652 0.4114 0.0704 0.1261 0.1455 0.0331 0.0838 0.0317 0.0328 
     D237252  7 0.1127 0.1803 0.1139 0.0545 0.2580 0.0256 0.1139 0.0196 0.1214 
     D237253  7 0.0403 0.3131 0.0794 0.0554 0.1726 0.0437 0.1451 0.1072 0.0432 
     D237254  7 0.0126 0.0222 0.0134 0.0127 0.0189 0.0213 0.0212 0.0172 0.8605 
     D237255  7 0.0261 0.4465 0.2428 0.0400 0.0782 0.0269 0.0737 0.0366 0.0292 
     D237256  7 0.0448 0.1492 0.1414 0.1543 0.1518 0.0580 0.2501 0.0309 0.0196 
     D237257  7 0.0912 0.0574 0.0727 0.0551 0.2566 0.0408 0.2575 0.0204 0.1483 
     D237282  7 0.1087 0.0364 0.1793 0.1176 0.0575 0.3020 0.0822 0.0205 0.0958 
     D237283  7 0.2517 0.0389 0.0300 0.0161 0.2602 0.0149 0.2829 0.0226 0.0829 
     D237284  7 0.0337 0.0292 0.0193 0.0333 0.0377 0.0586 0.0485 0.0269 0.7127 
     D237285  7 0.0495 0.0591 0.1403 0.3069 0.1558 0.0543 0.1196 0.0658 0.0487 
     D237286  7 0.1040 0.1282 0.0652 0.1275 0.1317 0.0835 0.1833 0.1253 0.0512 
     D237287  7 0.0634 0.1482 0.2245 0.0694 0.1291 0.0815 0.1761 0.0565 0.0514 
     D244006  7 0.0182 0.0147 0.0283 0.0228 0.0225 0.0168 0.0310 0.0148 0.8308 
     D244007  7 0.0331 0.0250 0.6261 0.0295 0.0449 0.0618 0.1002 0.0390 0.0404 
     D244008  7 0.2418 0.0435 0.0259 0.0210 0.2570 0.0205 0.2588 0.0354 0.0961 
     D244009  7 0.1638 0.1091 0.0196 0.1280 0.2080 0.0609 0.0774 0.0646 0.1687 
     D244010  7 0.0528 0.1249 0.0327 0.0246 0.3677 0.0270 0.2058 0.0269 0.1377 
     D244011  7 0.0870 0.1018 0.0720 0.1106 0.2269 0.0211 0.1990 0.1348 0.0468 
     D244012  7 0.0895 0.1108 0.1467 0.0665 0.2145 0.0590 0.2334 0.0228 0.0569 
     D244013  7 0.1097 0.1574 0.1994 0.1190 0.1134 0.0626 0.1087 0.0906 0.0392 
     D244014  7 0.1968 0.0962 0.1263 0.0660 0.1404 0.0395 0.1911 0.0402 0.1034 
     D244015  7 0.1279 0.0280 0.1029 0.0407 0.1659 0.0636 0.2556 0.0295 0.1859 
     D244125  7 0.0807 0.4238 0.0515 0.0435 0.0518 0.0725 0.0792 0.1725 0.0245 
     D244126  7 0.2098 0.0276 0.0212 0.0314 0.3390 0.0205 0.1766 0.0131 0.1609 
     D244130  7 0.3443 0.0346 0.0655 0.1663 0.1056 0.0407 0.1801 0.0285 0.0343 
     D244131  7 0.1024 0.0548 0.0731 0.0777 0.0927 0.1026 0.1373 0.2438 0.1156 
     D244132  7 0.1035 0.0393 0.0241 0.5569 0.0590 0.0517 0.0634 0.0723 0.0298 
        D520  7 0.1477 0.0633 0.0197 0.0327 0.3236 0.0296 0.2597 0.0395 0.0844 
        D521  7 0.2121 0.1033 0.0670 0.1351 0.1987 0.0805 0.1159 0.0394 0.0478 
        D522  7 0.1040 0.0489 0.0381 0.1060 0.0536 0.0461 0.0743 0.1323 0.3967 
        D523  7 0.0448 0.3048 0.1596 0.0406 0.1718 0.0411 0.1365 0.0679 0.0330 
        D524  7 0.0638 0.3624 0.0796 0.0891 0.0964 0.0443 0.1003 0.0917 0.0723 
        D525  7 0.0584 0.2772 0.0389 0.0430 0.0672 0.0422 0.0832 0.0263 0.3636 
        D526  7 0.0232 0.0204 0.0207 0.0164 0.0295 0.0473 0.0301 0.0156 0.7968 
        D527  7 0.0707 0.2792 0.0268 0.0973 0.1267 0.1586 0.1168 0.0681 0.0558 
        D528  7 0.0162 0.0117 0.0092 0.0159 0.1607 0.0156 0.7424 0.0107 0.0176 
        D558  7 0.0420 0.0261 0.0764 0.6530 0.0436 0.0359 0.0379 0.0170 0.0681 
        D559  7 0.0679 0.0682 0.0421 0.6336 0.0557 0.0292 0.0639 0.0117 0.0278 
        D640  7 0.1090 0.3201 0.0387 0.1596 0.0729 0.0606 0.1169 0.0960 0.0264 
        D641  7 0.2262 0.1510 0.1060 0.0811 0.1146 0.0177 0.1032 0.1296 0.0705 
        D642  7 0.0770 0.0390 0.2249 0.0590 0.0619 0.0442 0.0857 0.0587 0.3496 
        D644  7 0.1022 0.1104 0.0608 0.1113 0.1335 0.0592 0.1082 0.1296 0.1848 
        D645  7 0.0763 0.3339 0.0480 0.0407 0.2200 0.0751 0.0864 0.0758 0.0439 
        D662  7 0.6962 0.0238 0.0157 0.0219 0.0372 0.0792 0.0340 0.0665 0.0253 
        D687  7 0.0383 0.2701 0.0249 0.1330 0.2122 0.0407 0.1857 0.0617 0.0335 
        D688  7 0.0439 0.0486 0.0930 0.1794 0.1011 0.2198 0.1099 0.0171 0.1870 
        D689  7 0.2291 0.2592 0.0217 0.0239 0.0781 0.1034 0.1275 0.1171 0.0400 
        D700  7 0.0127 0.0134 0.0141 0.0141 0.1536 0.0131 0.7510 0.0120 0.0159 
        D797  7 0.0630 0.1336 0.0517 0.1035 0.1383 0.1644 0.1637 0.1132 0.0686 
        D798  7 0.6960 0.0294 0.0173 0.0527 0.0516 0.0256 0.0844 0.0250 0.0179 
        D799  7 0.2429 0.2043 0.0644 0.0573 0.1334 0.0246 0.2037 0.0246 0.0448 
        D800  7 0.1099 0.0469 0.0655 0.0268 0.1360 0.3806 0.1733 0.0200 0.0411 
        D132  8 0.0305 0.0411 0.0195 0.0278 0.0608 0.0494 0.0282 0.0313 0.7115 
        D133  8 0.0237 0.0516 0.6845 0.0250 0.0728 0.0199 0.0450 0.0216 0.0559 
        D200  8 0.0340 0.1725 0.0476 0.1335 0.3513 0.0215 0.1857 0.0163 0.0376 
        D500  8 0.0424 0.0187 0.0143 0.0227 0.0262 0.0312 0.0266 0.0257 0.7923 
        D614  8 0.1407 0.0956 0.0290 0.0809 0.1492 0.0738 0.1203 0.2284 0.0822 
        D723  8 0.2871 0.0551 0.0627 0.0319 0.0863 0.3259 0.0752 0.0237 0.0521 
        D888  8 0.0418 0.6713 0.0425 0.0341 0.0615 0.0359 0.0699 0.0216 0.0214 
        D901  8 0.0368 0.3072 0.0255 0.0381 0.3969 0.0162 0.0921 0.0295 0.0576 
        D902  8 0.0451 0.0284 0.0341 0.0834 0.0775 0.0259 0.0576 0.6232 0.0250 
        D903  8 0.0347 0.0845 0.0429 0.2161 0.1075 0.2232 0.1720 0.0723 0.0469 
        D904  8 0.0661 0.0614 0.0618 0.2529 0.1210 0.1448 0.1102 0.0555 0.1263 
        D905  8 0.0179 0.7408 0.0262 0.0386 0.0491 0.0119 0.0304 0.0648 0.0203 
        D906  8 0.0303 0.0977 0.3047 0.0643 0.1090 0.0474 0.1752 0.0296 0.1419 
        D937  8 0.0354 0.0303 0.0215 0.0399 0.0505 0.0130 0.0407 0.7580 0.0107 
        D943  8 0.0373 0.1448 0.0339 0.0502 0.2516 0.0306 0.1890 0.0324 0.2303 
        D972  8 0.1945 0.0598 0.0798 0.0344 0.1679 0.1848 0.1218 0.0293 0.1277 
        D973  8 0.1752 0.0242 0.0333 0.0358 0.0565 0.5162 0.0661 0.0459 0.0468 
        D974  8 0.2037 0.0544 0.0890 0.0801 0.2097 0.0973 0.1502 0.0475 0.0683 
        D975  8 0.0236 0.0864 0.0890 0.0750 0.3475 0.0250 0.2017 0.0666 0.0852 
        D976  8 0.0814 0.0999 0.0591 0.0883 0.2556 0.0210 0.2238 0.1203 0.0507 
        D201  9 0.0395 0.2564 0.0888 0.0771 0.2568 0.0334 0.1700 0.0217 0.0563 
        D202  9 0.1092 0.1221 0.0617 0.2192 0.2848 0.0169 0.1419 0.0214 0.0228 
     D237259  9 0.0563 0.0622 0.0371 0.0665 0.2486 0.0266 0.4518 0.0177 0.0332 
     D237260  9 0.0462 0.1374 0.2250 0.0632 0.1842 0.0187 0.1806 0.0376 0.1070 
     D237262  9 0.1212 0.0236 0.0202 0.0171 0.0679 0.0236 0.0439 0.0288 0.6538 
     D237263  9 0.1856 0.1405 0.1000 0.0302 0.1602 0.0427 0.1169 0.0218 0.2021 
     D237264  9 0.1629 0.0621 0.1346 0.0352 0.1156 0.0789 0.1894 0.0884 0.1330 
     D237265  9 0.0339 0.5571 0.0563 0.0296 0.0994 0.0203 0.0937 0.0371 0.0726 
     D237266  9 0.3213 0.0324 0.4520 0.0144 0.0348 0.0543 0.0416 0.0238 0.0256 
     D237267  9 0.0242 0.0273 0.0421 0.0498 0.2833 0.0257 0.4327 0.0413 0.0736 
     D237268  9 0.0588 0.0436 0.0228 0.0447 0.2473 0.0501 0.0959 0.0244 0.4125 
     D237289  9 0.0711 0.1835 0.2363 0.1084 0.1278 0.0207 0.0811 0.1153 0.0559 
     D237290  9 0.0561 0.5852 0.1267 0.0273 0.0773 0.0234 0.0573 0.0164 0.0303 
     D237291  9 0.0660 0.1534 0.4016 0.0364 0.0931 0.0316 0.1315 0.0518 0.0345 
     D237292  9 0.0395 0.1195 0.2888 0.0327 0.1793 0.0379 0.1495 0.0213 0.1317 
     D237293  9 0.2468 0.0993 0.0480 0.0704 0.2053 0.0690 0.1392 0.0657 0.0563 
     D237294  9 0.0721 0.1143 0.0576 0.0929 0.2714 0.0189 0.1405 0.0472 0.1849 
     D237295  9 0.0934 0.0677 0.0211 0.0993 0.1422 0.1354 0.1069 0.0727 0.2612 
     D237296  9 0.0887 0.2070 0.0273 0.0663 0.2487 0.0525 0.1913 0.0394 0.0788 
     D237297  9 0.0638 0.0395 0.0348 0.6242 0.0463 0.0236 0.0492 0.0948 0.0238 
     D237298  9 0.0621 0.2419 0.0492 0.1082 0.2323 0.0700 0.0880 0.0447 0.1036 
     D237341  9 0.1157 0.2494 0.0632 0.1043 0.1401 0.0293 0.2040 0.0367 0.0572 
     D237342  9 0.2186 0.0362 0.0588 0.0892 0.2830 0.0237 0.1565 0.0469 0.0872 
     D237343  9 0.2278 0.0650 0.2302 0.0650 0.0705 0.0262 0.1365 0.0425 0.1363 
     D237344  9 0.1505 0.0854 0.1894 0.0898 0.1133 0.0468 0.1264 0.1242 0.0743 
     D237345  9 0.0449 0.0441 0.0481 0.0559 0.1291 0.0341 0.0503 0.0126 0.5810 
     D237346  9 0.1901 0.0906 0.2531 0.0518 0.0935 0.0262 0.1295 0.1032 0.0620 
     D237347  9 0.0653 0.0810 0.0712 0.0521 0.0776 0.0367 0.1058 0.4633 0.0470 
     D237348  9 0.1808 0.0586 0.1960 0.0788 0.1223 0.0469 0.1178 0.0433 0.1555 
     D237349  9 0.2609 0.0281 0.4439 0.0487 0.0355 0.0842 0.0554 0.0213 0.0220 
     D244109  9 0.0223 0.0423 0.6419 0.0178 0.0369 0.0377 0.0729 0.0110 0.1172 
     D244110  9 0.0284 0.0605 0.7209 0.0158 0.0350 0.0284 0.0538 0.0217 0.0355 
     D244111  9 0.1706 0.1017 0.1681 0.1220 0.1520 0.0452 0.1616 0.0360 0.0427 
     D244128  9 0.0794 0.0299 0.0633 0.0457 0.3394 0.0275 0.1559 0.0184 0.2404 
     D244137  9 0.2524 0.0366 0.1218 0.0355 0.0904 0.2235 0.1100 0.0476 0.0822 
     D244138  9 0.1593 0.2255 0.0637 0.1223 0.1797 0.0183 0.1441 0.0483 0.0389 
        D580  9 0.1776 0.0230 0.0281 0.1145 0.1938 0.0294 0.1748 0.0282 0.2305 
        D581  9 0.0421 0.3819 0.2711 0.0390 0.1325 0.0176 0.0580 0.0196 0.0383 
        D582  9 0.0838 0.0195 0.0166 0.0186 0.2988 0.0163 0.0512 0.0138 0.4814 
        D583  9 0.0467 0.0318 0.7780 0.0267 0.0261 0.0151 0.0277 0.0158 0.0321 
        D584  9 0.3950 0.0397 0.0340 0.0592 0.1816 0.0222 0.1191 0.1081 0.0410 
        D585  9 0.0490 0.2064 0.0288 0.0291 0.2809 0.0308 0.1288 0.0160 0.2303 
        D586  9 0.0433 0.6292 0.0315 0.0195 0.0460 0.0396 0.0682 0.0902 0.0324 
        D651  9 0.1189 0.0844 0.1134 0.0233 0.0613 0.3437 0.0729 0.1334 0.0488 
        D652  9 0.5292 0.0326 0.1029 0.0933 0.0649 0.0494 0.0714 0.0189 0.0375 
        D653  9 0.0653 0.3291 0.0898 0.0772 0.1158 0.0642 0.1763 0.0510 0.0314 
        D654  9 0.1323 0.0276 0.3619 0.0904 0.0482 0.1437 0.0707 0.0333 0.0918 
        D655  9 0.1150 0.3470 0.0436 0.0318 0.1144 0.0592 0.1159 0.1304 0.0427 
        D656  9 0.0551 0.0199 0.0364 0.0682 0.0540 0.0356 0.0950 0.0193 0.6164 
        D657  9 0.1127 0.0561 0.0958 0.2551 0.1176 0.0258 0.1266 0.0335 0.1768 
        D667  9 0.1676 0.2422 0.0568 0.0313 0.0812 0.0536 0.1211 0.1931 0.0531 
        D668  9 0.4294 0.0946 0.0523 0.0405 0.0796 0.0229 0.1534 0.0643 0.0631 
        D669  9 0.0284 0.3860 0.0490 0.0603 0.2101 0.0369 0.1337 0.0255 0.0701 
        D670  9 0.0648 0.0279 0.0380 0.0320 0.0948 0.4797 0.1608 0.0358 0.0662 
        D671  9 0.0310 0.1752 0.3035 0.1226 0.1385 0.0334 0.1125 0.0349 0.0484 
        D672  9 0.1158 0.0949 0.0313 0.0314 0.3665 0.0309 0.1275 0.0187 0.1831 
        D673  9 0.1192 0.1154 0.0292 0.1652 0.1568 0.0480 0.1893 0.1114 0.0654 
        D692  9 0.0561 0.0344 0.3475 0.0447 0.1458 0.0562 0.1205 0.0269 0.1680 
        D693  9 0.1669 0.0912 0.0551 0.0956 0.1310 0.0615 0.1426 0.0950 0.1611 
        D694  9 0.1007 0.0306 0.0360 0.0437 0.1570 0.0168 0.1633 0.0261 0.4260 
        D695  9 0.4264 0.0751 0.0337 0.0349 0.0900 0.1048 0.0990 0.0319 0.1042 
        D696  9 0.0209 0.0215 0.0198 0.0511 0.0372 0.0232 0.0205 0.7871 0.0187 
        D697  9 0.1684 0.1444 0.0901 0.0572 0.0886 0.0492 0.1371 0.2039 0.0610 
        D698  9 0.0628 0.0441 0.3265 0.0665 0.1045 0.0374 0.0884 0.2271 0.0427 
        D699  9 0.1511 0.1482 0.0627 0.1081 0.1418 0.0209 0.1308 0.1887 0.0477 
        D787  9 0.4246 0.0563 0.0939 0.0315 0.0467 0.2240 0.0669 0.0199 0.0362 
        D788  9 0.2030 0.0515 0.0286 0.1666 0.2121 0.0360 0.1279 0.1262 0.0480 
        D789  9 0.0943 0.0767 0.1264 0.0576 0.2712 0.0198 0.1851 0.0470 0.1219 
        D790  9 0.3519 0.1554 0.1122 0.0429 0.0522 0.0906 0.0701 0.0939 0.0307 
        D791  9 0.0399 0.0948 0.1981 0.4018 0.1099 0.0171 0.0784 0.0306 0.0294 
        D792  9 0.0396 0.0932 0.1166 0.0372 0.0339 0.2622 0.0538 0.0688 0.2947 
        D793  9 0.0940 0.0986 0.0401 0.0186 0.0341 0.1954 0.0432 0.4404 0.0356 
        D794  9 0.0704 0.0720 0.1494 0.0610 0.0617 0.1157 0.1024 0.2176 0.1497 
        D795  9 0.2485 0.0465 0.0240 0.0481 0.2742 0.0155 0.1656 0.0519 0.1257 
        D796  9 0.1128 0.4513 0.0451 0.0300 0.1443 0.0232 0.1137 0.0473 0.0322 
        D142 10 0.0450 0.0489 0.2355 0.2366 0.1173 0.0658 0.1037 0.1073 0.0399 
        D143 10 0.0368 0.0209 0.7113 0.0469 0.0227 0.0286 0.0316 0.0634 0.0378 
        D144 10 0.0894 0.0854 0.0554 0.1342 0.1382 0.0591 0.1428 0.0957 0.1999 
        D145 10 0.0172 0.6563 0.0227 0.0995 0.0813 0.0221 0.0545 0.0223 0.0241 
        D146 10 0.1118 0.0269 0.0373 0.0941 0.1758 0.0306 0.2144 0.0376 0.2716 
        D147 10 0.0563 0.0263 0.0517 0.1219 0.2212 0.0316 0.4445 0.0202 0.0262 
        D148 10 0.0318 0.0733 0.0358 0.2167 0.1770 0.0656 0.2222 0.0544 0.1233 
        D149 10 0.0363 0.2262 0.3750 0.0233 0.0950 0.0537 0.1245 0.0339 0.0323 
        D151 10 0.0603 0.2372 0.0319 0.0347 0.2351 0.0201 0.2510 0.0451 0.0845 
        D152 10 0.0362 0.1814 0.6043 0.0325 0.0501 0.0144 0.0460 0.0142 0.0209 
        D153 10 0.0920 0.0391 0.0299 0.1603 0.1331 0.3051 0.0903 0.0892 0.0611 
        D156 10 0.0341 0.0345 0.0252 0.7624 0.0383 0.0344 0.0394 0.0162 0.0155 
        D157 10 0.2029 0.0500 0.0603 0.1140 0.0937 0.0567 0.1212 0.1720 0.1291 
        D158 10 0.0284 0.3425 0.0299 0.0547 0.3694 0.0161 0.0878 0.0437 0.0276 
        D159 10 0.0317 0.0485 0.6980 0.0305 0.0472 0.0404 0.0316 0.0390 0.0330 
        D160 10 0.0295 0.5702 0.0152 0.0133 0.0226 0.0141 0.0276 0.2933 0.0142 
        D161 10 0.0753 0.1243 0.0896 0.0996 0.1100 0.1314 0.1355 0.0758 0.1585 
        D162 10 0.0214 0.0369 0.0414 0.7496 0.0306 0.0378 0.0350 0.0279 0.0193 
        D169 10 0.0767 0.0987 0.0293 0.0240 0.0511 0.0404 0.0749 0.0382 0.5667 
        D170 10 0.0516 0.0322 0.0275 0.1805 0.0537 0.0474 0.0516 0.0510 0.5045 
        D171 10 0.0284 0.0281 0.0248 0.6595 0.0937 0.0252 0.0657 0.0319 0.0428 
        D172 10 0.0498 0.0502 0.0287 0.6537 0.0914 0.0402 0.0398 0.0203 0.0258 
        D173 10 0.0259 0.0967 0.5765 0.0353 0.0743 0.0740 0.0508 0.0134 0.0530 
        D181 10 0.0656 0.0831 0.0560 0.4058 0.0847 0.0424 0.0830 0.1507 0.0286 
        D182 10 0.0477 0.3797 0.1269 0.0541 0.1177 0.0487 0.1364 0.0303 0.0586 
        D183 10 0.0333 0.0674 0.0155 0.0208 0.0931 0.0470 0.0551 0.6320 0.0357 
        D184 10 0.0452 0.0143 0.0139 0.0168 0.0282 0.1090 0.0410 0.0120 0.7196 
        D185 10 0.0551 0.0646 0.0445 0.1696 0.1342 0.1651 0.1395 0.0300 0.1974 
        D186 10 0.0165 0.2309 0.0186 0.0150 0.2264 0.0192 0.0450 0.0183 0.4100 
        D194 10 0.1149 0.0377 0.0740 0.0772 0.1728 0.1109 0.1623 0.0636 0.1867 
        D195 10 0.1512 0.1827 0.1422 0.1180 0.0809 0.0760 0.1396 0.0800 0.0294 
        D196 10 0.0510 0.1774 0.1981 0.1100 0.0809 0.1552 0.1096 0.0885 0.0293 
        D197 10 0.0371 0.1148 0.1137 0.0351 0.0635 0.0189 0.0685 0.0507 0.4977 
        D198 10 0.0717 0.0861 0.0240 0.0351 0.1597 0.1466 0.2094 0.0966 0.1708 
     D237226 10 0.1396 0.4272 0.0576 0.0210 0.1047 0.0256 0.1317 0.0276 0.0650 
     D237232 10 0.1349 0.3774 0.0594 0.0433 0.1112 0.0298 0.0991 0.1053 0.0395 
     D237233 10 0.0576 0.2784 0.2315 0.1309 0.0991 0.0250 0.0741 0.0550 0.0482 
     D237234 10 0.0518 0.0828 0.0280 0.5720 0.0724 0.0338 0.0554 0.0698 0.0339 
     D237354 10 0.0184 0.8224 0.0356 0.0231 0.0213 0.0176 0.0226 0.0218 0.0172 
     D237355 10 0.0177 0.7391 0.0174 0.0190 0.0430 0.0272 0.0389 0.0651 0.0327 
     D237356 10 0.0344 0.0364 0.0213 0.0225 0.0862 0.1813 0.0577 0.3640 0.1962 
     D237357 10 0.1857 0.0550 0.3164 0.0793 0.0973 0.0291 0.1521 0.0256 0.0595 
     D237358 10 0.0278 0.0221 0.1268 0.0245 0.0806 0.0520 0.1232 0.0520 0.4909 
     D237369 10 0.0799 0.1765 0.0230 0.0404 0.3317 0.0744 0.1042 0.0151 0.1548 
     D237370 10 0.0689 0.0703 0.1572 0.1171 0.0642 0.0285 0.1019 0.3237 0.0682 
     D237371 10 0.1307 0.0498 0.0375 0.0279 0.1227 0.3560 0.1495 0.0375 0.0883 
     D237372 10 0.0345 0.0513 0.2971 0.0315 0.1048 0.0400 0.1703 0.0362 0.2342 
     D237373 10 0.0684 0.3041 0.0403 0.0979 0.2186 0.0319 0.1536 0.0632 0.0222 
     D237374 10 0.0227 0.7251 0.0168 0.0510 0.0423 0.0232 0.0372 0.0641 0.0178 
     D237375 10 0.0734 0.0493 0.2832 0.1018 0.1054 0.0670 0.1526 0.0594 0.1079 
     D237400 10 0.0195 0.0845 0.7194 0.0581 0.0346 0.0179 0.0247 0.0216 0.0198 
     D244002 10 0.0509 0.0343 0.0560 0.2214 0.2029 0.0286 0.2570 0.0153 0.1337 
     D244003 10 0.0499 0.2628 0.0914 0.0407 0.0502 0.0125 0.0419 0.4219 0.0287 
     D244004 10 0.0285 0.0272 0.0100 0.0150 0.0187 0.0138 0.0189 0.8527 0.0152 
     D244005 10 0.0161 0.5304 0.0215 0.0149 0.0371 0.0231 0.0373 0.0372 0.2823 
     D244020 10 0.1458 0.1268 0.0546 0.1891 0.1078 0.0897 0.1013 0.1176 0.0673 
     D244021 10 0.0499 0.2240 0.0716 0.0525 0.3304 0.0269 0.1313 0.0498 0.0634 
     D244116 10 0.0563 0.0316 0.0346 0.4488 0.0548 0.0345 0.0609 0.0330 0.2455 
     D244117 10 0.0582 0.0873 0.0741 0.0775 0.0493 0.0388 0.0727 0.5194 0.0226 
     D244121 10 0.0827 0.0600 0.1149 0.0587 0.0595 0.0294 0.0607 0.4781 0.0560 
     D244123 10 0.0451 0.1926 0.1415 0.1436 0.1357 0.0326 0.1248 0.1283 0.0557 
     D244124 10 0.0565 0.0455 0.2690 0.0778 0.0608 0.0257 0.0603 0.0699 0.3345 
        D332 10 0.0845 0.0393 0.0937 0.1134 0.1050 0.3711 0.0981 0.0665 0.0284 
        D570 10 0.0437 0.0301 0.0315 0.2735 0.0510 0.0346 0.0463 0.4421 0.0473 
        D602 10 0.0715 0.0322 0.0446 0.4483 0.1028 0.1337 0.0917 0.0355 0.0396 
        D603 10 0.2246 0.0634 0.2143 0.0376 0.1641 0.0287 0.1262 0.0996 0.0416 
        D604 10 0.0402 0.0566 0.1376 0.4057 0.0991 0.0500 0.1514 0.0366 0.0229 
        D605 10 0.2022 0.1532 0.1159 0.0515 0.0927 0.1575 0.1078 0.0378 0.0813 
        D606 10 0.0274 0.0253 0.0187 0.0190 0.0247 0.0279 0.0265 0.3293 0.5010 
        D607 10 0.0575 0.0346 0.0534 0.0859 0.1023 0.4673 0.1448 0.0228 0.0315 
        D608 10 0.0129 0.0177 0.8189 0.0280 0.0240 0.0359 0.0321 0.0146 0.0160 
        D609 10 0.0700 0.0452 0.0177 0.0647 0.0557 0.1375 0.0479 0.5230 0.0382 
        D610 10 0.0350 0.1785 0.0193 0.0256 0.1730 0.0525 0.3229 0.1039 0.0893 
        D611 10 0.0266 0.0186 0.0125 0.0483 0.0178 0.0165 0.0251 0.8210 0.0137 
        D613 10 0.0556 0.0616 0.0324 0.5680 0.0512 0.1018 0.0589 0.0421 0.0285 
        D633 10 0.1216 0.0277 0.1817 0.3965 0.0424 0.0870 0.0545 0.0165 0.0722 
        D634 10 0.0591 0.0902 0.0529 0.3031 0.1705 0.0380 0.1299 0.0696 0.0868 
        D638 10 0.0266 0.0892 0.6952 0.0348 0.0358 0.0204 0.0356 0.0354 0.0270 
        D681 10 0.0331 0.0413 0.0240 0.6084 0.1093 0.0229 0.0694 0.0241 0.0676 
        D754 10 0.0804 0.1189 0.0294 0.0499 0.4322 0.0229 0.1268 0.0492 0.0901 
        D755 10 0.0484 0.0632 0.2607 0.0340 0.0316 0.0122 0.0281 0.5059 0.0159 
        D756 10 0.0777 0.1402 0.0678 0.1009 0.1887 0.0337 0.1186 0.2070 0.0654 
        D757 10 0.0713 0.2294 0.1464 0.0227 0.0750 0.0764 0.1019 0.0972 0.1797 
        D758 10 0.0696 0.1413 0.0695 0.1520 0.1784 0.0777 0.1459 0.0580 0.1076 
        D759 10 0.0343 0.1793 0.1020 0.0527 0.0497 0.0226 0.0769 0.4384 0.0442 
        D760 10 0.0459 0.2810 0.0418 0.2402 0.0947 0.0348 0.1090 0.0952 0.0573 
        D761 10 0.0323 0.6800 0.0982 0.0345 0.0549 0.0125 0.0407 0.0310 0.0158 
        D762 10 0.0551 0.0501 0.0957 0.1982 0.1686 0.1538 0.1922 0.0289 0.0573 
        D775 10 0.1021 0.1353 0.0258 0.0223 0.0512 0.0181 0.0451 0.5817 0.0183 
        D776 10 0.0245 0.5624 0.1113 0.0362 0.0687 0.0224 0.0808 0.0437 0.0499 
        D777 10 0.0649 0.2076 0.0395 0.0262 0.0626 0.0304 0.1164 0.3949 0.0576 
        D778 10 0.2649 0.4446 0.0801 0.0195 0.0528 0.0226 0.0666 0.0281 0.0208 
        D779 10 0.0760 0.0924 0.0343 0.3741 0.2021 0.0260 0.0959 0.0416 0.0576 
        D780 10 0.0473 0.1204 0.1468 0.4383 0.0627 0.0327 0.0696 0.0466 0.0357 
        D781 10 0.0611 0.0347 0.1136 0.4641 0.1107 0.0342 0.1204 0.0298 0.0315 
        D858 10 0.6319 0.0712 0.0358 0.0183 0.0578 0.0184 0.0835 0.0218 0.0613 
        D933 10 0.0346 0.1835 0.0455 0.0215 0.1507 0.2153 0.1845 0.0800 0.0843 
        D038 11 0.2495 0.2834 0.0373 0.0963 0.0791 0.0614 0.1297 0.0355 0.0279 
        D063 11 0.0272 0.1507 0.0921 0.3073 0.1503 0.0386 0.0923 0.0709 0.0705 
        D155 11 0.0520 0.2130 0.0716 0.0398 0.1059 0.0962 0.1293 0.2400 0.0522 
        D175 11 0.0523 0.0738 0.0297 0.0997 0.3582 0.0218 0.1329 0.0886 0.1429 
        D176 11 0.0592 0.1362 0.3925 0.0564 0.1321 0.0210 0.1108 0.0657 0.0260 
        D205 11 0.1085 0.0346 0.0187 0.0338 0.0992 0.0354 0.0729 0.4703 0.1266 
     D237229 11 0.0691 0.0949 0.1440 0.0988 0.1078 0.0859 0.1491 0.0209 0.2295 
     D237230 11 0.0660 0.0229 0.1243 0.0478 0.0645 0.5316 0.0780 0.0226 0.0424 
     D237231 11 0.0218 0.0312 0.0854 0.1001 0.0843 0.5397 0.0654 0.0311 0.0410 
     D237269 11 0.1020 0.1537 0.1672 0.0825 0.1287 0.0728 0.1369 0.0560 0.1003 
     D237270 11 0.6603 0.0234 0.0513 0.0140 0.0332 0.0470 0.0489 0.0242 0.0977 
     D237271 11 0.0699 0.0350 0.0364 0.5280 0.1083 0.0333 0.0737 0.0529 0.0624 
     D237272 11 0.1600 0.0541 0.0510 0.0289 0.0586 0.5114 0.0871 0.0190 0.0299 
     D237273 11 0.0515 0.0723 0.0632 0.3501 0.2151 0.0338 0.1014 0.0780 0.0346 
     D237301 11 0.0691 0.0532 0.0426 0.1518 0.0606 0.4672 0.0734 0.0546 0.0275 
     D237302 11 0.0513 0.1127 0.0425 0.2023 0.0661 0.0556 0.0785 0.0360 0.3549 
     D237303 11 0.2105 0.0236 0.2810 0.0437 0.0987 0.0980 0.1184 0.0150 0.1111 
     D237304 11 0.1495 0.0599 0.0580 0.1662 0.2000 0.0714 0.1593 0.0953 0.0405 
     D237305 11 0.1662 0.0676 0.0412 0.0258 0.1207 0.0357 0.1295 0.1095 0.3038 
     D237314 11 0.1845 0.1643 0.0311 0.1682 0.0936 0.0676 0.1213 0.1141 0.0553 
     D237315 11 0.0856 0.0865 0.0214 0.0634 0.1741 0.0588 0.0797 0.0223 0.4081 
     D237316 11 0.1007 0.0231 0.0343 0.3574 0.0772 0.2484 0.0854 0.0518 0.0217 
     D237328 11 0.0651 0.0244 0.0270 0.0446 0.1146 0.2950 0.0918 0.0628 0.2746 
     D237329 11 0.2620 0.1637 0.1917 0.0230 0.0864 0.0501 0.0791 0.0982 0.0458 
     D237330 11 0.0881 0.0836 0.0732 0.4141 0.0450 0.0199 0.0396 0.2158 0.0206 
     D237331 11 0.0674 0.1622 0.0866 0.0738 0.1465 0.0611 0.2061 0.1352 0.0612 
     D237332 11 0.0324 0.1088 0.0307 0.0776 0.1360 0.3390 0.1115 0.0966 0.0674 
     D237333 11 0.0373 0.2436 0.2057 0.1319 0.0789 0.0258 0.0991 0.1460 0.0318 
     D237334 11 0.0247 0.0417 0.0248 0.0341 0.0475 0.7197 0.0486 0.0229 0.0360 
     D237335 11 0.2612 0.0763 0.0296 0.1761 0.0995 0.0900 0.1015 0.1169 0.0489 
     D237336 11 0.0315 0.5074 0.0299 0.0339 0.1341 0.0436 0.1015 0.0557 0.0623 
     D237350 11 0.0546 0.0215 0.0499 0.6136 0.0565 0.0335 0.0490 0.0930 0.0284 
     D237383 11 0.0603 0.1052 0.1510 0.0570 0.1502 0.0176 0.1177 0.0378 0.3032 
     D237384 11 0.2399 0.0804 0.0364 0.0359 0.0809 0.2667 0.1203 0.0285 0.1110 
     D237385 11 0.1248 0.1043 0.0995 0.1221 0.1427 0.0878 0.1803 0.0595 0.0790 
     D237386 11 0.1763 0.0512 0.1985 0.0441 0.0785 0.2241 0.0675 0.1185 0.0413 
     D237387 11 0.0598 0.0340 0.0205 0.0937 0.0874 0.4785 0.0997 0.0313 0.0952 
     D237388 11 0.0481 0.0646 0.0372 0.3206 0.1143 0.0585 0.0970 0.2365 0.0233 
        D239 11 0.0394 0.2169 0.0713 0.0779 0.1675 0.0633 0.1577 0.1552 0.0508 
        D240 11 0.0202 0.3368 0.1040 0.0211 0.1162 0.0281 0.2248 0.0452 0.1036 
        D241 11 0.0207 0.1024 0.0283 0.0239 0.2374 0.0497 0.4941 0.0173 0.0262 
        D242 11 0.0972 0.1422 0.0794 0.1113 0.1564 0.1246 0.1764 0.0581 0.0543 
        D243 11 0.0287 0.1793 0.0398 0.0198 0.0889 0.0687 0.0719 0.4399 0.0629 
        D244 11 0.1115 0.0477 0.0219 0.0203 0.0432 0.0271 0.0490 0.6060 0.0733 
        D245 11 0.0612 0.1328 0.0317 0.1184 0.3157 0.0372 0.1602 0.0190 0.1237 
        D246 11 0.0950 0.0567 0.0350 0.2087 0.2256 0.0756 0.1293 0.1136 0.0606 
        D247 11 0.0353 0.1460 0.0642 0.1650 0.1135 0.0699 0.1661 0.0516 0.1884 
        D248 11 0.0311 0.0451 0.2805 0.0549 0.0841 0.2716 0.1143 0.0642 0.0541 
        D249 11 0.1126 0.0371 0.0278 0.2325 0.1856 0.0476 0.1287 0.0927 0.1354 
        D250 11 0.0426 0.0434 0.2356 0.1653 0.0568 0.0849 0.1108 0.2346 0.0261 
        D251 11 0.1963 0.0560 0.0368 0.1815 0.1602 0.0694 0.0744 0.1688 0.0567 
        D252 11 0.1084 0.0361 0.0324 0.0949 0.1912 0.3019 0.1015 0.0432 0.0903 
        D253 11 0.0435 0.0932 0.1237 0.1050 0.1997 0.0415 0.1841 0.0974 0.1119 
        D254 11 0.0402 0.0975 0.1853 0.0184 0.2968 0.0778 0.1785 0.0279 0.0777 
        D255 11 0.0637 0.0264 0.0808 0.3308 0.1476 0.0605 0.1985 0.0621 0.0296 
        D256 11 0.0385 0.2934 0.0627 0.0321 0.1235 0.1126 0.1063 0.1467 0.0842 
        D257 11 0.5834 0.0624 0.0450 0.0362 0.0609 0.0423 0.0796 0.0582 0.0321 
        D258 11 0.6214 0.0409 0.0156 0.0278 0.0373 0.1401 0.0348 0.0602 0.0219 
        D259 11 0.1295 0.0425 0.0361 0.0667 0.2736 0.0406 0.1652 0.0253 0.2205 
        D260 11 0.0614 0.0503 0.0732 0.2260 0.1950 0.0685 0.2106 0.0558 0.0592 
        D261 11 0.0234 0.0858 0.0328 0.5855 0.0977 0.0611 0.0522 0.0260 0.0356 
        D262 11 0.0536 0.1315 0.0717 0.0902 0.3010 0.0256 0.2417 0.0268 0.0578 
        D263 11 0.0947 0.0315 0.0262 0.1864 0.0930 0.0639 0.1524 0.2742 0.0777 
        D264 11 0.0283 0.0791 0.0423 0.1607 0.3935 0.0540 0.1381 0.0366 0.0674 
        D265 11 0.0423 0.2763 0.1167 0.0415 0.2085 0.0355 0.1444 0.0955 0.0394 
        D266 11 0.0728 0.1517 0.1112 0.0977 0.1078 0.1655 0.1470 0.1177 0.0286 
        D267 11 0.0802 0.0603 0.0273 0.1780 0.0843 0.0783 0.1025 0.2516 0.1374 
        D268 11 0.0326 0.0480 0.0346 0.0692 0.0353 0.0665 0.0429 0.6427 0.0283 
        D269 11 0.0420 0.0314 0.0159 0.0715 0.0604 0.6085 0.0532 0.0769 0.0401 
        D270 11 0.0877 0.0492 0.0267 0.0373 0.1064 0.4922 0.1309 0.0353 0.0343 
        D271 11 0.1173 0.1025 0.0508 0.0593 0.2288 0.0706 0.2014 0.0606 0.1088 
        D272 11 0.0341 0.1046 0.0578 0.3302 0.0980 0.0819 0.1269 0.0684 0.0982 
        D273 11 0.6791 0.0424 0.0142 0.0446 0.0760 0.0431 0.0418 0.0166 0.0422 
        D274 11 0.2889 0.0673 0.0292 0.0430 0.0979 0.0433 0.1822 0.1850 0.0632 
        D275 11 0.1147 0.1007 0.0429 0.0387 0.1060 0.2804 0.0888 0.1748 0.0531 
        D276 11 0.0326 0.0348 0.0223 0.0565 0.0539 0.2400 0.0721 0.4375 0.0503 
        D277 11 0.0380 0.0553 0.0714 0.0586 0.0961 0.1528 0.1315 0.2554 0.1410 
        D278 11 0.0611 0.0385 0.0801 0.3673 0.2479 0.0236 0.0980 0.0398 0.0438 
        D282 11 0.0393 0.0270 0.0226 0.0257 0.0288 0.0730 0.0320 0.1390 0.6126 
        D296 11 0.0270 0.3307 0.0294 0.0536 0.1008 0.1941 0.0841 0.1278 0.0526 
        D297 11 0.0884 0.0559 0.0229 0.0365 0.1338 0.2168 0.0678 0.2710 0.1069 
        D298 11 0.0304 0.1383 0.0782 0.2325 0.1019 0.0680 0.1334 0.1047 0.1126 
        D299 11 0.0282 0.0225 0.0264 0.7036 0.0821 0.0203 0.0363 0.0613 0.0193 
        D300 11 0.0554 0.2320 0.2228 0.0735 0.1464 0.0392 0.1662 0.0334 0.0310 
        D382 11 0.1413 0.0357 0.0163 0.0288 0.0328 0.2823 0.0419 0.3469 0.0740 
        D383 11 0.2123 0.0301 0.0225 0.0289 0.0440 0.0262 0.0681 0.4633 0.1045 
        D387 11 0.0983 0.1297 0.1813 0.1839 0.1298 0.0218 0.1226 0.0859 0.0466 
        D388 11 0.0235 0.0258 0.0232 0.0268 0.0366 0.7702 0.0406 0.0227 0.0306 
        D389 11 0.0170 0.0258 0.0192 0.7379 0.0619 0.0360 0.0387 0.0456 0.0178 
        D390 11 0.0239 0.0735 0.0559 0.0844 0.0585 0.5524 0.0538 0.0529 0.0447 
        D396 11 0.0357 0.1799 0.1596 0.0922 0.1571 0.1136 0.1552 0.0682 0.0385 
        D397 11 0.0178 0.1012 0.0205 0.0774 0.1252 0.1178 0.0709 0.0383 0.4310 
        D398 11 0.2239 0.1754 0.0296 0.0262 0.0661 0.1163 0.1489 0.1079 0.1057 
        D399 11 0.0616 0.0509 0.0746 0.4530 0.1111 0.0688 0.0960 0.0191 0.0649 
        D437 11 0.0298 0.0917 0.0270 0.1324 0.3136 0.0181 0.3281 0.0189 0.0406 
        D441 11 0.0419 0.0725 0.0370 0.0453 0.0523 0.0616 0.0545 0.6140 0.0209 
        D442 11 0.1107 0.1392 0.0859 0.2692 0.1269 0.0353 0.1274 0.0520 0.0534 
        D443 11 0.0278 0.4528 0.0239 0.0272 0.0491 0.0256 0.0507 0.3200 0.0228 
        D444 11 0.0647 0.0496 0.1064 0.2628 0.0819 0.2321 0.1061 0.0449 0.0515 
        D445 11 0.0628 0.0345 0.0150 0.0416 0.0824 0.5764 0.0910 0.0193 0.0769 
        D446 11 0.0575 0.0676 0.0378 0.0459 0.1845 0.0474 0.4986 0.0229 0.0379 
        D451 11 0.0401 0.0837 0.0258 0.0460 0.1733 0.2524 0.1535 0.0733 0.1519 
        D452 11 0.0506 0.0976 0.1203 0.4986 0.0568 0.0397 0.0672 0.0277 0.0416 
        D453 11 0.0212 0.0377 0.0274 0.0298 0.0662 0.6287 0.0757 0.0467 0.0666 
        D454 11 0.0676 0.0598 0.0817 0.0552 0.1795 0.0382 0.3436 0.0198 0.1546 
        D457 11 0.0950 0.0896 0.0293 0.1035 0.2531 0.0497 0.1542 0.1679 0.0577 
        D458 11 0.1036 0.1177 0.0364 0.0474 0.1105 0.2017 0.1449 0.1788 0.0590 
        D466 11 0.0247 0.0409 0.5900 0.0252 0.1153 0.0308 0.0658 0.0410 0.0663 
        D467 11 0.1468 0.0307 0.0511 0.5421 0.0744 0.0260 0.0646 0.0474 0.0169 
        D475 11 0.0349 0.0306 0.0245 0.0688 0.0399 0.0428 0.0579 0.0572 0.6434 
        D488 11 0.0405 0.1744 0.1008 0.1208 0.1422 0.1276 0.1766 0.0332 0.0838 
        D489 11 0.0412 0.1510 0.0454 0.0473 0.4059 0.0427 0.1449 0.0776 0.0441 
        D493 11 0.0209 0.0804 0.0415 0.0384 0.2295 0.0349 0.1788 0.0826 0.2930 
        D494 11 0.0602 0.0677 0.0699 0.1014 0.1192 0.2616 0.1494 0.1041 0.0666 
        D495 11 0.0662 0.2368 0.0839 0.0380 0.2274 0.0401 0.2013 0.0170 0.0892 
        D496 11 0.0190 0.4484 0.1677 0.0575 0.0676 0.0286 0.1044 0.0857 0.0212 
        D674 11 0.0533 0.4487 0.1258 0.0592 0.0728 0.0320 0.1172 0.0448 0.0464 
        D675 11 0.0251 0.6769 0.0568 0.0437 0.0378 0.0380 0.0545 0.0495 0.0177 
        D676 11 0.1631 0.0445 0.0263 0.2397 0.2161 0.0423 0.0732 0.1022 0.0926 
        D680 11 0.0616 0.3118 0.0359 0.0338 0.1175 0.0282 0.1508 0.1751 0.0853 
        D701 11 0.0474 0.3556 0.0348 0.0695 0.2820 0.0355 0.1240 0.0234 0.0277 
        D702 11 0.1391 0.0608 0.0623 0.0636 0.1251 0.0718 0.2361 0.0203 0.2209 
        D703 11 0.2209 0.1610 0.1566 0.0360 0.0922 0.0834 0.1211 0.0510 0.0778 
        D704 11 0.1070 0.0499 0.1000 0.1776 0.1774 0.0497 0.1821 0.0678 0.0885 
        D705 11 0.0362 0.0233 0.0482 0.0165 0.0531 0.5008 0.0776 0.0209 0.2235 
        D706 11 0.0434 0.2678 0.1710 0.1258 0.0679 0.0215 0.0663 0.0326 0.2037 
        D707 11 0.0596 0.0673 0.0292 0.0707 0.1215 0.3930 0.1053 0.0535 0.0999 
        D751 11 0.0953 0.0343 0.0204 0.0339 0.0890 0.5490 0.0814 0.0362 0.0605 
        D752 11 0.0399 0.2677 0.0683 0.2567 0.1078 0.0372 0.1048 0.0687 0.0488 
        D753 11 0.0350 0.0324 0.0695 0.0287 0.0661 0.5952 0.0921 0.0454 0.0356 
        D773 11 0.5204 0.0577 0.0187 0.0153 0.1534 0.0251 0.0982 0.0137 0.0974 
        D774 11 0.0578 0.0870 0.2627 0.0719 0.1289 0.1572 0.1604 0.0321 0.0419 
        D801 11 0.0576 0.1056 0.0942 0.0654 0.1382 0.0324 0.3179 0.1697 0.0191 
        D802 11 0.0475 0.0415 0.0363 0.0328 0.2003 0.1019 0.4849 0.0156 0.0392 
        D803 11 0.0369 0.4235 0.0269 0.0476 0.1669 0.0454 0.1461 0.0651 0.0416 
        D804 11 0.0346 0.0880 0.0524 0.1278 0.2197 0.0780 0.2257 0.0512 0.1227 
        D805 11 0.0638 0.1333 0.0403 0.0380 0.1917 0.1271 0.2433 0.0828 0.0798 
        D806 11 0.6112 0.0450 0.0156 0.0997 0.0939 0.0323 0.0464 0.0234 0.0326 
        D809 11 0.0528 0.0517 0.0782 0.1629 0.1165 0.0924 0.0955 0.2849 0.0651 
        D810 11 0.0253 0.1028 0.0305 0.3106 0.0684 0.0588 0.1006 0.2641 0.0388 
        D812 11 0.0728 0.0428 0.0580 0.1108 0.2135 0.1044 0.1137 0.0586 0.2253 
        D813 11 0.1423 0.4077 0.0519 0.0752 0.0686 0.0434 0.1139 0.0227 0.0744 
        D823 11 0.0306 0.0486 0.0382 0.4727 0.1587 0.0735 0.0927 0.0378 0.0472 
        D824 11 0.0475 0.0648 0.1597 0.1820 0.1039 0.0406 0.1198 0.2559 0.0256 
        D829 11 0.0302 0.0415 0.0802 0.3268 0.1035 0.1335 0.1424 0.0470 0.0949 
        D830 11 0.1465 0.0278 0.0221 0.1014 0.0966 0.3224 0.1143 0.0552 0.1138 
        D831 11 0.0289 0.2912 0.0463 0.2153 0.1929 0.0242 0.1257 0.0231 0.0524 
        D832 11 0.0375 0.0891 0.1248 0.0275 0.2537 0.0218 0.2718 0.1291 0.0447 
        D833 11 0.0510 0.0861 0.0375 0.0887 0.0670 0.3651 0.0803 0.1755 0.0486 
        D834 11 0.2825 0.0574 0.0519 0.0612 0.0547 0.2048 0.0789 0.1711 0.0376 
        D835 11 0.1062 0.0856 0.0245 0.0538 0.3127 0.0434 0.1474 0.0470 0.1794 
        D855 11 0.0882 0.0808 0.0371 0.1173 0.2454 0.1075 0.1397 0.1275 0.0564 
        D863 11 0.0241 0.7250 0.0704 0.0305 0.0364 0.0144 0.0488 0.0301 0.0202 
        D864 11 0.0732 0.0498 0.0920 0.2099 0.1434 0.0548 0.1621 0.1468 0.0680 
        D878 11 0.0476 0.1585 0.0353 0.1042 0.1599 0.1062 0.0961 0.2597 0.0324 
        D879 11 0.2822 0.0348 0.0209 0.0910 0.1799 0.0407 0.1665 0.0280 0.1560 
        D880 11 0.0296 0.1980 0.2119 0.0669 0.0465 0.2548 0.0675 0.0966 0.0283 
        D881 11 0.0692 0.0772 0.0216 0.0175 0.0336 0.0374 0.0416 0.6827 0.0191 
        D882 11 0.0240 0.2950 0.1590 0.0353 0.1394 0.0896 0.1720 0.0499 0.0358 
        D909 11 0.0304 0.1285 0.0648 0.0501 0.1047 0.2656 0.1044 0.1366 0.1149 
        D921 11 0.0315 0.0426 0.0353 0.5570 0.0917 0.0568 0.0662 0.0732 0.0456 
        D924 11 0.0271 0.2794 0.2103 0.1051 0.0983 0.0572 0.1078 0.0719 0.0428 
        D935 11 0.0653 0.0228 0.0166 0.0620 0.0402 0.6735 0.0571 0.0366 0.0260 
        D940 11 0.0192 0.7112 0.0379 0.0179 0.0507 0.0220 0.0641 0.0485 0.0286 
        D941 11 0.0852 0.3905 0.0323 0.0482 0.0917 0.0954 0.1007 0.1128 0.0433 
        D942 11 0.5107 0.0214 0.0257 0.0685 0.0713 0.0641 0.0819 0.0458 0.1105 
        D980 11 0.0810 0.1230 0.0405 0.1226 0.1165 0.2923 0.1085 0.0347 0.0811 
        D981 11 0.0567 0.0233 0.0354 0.0390 0.1401 0.0432 0.0705 0.0193 0.5725 
        D982 11 0.0609 0.0222 0.4896 0.2053 0.0441 0.0548 0.0384 0.0565 0.0281 
        D983 11 0.0251 0.0501 0.0215 0.0734 0.0751 0.1310 0.0631 0.4954 0.0654 
        D984 11 0.0592 0.0875 0.0983 0.3017 0.0667 0.1921 0.0866 0.0699 0.0380 
        D992 11 0.1638 0.0361 0.0342 0.2362 0.2512 0.0368 0.1087 0.0267 0.1063 
        D993 11 0.0653 0.0405 0.0515 0.0640 0.0847 0.1246 0.1119 0.3153 0.1422 
        D994 11 0.0395 0.2402 0.0237 0.1739 0.3678 0.0226 0.0716 0.0338 0.0269 
        D995 11 0.2009 0.0258 0.0179 0.0529 0.2215 0.0351 0.3204 0.0497 0.0758 
        H354 11 0.5402 0.0277 0.0363 0.0408 0.0581 0.1686 0.0595 0.0324 0.0365 
        D005 12 0.0466 0.0359 0.1482 0.0565 0.1707 0.0331 0.1818 0.0195 0.3077 
        D035 12 0.0763 0.1744 0.0821 0.0271 0.1964 0.0358 0.2545 0.0596 0.0937 
        D067 12 0.0442 0.0864 0.0536 0.2436 0.1300 0.1714 0.1519 0.0569 0.0620 
        D134 12 0.0463 0.3099 0.0579 0.0675 0.1718 0.0387 0.1970 0.0437 0.0673 
        D135 12 0.0310 0.1039 0.0327 0.0203 0.1577 0.0441 0.5070 0.0727 0.0308 
        D136 12 0.0811 0.0160 0.0346 0.0566 0.0932 0.4825 0.1114 0.0256 0.0990 
        D137 12 0.1626 0.1075 0.1711 0.0543 0.1275 0.0916 0.2309 0.0233 0.0313 
        D138 12 0.0831 0.1258 0.1637 0.1004 0.1000 0.1201 0.1353 0.0968 0.0748 
        D139 12 0.0535 0.1414 0.0644 0.3600 0.0721 0.1660 0.0908 0.0270 0.0250 
        D140 12 0.0914 0.0963 0.0606 0.0231 0.2151 0.0480 0.3130 0.0559 0.0966 
        D141 12 0.0864 0.0201 0.0201 0.0240 0.0290 0.0291 0.0309 0.0172 0.7432 
        D150 12 0.5854 0.0266 0.0557 0.0889 0.0512 0.0189 0.0663 0.0724 0.0346 
        D177 12 0.0509 0.2373 0.2063 0.0334 0.1316 0.0499 0.1920 0.0717 0.0269 
        D178 12 0.0295 0.0228 0.0786 0.0961 0.0533 0.6125 0.0514 0.0215 0.0343 
        D179 12 0.0977 0.0370 0.0470 0.0596 0.1445 0.3178 0.1939 0.0450 0.0575 
        D180 12 0.0770 0.0324 0.0966 0.0258 0.0633 0.3886 0.1278 0.0346 0.1539 
        D187 12 0.0897 0.3882 0.0657 0.0252 0.1339 0.0368 0.1601 0.0574 0.0430 
        D188 12 0.0186 0.0200 0.0259 0.0219 0.0387 0.0240 0.0332 0.0135 0.8042 
        D191 12 0.0333 0.1362 0.0588 0.0374 0.0953 0.0258 0.0412 0.0506 0.5213 
        D418 12 0.0248 0.0950 0.0282 0.0523 0.0849 0.0496 0.0480 0.0188 0.5984 
        D601 12 0.0518 0.0302 0.0531 0.0147 0.0844 0.0816 0.1096 0.0256 0.5491 
        D836 12 0.0419 0.0429 0.0204 0.0550 0.2910 0.0386 0.1859 0.0201 0.3041 
        D837 12 0.2215 0.1560 0.0745 0.0985 0.0916 0.1231 0.0983 0.0745 0.0619 
        D838 12 0.0814 0.2400 0.0722 0.1415 0.1136 0.0514 0.1092 0.1661 0.0246 
        D839 12 0.0251 0.3035 0.3476 0.0309 0.0870 0.0563 0.0916 0.0213 0.0366 
        D840 12 0.0459 0.1861 0.0862 0.1068 0.1168 0.1086 0.1542 0.1019 0.0934 
        D841 12 0.0964 0.1721 0.0300 0.0876 0.2340 0.0323 0.2184 0.0701 0.0592 
        D842 12 0.5409 0.0181 0.0366 0.0172 0.0190 0.0114 0.0210 0.0141 0.3218 
        D843 12 0.0670 0.1682 0.0542 0.0893 0.1304 0.1651 0.1447 0.1207 0.0604 
        D844 12 0.0262 0.1526 0.0580 0.0260 0.2398 0.0572 0.2362 0.0223 0.1817 
        D912 12 0.0356 0.0552 0.0313 0.5335 0.0470 0.1229 0.0548 0.0954 0.0245 
        D913 12 0.0200 0.0728 0.7127 0.0230 0.0285 0.0466 0.0386 0.0315 0.0263 
        D914 12 0.0832 0.1648 0.1212 0.0569 0.0725 0.0746 0.1225 0.2729 0.0316 
        D922 12 0.2949 0.1720 0.0192 0.0462 0.1094 0.0994 0.1174 0.0861 0.0554 
        D939 12 0.2681 0.0328 0.0336 0.0579 0.2130 0.0279 0.1009 0.0594 0.2065 
        D944 12 0.0103 0.0418 0.4970 0.0128 0.0260 0.0482 0.0412 0.0228 0.3001 
        D945 12 0.1740 0.1257 0.0383 0.0743 0.1789 0.1380 0.2051 0.0314 0.0341 
        D985 12 0.1625 0.0334 0.1799 0.0555 0.1090 0.1501 0.1797 0.0272 0.1026 
        D986 12 0.0244 0.1013 0.0406 0.4586 0.1492 0.0432 0.1209 0.0188 0.0431 
        D987 12 0.0320 0.2239 0.1183 0.0531 0.0632 0.0371 0.0649 0.3707 0.0367 
        D988 12 0.0197 0.0676 0.1046 0.4212 0.1128 0.0340 0.0830 0.1187 0.0384 
        D996 12 0.0373 0.2973 0.1673 0.0190 0.0597 0.1220 0.1300 0.1343 0.0330 
        D997 12 0.1303 0.1455 0.0493 0.0389 0.1446 0.0847 0.1629 0.1852 0.0588 
        D998 12 0.0311 0.0788 0.0991 0.0213 0.1975 0.0451 0.4531 0.0370 0.0372 
        D999 12 0.0540 0.2643 0.2822 0.0923 0.0969 0.0263 0.1144 0.0380 0.0316 
