        D174  1 0.8211 0.1789 
        D199  1 0.7225 0.2775 
        D203  1 0.5467 0.4533 
        D204  1 0.3593 0.6407 
     D237366  1 0.2024 0.7976 
     D237367  1 0.1511 0.8489 
     D237368  1 0.1969 0.8031 
     D244101  1 0.5022 0.4978 
     D244102  1 0.7100 0.2900 
     D244103  1 0.1203 0.8797 
     D244104  1 0.6042 0.3958 
     D244105  1 0.0747 0.9253 
     D244106  1 0.8459 0.1541 
     D244107  1 0.0545 0.9455 
     D244108  1 0.7870 0.2130 
     D244113  1 0.9336 0.0664 
     D244114  1 0.4267 0.5733 
     D244115  1 0.6032 0.3968 
     D267365  1 0.8967 0.1033 
        D404  1 0.8725 0.1275 
        D405  1 0.7447 0.2553 
        D406  1 0.0823 0.9177 
        D407  1 0.0529 0.9471 
        D408  1 0.9594 0.0406 
        D409  1 0.1107 0.8893 
        D410  1 0.1559 0.8441 
        D421  1 0.2987 0.7013 
        D422  1 0.0228 0.9772 
        D423  1 0.0515 0.9485 
        D424  1 0.0892 0.9108 
        D425  1 0.7966 0.2034 
        D426  1 0.0779 0.9221 
        D427  1 0.2234 0.7766 
        D428  1 0.3978 0.6022 
        D429  1 0.7177 0.2823 
        D430  1 0.6782 0.3218 
        D491  1 0.9413 0.0587 
        D492  1 0.3549 0.6451 
        D537  1 0.2524 0.7476 
        D538  1 0.5723 0.4277 
        D539  1 0.8608 0.1392 
        D540  1 0.4109 0.5891 
        D541  1 0.3286 0.6714 
        D551  1 0.1006 0.8994 
        D552  1 0.5824 0.4176 
        D553  1 0.2964 0.7036 
        D615  1 0.5737 0.4263 
        D616  1 0.3360 0.6640 
        D621  1 0.2750 0.7250 
        D622  1 0.1363 0.8637 
        D623  1 0.8695 0.1305 
        D624  1 0.8305 0.1695 
        D625  1 0.5482 0.4518 
        D626  1 0.7611 0.2389 
        D627  1 0.1223 0.8777 
        D690  1 0.6497 0.3503 
        D691  1 0.1086 0.8914 
        D710  1 0.6959 0.3041 
        D711  1 0.4834 0.5166 
        D712  1 0.9107 0.0893 
        D713  1 0.7632 0.2368 
        D746  1 0.0425 0.9575 
        D747  1 0.4394 0.5606 
        D748  1 0.3203 0.6797 
        D749  1 0.2032 0.7968 
        D750  1 0.8519 0.1481 
        D763  1 0.3833 0.6167 
        D764  1 0.7021 0.2979 
        D765  1 0.4587 0.5413 
        D766  1 0.2507 0.7493 
        D767  1 0.4307 0.5693 
        D768  1 0.1164 0.8836 
        D811  1 0.8972 0.1028 
        D816  1 0.7460 0.2540 
        D825  1 0.8452 0.1548 
        D866  1 0.8655 0.1345 
        D867  1 0.0478 0.9522 
        D871  1 0.1305 0.8695 
        D872  1 0.4797 0.5203 
        D873  1 0.1141 0.8859 
        D874  1 0.8649 0.1351 
        D875  1 0.0583 0.9417 
        D876  1 0.7726 0.2274 
        D877  1 0.8808 0.1192 
        D892  1 0.7162 0.2838 
        D893  1 0.4952 0.5048 
        D894  1 0.5628 0.4372 
        D915  1 0.4927 0.5073 
        D916  1 0.4464 0.5536 
        D917  1 0.8849 0.1151 
        D925  1 0.3434 0.6566 
        D926  1 0.4869 0.5131 
        D927  1 0.6465 0.3535 
        D928  1 0.9427 0.0573 
        D929  1 0.7322 0.2678 
        D936  1 0.7197 0.2803 
        D938  1 0.0628 0.9372 
        D956  1 0.8912 0.1088 
        D957  1 0.4568 0.5432 
        D958  1 0.5954 0.4046 
        D959  1 0.0332 0.9668 
        D960  1 0.0772 0.9228 
        D989  1 0.9113 0.0887 
        D990  1 0.1868 0.8132 
        D023  2 0.0652 0.9348 
        D130  2 0.0353 0.9647 
        D131  2 0.2660 0.7340 
        D163  2 0.0638 0.9362 
        D164  2 0.0379 0.9621 
        D165  2 0.0360 0.9640 
        D166  2 0.5807 0.4193 
        D167  2 0.1846 0.8154 
        D192  2 0.1184 0.8816 
        D193  2 0.8085 0.1915 
        D206  2 0.1719 0.8281 
        D207  2 0.3750 0.6250 
        D208  2 0.9037 0.0963 
        D209  2 0.1540 0.8460 
        D210  2 0.8305 0.1695 
     D229599  2 0.7402 0.2598 
     D229600  2 0.0659 0.9341 
     D237227  2 0.8631 0.1369 
     D237228  2 0.5435 0.4565 
     D237258  2 0.6138 0.3862 
     D237310  2 0.3560 0.6440 
     D237311  2 0.2090 0.7910 
     D237312  2 0.5746 0.4254 
     D237313  2 0.7105 0.2895 
     D237322  2 0.6606 0.3394 
     D237323  2 0.6217 0.3783 
     D237324  2 0.0453 0.9547 
     D237325  2 0.4524 0.5476 
     D237326  2 0.3630 0.6370 
     D237327  2 0.4885 0.5115 
     D237337  2 0.4089 0.5911 
     D237338  2 0.5479 0.4521 
     D237339  2 0.3300 0.6700 
     D237340  2 0.5727 0.4273 
     D237389  2 0.1843 0.8157 
     D237390  2 0.7213 0.2787 
     D244017  2 0.8714 0.1286 
     D244112  2 0.0783 0.9217 
     D244118  2 0.0738 0.9262 
     D244119  2 0.7995 0.2005 
     D244120  2 0.7432 0.2568 
     D244122  2 0.2512 0.7488 
        D291  2 0.7198 0.2802 
        D292  2 0.8304 0.1696 
        D293  2 0.1321 0.8679 
        D322  2 0.1871 0.8129 
        D323  2 0.5442 0.4558 
        D324  2 0.6698 0.3302 
        D325  2 0.0340 0.9660 
        D326  2 0.5787 0.4213 
        D340  2 0.0321 0.9679 
        D341  2 0.0884 0.9116 
        D342  2 0.1188 0.8812 
        D343  2 0.0174 0.9826 
        D344  2 0.4993 0.5007 
        D345  2 0.4751 0.5249 
        D346  2 0.8425 0.1575 
        D351  2 0.4851 0.5149 
        D352  2 0.6296 0.3704 
        D353  2 0.1222 0.8778 
        D354  2 0.7595 0.2405 
        D362  2 0.6167 0.3833 
        D363  2 0.7456 0.2544 
        D364  2 0.6355 0.3645 
        D365  2 0.0397 0.9603 
        D369  2 0.7286 0.2714 
        D374  2 0.9124 0.0876 
        D375  2 0.5344 0.4656 
        D376  2 0.8785 0.1215 
        D377  2 0.6918 0.3082 
        D378  2 0.2615 0.7385 
        D379  2 0.3288 0.6712 
        D384  2 0.4432 0.5568 
        D385  2 0.0797 0.9203 
        D386  2 0.2506 0.7494 
        D391  2 0.0671 0.9329 
        D392  2 0.1650 0.8350 
        D393  2 0.3882 0.6118 
        D394  2 0.3988 0.6012 
        D395  2 0.2714 0.7286 
        D401  2 0.2413 0.7587 
        D402  2 0.0876 0.9124 
        D403  2 0.1214 0.8786 
        D415  2 0.0553 0.9447 
        D435  2 0.1129 0.8871 
        D436  2 0.5928 0.4072 
        D438  2 0.0349 0.9651 
        D439  2 0.2357 0.7643 
        D449  2 0.0409 0.9591 
        D450  2 0.8425 0.1575 
        D456  2 0.2453 0.7547 
        D462  2 0.0573 0.9427 
        D463  2 0.3601 0.6399 
        D464  2 0.2534 0.7466 
        D465  2 0.0738 0.9262 
        D473  2 0.8651 0.1349 
        D474  2 0.6482 0.3518 
        D476  2 0.0466 0.9534 
        D477  2 0.8193 0.1807 
        D478  2 0.7374 0.2626 
        D480  2 0.6686 0.3314 
        D481  2 0.6922 0.3078 
        D482  2 0.8686 0.1314 
        D483  2 0.1786 0.8214 
        D484  2 0.6614 0.3386 
        D510  2 0.9502 0.0498 
        D511  2 0.3735 0.6265 
        D512  2 0.0846 0.9154 
        D513  2 0.1996 0.8004 
        D635  2 0.1656 0.8344 
        D636  2 0.0600 0.9400 
        D637  2 0.4705 0.5295 
        D658  2 0.4443 0.5557 
        D659  2 0.2829 0.7171 
        D677  2 0.3731 0.6269 
        D678  2 0.1304 0.8696 
        D679  2 0.5251 0.4749 
        D719  2 0.8897 0.1103 
        D720  2 0.5819 0.4181 
        D721  2 0.0819 0.9181 
        D722  2 0.8537 0.1463 
        D734  2 0.8817 0.1183 
        D735  2 0.4771 0.5229 
        D736  2 0.8349 0.1651 
        D737  2 0.5921 0.4079 
        D807  2 0.8439 0.1561 
        D808  2 0.4153 0.5847 
        D817  2 0.7529 0.2471 
        D818  2 0.1965 0.8035 
        D819  2 0.5936 0.4064 
        D820  2 0.5225 0.4775 
        D895  2 0.2175 0.7825 
        D896  2 0.2637 0.7363 
        D897  2 0.1190 0.8810 
        D898  2 0.7940 0.2060 
        D918  2 0.2715 0.7285 
        D919  2 0.3707 0.6293 
        D920  2 0.0512 0.9488 
        D923  2 0.5575 0.4425 
        D930  2 0.7362 0.2638 
        D931  2 0.6510 0.3490 
        D968  2 0.1050 0.8950 
        D969  2 0.6594 0.3406 
        D977  2 0.0609 0.9391 
        D978  2 0.6622 0.3378 
        D211  3 0.1677 0.8323 
     D229639  3 0.9081 0.0919 
     D237212  3 0.5440 0.4560 
     D237213  3 0.3495 0.6505 
     D237214  3 0.0875 0.9125 
     D237215  3 0.7806 0.2194 
     D237216  3 0.0612 0.9388 
     D237217  3 0.0549 0.9451 
     D237218  3 0.4559 0.5441 
     D237219  3 0.6954 0.3046 
     D237382  3 0.6014 0.3986 
     D244127  3 0.1990 0.8010 
     D244129  3 0.4895 0.5105 
     D244133  3 0.4672 0.5328 
     D244134  3 0.8821 0.1179 
     D244135  3 0.0581 0.9419 
     D244136  3 0.7444 0.2556 
        D416  3 0.1968 0.8032 
        D417  3 0.2098 0.7902 
        D419  3 0.5837 0.4163 
        D565  3 0.9454 0.0546 
        D566  3 0.9093 0.0907 
        D567  3 0.3397 0.6603 
        D568  3 0.1879 0.8121 
        D569  3 0.2852 0.7148 
        D573  3 0.4762 0.5238 
        D574  3 0.8830 0.1170 
        D575  3 0.5367 0.4633 
        D576  3 0.3944 0.6056 
        D577  3 0.5317 0.4683 
        D578  3 0.0305 0.9695 
        D579  3 0.6697 0.3303 
        D660  3 0.2005 0.7995 
        D661  3 0.3164 0.6836 
        D663  3 0.6899 0.3101 
        D664  3 0.5609 0.4391 
        D665  3 0.1033 0.8967 
        D666  3 0.7442 0.2558 
        D009  4 0.1853 0.8147 
        D057  4 0.2262 0.7738 
        D109  4 0.3643 0.6357 
     D237222  4 0.1966 0.8034 
     D237223  4 0.2213 0.7787 
     D237224  4 0.6502 0.3498 
     D237225  4 0.2170 0.7830 
     D237299  4 0.1584 0.8416 
     D237300  4 0.9175 0.0825 
     D237306  4 0.7710 0.2290 
     D237307  4 0.7066 0.2934 
     D237308  4 0.3252 0.6748 
     D237309  4 0.1568 0.8432 
     D237317  4 0.7630 0.2370 
     D237318  4 0.9083 0.0917 
     D237319  4 0.4595 0.5405 
     D237320  4 0.3120 0.6880 
     D237321  4 0.8257 0.1743 
     D237397  4 0.5526 0.4474 
     D237398  4 0.5402 0.4598 
     D237399  4 0.8305 0.1695 
     D244001  4 0.0524 0.9476 
        D289  4 0.6977 0.3023 
        D290  4 0.6939 0.3061 
        D294  4 0.4136 0.5864 
        D295  4 0.6608 0.3392 
        D301  4 0.1699 0.8301 
        D302  4 0.4054 0.5946 
        D303  4 0.8073 0.1927 
        D304  4 0.8882 0.1118 
        D305  4 0.0577 0.9423 
        D306  4 0.7442 0.2558 
        D307  4 0.1524 0.8476 
        D327  4 0.5819 0.4181 
        D328  4 0.8703 0.1297 
        D329  4 0.3143 0.6857 
        D330  4 0.1547 0.8453 
        D331  4 0.8357 0.1643 
        D333  4 0.6382 0.3618 
        D334  4 0.8557 0.1443 
        D335  4 0.5435 0.4565 
        D370  4 0.7503 0.2497 
        D371  4 0.8689 0.1311 
        D372  4 0.7434 0.2566 
        D373  4 0.0644 0.9356 
        D455  4 0.0760 0.9240 
        D490  4 0.0488 0.9512 
        D497  4 0.0475 0.9525 
        D498  4 0.7918 0.2082 
        D499  4 0.7795 0.2205 
        D514  4 0.4975 0.5025 
        D515  4 0.1741 0.8259 
        D516  4 0.5221 0.4779 
        D517  4 0.0598 0.9402 
        D518  4 0.3318 0.6682 
        D519  4 0.1054 0.8946 
        D560  4 0.1076 0.8924 
        D561  4 0.0492 0.9508 
        D562  4 0.6005 0.3995 
        D563  4 0.1718 0.8282 
        D572  4 0.4288 0.5712 
        D629  4 0.4944 0.5056 
        D630  4 0.6220 0.3780 
        D631  4 0.5121 0.4879 
        D632  4 0.0656 0.9344 
        D646  4 0.0929 0.9071 
        D647  4 0.2447 0.7553 
        D648  4 0.7875 0.2125 
        D649  4 0.3492 0.6508 
        D650  4 0.6959 0.3041 
        D708  4 0.8267 0.1733 
        D709  4 0.8313 0.1687 
        D738  4 0.7578 0.2422 
        D739  4 0.4225 0.5775 
        D740  4 0.4870 0.5130 
        D741  4 0.0809 0.9191 
        D742  4 0.5833 0.4167 
        D743  4 0.5847 0.4153 
        D744  4 0.3379 0.6621 
        D745  4 0.0989 0.9011 
        D814  4 0.0777 0.9223 
        D815  4 0.7611 0.2389 
        D828  4 0.8630 0.1370 
        D845  4 0.8906 0.1094 
        D846  4 0.1729 0.8271 
        D847  4 0.6295 0.3705 
        D848  4 0.0743 0.9257 
        D849  4 0.1041 0.8959 
        D850  4 0.5434 0.4566 
        D856  4 0.5717 0.4283 
        D857  4 0.1233 0.8767 
        D859  4 0.6655 0.3345 
        D860  4 0.9227 0.0773 
        D883  4 0.6613 0.3387 
        D884  4 0.5901 0.4099 
        D885  4 0.1985 0.8015 
        D886  4 0.3573 0.6427 
        D887  4 0.6904 0.3096 
        D889  4 0.9324 0.0676 
        D890  4 0.7565 0.2435 
        D891  4 0.9127 0.0873 
        D899  4 0.7982 0.2018 
        D900  4 0.5125 0.4875 
        D970  4 0.6178 0.3822 
        D971  4 0.1293 0.8707 
        D979  4 0.6839 0.3161 
        D093  5 0.8952 0.1048 
        D154  5 0.3940 0.6060 
        D168  5 0.1735 0.8265 
        D189  5 0.9219 0.0781 
        D190  5 0.9406 0.0594 
     D237220  5 0.5848 0.4152 
     D237221  5 0.8290 0.1710 
     D237274  5 0.3579 0.6421 
     D237275  5 0.3679 0.6321 
     D237276  5 0.6626 0.3374 
     D237277  5 0.8923 0.1077 
     D237278  5 0.3556 0.6444 
     D237279  5 0.0596 0.9404 
     D237280  5 0.4632 0.5368 
     D237281  5 0.5535 0.4465 
     D237351  5 0.4146 0.5854 
     D237352  5 0.2116 0.7884 
     D237353  5 0.9532 0.0468 
     D237359  5 0.5327 0.4673 
     D237361  5 0.9572 0.0428 
     D237362  5 0.7039 0.2961 
     D237363  5 0.1933 0.8067 
     D237364  5 0.1928 0.8072 
     D237376  5 0.8970 0.1030 
     D237377  5 0.3103 0.6897 
     D237378  5 0.9127 0.0873 
     D237379  5 0.8301 0.1699 
     D237380  5 0.3859 0.6141 
     D237381  5 0.2479 0.7521 
     D237391  5 0.9301 0.0699 
     D237392  5 0.2938 0.7062 
     D237393  5 0.7193 0.2807 
     D237394  5 0.9210 0.0790 
     D237395  5 0.7004 0.2996 
     D237396  5 0.3447 0.6553 
     D244016  5 0.7352 0.2648 
     D244018  5 0.2853 0.7147 
     D244019  5 0.6483 0.3517 
        D279  5 0.4623 0.5377 
        D280  5 0.7886 0.2114 
        D281  5 0.7769 0.2231 
        D283  5 0.8680 0.1320 
        D284  5 0.2333 0.7667 
        D285  5 0.9154 0.0846 
        D286  5 0.8219 0.1781 
        D287  5 0.8602 0.1398 
        D288  5 0.8753 0.1247 
        D308  5 0.1637 0.8363 
        D309  5 0.0774 0.9226 
        D310  5 0.8529 0.1471 
        D311  5 0.7736 0.2264 
        D312  5 0.8610 0.1390 
        D313  5 0.0528 0.9472 
        D314  5 0.5210 0.4790 
        D315  5 0.8086 0.1914 
        D317  5 0.9525 0.0475 
        D318  5 0.4707 0.5293 
        D319  5 0.9212 0.0788 
        D320  5 0.9568 0.0432 
        D321  5 0.3993 0.6007 
        D336  5 0.9314 0.0686 
        D337  5 0.9676 0.0324 
        D338  5 0.5954 0.4046 
        D339  5 0.8389 0.1611 
        D347  5 0.8036 0.1964 
        D348  5 0.9423 0.0577 
        D349  5 0.3089 0.6911 
        D350  5 0.1718 0.8282 
        D355  5 0.4514 0.5486 
        D356  5 0.8726 0.1274 
        D357  5 0.7930 0.2070 
        D358  5 0.7200 0.2800 
        D359  5 0.9164 0.0836 
        D360  5 0.9165 0.0835 
        D361  5 0.1931 0.8069 
        D366  5 0.0799 0.9201 
        D367  5 0.8804 0.1196 
        D368  5 0.7904 0.2096 
        D380  5 0.2129 0.7871 
        D381  5 0.8747 0.1253 
        D400  5 0.8405 0.1595 
        D411  5 0.0367 0.9633 
        D412  5 0.5798 0.4202 
        D413  5 0.0477 0.9523 
        D414  5 0.4236 0.5764 
        D420  5 0.7612 0.2388 
        D431  5 0.8435 0.1565 
        D432  5 0.7995 0.2005 
        D433  5 0.9398 0.0602 
        D434  5 0.8567 0.1433 
        D440  5 0.1020 0.8980 
        D447  5 0.1369 0.8631 
        D448  5 0.9326 0.0674 
        D459  5 0.6514 0.3486 
        D460  5 0.2608 0.7392 
        D461  5 0.3107 0.6893 
        D468  5 0.5924 0.4076 
        D469  5 0.6314 0.3686 
        D470  5 0.4367 0.5633 
        D471  5 0.9134 0.0866 
        D472  5 0.3941 0.6059 
        D479  5 0.0918 0.9082 
        D485  5 0.7255 0.2745 
        D486  5 0.4450 0.5550 
        D487  5 0.8393 0.1607 
        D555  5 0.9419 0.0581 
        D556  5 0.9143 0.0857 
        D557  5 0.9469 0.0531 
        D564  5 0.7815 0.2185 
        D594  5 0.4375 0.5625 
        D595  5 0.7534 0.2466 
        D596  5 0.9499 0.0501 
        D597  5 0.7635 0.2365 
        D598  5 0.7464 0.2536 
        D617  5 0.0643 0.9357 
        D618  5 0.8668 0.1332 
        D619  5 0.5622 0.4378 
        D620  5 0.1097 0.8903 
        D628  5 0.5172 0.4828 
        D714  5 0.9345 0.0655 
        D715  5 0.9362 0.0638 
        D716  5 0.7707 0.2293 
        D717  5 0.7243 0.2757 
        D718  5 0.5981 0.4019 
        D769  5 0.0788 0.9212 
        D770  5 0.6450 0.3550 
        D771  5 0.5815 0.4185 
        D772  5 0.8956 0.1044 
        D782  5 0.1107 0.8893 
        D783  5 0.5847 0.4153 
        D784  5 0.6752 0.3248 
        D785  5 0.8849 0.1151 
        D786  5 0.1037 0.8963 
        D821  5 0.9748 0.0252 
        D822  5 0.6547 0.3453 
        D826  5 0.8309 0.1691 
        D827  5 0.3217 0.6783 
        D851  5 0.5196 0.4804 
        D852  5 0.7966 0.2034 
        D853  5 0.8608 0.1392 
        D854  5 0.4786 0.5214 
        D861  5 0.5316 0.4684 
        D862  5 0.8008 0.1992 
        D865  5 0.9130 0.0870 
        D868  5 0.6541 0.3459 
        D869  5 0.0484 0.9516 
        D870  5 0.0475 0.9525 
        D907  5 0.8600 0.1400 
        D908  5 0.8986 0.1014 
        D910  5 0.9163 0.0837 
        D911  5 0.6210 0.3790 
        D934  5 0.7395 0.2605 
        D946  5 0.7932 0.2068 
        D947  5 0.6658 0.3342 
        D948  5 0.3979 0.6021 
        D949  5 0.3323 0.6677 
        D950  5 0.5664 0.4336 
        D951  5 0.2889 0.7111 
        D952  5 0.8398 0.1602 
        D953  5 0.9420 0.0580 
        D954  5 0.8350 0.1650 
        D961  5 0.7995 0.2005 
        D962  5 0.9296 0.0704 
        D963  5 0.7933 0.2067 
        D964  5 0.6381 0.3619 
        D965  5 0.6881 0.3119 
        D966  5 0.8438 0.1562 
        D967  5 0.7568 0.2432 
        D991  5 0.6028 0.3972 
        D502  6 0.1627 0.8373 
        D503  6 0.1847 0.8153 
        D504  6 0.5583 0.4417 
        D505  6 0.6464 0.3536 
        D506  6 0.9145 0.0855 
        D507  6 0.4395 0.5605 
        D508  6 0.6963 0.3037 
        D529  6 0.6641 0.3359 
        D530  6 0.6218 0.3782 
        D531  6 0.6794 0.3206 
        D532  6 0.6990 0.3010 
        D534  6 0.1112 0.8888 
        D535  6 0.7412 0.2588 
        D536  6 0.0420 0.9580 
        D554  6 0.6788 0.3212 
        D587  6 0.8661 0.1339 
        D588  6 0.6067 0.3933 
        D589  6 0.4340 0.5660 
        D590  6 0.0707 0.9293 
        D591  6 0.6784 0.3216 
        D592  6 0.2026 0.7974 
        D593  6 0.7775 0.2225 
        D682  6 0.8729 0.1271 
        D683  6 0.7784 0.2216 
        D684  6 0.1014 0.8986 
        D685  6 0.2489 0.7511 
        D686  6 0.7997 0.2003 
        D724  6 0.4031 0.5969 
        D725  6 0.6373 0.3627 
        D726  6 0.9283 0.0717 
        D727  6 0.1568 0.8432 
        D728  6 0.7995 0.2005 
        D729  6 0.0365 0.9635 
        D730  6 0.3810 0.6190 
        D731  6 0.9377 0.0623 
        D732  6 0.5516 0.4484 
        D733  6 0.6542 0.3458 
     D237251  7 0.8731 0.1269 
     D237252  7 0.2164 0.7836 
     D237253  7 0.7834 0.2166 
     D237254  7 0.0329 0.9671 
     D237255  7 0.8434 0.1566 
     D237256  7 0.6008 0.3992 
     D237257  7 0.2401 0.7599 
     D237282  7 0.1821 0.8179 
     D237283  7 0.0649 0.9351 
     D237284  7 0.0512 0.9488 
     D237285  7 0.6873 0.3127 
     D237286  7 0.7651 0.2349 
     D237287  7 0.4407 0.5593 
     D244006  7 0.0492 0.9508 
     D244007  7 0.0893 0.9107 
     D244008  7 0.1198 0.8802 
     D244009  7 0.4799 0.5201 
     D244010  7 0.3932 0.6068 
     D244011  7 0.7180 0.2820 
     D244012  7 0.3145 0.6855 
     D244013  7 0.8054 0.1946 
     D244014  7 0.3594 0.6406 
     D244015  7 0.0901 0.9099 
     D244125  7 0.9097 0.0903 
     D244126  7 0.0342 0.9658 
     D244130  7 0.4332 0.5668 
     D244131  7 0.6169 0.3831 
     D244132  7 0.8699 0.1301 
        D520  7 0.6426 0.3574 
        D521  7 0.5934 0.4066 
        D522  7 0.1651 0.8349 
        D523  7 0.5822 0.4178 
        D524  7 0.8023 0.1977 
        D525  7 0.2772 0.7228 
        D526  7 0.0417 0.9583 
        D527  7 0.6267 0.3733 
        D528  7 0.0195 0.9805 
        D558  7 0.1850 0.8150 
        D559  7 0.2603 0.7397 
        D640  7 0.8404 0.1596 
        D641  7 0.8099 0.1901 
        D642  7 0.1767 0.8233 
        D644  7 0.7355 0.2645 
        D645  7 0.5897 0.4103 
        D662  7 0.4531 0.5469 
        D687  7 0.6166 0.3834 
        D688  7 0.2085 0.7915 
        D689  7 0.8135 0.1865 
        D700  7 0.0196 0.9804 
        D797  7 0.7024 0.2976 
        D798  7 0.2689 0.7311 
        D799  7 0.6768 0.3232 
        D800  7 0.1313 0.8687 
        D132  8 0.0666 0.9334 
        D133  8 0.0419 0.9581 
        D200  8 0.7511 0.2489 
        D500  8 0.0578 0.9422 
        D614  8 0.8468 0.1532 
        D723  8 0.2589 0.7411 
        D888  8 0.9228 0.0772 
        D901  8 0.2445 0.7555 
        D902  8 0.8521 0.1479 
        D903  8 0.7358 0.2642 
        D904  8 0.5121 0.4879 
        D905  8 0.9661 0.0339 
        D906  8 0.2475 0.7525 
        D937  8 0.9116 0.0884 
        D943  8 0.3064 0.6936 
        D972  8 0.2031 0.7969 
        D973  8 0.4230 0.5770 
        D974  8 0.5518 0.4482 
        D975  8 0.7266 0.2734 
        D976  8 0.5670 0.4330 
        D201  9 0.2638 0.7362 
        D202  9 0.5705 0.4295 
     D237259  9 0.0458 0.9542 
     D237260  9 0.3482 0.6518 
     D237262  9 0.1258 0.8742 
     D237263  9 0.3361 0.6639 
     D237264  9 0.4111 0.5889 
     D237265  9 0.5412 0.4588 
     D237266  9 0.0921 0.9079 
     D237267  9 0.3986 0.6014 
     D237268  9 0.5362 0.4638 
     D237289  9 0.6187 0.3813 
     D237290  9 0.5825 0.4175 
     D237291  9 0.2893 0.7107 
     D237292  9 0.0615 0.9385 
     D237293  9 0.5618 0.4382 
     D237294  9 0.2714 0.7286 
     D237295  9 0.7152 0.2848 
     D237296  9 0.7135 0.2865 
     D237297  9 0.8205 0.1795 
     D237298  9 0.4958 0.5042 
     D237341  9 0.5477 0.4523 
     D237342  9 0.3117 0.6883 
     D237343  9 0.2899 0.7101 
     D237344  9 0.7867 0.2133 
     D237345  9 0.0419 0.9581 
     D237346  9 0.5798 0.4202 
     D237347  9 0.8788 0.1212 
     D237348  9 0.5252 0.4748 
     D237349  9 0.0492 0.9508 
     D244109  9 0.0564 0.9436 
     D244110  9 0.2700 0.7300 
     D244111  9 0.4848 0.5152 
     D244128  9 0.1354 0.8646 
     D244137  9 0.2573 0.7427 
     D244138  9 0.6014 0.3986 
        D580  9 0.1476 0.8524 
        D581  9 0.2172 0.7828 
        D582  9 0.1406 0.8594 
        D583  9 0.1423 0.8577 
        D584  9 0.5577 0.4423 
        D585  9 0.2446 0.7554 
        D586  9 0.8719 0.1281 
        D651  9 0.5772 0.4228 
        D652  9 0.0756 0.9244 
        D653  9 0.5855 0.4145 
        D654  9 0.0854 0.9146 
        D655  9 0.8436 0.1564 
        D656  9 0.0520 0.9480 
        D657  9 0.3240 0.6760 
        D667  9 0.9224 0.0776 
        D668  9 0.6410 0.3590 
        D669  9 0.4833 0.5167 
        D670  9 0.1873 0.8127 
        D671  9 0.2598 0.7402 
        D672  9 0.1493 0.8507 
        D673  9 0.7027 0.2973 
        D692  9 0.0473 0.9527 
        D693  9 0.6353 0.3647 
        D694  9 0.1538 0.8462 
        D695  9 0.5051 0.4949 
        D696  9 0.9542 0.0458 
        D697  9 0.7285 0.2715 
        D698  9 0.4595 0.5405 
        D699  9 0.8080 0.1920 
        D787  9 0.2374 0.7626 
        D788  9 0.7231 0.2769 
        D789  9 0.5080 0.4920 
        D790  9 0.3306 0.6694 
        D791  9 0.7301 0.2699 
        D792  9 0.1726 0.8274 
        D793  9 0.8655 0.1345 
        D794  9 0.6792 0.3208 
        D795  9 0.4142 0.5858 
        D796  9 0.7641 0.2359 
        D142 10 0.8110 0.1890 
        D143 10 0.0992 0.9008 
        D144 10 0.6970 0.3030 
        D145 10 0.8004 0.1996 
        D146 10 0.3750 0.6250 
        D147 10 0.1435 0.8565 
        D148 10 0.1819 0.8181 
        D149 10 0.1831 0.8169 
        D151 10 0.1877 0.8123 
        D152 10 0.1723 0.8277 
        D153 10 0.8128 0.1872 
        D156 10 0.5283 0.4717 
        D157 10 0.8204 0.1796 
        D158 10 0.7330 0.2670 
        D159 10 0.0961 0.9039 
        D160 10 0.9720 0.0280 
        D161 10 0.5836 0.4164 
        D162 10 0.7453 0.2547 
        D169 10 0.0816 0.9184 
        D170 10 0.1409 0.8591 
        D171 10 0.6995 0.3005 
        D172 10 0.4513 0.5487 
        D173 10 0.0340 0.9660 
        D181 10 0.8455 0.1545 
        D182 10 0.1698 0.8302 
        D183 10 0.9210 0.0790 
        D184 10 0.0352 0.9648 
        D185 10 0.5401 0.4599 
        D186 10 0.0530 0.9470 
        D194 10 0.2961 0.7039 
        D195 10 0.7836 0.2164 
        D196 10 0.7560 0.2440 
        D197 10 0.0595 0.9405 
        D198 10 0.6738 0.3262 
     D237226 10 0.6732 0.3268 
     D237232 10 0.9026 0.0974 
     D237233 10 0.6783 0.3217 
     D237234 10 0.8265 0.1735 
     D237354 10 0.8877 0.1123 
     D237355 10 0.9116 0.0884 
     D237356 10 0.7470 0.2530 
     D237357 10 0.1041 0.8959 
     D237358 10 0.0610 0.9390 
     D237369 10 0.0329 0.9671 
     D237370 10 0.8440 0.1560 
     D237371 10 0.5004 0.4996 
     D237372 10 0.0537 0.9463 
     D237373 10 0.8953 0.1047 
     D237374 10 0.9302 0.0698 
     D237375 10 0.3049 0.6951 
     D237400 10 0.1866 0.8134 
     D244002 10 0.0501 0.9499 
     D244003 10 0.9405 0.0595 
     D244004 10 0.9625 0.0375 
     D244005 10 0.4827 0.5173 
     D244020 10 0.8208 0.1792 
     D244021 10 0.1211 0.8789 
     D244116 10 0.2335 0.7665 
     D244117 10 0.8925 0.1075 
     D244121 10 0.8043 0.1957 
     D244123 10 0.8823 0.1177 
     D244124 10 0.1845 0.8155 
        D332 10 0.4935 0.5065 
        D570 10 0.9082 0.0918 
        D602 10 0.1455 0.8545 
        D603 10 0.6995 0.3005 
        D604 10 0.3784 0.6216 
        D605 10 0.6866 0.3134 
        D606 10 0.3024 0.6976 
        D607 10 0.2918 0.7082 
        D608 10 0.0418 0.9582 
        D609 10 0.8762 0.1238 
        D610 10 0.7066 0.2934 
        D611 10 0.9738 0.0262 
        D613 10 0.7711 0.2289 
        D633 10 0.3798 0.6202 
        D634 10 0.6937 0.3063 
        D638 10 0.3767 0.6233 
        D681 10 0.6270 0.3730 
        D754 10 0.5524 0.4476 
        D755 10 0.8106 0.1894 
        D756 10 0.7928 0.2072 
        D757 10 0.5481 0.4519 
        D758 10 0.5611 0.4389 
        D759 10 0.8438 0.1562 
        D760 10 0.7703 0.2297 
        D761 10 0.9106 0.0894 
        D762 10 0.5000 0.5000 
        D775 10 0.9160 0.0840 
        D776 10 0.8141 0.1859 
        D777 10 0.8344 0.1656 
        D778 10 0.4950 0.5050 
        D779 10 0.7053 0.2947 
        D780 10 0.7100 0.2900 
        D781 10 0.1796 0.8204 
        D858 10 0.1024 0.8976 
        D933 10 0.7682 0.2318 
        D038 11 0.8583 0.1417 
        D063 11 0.8318 0.1682 
        D155 11 0.8520 0.1480 
        D175 11 0.6501 0.3499 
        D176 11 0.4163 0.5837 
        D205 11 0.8463 0.1537 
     D237229 11 0.0904 0.9096 
     D237230 11 0.0592 0.9408 
     D237231 11 0.4657 0.5343 
     D237269 11 0.4990 0.5010 
     D237270 11 0.2312 0.7688 
     D237271 11 0.8191 0.1809 
     D237272 11 0.1414 0.8586 
     D237273 11 0.8672 0.1328 
     D237301 11 0.7731 0.2269 
     D237302 11 0.2411 0.7589 
     D237303 11 0.0709 0.9291 
     D237304 11 0.6106 0.3894 
     D237305 11 0.1906 0.8094 
     D237314 11 0.8767 0.1233 
     D237315 11 0.2278 0.7722 
     D237316 11 0.6134 0.3866 
     D237328 11 0.4834 0.5166 
     D237329 11 0.3716 0.6284 
     D237330 11 0.9339 0.0661 
     D237331 11 0.8365 0.1635 
     D237332 11 0.6472 0.3528 
     D237333 11 0.8959 0.1041 
     D237334 11 0.5152 0.4848 
     D237335 11 0.7162 0.2838 
     D237336 11 0.7404 0.2596 
     D237350 11 0.7668 0.2332 
     D237383 11 0.5781 0.4219 
     D237384 11 0.5517 0.4483 
     D237385 11 0.5694 0.4306 
     D237386 11 0.5962 0.4038 
     D237387 11 0.4125 0.5875 
     D237388 11 0.8850 0.1150 
        D239 11 0.8196 0.1804 
        D240 11 0.3065 0.6935 
        D241 11 0.1629 0.8371 
        D242 11 0.5660 0.4340 
        D243 11 0.8243 0.1757 
        D244 11 0.9229 0.0771 
        D245 11 0.1569 0.8431 
        D246 11 0.7791 0.2209 
        D247 11 0.2896 0.7104 
        D248 11 0.6228 0.3772 
        D249 11 0.5672 0.4328 
        D250 11 0.7321 0.2679 
        D251 11 0.8305 0.1695 
        D252 11 0.5181 0.4819 
        D253 11 0.8077 0.1923 
        D254 11 0.0392 0.9608 
        D255 11 0.7148 0.2852 
        D256 11 0.7214 0.2786 
        D257 11 0.1473 0.8527 
        D258 11 0.3046 0.6954 
        D259 11 0.1308 0.8692 
        D260 11 0.3458 0.6542 
        D261 11 0.7699 0.2301 
        D262 11 0.2527 0.7473 
        D263 11 0.8098 0.1902 
        D264 11 0.1288 0.8712 
        D265 11 0.2161 0.7839 
        D266 11 0.7784 0.2216 
        D267 11 0.8323 0.1677 
        D268 11 0.9188 0.0812 
        D269 11 0.7728 0.2272 
        D270 11 0.5471 0.4529 
        D271 11 0.6423 0.3577 
        D272 11 0.7096 0.2904 
        D273 11 0.1063 0.8937 
        D274 11 0.7903 0.2097 
        D275 11 0.7469 0.2531 
        D276 11 0.9108 0.0892 
        D277 11 0.6664 0.3336 
        D278 11 0.6784 0.3216 
        D282 11 0.1234 0.8766 
        D296 11 0.8554 0.1446 
        D297 11 0.7558 0.2442 
        D298 11 0.8012 0.1988 
        D299 11 0.8590 0.1410 
        D300 11 0.6113 0.3887 
        D382 11 0.8234 0.1766 
        D383 11 0.7550 0.2450 
        D387 11 0.7642 0.2358 
        D388 11 0.5927 0.4073 
        D389 11 0.8337 0.1663 
        D390 11 0.7559 0.2441 
        D396 11 0.4398 0.5602 
        D397 11 0.1254 0.8746 
        D398 11 0.8250 0.1750 
        D399 11 0.2796 0.7204 
        D437 11 0.0681 0.9319 
        D441 11 0.9127 0.0873 
        D442 11 0.6413 0.3587 
        D443 11 0.9527 0.0473 
        D444 11 0.5719 0.4281 
        D445 11 0.3725 0.6275 
        D446 11 0.0656 0.9344 
        D451 11 0.6575 0.3425 
        D452 11 0.5632 0.4368 
        D453 11 0.6168 0.3832 
        D454 11 0.2055 0.7945 
        D457 11 0.6842 0.3158 
        D458 11 0.8665 0.1335 
        D466 11 0.0969 0.9031 
        D467 11 0.8414 0.1586 
        D475 11 0.0657 0.9343 
        D488 11 0.5143 0.4857 
        D489 11 0.1759 0.8241 
        D493 11 0.1593 0.8407 
        D494 11 0.6208 0.3792 
        D495 11 0.2113 0.7887 
        D496 11 0.8511 0.1489 
        D674 11 0.7930 0.2070 
        D675 11 0.9027 0.0973 
        D676 11 0.6516 0.3484 
        D680 11 0.8600 0.1400 
        D701 11 0.4284 0.5716 
        D702 11 0.1160 0.8840 
        D703 11 0.5693 0.4307 
        D704 11 0.6648 0.3352 
        D705 11 0.0324 0.9676 
        D706 11 0.3542 0.6458 
        D707 11 0.4658 0.5342 
        D751 11 0.7216 0.2784 
        D752 11 0.7743 0.2257 
        D753 11 0.1540 0.8460 
        D773 11 0.0324 0.9676 
        D774 11 0.5791 0.4209 
        D801 11 0.6234 0.3766 
        D802 11 0.1247 0.8753 
        D803 11 0.9265 0.0735 
        D804 11 0.3638 0.6362 
        D805 11 0.5765 0.4235 
        D806 11 0.1081 0.8919 
        D809 11 0.7437 0.2563 
        D810 11 0.9376 0.0624 
        D812 11 0.3952 0.6048 
        D813 11 0.7670 0.2330 
        D823 11 0.8031 0.1969 
        D824 11 0.4512 0.5488 
        D829 11 0.5009 0.4991 
        D830 11 0.1563 0.8437 
        D831 11 0.5029 0.4971 
        D832 11 0.1950 0.8050 
        D833 11 0.9137 0.0863 
        D834 11 0.8863 0.1137 
        D835 11 0.5542 0.4458 
        D855 11 0.7375 0.2625 
        D863 11 0.8846 0.1154 
        D864 11 0.8156 0.1844 
        D878 11 0.8541 0.1459 
        D879 11 0.2424 0.7576 
        D880 11 0.7394 0.2606 
        D881 11 0.9295 0.0705 
        D882 11 0.3323 0.6677 
        D909 11 0.6753 0.3247 
        D921 11 0.8883 0.1117 
        D924 11 0.7601 0.2399 
        D935 11 0.6446 0.3554 
        D940 11 0.8285 0.1715 
        D941 11 0.8691 0.1309 
        D942 11 0.1453 0.8547 
        D980 11 0.5247 0.4753 
        D981 11 0.3384 0.6616 
        D982 11 0.1410 0.8590 
        D983 11 0.8917 0.1083 
        D984 11 0.7452 0.2548 
        D992 11 0.1868 0.8132 
        D993 11 0.8205 0.1795 
        D994 11 0.6356 0.3644 
        D995 11 0.4327 0.5673 
        H354 11 0.2051 0.7949 
        D005 12 0.1946 0.8054 
        D035 12 0.5177 0.4823 
        D067 12 0.6987 0.3013 
        D134 12 0.6677 0.3323 
        D135 12 0.2053 0.7947 
        D136 12 0.2282 0.7718 
        D137 12 0.3039 0.6961 
        D138 12 0.5638 0.4362 
        D139 12 0.7121 0.2879 
        D140 12 0.3770 0.6230 
        D141 12 0.0300 0.9700 
        D150 12 0.2507 0.7493 
        D177 12 0.4282 0.5718 
        D178 12 0.1498 0.8502 
        D179 12 0.1766 0.8234 
        D180 12 0.1908 0.8092 
        D187 12 0.7228 0.2772 
        D188 12 0.0392 0.9608 
        D191 12 0.0697 0.9303 
        D418 12 0.0571 0.9429 
        D601 12 0.1477 0.8523 
        D836 12 0.1126 0.8874 
        D837 12 0.7081 0.2919 
        D838 12 0.9266 0.0734 
        D839 12 0.2903 0.7097 
        D840 12 0.7289 0.2711 
        D841 12 0.4949 0.5051 
        D842 12 0.0578 0.9422 
        D843 12 0.7773 0.2227 
        D844 12 0.0699 0.9301 
        D912 12 0.8525 0.1475 
        D913 12 0.1121 0.8879 
        D914 12 0.8878 0.1122 
        D922 12 0.8419 0.1581 
        D939 12 0.5322 0.4678 
        D944 12 0.0353 0.9647 
        D945 12 0.7195 0.2805 
        D985 12 0.1925 0.8075 
        D986 12 0.1305 0.8695 
        D987 12 0.8151 0.1849 
        D988 12 0.7792 0.2208 
        D996 12 0.7609 0.2391 
        D997 12 0.8099 0.1901 
        D998 12 0.2362 0.7638 
        D999 12 0.5541 0.4459 
