        D174  1 0.0696 0.6724 0.0323 0.0663 0.0316 0.0889 0.0389 
        D199  1 0.0392 0.2385 0.0556 0.2662 0.1055 0.0941 0.2009 
        D203  1 0.1150 0.0764 0.0619 0.2655 0.1098 0.1350 0.2364 
        D204  1 0.0217 0.0224 0.0823 0.7909 0.0211 0.0264 0.0353 
     D237366  1 0.2419 0.0772 0.2044 0.0921 0.0912 0.1780 0.1152 
     D237367  1 0.1340 0.0452 0.0608 0.4019 0.0380 0.2214 0.0988 
     D237368  1 0.4324 0.1195 0.0400 0.1330 0.0350 0.0879 0.1521 
     D244101  1 0.0268 0.0214 0.3501 0.3422 0.0908 0.0513 0.1174 
     D244102  1 0.1185 0.1026 0.2786 0.1110 0.1184 0.1901 0.0807 
     D244103  1 0.0676 0.0563 0.0576 0.2124 0.0388 0.5154 0.0519 
     D244104  1 0.0514 0.1010 0.0289 0.7039 0.0534 0.0210 0.0404 
     D244105  1 0.3381 0.0207 0.0318 0.2374 0.1164 0.2274 0.0282 
     D244106  1 0.0293 0.5354 0.0352 0.0648 0.0840 0.1321 0.1192 
     D244107  1 0.5402 0.0174 0.0751 0.1092 0.0261 0.0782 0.1538 
     D244108  1 0.1966 0.4606 0.0725 0.1187 0.0520 0.0588 0.0408 
     D244113  1 0.0332 0.6307 0.1658 0.0216 0.0317 0.0589 0.0581 
     D244114  1 0.0524 0.1033 0.0766 0.0897 0.2616 0.3130 0.1035 
     D244115  1 0.2224 0.3825 0.0380 0.1883 0.0641 0.0786 0.0260 
     D267365  1 0.0644 0.2680 0.0478 0.4180 0.1063 0.0655 0.0301 
        D404  1 0.0323 0.5075 0.2348 0.0294 0.0239 0.1014 0.0707 
        D405  1 0.0755 0.2062 0.2145 0.1273 0.0647 0.1619 0.1499 
        D406  1 0.8175 0.0366 0.0253 0.0506 0.0287 0.0242 0.0171 
        D407  1 0.0333 0.0371 0.0188 0.5242 0.0208 0.1764 0.1894 
        D408  1 0.0268 0.5468 0.0474 0.0688 0.1785 0.1085 0.0233 
        D409  1 0.0416 0.0653 0.0415 0.1115 0.0372 0.6449 0.0580 
        D410  1 0.7763 0.0408 0.0284 0.0787 0.0158 0.0446 0.0154 
        D421  1 0.0155 0.0377 0.0115 0.8409 0.0168 0.0153 0.0622 
        D422  1 0.7880 0.0167 0.0163 0.0601 0.0240 0.0553 0.0395 
        D423  1 0.7890 0.0161 0.0188 0.0505 0.0156 0.0446 0.0654 
        D424  1 0.0548 0.0379 0.0249 0.7817 0.0198 0.0614 0.0194 
        D425  1 0.0354 0.1957 0.0371 0.5713 0.0435 0.0845 0.0325 
        D426  1 0.0386 0.0244 0.0223 0.0704 0.1285 0.6589 0.0568 
        D427  1 0.0206 0.1926 0.0161 0.2224 0.0350 0.0251 0.4882 
        D428  1 0.0815 0.2518 0.1163 0.3214 0.0430 0.1035 0.0825 
        D429  1 0.0553 0.2820 0.0398 0.3906 0.0843 0.0986 0.0494 
        D430  1 0.0348 0.1112 0.0285 0.0894 0.2098 0.4523 0.0740 
        D491  1 0.0278 0.7858 0.0199 0.0643 0.0454 0.0370 0.0199 
        D492  1 0.1561 0.2491 0.0851 0.2203 0.0383 0.1133 0.1378 
        D537  1 0.0577 0.0311 0.0431 0.7890 0.0190 0.0261 0.0339 
        D538  1 0.2220 0.1218 0.0650 0.0549 0.0460 0.3570 0.1333 
        D539  1 0.0991 0.1808 0.0818 0.0487 0.4568 0.0742 0.0586 
        D540  1 0.0734 0.0822 0.0267 0.3921 0.1155 0.2677 0.0423 
        D541  1 0.0219 0.0161 0.0160 0.8932 0.0165 0.0160 0.0202 
        D551  1 0.0529 0.0440 0.0272 0.0899 0.2390 0.2517 0.2953 
        D552  1 0.3133 0.2285 0.0532 0.1837 0.1431 0.0466 0.0316 
        D553  1 0.0154 0.0220 0.0162 0.8980 0.0196 0.0154 0.0134 
        D615  1 0.1451 0.0944 0.0303 0.3706 0.1236 0.1289 0.1070 
        D616  1 0.1971 0.0955 0.0264 0.2702 0.0876 0.1775 0.1457 
        D621  1 0.5960 0.0700 0.2117 0.0185 0.0440 0.0320 0.0279 
        D622  1 0.7144 0.0331 0.0678 0.0400 0.0435 0.0725 0.0288 
        D623  1 0.0348 0.3072 0.3419 0.0260 0.0429 0.0478 0.1994 
        D624  1 0.0378 0.8379 0.0132 0.0319 0.0291 0.0315 0.0187 
        D625  1 0.1044 0.1140 0.0501 0.5878 0.0216 0.1051 0.0170 
        D626  1 0.1637 0.3604 0.0515 0.1398 0.1438 0.0789 0.0618 
        D627  1 0.0246 0.0271 0.0219 0.1230 0.1058 0.6616 0.0361 
        D690  1 0.0901 0.0631 0.0244 0.7665 0.0172 0.0254 0.0133 
        D691  1 0.6893 0.0375 0.0406 0.1049 0.0349 0.0709 0.0218 
        D710  1 0.1327 0.2290 0.1439 0.2636 0.0645 0.0942 0.0720 
        D711  1 0.0543 0.0448 0.0534 0.7406 0.0313 0.0425 0.0331 
        D712  1 0.0492 0.6829 0.0524 0.0335 0.1021 0.0512 0.0287 
        D713  1 0.0846 0.2932 0.3380 0.1406 0.0262 0.0905 0.0270 
        D746  1 0.8243 0.0213 0.0195 0.0532 0.0203 0.0292 0.0322 
        D747  1 0.0158 0.0169 0.0253 0.8815 0.0209 0.0148 0.0249 
        D748  1 0.2653 0.0488 0.0921 0.3765 0.0438 0.1470 0.0265 
        D749  1 0.5123 0.1297 0.1057 0.0311 0.0532 0.1040 0.0641 
        D750  1 0.0889 0.6574 0.0429 0.1175 0.0349 0.0371 0.0214 
        D763  1 0.0600 0.0230 0.1892 0.1418 0.3703 0.1050 0.1108 
        D764  1 0.1342 0.2892 0.0168 0.4504 0.0267 0.0631 0.0196 
        D765  1 0.5259 0.1785 0.0257 0.0589 0.0549 0.1338 0.0224 
        D766  1 0.4806 0.0510 0.1380 0.2054 0.0280 0.0688 0.0283 
        D767  1 0.0952 0.0429 0.4172 0.0940 0.0360 0.1912 0.1234 
        D768  1 0.0172 0.0132 0.0146 0.9007 0.0164 0.0175 0.0203 
        D811  1 0.0704 0.3812 0.0810 0.0502 0.0820 0.2999 0.0353 
        D816  1 0.0204 0.0479 0.0216 0.8429 0.0206 0.0281 0.0186 
        D825  1 0.1386 0.4004 0.0388 0.1682 0.0566 0.1684 0.0290 
        D866  1 0.0566 0.2532 0.0270 0.0408 0.3791 0.0803 0.1629 
        D867  1 0.6762 0.0336 0.1005 0.0248 0.0231 0.0735 0.0683 
        D871  1 0.0267 0.0509 0.0272 0.0506 0.0354 0.7893 0.0200 
        D872  1 0.2177 0.0553 0.0670 0.4660 0.0307 0.1040 0.0593 
        D873  1 0.9027 0.0184 0.0266 0.0091 0.0113 0.0169 0.0151 
        D874  1 0.0181 0.1432 0.6191 0.1189 0.0418 0.0346 0.0244 
        D875  1 0.0593 0.0181 0.0229 0.0352 0.0170 0.8311 0.0163 
        D876  1 0.0766 0.0999 0.0719 0.5976 0.0871 0.0465 0.0206 
        D877  1 0.0200 0.4018 0.2710 0.0530 0.0241 0.1723 0.0579 
        D892  1 0.1097 0.2170 0.0846 0.3869 0.0332 0.1481 0.0204 
        D893  1 0.0609 0.0237 0.0817 0.6188 0.1020 0.0708 0.0421 
        D894  1 0.0624 0.1178 0.0463 0.4926 0.0617 0.1713 0.0479 
        D915  1 0.1087 0.0638 0.0368 0.6480 0.0426 0.0710 0.0291 
        D916  1 0.0229 0.0268 0.0140 0.8771 0.0230 0.0192 0.0169 
        D917  1 0.0439 0.4392 0.1573 0.1348 0.0591 0.0968 0.0690 
        D925  1 0.6909 0.0905 0.0197 0.1252 0.0289 0.0240 0.0207 
        D926  1 0.0839 0.1380 0.0619 0.5494 0.0452 0.0932 0.0284 
        D927  1 0.0348 0.0594 0.0529 0.3548 0.1697 0.0765 0.2519 
        D928  1 0.0163 0.8518 0.0221 0.0576 0.0148 0.0197 0.0176 
        D929  1 0.0370 0.0621 0.6788 0.0413 0.0260 0.1279 0.0270 
        D936  1 0.0321 0.0394 0.1457 0.5717 0.1108 0.0484 0.0518 
        D938  1 0.8579 0.0219 0.0366 0.0292 0.0205 0.0211 0.0126 
        D956  1 0.0270 0.7523 0.0297 0.0312 0.0326 0.0839 0.0433 
        D957  1 0.4038 0.0520 0.1049 0.2405 0.0372 0.1014 0.0603 
        D958  1 0.2979 0.1435 0.0930 0.3394 0.0261 0.0720 0.0280 
        D959  1 0.0361 0.0304 0.0178 0.5493 0.0168 0.1946 0.1549 
        D960  1 0.8279 0.0408 0.0359 0.0265 0.0231 0.0259 0.0199 
        D989  1 0.0272 0.6181 0.0314 0.0536 0.1378 0.0666 0.0653 
        D990  1 0.7769 0.0394 0.0203 0.0128 0.0889 0.0295 0.0322 
        D023  2 0.7861 0.0197 0.0236 0.0849 0.0174 0.0331 0.0352 
        D130  2 0.6807 0.0201 0.0324 0.1093 0.0179 0.0967 0.0429 
        D131  2 0.0453 0.0400 0.0651 0.4259 0.0955 0.2690 0.0592 
        D163  2 0.7541 0.0329 0.0310 0.0941 0.0331 0.0357 0.0190 
        D164  2 0.4292 0.0095 0.0124 0.0143 0.0130 0.0142 0.5074 
        D165  2 0.7852 0.0237 0.0361 0.0406 0.0329 0.0396 0.0418 
        D166  2 0.0665 0.0271 0.1758 0.0555 0.0896 0.5335 0.0521 
        D167  2 0.0139 0.0297 0.0178 0.0133 0.0162 0.0234 0.8859 
        D192  2 0.0136 0.0195 0.0185 0.0101 0.0255 0.0127 0.9000 
        D193  2 0.0530 0.3730 0.2725 0.0344 0.0799 0.1261 0.0611 
        D206  2 0.0506 0.0237 0.0513 0.3416 0.0461 0.1342 0.3525 
        D207  2 0.0214 0.0301 0.0321 0.0300 0.0661 0.1618 0.6586 
        D208  2 0.0531 0.1950 0.0896 0.0558 0.3934 0.0721 0.1410 
        D209  2 0.0456 0.0337 0.1234 0.0501 0.0595 0.0829 0.6049 
        D210  2 0.0329 0.3989 0.0307 0.0648 0.2677 0.0584 0.1467 
     D229599  2 0.1070 0.0884 0.2012 0.2436 0.2240 0.0772 0.0587 
     D229600  2 0.2496 0.0234 0.0390 0.0406 0.0242 0.1283 0.4950 
     D237227  2 0.1862 0.4616 0.0348 0.0404 0.1541 0.0535 0.0695 
     D237228  2 0.4036 0.3015 0.0358 0.0176 0.0667 0.0823 0.0925 
     D237258  2 0.1675 0.0877 0.1065 0.0752 0.1771 0.1322 0.2538 
     D237310  2 0.4186 0.0605 0.0520 0.0155 0.0349 0.3193 0.0992 
     D237311  2 0.5447 0.0515 0.0295 0.0227 0.0295 0.0759 0.2462 
     D237312  2 0.1936 0.1036 0.2689 0.0332 0.0340 0.3290 0.0377 
     D237313  2 0.1469 0.1038 0.0868 0.3582 0.1738 0.0985 0.0321 
     D237322  2 0.0549 0.0833 0.1034 0.0466 0.4739 0.1768 0.0611 
     D237323  2 0.5976 0.1593 0.0417 0.0164 0.0708 0.0683 0.0459 
     D237324  2 0.2873 0.0247 0.0472 0.0571 0.1225 0.1141 0.3470 
     D237325  2 0.4003 0.1219 0.1544 0.0586 0.0537 0.1153 0.0958 
     D237326  2 0.6899 0.0898 0.0441 0.0742 0.0191 0.0404 0.0424 
     D237327  2 0.0666 0.0528 0.0908 0.0538 0.3808 0.1032 0.2520 
     D237337  2 0.7222 0.0644 0.0400 0.0424 0.0241 0.0808 0.0261 
     D237338  2 0.2764 0.1243 0.1731 0.0742 0.1431 0.0926 0.1163 
     D237339  2 0.0239 0.0248 0.5709 0.0569 0.0353 0.0455 0.2428 
     D237340  2 0.2780 0.1858 0.1143 0.0260 0.0682 0.0938 0.2338 
     D237389  2 0.5112 0.0436 0.0652 0.0238 0.0218 0.1787 0.1556 
     D237390  2 0.2563 0.1374 0.2110 0.0725 0.0850 0.2019 0.0360 
     D244017  2 0.0332 0.3333 0.0329 0.0235 0.0593 0.1431 0.3747 
     D244112  2 0.0218 0.0223 0.0178 0.0115 0.0156 0.0295 0.8815 
     D244118  2 0.2226 0.0252 0.0306 0.0122 0.0180 0.0230 0.6685 
     D244119  2 0.0248 0.5917 0.0163 0.0220 0.0359 0.0251 0.2841 
     D244120  2 0.0341 0.0927 0.1729 0.0136 0.0794 0.1026 0.5048 
     D244122  2 0.0392 0.0486 0.0570 0.0369 0.0352 0.0423 0.7409 
        D291  2 0.0461 0.0316 0.0320 0.0777 0.5097 0.2071 0.0957 
        D292  2 0.0473 0.0819 0.0622 0.2197 0.2748 0.0406 0.2735 
        D293  2 0.0129 0.0234 0.0660 0.0803 0.0229 0.0462 0.7483 
        D322  2 0.0350 0.0241 0.1286 0.0903 0.0320 0.0450 0.6451 
        D323  2 0.0411 0.0779 0.1978 0.1420 0.1537 0.1548 0.2326 
        D324  2 0.1354 0.0819 0.0368 0.2198 0.3238 0.1403 0.0618 
        D325  2 0.0122 0.0122 0.0222 0.0320 0.0336 0.0299 0.8580 
        D326  2 0.0107 0.0230 0.0190 0.8969 0.0201 0.0167 0.0136 
        D340  2 0.0202 0.0231 0.0183 0.0186 0.0192 0.0169 0.8837 
        D341  2 0.0324 0.0277 0.0381 0.0594 0.0741 0.0638 0.7046 
        D342  2 0.1082 0.0279 0.0295 0.0217 0.0616 0.1017 0.6495 
        D343  2 0.0107 0.0103 0.0107 0.0172 0.0149 0.0125 0.9238 
        D344  2 0.0335 0.0345 0.4934 0.2462 0.0412 0.0927 0.0585 
        D345  2 0.2372 0.0659 0.1372 0.3034 0.1479 0.0663 0.0421 
        D346  2 0.0323 0.5881 0.0461 0.0665 0.0956 0.0712 0.1002 
        D351  2 0.0500 0.0253 0.0950 0.3465 0.1796 0.2476 0.0560 
        D352  2 0.0300 0.0555 0.7579 0.0223 0.0271 0.0578 0.0494 
        D353  2 0.0177 0.0285 0.1290 0.5583 0.0507 0.1762 0.0396 
        D354  2 0.0377 0.0896 0.6829 0.1159 0.0301 0.0301 0.0137 
        D362  2 0.0441 0.0502 0.0202 0.7861 0.0221 0.0261 0.0512 
        D363  2 0.0284 0.0516 0.0237 0.8026 0.0274 0.0294 0.0369 
        D364  2 0.0448 0.0699 0.2781 0.5090 0.0318 0.0380 0.0284 
        D365  2 0.0106 0.0185 0.0229 0.0192 0.0148 0.0152 0.8988 
        D369  2 0.0859 0.2001 0.0263 0.2449 0.0800 0.1160 0.2468 
        D374  2 0.0231 0.7817 0.0996 0.0222 0.0230 0.0299 0.0205 
        D375  2 0.0233 0.0195 0.8623 0.0227 0.0173 0.0394 0.0154 
        D376  2 0.0298 0.7389 0.1183 0.0167 0.0321 0.0317 0.0326 
        D377  2 0.1463 0.1543 0.1822 0.0637 0.1485 0.2215 0.0835 
        D378  2 0.0542 0.0287 0.2249 0.2174 0.0825 0.0807 0.3116 
        D379  2 0.0243 0.0274 0.0474 0.8155 0.0322 0.0328 0.0204 
        D384  2 0.0147 0.0384 0.0175 0.8826 0.0164 0.0148 0.0156 
        D385  2 0.0146 0.0347 0.1394 0.0177 0.0228 0.0219 0.7490 
        D386  2 0.0575 0.0227 0.4631 0.2210 0.0580 0.0905 0.0872 
        D391  2 0.0166 0.0184 0.0778 0.0350 0.0254 0.0255 0.8013 
        D392  2 0.0702 0.0636 0.0234 0.0510 0.0312 0.0522 0.7083 
        D393  2 0.0473 0.0245 0.2082 0.3305 0.2549 0.0458 0.0889 
        D394  2 0.2166 0.0591 0.2460 0.1005 0.0524 0.1712 0.1542 
        D395  2 0.0210 0.0211 0.5727 0.0170 0.0310 0.0411 0.2961 
        D401  2 0.7358 0.0618 0.0174 0.0266 0.0242 0.0664 0.0678 
        D402  2 0.0153 0.0172 0.0518 0.0196 0.0514 0.0240 0.8206 
        D403  2 0.0574 0.0251 0.1279 0.4764 0.0461 0.1957 0.0713 
        D415  2 0.0600 0.0179 0.0250 0.7365 0.0195 0.0963 0.0447 
        D435  2 0.0409 0.0180 0.0488 0.5591 0.0632 0.0412 0.2288 
        D436  2 0.0269 0.0665 0.5515 0.2000 0.0331 0.0764 0.0456 
        D438  2 0.0142 0.0224 0.0171 0.0134 0.0151 0.0188 0.8991 
        D439  2 0.0547 0.0233 0.5919 0.1072 0.0398 0.0707 0.1124 
        D449  2 0.0222 0.0297 0.0198 0.1266 0.0252 0.0648 0.7116 
        D450  2 0.0661 0.2542 0.2427 0.1354 0.0711 0.2007 0.0298 
        D456  2 0.0156 0.0198 0.0157 0.8942 0.0248 0.0181 0.0118 
        D462  2 0.0135 0.0113 0.0708 0.0329 0.0170 0.0206 0.8340 
        D463  2 0.0162 0.0294 0.0225 0.8837 0.0149 0.0205 0.0127 
        D464  2 0.0243 0.0458 0.4357 0.1356 0.0553 0.2037 0.0996 
        D465  2 0.0384 0.0228 0.0244 0.1611 0.0267 0.1133 0.6132 
        D473  2 0.0916 0.5241 0.1701 0.0293 0.0749 0.0496 0.0604 
        D474  2 0.0713 0.0588 0.0332 0.5227 0.2037 0.0338 0.0765 
        D476  2 0.3178 0.0145 0.4634 0.0308 0.0339 0.0337 0.1059 
        D477  2 0.0488 0.0816 0.2788 0.3352 0.1624 0.0620 0.0312 
        D478  2 0.1041 0.2443 0.1562 0.0455 0.0441 0.2854 0.1204 
        D480  2 0.0295 0.1098 0.2171 0.2514 0.2047 0.0765 0.1109 
        D481  2 0.1157 0.1319 0.2268 0.2458 0.0786 0.0808 0.1205 
        D482  2 0.0671 0.0589 0.3043 0.0219 0.4545 0.0584 0.0349 
        D483  2 0.0234 0.0484 0.0167 0.0149 0.0216 0.0207 0.8543 
        D484  2 0.0112 0.0210 0.8976 0.0109 0.0165 0.0207 0.0219 
        D510  2 0.0225 0.7172 0.0736 0.0246 0.0927 0.0387 0.0307 
        D511  2 0.0411 0.0232 0.5865 0.1069 0.0844 0.0515 0.1064 
        D512  2 0.3582 0.0189 0.0415 0.0289 0.0353 0.2432 0.2739 
        D513  2 0.0309 0.0587 0.0342 0.1142 0.0826 0.0947 0.5846 
        D635  2 0.2966 0.0468 0.0264 0.4137 0.0480 0.1085 0.0599 
        D636  2 0.8617 0.0259 0.0144 0.0362 0.0156 0.0261 0.0201 
        D637  2 0.0390 0.0708 0.4721 0.0312 0.0635 0.1219 0.2015 
        D658  2 0.0533 0.1028 0.2741 0.0183 0.0294 0.0325 0.4896 
        D659  2 0.0318 0.0495 0.0448 0.7395 0.0684 0.0348 0.0313 
        D677  2 0.0881 0.0275 0.0635 0.4940 0.0988 0.1311 0.0970 
        D678  2 0.0322 0.0240 0.0317 0.0201 0.0432 0.0720 0.7768 
        D679  2 0.0385 0.0550 0.0843 0.5277 0.1318 0.0801 0.0826 
        D719  2 0.0277 0.4651 0.0506 0.1700 0.0793 0.0265 0.1808 
        D720  2 0.0285 0.1038 0.0237 0.7250 0.0255 0.0481 0.0454 
        D721  2 0.6058 0.0464 0.0541 0.0686 0.0551 0.0646 0.1054 
        D722  2 0.0581 0.6293 0.1411 0.0295 0.0398 0.0422 0.0601 
        D734  2 0.0147 0.2023 0.6204 0.0247 0.0405 0.0295 0.0679 
        D735  2 0.1061 0.1026 0.0939 0.3000 0.1628 0.1496 0.0850 
        D736  2 0.0612 0.4000 0.0573 0.0679 0.2741 0.0546 0.0849 
        D737  2 0.0730 0.0415 0.1515 0.0191 0.1150 0.0388 0.5611 
        D807  2 0.0765 0.3150 0.1438 0.1932 0.1160 0.0721 0.0835 
        D808  2 0.2094 0.0461 0.0585 0.0725 0.0936 0.3552 0.1647 
        D817  2 0.0339 0.0650 0.1470 0.5408 0.1186 0.0649 0.0299 
        D818  2 0.0387 0.0285 0.0515 0.0691 0.1498 0.3816 0.2807 
        D819  2 0.1596 0.0676 0.0591 0.2990 0.1011 0.2431 0.0705 
        D820  2 0.0183 0.0328 0.0987 0.7352 0.0258 0.0395 0.0497 
        D895  2 0.1283 0.0430 0.0441 0.6009 0.0550 0.0816 0.0471 
        D896  2 0.8319 0.0428 0.0266 0.0194 0.0185 0.0392 0.0217 
        D897  2 0.0413 0.0302 0.0480 0.0384 0.0898 0.0883 0.6640 
        D898  2 0.1008 0.0905 0.1006 0.0825 0.2836 0.2956 0.0464 
        D918  2 0.1367 0.0783 0.1800 0.0499 0.1161 0.3329 0.1062 
        D919  2 0.0259 0.0297 0.4433 0.1695 0.0486 0.0885 0.1945 
        D920  2 0.7623 0.0477 0.0418 0.0290 0.0217 0.0604 0.0371 
        D923  2 0.0197 0.0263 0.1112 0.7373 0.0225 0.0492 0.0338 
        D930  2 0.0728 0.1692 0.1897 0.2275 0.0827 0.1949 0.0633 
        D931  2 0.0330 0.0541 0.2866 0.3398 0.0602 0.0667 0.1595 
        D968  2 0.0113 0.0137 0.0262 0.0298 0.0302 0.0221 0.8667 
        D969  2 0.0366 0.0706 0.0488 0.2419 0.3125 0.0665 0.2232 
        D977  2 0.0170 0.0221 0.0305 0.0296 0.0386 0.0728 0.7894 
        D978  2 0.0182 0.0363 0.0294 0.0324 0.5285 0.2434 0.1119 
        D211  3 0.2538 0.0349 0.0735 0.1209 0.1020 0.3729 0.0420 
     D229639  3 0.0461 0.1000 0.0307 0.0925 0.6129 0.0447 0.0731 
     D237212  3 0.0807 0.0341 0.3102 0.0908 0.2678 0.1138 0.1027 
     D237213  3 0.1971 0.0377 0.2615 0.1024 0.1232 0.2339 0.0443 
     D237214  3 0.2941 0.0593 0.0420 0.0514 0.0172 0.4944 0.0416 
     D237215  3 0.0300 0.1334 0.0346 0.0154 0.1060 0.0343 0.6462 
     D237216  3 0.0819 0.0536 0.0740 0.0994 0.2679 0.3693 0.0539 
     D237217  3 0.3425 0.0172 0.0281 0.2845 0.1024 0.1778 0.0475 
     D237218  3 0.0532 0.0453 0.0982 0.0656 0.6353 0.0672 0.0352 
     D237219  3 0.3508 0.0672 0.0294 0.0571 0.3530 0.1031 0.0393 
     D237382  3 0.1010 0.1532 0.1056 0.1294 0.0608 0.3700 0.0801 
     D244127  3 0.5236 0.0285 0.0568 0.0365 0.1157 0.0920 0.1469 
     D244129  3 0.2229 0.0579 0.1136 0.1296 0.1198 0.2554 0.1009 
     D244133  3 0.0836 0.1475 0.0199 0.1316 0.1440 0.2455 0.2278 
     D244134  3 0.1005 0.1458 0.0282 0.0280 0.6410 0.0290 0.0275 
     D244135  3 0.4533 0.0246 0.0393 0.0911 0.0407 0.1981 0.1529 
     D244136  3 0.0717 0.2668 0.0386 0.2720 0.1040 0.1169 0.1301 
        D416  3 0.1138 0.0404 0.0622 0.1908 0.2157 0.1687 0.2084 
        D417  3 0.0404 0.0249 0.0350 0.7795 0.0417 0.0596 0.0189 
        D419  3 0.1441 0.0575 0.0405 0.1484 0.4188 0.0803 0.1104 
        D565  3 0.0261 0.8527 0.0155 0.0326 0.0368 0.0194 0.0170 
        D566  3 0.0605 0.3692 0.0289 0.0831 0.3048 0.0811 0.0724 
        D567  3 0.1312 0.0335 0.0616 0.6511 0.0266 0.0447 0.0512 
        D568  3 0.1561 0.0176 0.1366 0.4210 0.1013 0.0523 0.1151 
        D569  3 0.0425 0.0415 0.6252 0.0174 0.0367 0.1142 0.1226 
        D573  3 0.0324 0.0209 0.0311 0.2427 0.2198 0.0941 0.3591 
        D574  3 0.0626 0.5234 0.0493 0.0437 0.1072 0.1535 0.0601 
        D575  3 0.2231 0.1557 0.0514 0.1624 0.2117 0.1053 0.0904 
        D576  3 0.0169 0.0596 0.0405 0.0101 0.0731 0.0897 0.7101 
        D577  3 0.0647 0.0561 0.0628 0.6231 0.0541 0.1031 0.0360 
        D578  3 0.4475 0.0141 0.0186 0.0186 0.0248 0.4069 0.0694 
        D579  3 0.0796 0.2181 0.1116 0.1727 0.2518 0.0809 0.0853 
        D660  3 0.0632 0.0181 0.0689 0.0181 0.0446 0.1336 0.6534 
        D661  3 0.0492 0.0246 0.0784 0.0362 0.4873 0.0737 0.2507 
        D663  3 0.0287 0.0353 0.0680 0.0741 0.4644 0.1787 0.1507 
        D664  3 0.2044 0.1046 0.0639 0.0345 0.0765 0.2638 0.2522 
        D665  3 0.1289 0.0159 0.1437 0.0235 0.0613 0.5822 0.0445 
        D666  3 0.2754 0.1230 0.0831 0.1782 0.2142 0.0820 0.0441 
        D009  4 0.3410 0.0501 0.1745 0.1321 0.1305 0.1497 0.0221 
        D057  4 0.1778 0.0359 0.3857 0.0500 0.0808 0.0263 0.2436 
        D109  4 0.5285 0.0751 0.0411 0.0587 0.0434 0.2265 0.0267 
     D237222  4 0.5694 0.1210 0.0586 0.0503 0.0348 0.0948 0.0710 
     D237223  4 0.2727 0.1328 0.1140 0.0507 0.0942 0.2389 0.0967 
     D237224  4 0.0399 0.0455 0.2351 0.1701 0.2965 0.0574 0.1555 
     D237225  4 0.1725 0.0523 0.0984 0.1708 0.1988 0.2570 0.0502 
     D237299  4 0.0361 0.0299 0.0263 0.0167 0.0729 0.7942 0.0241 
     D237300  4 0.0274 0.0381 0.0269 0.0177 0.8219 0.0280 0.0401 
     D237306  4 0.0810 0.5852 0.0878 0.0915 0.0359 0.0814 0.0372 
     D237307  4 0.0328 0.1700 0.0270 0.4603 0.1197 0.1204 0.0698 
     D237308  4 0.1031 0.0792 0.1826 0.0499 0.0720 0.0340 0.4791 
     D237309  4 0.2191 0.0384 0.1402 0.2824 0.1014 0.1384 0.0799 
     D237317  4 0.0633 0.5564 0.0443 0.1702 0.0666 0.0634 0.0357 
     D237318  4 0.0156 0.0315 0.0197 0.0266 0.7396 0.0763 0.0906 
     D237319  4 0.1546 0.0585 0.0596 0.1707 0.1470 0.3436 0.0660 
     D237320  4 0.1892 0.0492 0.0510 0.1197 0.2260 0.2303 0.1347 
     D237321  4 0.0447 0.0425 0.0327 0.0581 0.6643 0.0580 0.0997 
     D237397  4 0.1091 0.2238 0.0462 0.0851 0.2485 0.1232 0.1642 
     D237398  4 0.0286 0.0201 0.0359 0.0913 0.6467 0.1162 0.0613 
     D237399  4 0.0713 0.2165 0.0699 0.1416 0.3284 0.1161 0.0563 
     D244001  4 0.3669 0.0432 0.1136 0.0616 0.0688 0.0818 0.2641 
        D289  4 0.0428 0.3225 0.2557 0.0815 0.0992 0.0729 0.1254 
        D290  4 0.0438 0.0469 0.0543 0.0779 0.1634 0.5425 0.0712 
        D294  4 0.0385 0.0552 0.2703 0.1139 0.1697 0.2918 0.0607 
        D295  4 0.0910 0.0617 0.1099 0.5123 0.0895 0.1025 0.0330 
        D301  4 0.6383 0.0525 0.0458 0.0263 0.1469 0.0435 0.0466 
        D302  4 0.0208 0.0167 0.7958 0.0790 0.0241 0.0460 0.0175 
        D303  4 0.0543 0.6117 0.1123 0.0409 0.0449 0.0611 0.0749 
        D304  4 0.0321 0.1103 0.0496 0.0728 0.3664 0.3241 0.0447 
        D305  4 0.0414 0.0145 0.5939 0.0259 0.0886 0.1110 0.1246 
        D306  4 0.0327 0.0883 0.0393 0.0498 0.0646 0.6799 0.0455 
        D307  4 0.7418 0.0476 0.0572 0.0207 0.0643 0.0323 0.0361 
        D327  4 0.0222 0.0823 0.0509 0.6335 0.0601 0.0910 0.0600 
        D328  4 0.0319 0.1721 0.6515 0.0277 0.0373 0.0486 0.0310 
        D329  4 0.1158 0.0573 0.2296 0.1032 0.2085 0.0804 0.2052 
        D330  4 0.1255 0.0234 0.1188 0.3736 0.0189 0.2280 0.1118 
        D331  4 0.0836 0.0992 0.0621 0.1581 0.3496 0.1793 0.0680 
        D333  4 0.0968 0.1643 0.2690 0.0695 0.1923 0.0924 0.1158 
        D334  4 0.0537 0.5517 0.0750 0.0857 0.1037 0.1023 0.0279 
        D335  4 0.0241 0.0359 0.5576 0.2643 0.0247 0.0313 0.0621 
        D370  4 0.2043 0.2596 0.2462 0.0684 0.0728 0.0742 0.0744 
        D371  4 0.0177 0.7577 0.0360 0.0903 0.0341 0.0297 0.0345 
        D372  4 0.0151 0.0255 0.0293 0.0138 0.7453 0.1126 0.0584 
        D373  4 0.6023 0.0272 0.0710 0.0300 0.1050 0.0587 0.1058 
        D455  4 0.6947 0.0276 0.1038 0.0436 0.0578 0.0342 0.0383 
        D490  4 0.8178 0.0307 0.0370 0.0277 0.0326 0.0408 0.0134 
        D497  4 0.7280 0.0257 0.0889 0.0192 0.0493 0.0632 0.0257 
        D498  4 0.1065 0.1388 0.0561 0.0769 0.2300 0.3021 0.0896 
        D499  4 0.0374 0.1810 0.1597 0.0332 0.1488 0.1710 0.2689 
        D514  4 0.0530 0.0311 0.1779 0.3701 0.1042 0.2160 0.0476 
        D515  4 0.2174 0.0411 0.0931 0.0571 0.0419 0.5015 0.0479 
        D516  4 0.2045 0.0996 0.0374 0.3215 0.0962 0.1226 0.1181 
        D517  4 0.5510 0.0226 0.0435 0.1062 0.1086 0.0669 0.1011 
        D518  4 0.1259 0.0819 0.5919 0.0479 0.0311 0.0334 0.0879 
        D519  4 0.2406 0.0337 0.0359 0.0842 0.1508 0.3926 0.0621 
        D560  4 0.1187 0.0202 0.0878 0.1384 0.1647 0.3866 0.0836 
        D561  4 0.0549 0.0185 0.0554 0.1364 0.0220 0.6369 0.0759 
        D562  4 0.0771 0.0756 0.2760 0.0552 0.0865 0.3073 0.1223 
        D563  4 0.0663 0.0234 0.2332 0.0328 0.0837 0.0794 0.4812 
        D572  4 0.0307 0.0308 0.7777 0.0527 0.0251 0.0463 0.0367 
        D629  4 0.1224 0.0385 0.1332 0.4091 0.1199 0.1409 0.0360 
        D630  4 0.0797 0.0811 0.2209 0.1518 0.1653 0.2474 0.0538 
        D631  4 0.0282 0.0248 0.7369 0.0273 0.0381 0.0364 0.1082 
        D632  4 0.4942 0.0285 0.1666 0.0640 0.0291 0.0413 0.1762 
        D646  4 0.2182 0.0532 0.0657 0.3601 0.0702 0.1322 0.1004 
        D647  4 0.1054 0.0175 0.1198 0.5720 0.0489 0.0792 0.0573 
        D648  4 0.0203 0.1074 0.7482 0.0156 0.0209 0.0650 0.0227 
        D649  4 0.2427 0.0254 0.1867 0.4211 0.0438 0.0539 0.0265 
        D650  4 0.1044 0.1626 0.1908 0.2210 0.1193 0.1640 0.0379 
        D708  4 0.0579 0.2672 0.2924 0.0654 0.1622 0.1196 0.0354 
        D709  4 0.0786 0.0921 0.1459 0.0601 0.1215 0.4322 0.0697 
        D738  4 0.1626 0.5917 0.0346 0.0865 0.0507 0.0482 0.0258 
        D739  4 0.1305 0.0563 0.2239 0.0501 0.1759 0.3059 0.0573 
        D740  4 0.1452 0.1520 0.1054 0.0255 0.3324 0.1616 0.0779 
        D741  4 0.0732 0.0281 0.0600 0.2048 0.0476 0.4154 0.1708 
        D742  4 0.0589 0.1359 0.1515 0.0384 0.1534 0.1496 0.3122 
        D743  4 0.0263 0.0352 0.3126 0.4537 0.0539 0.0510 0.0673 
        D744  4 0.0201 0.0279 0.7934 0.0313 0.0334 0.0440 0.0498 
        D745  4 0.3248 0.0298 0.0646 0.0432 0.0898 0.4181 0.0297 
        D814  4 0.0397 0.0248 0.1138 0.0552 0.0975 0.2325 0.4365 
        D815  4 0.0507 0.0508 0.4999 0.2088 0.0642 0.0770 0.0485 
        D828  4 0.0350 0.1978 0.3319 0.0177 0.0793 0.2082 0.1301 
        D845  4 0.0134 0.0298 0.0288 0.0213 0.8311 0.0204 0.0552 
        D846  4 0.0410 0.0129 0.3700 0.2134 0.0582 0.0820 0.2226 
        D847  4 0.1076 0.1195 0.0734 0.1440 0.2284 0.2495 0.0776 
        D848  4 0.5997 0.0205 0.0502 0.0182 0.1469 0.0417 0.1227 
        D849  4 0.2865 0.0286 0.1280 0.0926 0.0612 0.3546 0.0484 
        D850  4 0.0965 0.1100 0.1042 0.2821 0.1270 0.2058 0.0744 
        D856  4 0.1197 0.0475 0.0752 0.0771 0.0719 0.5712 0.0373 
        D857  4 0.7262 0.0382 0.0541 0.0119 0.0267 0.0590 0.0839 
        D859  4 0.0337 0.0446 0.6071 0.1225 0.1031 0.0454 0.0436 
        D860  4 0.0302 0.5128 0.0906 0.1000 0.1152 0.0334 0.1178 
        D883  4 0.1911 0.1298 0.1212 0.2818 0.1294 0.0918 0.0549 
        D884  4 0.1873 0.1467 0.2342 0.1607 0.0534 0.1817 0.0359 
        D885  4 0.0615 0.0318 0.1220 0.1121 0.4096 0.1597 0.1034 
        D886  4 0.2894 0.0375 0.1027 0.2007 0.0560 0.2212 0.0925 
        D887  4 0.0718 0.0621 0.1424 0.0906 0.4237 0.1110 0.0984 
        D889  4 0.0192 0.0235 0.0624 0.0474 0.5916 0.2356 0.0203 
        D890  4 0.1515 0.2113 0.2374 0.0784 0.1010 0.1128 0.1076 
        D891  4 0.0108 0.0121 0.0110 0.0133 0.9172 0.0184 0.0171 
        D899  4 0.0255 0.1484 0.1159 0.0337 0.1472 0.0508 0.4785 
        D900  4 0.0667 0.0951 0.1574 0.1926 0.0988 0.2661 0.1233 
        D970  4 0.0624 0.0700 0.3180 0.1753 0.1904 0.0859 0.0981 
        D971  4 0.0554 0.0913 0.1667 0.0530 0.0316 0.0676 0.5344 
        D979  4 0.0214 0.0402 0.3902 0.4441 0.0337 0.0300 0.0405 
        D093  5 0.0427 0.6606 0.0349 0.0592 0.1276 0.0429 0.0322 
        D154  5 0.0342 0.0862 0.0684 0.0559 0.2193 0.3011 0.2349 
        D168  5 0.0846 0.0193 0.0616 0.1127 0.1880 0.1878 0.3460 
        D189  5 0.0275 0.3476 0.0538 0.0596 0.2704 0.1787 0.0624 
        D190  5 0.0198 0.7414 0.0745 0.0372 0.0660 0.0284 0.0327 
     D237220  5 0.1354 0.0742 0.0892 0.0329 0.4485 0.1947 0.0251 
     D237221  5 0.0498 0.2565 0.0765 0.0858 0.3263 0.0765 0.1286 
     D237274  5 0.0308 0.0209 0.1192 0.6940 0.0227 0.0542 0.0581 
     D237275  5 0.0303 0.0334 0.0200 0.0196 0.0795 0.1448 0.6725 
     D237276  5 0.1730 0.1727 0.1050 0.2110 0.1246 0.1631 0.0505 
     D237277  5 0.0311 0.4107 0.0749 0.0329 0.3658 0.0316 0.0529 
     D237278  5 0.0877 0.2545 0.0692 0.0463 0.0578 0.1033 0.3813 
     D237279  5 0.5359 0.0180 0.0601 0.0466 0.0618 0.2257 0.0519 
     D237280  5 0.4756 0.0778 0.0433 0.2341 0.0842 0.0563 0.0287 
     D237281  5 0.0179 0.0363 0.0349 0.0943 0.2743 0.0863 0.4560 
     D237351  5 0.7292 0.0666 0.0277 0.0252 0.0608 0.0662 0.0243 
     D237352  5 0.3142 0.0847 0.2452 0.1078 0.0385 0.0586 0.1509 
     D237353  5 0.0299 0.6758 0.0453 0.0239 0.1867 0.0189 0.0195 
     D237359  5 0.0685 0.0401 0.0747 0.0444 0.5524 0.1901 0.0298 
     D237361  5 0.0311 0.8329 0.0226 0.0221 0.0364 0.0297 0.0253 
     D237362  5 0.0586 0.1552 0.0779 0.3037 0.1869 0.1369 0.0808 
     D237363  5 0.0370 0.0765 0.0501 0.0838 0.0716 0.4403 0.2407 
     D237364  5 0.0864 0.0222 0.2162 0.1126 0.1778 0.2123 0.1725 
     D237376  5 0.0190 0.2658 0.5034 0.0144 0.0439 0.1044 0.0491 
     D237377  5 0.3598 0.0976 0.0441 0.2591 0.1119 0.0522 0.0753 
     D237378  5 0.0390 0.3985 0.1680 0.0269 0.1907 0.0555 0.1213 
     D237379  5 0.0214 0.2695 0.4147 0.0311 0.0674 0.1450 0.0511 
     D237380  5 0.6725 0.0745 0.1331 0.0406 0.0269 0.0323 0.0200 
     D237381  5 0.5245 0.1066 0.1509 0.0462 0.0466 0.0484 0.0768 
     D237391  5 0.0244 0.6745 0.0244 0.0423 0.1775 0.0355 0.0213 
     D237392  5 0.0625 0.0466 0.0911 0.4236 0.0282 0.0751 0.2728 
     D237393  5 0.1045 0.3046 0.0383 0.3784 0.0754 0.0356 0.0631 
     D237394  5 0.0227 0.8183 0.0378 0.0279 0.0525 0.0262 0.0147 
     D237395  5 0.0921 0.2308 0.0341 0.0410 0.2609 0.2777 0.0634 
     D237396  5 0.1707 0.1842 0.0513 0.3351 0.0898 0.0698 0.0992 
     D244016  5 0.0265 0.2424 0.1888 0.0340 0.2457 0.1771 0.0855 
     D244018  5 0.0804 0.2011 0.0348 0.0687 0.1462 0.0658 0.4029 
     D244019  5 0.0328 0.0989 0.1244 0.1825 0.2183 0.2000 0.1431 
        D279  5 0.0286 0.0466 0.0838 0.0293 0.6694 0.0869 0.0555 
        D280  5 0.0747 0.2798 0.0378 0.0977 0.3233 0.1076 0.0792 
        D281  5 0.0161 0.0750 0.0350 0.0255 0.4839 0.1586 0.2058 
        D283  5 0.0353 0.5495 0.0267 0.1389 0.1588 0.0397 0.0510 
        D284  5 0.1133 0.0366 0.0523 0.0832 0.1158 0.5224 0.0764 
        D285  5 0.0329 0.3125 0.0671 0.0672 0.3979 0.1014 0.0209 
        D286  5 0.0699 0.1895 0.2083 0.1309 0.1754 0.1707 0.0553 
        D287  5 0.0655 0.2308 0.3919 0.0177 0.0916 0.1667 0.0359 
        D288  5 0.0361 0.1770 0.0309 0.2378 0.3980 0.0620 0.0581 
        D308  5 0.7525 0.0412 0.0266 0.0886 0.0262 0.0394 0.0254 
        D309  5 0.0310 0.0226 0.8531 0.0287 0.0145 0.0328 0.0173 
        D310  5 0.0166 0.8464 0.0195 0.0166 0.0405 0.0447 0.0156 
        D311  5 0.0286 0.1305 0.2727 0.2218 0.1194 0.1713 0.0556 
        D312  5 0.0701 0.2942 0.2408 0.1189 0.0723 0.1408 0.0629 
        D313  5 0.8934 0.0321 0.0106 0.0149 0.0146 0.0227 0.0117 
        D314  5 0.0767 0.0909 0.1370 0.0440 0.3008 0.2336 0.1169 
        D315  5 0.0827 0.4207 0.0641 0.1934 0.0553 0.1076 0.0763 
        D317  5 0.0236 0.7978 0.0177 0.0616 0.0487 0.0288 0.0217 
        D318  5 0.0633 0.0824 0.1718 0.1121 0.0743 0.3363 0.1598 
        D319  5 0.0260 0.8296 0.0214 0.0336 0.0325 0.0333 0.0236 
        D320  5 0.0324 0.6212 0.0903 0.0340 0.1507 0.0507 0.0208 
        D321  5 0.5895 0.0895 0.0202 0.1127 0.1346 0.0358 0.0176 
        D336  5 0.0196 0.6949 0.1012 0.0273 0.0358 0.0980 0.0231 
        D337  5 0.0125 0.8628 0.0229 0.0205 0.0366 0.0208 0.0239 
        D338  5 0.0658 0.1957 0.0590 0.1909 0.1853 0.2261 0.0772 
        D339  5 0.0465 0.6376 0.0248 0.0468 0.1389 0.0533 0.0520 
        D347  5 0.0238 0.1551 0.1761 0.1991 0.0854 0.2026 0.1579 
        D348  5 0.0150 0.8114 0.0878 0.0171 0.0200 0.0194 0.0293 
        D349  5 0.7795 0.0639 0.0256 0.0289 0.0500 0.0232 0.0289 
        D350  5 0.0204 0.0208 0.8767 0.0183 0.0223 0.0205 0.0210 
        D355  5 0.0209 0.0332 0.1189 0.1382 0.2871 0.1970 0.2046 
        D356  5 0.0908 0.3466 0.0675 0.2493 0.1166 0.0957 0.0335 
        D357  5 0.0625 0.2420 0.1168 0.0650 0.1153 0.3216 0.0769 
        D358  5 0.0993 0.4448 0.1901 0.0456 0.0803 0.0797 0.0601 
        D359  5 0.0285 0.5739 0.0745 0.2052 0.0515 0.0448 0.0216 
        D360  5 0.0943 0.4995 0.0553 0.1295 0.0899 0.1085 0.0230 
        D361  5 0.8374 0.0387 0.0184 0.0321 0.0193 0.0280 0.0262 
        D366  5 0.0223 0.0292 0.0205 0.3727 0.0267 0.0296 0.4989 
        D367  5 0.0496 0.5936 0.1183 0.0257 0.0830 0.1082 0.0216 
        D368  5 0.1542 0.3888 0.0703 0.1042 0.0840 0.1652 0.0332 
        D380  5 0.0804 0.0370 0.5477 0.0652 0.0905 0.1053 0.0738 
        D381  5 0.0371 0.6786 0.0562 0.0512 0.0909 0.0489 0.0372 
        D400  5 0.0420 0.2310 0.1584 0.1160 0.2120 0.1271 0.1136 
        D411  5 0.5650 0.0185 0.0314 0.0247 0.0200 0.2810 0.0595 
        D412  5 0.1156 0.1788 0.0584 0.1120 0.1213 0.2087 0.2052 
        D413  5 0.0372 0.0284 0.0504 0.0741 0.0556 0.1096 0.6446 
        D414  5 0.0191 0.0163 0.7054 0.0285 0.0795 0.0627 0.0886 
        D420  5 0.0960 0.0419 0.0278 0.0232 0.3735 0.4053 0.0322 
        D431  5 0.0703 0.0667 0.3037 0.0173 0.2482 0.2248 0.0690 
        D432  5 0.1394 0.4422 0.0619 0.0573 0.1603 0.0509 0.0879 
        D433  5 0.0551 0.5537 0.0332 0.0705 0.1904 0.0516 0.0454 
        D434  5 0.0654 0.6355 0.0458 0.0644 0.1009 0.0488 0.0392 
        D440  5 0.0208 0.0212 0.8702 0.0178 0.0262 0.0257 0.0180 
        D447  5 0.0967 0.0461 0.1171 0.2555 0.0271 0.2607 0.1969 
        D448  5 0.0191 0.5672 0.0742 0.0856 0.0807 0.1017 0.0715 
        D459  5 0.0167 0.0422 0.0980 0.0814 0.2045 0.0538 0.5035 
        D460  5 0.7156 0.0956 0.0327 0.0668 0.0355 0.0270 0.0267 
        D461  5 0.0199 0.0229 0.8365 0.0614 0.0246 0.0162 0.0185 
        D468  5 0.0624 0.1860 0.0506 0.2053 0.0717 0.3221 0.1018 
        D469  5 0.1094 0.0852 0.0848 0.4995 0.0689 0.1142 0.0381 
        D470  5 0.1293 0.1047 0.1865 0.1365 0.0524 0.3365 0.0541 
        D471  5 0.0165 0.5605 0.0987 0.0844 0.1170 0.0800 0.0430 
        D472  5 0.0210 0.0270 0.0166 0.7291 0.0671 0.0294 0.1098 
        D479  5 0.0228 0.0288 0.1133 0.0261 0.0219 0.0346 0.7526 
        D485  5 0.0266 0.0784 0.6310 0.0269 0.0320 0.1429 0.0623 
        D486  5 0.1008 0.1269 0.0642 0.1353 0.0416 0.4519 0.0794 
        D487  5 0.0462 0.1489 0.1577 0.0309 0.4446 0.0688 0.1029 
        D555  5 0.0222 0.8041 0.0236 0.0238 0.0405 0.0315 0.0543 
        D556  5 0.0494 0.0912 0.2676 0.0404 0.4447 0.0753 0.0313 
        D557  5 0.0292 0.7726 0.0490 0.0394 0.0460 0.0265 0.0372 
        D564  5 0.0997 0.3483 0.3591 0.0448 0.0363 0.0592 0.0526 
        D594  5 0.0594 0.1682 0.1184 0.1623 0.0402 0.1995 0.2519 
        D595  5 0.0757 0.3148 0.0813 0.1645 0.1295 0.0973 0.1369 
        D596  5 0.0204 0.8411 0.0196 0.0213 0.0344 0.0193 0.0439 
        D597  5 0.0326 0.2578 0.0906 0.0996 0.2488 0.0376 0.2329 
        D598  5 0.1651 0.3471 0.1479 0.0796 0.1320 0.0528 0.0755 
        D617  5 0.3296 0.0200 0.0250 0.0291 0.0352 0.2218 0.3393 
        D618  5 0.0426 0.3897 0.0734 0.0648 0.3516 0.0283 0.0496 
        D619  5 0.3011 0.2169 0.0617 0.2058 0.0429 0.0680 0.1037 
        D620  5 0.0197 0.0335 0.0242 0.0697 0.0617 0.0201 0.7711 
        D628  5 0.0702 0.0430 0.7052 0.0352 0.0353 0.0689 0.0421 
        D714  5 0.0335 0.1432 0.3742 0.0216 0.2904 0.0795 0.0576 
        D715  5 0.0251 0.5730 0.0524 0.0843 0.1940 0.0296 0.0416 
        D716  5 0.0250 0.1073 0.2524 0.1143 0.1116 0.2315 0.1578 
        D717  5 0.1161 0.1768 0.1370 0.2569 0.1849 0.0804 0.0479 
        D718  5 0.0634 0.1116 0.0827 0.0194 0.0719 0.6010 0.0501 
        D769  5 0.3484 0.0329 0.0968 0.0425 0.0445 0.2439 0.1911 
        D770  5 0.0367 0.1115 0.3918 0.0323 0.1106 0.1010 0.2160 
        D771  5 0.0835 0.1041 0.1092 0.0584 0.2490 0.1858 0.2100 
        D772  5 0.0319 0.1095 0.6779 0.0272 0.0793 0.0499 0.0243 
        D782  5 0.2941 0.0441 0.0397 0.0667 0.2002 0.2239 0.1312 
        D783  5 0.0208 0.0940 0.4106 0.0221 0.1146 0.0784 0.2595 
        D784  5 0.0412 0.0991 0.2408 0.2472 0.2588 0.0680 0.0448 
        D785  5 0.0824 0.5097 0.1617 0.0547 0.1235 0.0412 0.0269 
        D786  5 0.3673 0.0259 0.1767 0.1552 0.0285 0.1101 0.1363 
        D821  5 0.0143 0.8071 0.0450 0.0147 0.0873 0.0193 0.0124 
        D822  5 0.0359 0.2030 0.1716 0.2191 0.0927 0.1680 0.1097 
        D826  5 0.0447 0.2697 0.0853 0.0721 0.3294 0.0861 0.1126 
        D827  5 0.0320 0.0556 0.1486 0.3789 0.0419 0.2181 0.1249 
        D851  5 0.1209 0.1749 0.1258 0.0868 0.1440 0.2638 0.0838 
        D852  5 0.0684 0.1408 0.3229 0.0233 0.3597 0.0256 0.0592 
        D853  5 0.0521 0.2477 0.0649 0.0818 0.3357 0.1693 0.0485 
        D854  5 0.0495 0.0269 0.0860 0.1588 0.1746 0.3528 0.1514 
        D861  5 0.0822 0.1662 0.0727 0.0916 0.1969 0.2471 0.1434 
        D862  5 0.0422 0.3507 0.1097 0.2769 0.0490 0.1360 0.0355 
        D865  5 0.0538 0.6610 0.0572 0.0275 0.0702 0.0455 0.0848 
        D868  5 0.0308 0.0596 0.0272 0.7172 0.0944 0.0511 0.0196 
        D869  5 0.6645 0.0384 0.0240 0.0483 0.0259 0.1279 0.0710 
        D870  5 0.0332 0.0197 0.0308 0.0564 0.0258 0.7619 0.0722 
        D907  5 0.0540 0.7157 0.0231 0.0333 0.0559 0.0819 0.0361 
        D908  5 0.0502 0.0889 0.1937 0.0242 0.5115 0.0283 0.1033 
        D910  5 0.0265 0.3741 0.0721 0.0952 0.2130 0.0702 0.1489 
        D911  5 0.0199 0.0380 0.0468 0.0858 0.5272 0.1804 0.1020 
        D934  5 0.0241 0.0399 0.3221 0.0656 0.3104 0.1011 0.1366 
        D946  5 0.0468 0.0474 0.5536 0.0218 0.1652 0.0916 0.0737 
        D947  5 0.0531 0.0376 0.1829 0.1579 0.3337 0.2004 0.0344 
        D948  5 0.7487 0.1075 0.0183 0.0407 0.0349 0.0188 0.0312 
        D949  5 0.7689 0.0538 0.0223 0.0595 0.0464 0.0279 0.0212 
        D950  5 0.0230 0.0535 0.0570 0.0820 0.5823 0.0705 0.1317 
        D951  5 0.0601 0.0620 0.1214 0.2862 0.0300 0.2972 0.1431 
        D952  5 0.0282 0.0772 0.0469 0.7138 0.0715 0.0318 0.0306 
        D953  5 0.0586 0.5470 0.0465 0.1044 0.1687 0.0444 0.0304 
        D954  5 0.0438 0.3154 0.0399 0.4571 0.0557 0.0564 0.0318 
        D961  5 0.0549 0.1248 0.4280 0.0234 0.0771 0.2450 0.0468 
        D962  5 0.0256 0.3943 0.4516 0.0361 0.0234 0.0535 0.0155 
        D963  5 0.0269 0.2805 0.1662 0.2640 0.1234 0.0819 0.0570 
        D964  5 0.0845 0.0573 0.2642 0.0387 0.1641 0.3196 0.0716 
        D965  5 0.0324 0.0662 0.6343 0.0347 0.0450 0.0948 0.0926 
        D966  5 0.0327 0.1840 0.2148 0.1892 0.2042 0.0498 0.1253 
        D967  5 0.0873 0.2178 0.0607 0.0320 0.3412 0.0783 0.1827 
        D991  5 0.1450 0.1177 0.4440 0.0818 0.0803 0.0896 0.0416 
        D502  6 0.0713 0.0162 0.1351 0.0229 0.0429 0.5393 0.1723 
        D503  6 0.1978 0.0661 0.0291 0.0279 0.3778 0.1433 0.1579 
        D504  6 0.0975 0.1215 0.1573 0.2823 0.1741 0.1164 0.0511 
        D505  6 0.0850 0.3417 0.1245 0.0843 0.1039 0.1077 0.1528 
        D506  6 0.0253 0.8642 0.0192 0.0252 0.0225 0.0303 0.0133 
        D507  6 0.0748 0.0367 0.5098 0.0397 0.1571 0.0925 0.0894 
        D508  6 0.0396 0.0342 0.1389 0.1442 0.3288 0.2628 0.0515 
        D529  6 0.1399 0.1084 0.0717 0.1041 0.2100 0.3172 0.0487 
        D530  6 0.0891 0.1941 0.2857 0.0228 0.0351 0.2503 0.1229 
        D531  6 0.0502 0.1204 0.1270 0.2164 0.1838 0.2367 0.0656 
        D532  6 0.0294 0.2945 0.1223 0.1793 0.0467 0.1828 0.1451 
        D534  6 0.7185 0.0238 0.0617 0.0533 0.0389 0.0695 0.0343 
        D535  6 0.1237 0.4569 0.0657 0.1260 0.0522 0.1086 0.0668 
        D536  6 0.0466 0.0226 0.0378 0.0234 0.0341 0.1196 0.7159 
        D554  6 0.0994 0.2772 0.2791 0.0365 0.0389 0.2098 0.0591 
        D587  6 0.0451 0.7118 0.0376 0.0696 0.0600 0.0397 0.0362 
        D588  6 0.0596 0.5168 0.0535 0.1174 0.0482 0.1259 0.0786 
        D589  6 0.0581 0.1453 0.0457 0.0428 0.2713 0.2289 0.2078 
        D590  6 0.0373 0.0352 0.0265 0.0249 0.0449 0.0428 0.7885 
        D591  6 0.0996 0.0726 0.0513 0.0534 0.4932 0.1919 0.0380 
        D592  6 0.8011 0.0364 0.0190 0.0367 0.0380 0.0289 0.0399 
        D593  6 0.0539 0.1754 0.3945 0.0149 0.0482 0.2543 0.0586 
        D682  6 0.0325 0.8065 0.0352 0.0235 0.0461 0.0357 0.0205 
        D683  6 0.0433 0.2495 0.0341 0.4825 0.0673 0.1036 0.0198 
        D684  6 0.2133 0.0197 0.0380 0.0539 0.2815 0.3150 0.0785 
        D685  6 0.0472 0.0391 0.0475 0.0163 0.2567 0.5474 0.0458 
        D686  6 0.0355 0.5083 0.1369 0.0320 0.0150 0.1815 0.0908 
        D724  6 0.0918 0.0261 0.1788 0.1877 0.1843 0.2363 0.0950 
        D725  6 0.0613 0.0744 0.3452 0.0509 0.1176 0.1626 0.1881 
        D726  6 0.0244 0.7937 0.0416 0.0293 0.0555 0.0365 0.0190 
        D727  6 0.0395 0.1061 0.0251 0.1295 0.0482 0.0622 0.5895 
        D728  6 0.0434 0.5145 0.1351 0.0456 0.0699 0.1554 0.0361 
        D729  6 0.2937 0.0278 0.0152 0.1486 0.0180 0.0719 0.4247 
        D730  6 0.1360 0.0336 0.2362 0.1677 0.1348 0.1685 0.1232 
        D731  6 0.0185 0.7607 0.0201 0.0135 0.0770 0.0219 0.0883 
        D732  6 0.0478 0.0374 0.5054 0.1968 0.0466 0.1012 0.0648 
        D733  6 0.0891 0.0460 0.6522 0.0427 0.0672 0.0695 0.0332 
     D237251  7 0.0309 0.0473 0.1870 0.0413 0.5223 0.0936 0.0776 
     D237252  7 0.2492 0.0271 0.1017 0.0520 0.1788 0.2077 0.1834 
     D237253  7 0.0318 0.1036 0.0395 0.0602 0.4778 0.1998 0.0875 
     D237254  7 0.4763 0.0192 0.0179 0.0306 0.0374 0.3799 0.0387 
     D237255  7 0.0213 0.0392 0.0308 0.0300 0.5417 0.0743 0.2627 
     D237256  7 0.0219 0.0389 0.1118 0.0740 0.1827 0.3548 0.2159 
     D237257  7 0.0773 0.0240 0.0499 0.0426 0.0537 0.6818 0.0707 
     D237282  7 0.1223 0.0190 0.1053 0.4469 0.0356 0.0663 0.2046 
     D237283  7 0.7031 0.0233 0.0171 0.0133 0.0584 0.1488 0.0360 
     D237284  7 0.5782 0.0267 0.0473 0.0852 0.0330 0.1945 0.0350 
     D237285  7 0.0513 0.1616 0.2103 0.0419 0.0642 0.2838 0.1869 
     D237286  7 0.0635 0.2092 0.2363 0.1110 0.1006 0.1664 0.1131 
     D237287  7 0.0475 0.0597 0.1087 0.1810 0.1625 0.1589 0.2817 
     D244006  7 0.6318 0.0205 0.0330 0.0242 0.0176 0.2101 0.0628 
     D244007  7 0.0306 0.0351 0.0260 0.0661 0.0265 0.0696 0.7461 
     D244008  7 0.6232 0.0397 0.0205 0.0288 0.0513 0.2072 0.0292 
     D244009  7 0.3532 0.0537 0.2258 0.0908 0.1370 0.1182 0.0214 
     D244010  7 0.0731 0.0269 0.0312 0.0366 0.0940 0.6981 0.0401 
     D244011  7 0.0849 0.1829 0.2657 0.0226 0.1605 0.1940 0.0893 
     D244012  7 0.0579 0.0334 0.1349 0.0571 0.0807 0.4499 0.1860 
     D244013  7 0.0543 0.1368 0.2831 0.0716 0.1859 0.0552 0.2132 
     D244014  7 0.2206 0.0386 0.1620 0.0391 0.2790 0.1089 0.1519 
     D244015  7 0.2059 0.0328 0.0560 0.1556 0.0363 0.3633 0.1501 
     D244125  7 0.0338 0.1627 0.0618 0.0989 0.5453 0.0504 0.0472 
     D244126  7 0.7113 0.0114 0.0420 0.0199 0.0336 0.1630 0.0189 
     D244130  7 0.2649 0.0975 0.1666 0.0547 0.0582 0.2212 0.1368 
     D244131  7 0.1732 0.4138 0.0981 0.0978 0.0662 0.0656 0.0853 
     D244132  7 0.0465 0.1117 0.6079 0.1221 0.0554 0.0320 0.0242 
        D520  7 0.1344 0.0787 0.0280 0.0354 0.0570 0.6414 0.0251 
        D521  7 0.1112 0.0655 0.2624 0.1163 0.0963 0.2618 0.0866 
        D522  7 0.6122 0.0770 0.1173 0.0587 0.0494 0.0370 0.0486 
        D523  7 0.0380 0.0893 0.0480 0.0371 0.4605 0.0756 0.2515 
        D524  7 0.0998 0.1229 0.1423 0.0648 0.3679 0.0914 0.1111 
        D525  7 0.4585 0.0325 0.0502 0.0374 0.2813 0.0885 0.0517 
        D526  7 0.5822 0.0163 0.0183 0.0716 0.0433 0.2306 0.0377 
        D527  7 0.0731 0.0597 0.1380 0.1786 0.4328 0.0909 0.0270 
        D528  7 0.0170 0.0111 0.0151 0.0173 0.0114 0.9185 0.0096 
        D558  7 0.0339 0.0127 0.8192 0.0249 0.0160 0.0346 0.0587 
        D559  7 0.0400 0.0112 0.8262 0.0283 0.0418 0.0229 0.0297 
        D640  7 0.0520 0.0986 0.2030 0.0813 0.4698 0.0524 0.0428 
        D641  7 0.1338 0.1516 0.1458 0.0187 0.2925 0.1326 0.1249 
        D642  7 0.3650 0.0556 0.0667 0.0340 0.0387 0.0753 0.3648 
        D644  7 0.2264 0.2362 0.1326 0.0834 0.1193 0.1360 0.0661 
        D645  7 0.0761 0.0943 0.0676 0.1180 0.4165 0.1448 0.0827 
        D662  7 0.6416 0.1270 0.0295 0.1229 0.0282 0.0335 0.0173 
        D687  7 0.0393 0.0566 0.1261 0.0605 0.5960 0.0894 0.0322 
        D688  7 0.0986 0.0229 0.2879 0.2798 0.0499 0.1201 0.1407 
        D689  7 0.0586 0.1146 0.0387 0.1970 0.4650 0.0853 0.0408 
        D700  7 0.0163 0.0152 0.0187 0.0136 0.0172 0.9037 0.0153 
        D797  7 0.0843 0.1046 0.1390 0.1948 0.2829 0.1260 0.0684 
        D798  7 0.6098 0.0404 0.0741 0.0913 0.0427 0.1094 0.0322 
        D799  7 0.0916 0.0300 0.1248 0.0393 0.5434 0.0975 0.0735 
        D800  7 0.0869 0.0246 0.0366 0.5237 0.1149 0.1127 0.1007 
        D132  8 0.7422 0.0387 0.0416 0.0540 0.0302 0.0724 0.0210 
        D133  8 0.0297 0.0233 0.0220 0.0193 0.0340 0.0447 0.8269 
        D200  8 0.0214 0.0244 0.0831 0.0220 0.1923 0.6123 0.0446 
        D500  8 0.8252 0.0292 0.0304 0.0375 0.0182 0.0411 0.0184 
        D614  8 0.1137 0.3536 0.1316 0.0695 0.1173 0.1826 0.0316 
        D723  8 0.1510 0.0357 0.0454 0.4662 0.0590 0.1196 0.1230 
        D888  8 0.0258 0.0221 0.0345 0.0338 0.8170 0.0301 0.0368 
        D901  8 0.0653 0.0412 0.0440 0.0157 0.0961 0.7116 0.0260 
        D902  8 0.0478 0.6789 0.1150 0.0268 0.0322 0.0584 0.0410 
        D903  8 0.0312 0.0949 0.3000 0.3448 0.0743 0.1110 0.0439 
        D904  8 0.0727 0.0634 0.4280 0.1682 0.0849 0.1116 0.0713 
        D905  8 0.0174 0.0517 0.0420 0.0106 0.8157 0.0268 0.0359 
        D906  8 0.0490 0.0369 0.1544 0.0623 0.1498 0.1321 0.4154 
        D937  8 0.0197 0.8498 0.0257 0.0107 0.0417 0.0351 0.0173 
        D943  8 0.1094 0.0353 0.0965 0.0565 0.2348 0.4228 0.0446 
        D972  8 0.1604 0.0481 0.0536 0.3130 0.0406 0.2374 0.1469 
        D973  8 0.0769 0.0519 0.0486 0.6918 0.0229 0.0635 0.0444 
        D974  8 0.0866 0.1060 0.0837 0.1372 0.0791 0.2862 0.2212 
        D975  8 0.0287 0.0887 0.0691 0.0323 0.1055 0.6021 0.0737 
        D976  8 0.0699 0.1372 0.1147 0.0199 0.1982 0.3769 0.0832 
        D201  9 0.0773 0.0320 0.1169 0.0375 0.4079 0.1702 0.1582 
        D202  9 0.0423 0.0407 0.1892 0.0191 0.2230 0.3979 0.0880 
     D237259  9 0.1327 0.0226 0.1342 0.0704 0.0766 0.4559 0.1075 
     D237260  9 0.0792 0.0434 0.0549 0.0168 0.2518 0.2807 0.2731 
     D237262  9 0.8259 0.0282 0.0159 0.0229 0.0188 0.0665 0.0218 
     D237263  9 0.3348 0.0367 0.0382 0.0618 0.1623 0.2026 0.1636 
     D237264  9 0.1853 0.1719 0.0524 0.0890 0.0786 0.2156 0.2072 
     D237265  9 0.0465 0.0317 0.0246 0.0162 0.7378 0.0840 0.0591 
     D237266  9 0.2093 0.0197 0.0163 0.0641 0.0397 0.0332 0.6177 
     D237267  9 0.0232 0.0493 0.0200 0.0215 0.0373 0.8111 0.0376 
     D237268  9 0.2499 0.0410 0.0783 0.0953 0.1076 0.3854 0.0425 
     D237289  9 0.0813 0.2354 0.1229 0.0209 0.1466 0.1236 0.2692 
     D237290  9 0.0472 0.0232 0.0232 0.0234 0.6468 0.0587 0.1774 
     D237291  9 0.0496 0.0755 0.0343 0.0322 0.1681 0.1401 0.5002 
     D237292  9 0.0990 0.0196 0.0321 0.0288 0.0776 0.3669 0.3761 
     D237293  9 0.1686 0.1003 0.0666 0.1092 0.1531 0.3207 0.0814 
     D237294  9 0.2286 0.0417 0.1132 0.0259 0.1728 0.3018 0.1159 
     D237295  9 0.2007 0.1427 0.1745 0.2339 0.0729 0.1469 0.0284 
     D237296  9 0.0791 0.0604 0.0983 0.0557 0.2355 0.4115 0.0596 
     D237297  9 0.0242 0.1387 0.6815 0.0236 0.0300 0.0632 0.0388 
     D237298  9 0.0846 0.0412 0.1971 0.1335 0.3174 0.1451 0.0811 
     D237341  9 0.0841 0.0504 0.2078 0.0292 0.3355 0.1582 0.1348 
     D237342  9 0.2760 0.0550 0.0814 0.0274 0.0373 0.4556 0.0673 
     D237343  9 0.3069 0.0519 0.0886 0.0326 0.0967 0.1359 0.2874 
     D237344  9 0.0989 0.2420 0.0776 0.0453 0.1162 0.1292 0.2909 
     D237345  9 0.6146 0.0120 0.0682 0.0315 0.0281 0.1810 0.0646 
     D237346  9 0.1599 0.1139 0.0910 0.0294 0.1865 0.0814 0.3379 
     D237347  9 0.0438 0.5915 0.0818 0.0326 0.1127 0.0668 0.0707 
     D237348  9 0.2169 0.1024 0.1015 0.0804 0.0767 0.1574 0.2647 
     D237349  9 0.1456 0.0192 0.0589 0.0932 0.0256 0.0333 0.6242 
     D244109  9 0.0418 0.0128 0.0272 0.0459 0.0558 0.1495 0.6672 
     D244110  9 0.0285 0.0205 0.0177 0.0310 0.0927 0.0821 0.7275 
     D244111  9 0.0672 0.0516 0.2125 0.0674 0.1463 0.2266 0.2284 
     D244128  9 0.2216 0.0198 0.0384 0.0213 0.0328 0.6112 0.0549 
     D244137  9 0.2200 0.0755 0.0604 0.3043 0.0325 0.0684 0.2389 
     D244138  9 0.1035 0.0865 0.1888 0.0256 0.2436 0.2333 0.1188 
        D580  9 0.1722 0.0338 0.0953 0.0502 0.0309 0.5847 0.0329 
        D581  9 0.0334 0.0192 0.0600 0.0198 0.3945 0.1050 0.3681 
        D582  9 0.4702 0.0139 0.0232 0.0173 0.0211 0.4318 0.0225 
        D583  9 0.0555 0.0150 0.0274 0.0170 0.0261 0.0221 0.8369 
        D584  9 0.1328 0.2947 0.0554 0.0241 0.0496 0.3694 0.0739 
        D585  9 0.2220 0.0206 0.0559 0.0280 0.2477 0.3883 0.0375 
        D586  9 0.0259 0.0690 0.0193 0.0338 0.7834 0.0325 0.0362 
        D651  9 0.0850 0.1485 0.0322 0.3981 0.1354 0.0608 0.1399 
        D652  9 0.5276 0.0243 0.1154 0.0449 0.0366 0.0326 0.2185 
        D653  9 0.0397 0.0622 0.1162 0.1214 0.3559 0.1798 0.1248 
        D654  9 0.1283 0.0391 0.1374 0.1963 0.0264 0.0432 0.4293 
        D655  9 0.0386 0.1449 0.0353 0.0774 0.4913 0.1412 0.0713 
        D656  9 0.5485 0.0287 0.0914 0.0292 0.0169 0.1500 0.1353 
        D657  9 0.1628 0.0480 0.3632 0.0293 0.0703 0.1948 0.1315 
        D667  9 0.0505 0.2969 0.0245 0.0898 0.3664 0.1105 0.0614 
        D668  9 0.5340 0.0580 0.0451 0.0367 0.2017 0.0735 0.0509 
        D669  9 0.0350 0.0270 0.0727 0.0333 0.6373 0.1330 0.0616 
        D670  9 0.0512 0.0502 0.0325 0.6540 0.0350 0.0964 0.0807 
        D671  9 0.0582 0.0527 0.1830 0.0344 0.1738 0.0839 0.4140 
        D672  9 0.3453 0.0263 0.0492 0.0517 0.0797 0.3968 0.0510 
        D673  9 0.1298 0.0658 0.1546 0.0843 0.4422 0.0914 0.0319 
        D692  9 0.1393 0.0299 0.0367 0.0451 0.0280 0.2637 0.4573 
        D693  9 0.1761 0.1497 0.1157 0.1124 0.1499 0.2017 0.0946 
        D694  9 0.3263 0.0360 0.0481 0.0160 0.0287 0.4862 0.0587 
        D695  9 0.4422 0.0485 0.0503 0.2208 0.1502 0.0577 0.0304 
        D696  9 0.0141 0.8594 0.0399 0.0219 0.0193 0.0271 0.0184 
        D697  9 0.1142 0.3773 0.0610 0.0812 0.1619 0.0650 0.1394 
        D698  9 0.0682 0.2881 0.0464 0.0429 0.0718 0.1129 0.3696 
        D699  9 0.0729 0.3206 0.0856 0.0229 0.1958 0.2199 0.0822 
        D787  9 0.2817 0.0249 0.0389 0.3507 0.0654 0.0350 0.2035 
        D788  9 0.0562 0.2508 0.2622 0.0531 0.0864 0.2641 0.0272 
        D789  9 0.0834 0.0910 0.0570 0.0255 0.0601 0.5568 0.1262 
        D790  9 0.2939 0.0972 0.0429 0.1156 0.1842 0.0656 0.2006 
        D791  9 0.0271 0.0413 0.5466 0.0134 0.1388 0.0723 0.1605 
        D792  9 0.2393 0.0678 0.0555 0.2387 0.1035 0.0372 0.2580 
        D793  9 0.0372 0.5278 0.0253 0.1875 0.1462 0.0320 0.0440 
        D794  9 0.0737 0.3008 0.0609 0.1936 0.1039 0.0657 0.2014 
        D795  9 0.4214 0.0697 0.0323 0.0160 0.0827 0.3411 0.0370 
        D796  9 0.0512 0.0460 0.0265 0.0383 0.4864 0.2864 0.0652 
        D142 10 0.0288 0.2190 0.1839 0.0821 0.0571 0.2131 0.2160 
        D143 10 0.0346 0.0511 0.0366 0.0229 0.0172 0.0247 0.8128 
        D144 10 0.1876 0.1755 0.2057 0.0891 0.1020 0.1707 0.0694 
        D145 10 0.0193 0.0191 0.0788 0.0179 0.8144 0.0276 0.0228 
        D146 10 0.2686 0.0520 0.1685 0.0611 0.0293 0.3791 0.0413 
        D147 10 0.0365 0.0305 0.1800 0.0539 0.0230 0.6040 0.0722 
        D148 10 0.0209 0.0677 0.1949 0.0538 0.0378 0.5918 0.0331 
        D149 10 0.0386 0.0288 0.0317 0.0650 0.2784 0.0679 0.4897 
        D151 10 0.0281 0.0559 0.0374 0.0208 0.1126 0.7111 0.0341 
        D152 10 0.0208 0.0171 0.0347 0.0160 0.1650 0.0633 0.6831 
        D153 10 0.0735 0.1657 0.2121 0.3497 0.0390 0.1206 0.0394 
        D156 10 0.0209 0.0153 0.8617 0.0342 0.0272 0.0243 0.0163 
        D157 10 0.1836 0.3710 0.1253 0.0493 0.0518 0.1295 0.0895 
        D158 10 0.0366 0.0700 0.0432 0.0202 0.1815 0.6086 0.0399 
        D159 10 0.0279 0.0357 0.0344 0.0340 0.0452 0.0201 0.8027 
        D160 10 0.0173 0.1373 0.0126 0.0130 0.7798 0.0233 0.0166 
        D161 10 0.0895 0.1029 0.1546 0.2595 0.1522 0.1251 0.1162 
        D162 10 0.0163 0.0316 0.8082 0.0356 0.0359 0.0249 0.0475 
        D169 10 0.7376 0.0276 0.0294 0.0385 0.0863 0.0511 0.0293 
        D170 10 0.5219 0.0596 0.2224 0.0570 0.0410 0.0718 0.0263 
        D171 10 0.0308 0.0526 0.7514 0.0277 0.0225 0.0939 0.0210 
        D172 10 0.0282 0.0267 0.7930 0.0275 0.0602 0.0356 0.0287 
        D173 10 0.0374 0.0190 0.0396 0.0785 0.0507 0.0656 0.7091 
        D181 10 0.0266 0.1365 0.5762 0.0433 0.0939 0.0697 0.0537 
        D182 10 0.0733 0.0355 0.0615 0.0574 0.4166 0.1735 0.1820 
        D183 10 0.0472 0.6294 0.0296 0.0615 0.1246 0.0888 0.0188 
        D184 10 0.8046 0.0118 0.0190 0.1008 0.0149 0.0356 0.0135 
        D185 10 0.0839 0.0385 0.2980 0.2658 0.0963 0.1715 0.0461 
        D186 10 0.5080 0.0255 0.0218 0.0255 0.1333 0.2481 0.0378 
        D194 10 0.2747 0.0999 0.0739 0.1461 0.0436 0.2170 0.1447 
        D195 10 0.0589 0.1042 0.2135 0.0886 0.2981 0.0625 0.1743 
        D196 10 0.0303 0.1275 0.2031 0.2259 0.1215 0.0536 0.2382 
        D197 10 0.5867 0.0484 0.0378 0.0202 0.0862 0.0614 0.1593 
        D198 10 0.1568 0.1504 0.0381 0.2759 0.0858 0.2663 0.0267 
     D237226 10 0.1977 0.0322 0.0264 0.0393 0.5149 0.1224 0.0671 
     D237232 10 0.0709 0.1747 0.0431 0.0403 0.4666 0.1426 0.0617 
     D237233 10 0.0733 0.0876 0.1074 0.0290 0.3300 0.0690 0.3038 
     D237234 10 0.0371 0.0781 0.6050 0.0349 0.1229 0.0848 0.0372 
     D237354 10 0.0135 0.0184 0.0281 0.0219 0.8698 0.0181 0.0303 
     D237355 10 0.0236 0.0282 0.0196 0.0280 0.8570 0.0239 0.0196 
     D237356 10 0.1253 0.3596 0.0288 0.3788 0.0356 0.0496 0.0222 
     D237357 10 0.1301 0.0310 0.0838 0.0263 0.0490 0.0840 0.5957 
     D237358 10 0.4115 0.0812 0.0389 0.0622 0.0289 0.0426 0.3348 
     D237369 10 0.2732 0.0186 0.0661 0.0693 0.0337 0.4954 0.0438 
     D237370 10 0.0632 0.5020 0.0752 0.0330 0.0629 0.0959 0.1678 
     D237371 10 0.0610 0.0338 0.0431 0.6025 0.0868 0.1377 0.0352 
     D237372 10 0.1513 0.0347 0.0508 0.0786 0.0708 0.0862 0.5274 
     D237373 10 0.0196 0.1006 0.0914 0.0299 0.2774 0.4174 0.0638 
     D237374 10 0.0136 0.0645 0.0398 0.0154 0.8184 0.0306 0.0177 
     D237375 10 0.0613 0.0766 0.1452 0.0816 0.0425 0.2144 0.3783 
     D237400 10 0.0161 0.0253 0.0969 0.0177 0.0702 0.0173 0.7565 
     D244002 10 0.0632 0.0195 0.2253 0.0539 0.0477 0.5495 0.0408 
     D244003 10 0.0571 0.2839 0.0489 0.0106 0.4903 0.0296 0.0797 
     D244004 10 0.0379 0.8563 0.0124 0.0114 0.0477 0.0220 0.0122 
     D244005 10 0.1718 0.0325 0.0152 0.0257 0.6682 0.0564 0.0301 
     D244020 10 0.0727 0.1574 0.3084 0.1516 0.1595 0.0894 0.0610 
     D244021 10 0.1265 0.0500 0.1219 0.0442 0.1047 0.4410 0.1117 
     D244116 10 0.2748 0.0438 0.4782 0.0391 0.0346 0.0636 0.0658 
     D244117 10 0.0419 0.4918 0.0910 0.0377 0.2179 0.0475 0.0721 
     D244121 10 0.0951 0.4862 0.0759 0.0277 0.1147 0.0575 0.1429 
     D244123 10 0.0517 0.1918 0.1533 0.0348 0.1905 0.2165 0.1615 
     D244124 10 0.2852 0.0816 0.1210 0.0291 0.0517 0.1039 0.3275 
        D332 10 0.0275 0.0724 0.0949 0.5966 0.0441 0.0694 0.0951 
        D570 10 0.0479 0.4779 0.3268 0.0359 0.0300 0.0459 0.0355 
        D602 10 0.0336 0.0321 0.6824 0.1259 0.0277 0.0471 0.0512 
        D603 10 0.0619 0.1575 0.0393 0.0363 0.0721 0.3333 0.2997 
        D604 10 0.0392 0.0422 0.4489 0.0591 0.0588 0.0585 0.2934 
        D605 10 0.1128 0.0530 0.0893 0.3627 0.1643 0.0995 0.1184 
        D606 10 0.5293 0.3213 0.0250 0.0342 0.0324 0.0300 0.0277 
        D607 10 0.0216 0.0225 0.0707 0.7375 0.0447 0.0534 0.0496 
        D608 10 0.0113 0.0148 0.0233 0.0335 0.0165 0.0220 0.8785 
        D609 10 0.0567 0.5428 0.0628 0.1549 0.0787 0.0855 0.0185 
        D610 10 0.0650 0.2881 0.0355 0.0670 0.2252 0.2801 0.0392 
        D611 10 0.0112 0.8770 0.0445 0.0178 0.0179 0.0185 0.0132 
        D613 10 0.0317 0.0422 0.7408 0.0715 0.0551 0.0361 0.0226 
        D633 10 0.0840 0.0198 0.5725 0.1325 0.0308 0.0286 0.1318 
        D634 10 0.0666 0.1366 0.3877 0.0441 0.0795 0.2255 0.0600 
        D638 10 0.0320 0.0405 0.0663 0.0316 0.1099 0.0265 0.6932 
        D681 10 0.0535 0.0325 0.7074 0.0272 0.0496 0.0927 0.0372 
        D754 10 0.0906 0.0653 0.0285 0.0210 0.0628 0.7047 0.0272 
        D755 10 0.0322 0.4701 0.0322 0.0141 0.1610 0.0240 0.2664 
        D756 10 0.0704 0.2924 0.1097 0.0430 0.1429 0.2613 0.0804 
        D757 10 0.1573 0.0953 0.0279 0.1026 0.4083 0.0591 0.1495 
        D758 10 0.1186 0.0639 0.2397 0.1133 0.2794 0.1084 0.0766 
        D759 10 0.0514 0.3738 0.0654 0.0211 0.3769 0.0278 0.0836 
        D760 10 0.0550 0.1041 0.3130 0.0603 0.2995 0.1045 0.0636 
        D761 10 0.0156 0.0243 0.0318 0.0156 0.8112 0.0343 0.0672 
        D762 10 0.0665 0.0405 0.3157 0.3144 0.0658 0.1153 0.0819 
        D775 10 0.0694 0.4736 0.0230 0.0218 0.3562 0.0310 0.0249 
        D776 10 0.0267 0.0522 0.0240 0.0243 0.5320 0.1668 0.1740 
        D777 10 0.0584 0.2829 0.0226 0.0305 0.5254 0.0508 0.0294 
        D778 10 0.2227 0.0314 0.0235 0.0283 0.4678 0.0795 0.1468 
        D779 10 0.0736 0.0648 0.5282 0.0270 0.1089 0.1584 0.0391 
        D780 10 0.0303 0.0277 0.6862 0.0250 0.0927 0.0317 0.1064 
        D781 10 0.0286 0.0407 0.7240 0.0316 0.0300 0.0690 0.0761 
        D858 10 0.8403 0.0135 0.0178 0.0190 0.0456 0.0353 0.0285 
        D933 10 0.0414 0.1345 0.0248 0.2607 0.2490 0.2159 0.0739 
        D038 11 0.1326 0.0424 0.1234 0.0819 0.5072 0.0710 0.0415 
        D063 11 0.0219 0.0670 0.5277 0.0280 0.2424 0.0435 0.0694 
        D155 11 0.0452 0.2605 0.0448 0.0904 0.4325 0.0588 0.0678 
        D175 11 0.0515 0.1310 0.1228 0.0267 0.0709 0.5511 0.0460 
        D176 11 0.0262 0.0820 0.0726 0.0273 0.1453 0.1407 0.5059 
        D205 11 0.0838 0.6449 0.0301 0.0418 0.0306 0.1446 0.0243 
     D237229 11 0.1463 0.0222 0.1620 0.1109 0.1535 0.2072 0.1980 
     D237230 11 0.0429 0.0190 0.0421 0.5215 0.0182 0.1005 0.2558 
     D237231 11 0.0265 0.0290 0.1280 0.6166 0.0291 0.0876 0.0832 
     D237269 11 0.0972 0.0658 0.1631 0.0982 0.2034 0.1463 0.2258 
     D237270 11 0.7051 0.0320 0.0196 0.0772 0.0460 0.0592 0.0610 
     D237271 11 0.0393 0.1146 0.5784 0.0468 0.0419 0.1452 0.0337 
     D237272 11 0.1329 0.0239 0.0354 0.5615 0.0351 0.0806 0.1305 
     D237273 11 0.0286 0.1474 0.2377 0.0441 0.1069 0.3274 0.1079 
     D237301 11 0.0295 0.0816 0.1854 0.5689 0.0547 0.0387 0.0412 
     D237302 11 0.3142 0.0357 0.3362 0.0623 0.1223 0.0471 0.0822 
     D237303 11 0.1867 0.0170 0.0587 0.1264 0.0241 0.2228 0.3643 
     D237304 11 0.1305 0.0997 0.2380 0.0957 0.1257 0.2250 0.0855 
     D237305 11 0.4722 0.1170 0.0363 0.0409 0.1202 0.1495 0.0639 
     D237314 11 0.1323 0.1295 0.2946 0.0559 0.3001 0.0560 0.0315 
     D237315 11 0.3447 0.0346 0.1053 0.0666 0.1112 0.2932 0.0443 
     D237316 11 0.0288 0.0662 0.2724 0.5162 0.0311 0.0480 0.0373 
     D237328 11 0.1649 0.1255 0.0670 0.3584 0.0299 0.2241 0.0302 
     D237329 11 0.2370 0.0909 0.0275 0.0700 0.2327 0.0628 0.2790 
     D237330 11 0.0353 0.3732 0.3960 0.0193 0.0972 0.0300 0.0489 
     D237331 11 0.0564 0.1389 0.0999 0.0947 0.4039 0.1174 0.0887 
     D237332 11 0.0422 0.1110 0.1365 0.3927 0.1479 0.1282 0.0414 
     D237333 11 0.0195 0.1265 0.1861 0.0263 0.4856 0.0337 0.1224 
     D237334 11 0.0183 0.0280 0.0298 0.8300 0.0337 0.0340 0.0262 
     D237335 11 0.1367 0.2202 0.2517 0.1730 0.0669 0.1076 0.0439 
     D237336 11 0.0369 0.0374 0.0571 0.0376 0.7568 0.0494 0.0248 
     D237350 11 0.0344 0.1459 0.6464 0.0343 0.0302 0.0334 0.0753 
     D237383 11 0.1118 0.0605 0.0834 0.0333 0.2307 0.3158 0.1645 
     D237384 11 0.1901 0.0356 0.0424 0.4359 0.1775 0.0737 0.0449 
     D237385 11 0.1182 0.0862 0.2036 0.1372 0.1988 0.1540 0.1019 
     D237386 11 0.0915 0.2179 0.0526 0.2974 0.0528 0.0706 0.2173 
     D237387 11 0.0677 0.0331 0.1463 0.6388 0.0346 0.0611 0.0184 
     D237388 11 0.0314 0.3382 0.2894 0.0683 0.0663 0.1679 0.0385 
        D239 11 0.0386 0.1861 0.0740 0.0824 0.4239 0.1336 0.0613 
        D240 11 0.0392 0.0353 0.0256 0.0248 0.7392 0.0444 0.0914 
        D241 11 0.0153 0.0189 0.0167 0.0393 0.0781 0.8109 0.0208 
        D242 11 0.0877 0.0675 0.1785 0.2061 0.1237 0.2111 0.1253 
        D243 11 0.0552 0.4269 0.0323 0.0554 0.2939 0.0923 0.0441 
        D244 11 0.1062 0.7201 0.0202 0.0371 0.0565 0.0331 0.0268 
        D245 11 0.1573 0.0207 0.3702 0.0406 0.1721 0.2011 0.0381 
        D246 11 0.0738 0.1890 0.1753 0.1142 0.0975 0.3040 0.0463 
        D247 11 0.1230 0.0636 0.1968 0.0615 0.2122 0.2094 0.1334 
        D248 11 0.0267 0.1101 0.0593 0.3650 0.0420 0.0829 0.3140 
        D249 11 0.1033 0.1295 0.1764 0.0327 0.0504 0.4765 0.0313 
        D250 11 0.0250 0.3266 0.1471 0.1258 0.0475 0.0721 0.2558 
        D251 11 0.0899 0.3272 0.2788 0.0678 0.0690 0.1208 0.0465 
        D252 11 0.0980 0.0947 0.0916 0.4586 0.0412 0.1734 0.0425 
        D253 11 0.0588 0.1644 0.1135 0.0333 0.1180 0.3505 0.1616 
        D254 11 0.1040 0.0261 0.0238 0.0763 0.0419 0.5146 0.2132 
        D255 11 0.0408 0.1891 0.2075 0.0999 0.0313 0.3156 0.1158 
        D256 11 0.0515 0.1347 0.0536 0.1567 0.3780 0.1676 0.0580 
        D257 11 0.6206 0.0564 0.0498 0.0306 0.1052 0.0632 0.0743 
        D258 11 0.6438 0.0614 0.0358 0.1538 0.0494 0.0358 0.0199 
        D259 11 0.3799 0.0220 0.1232 0.0480 0.0559 0.3100 0.0610 
        D260 11 0.0677 0.0958 0.2091 0.0669 0.0903 0.3091 0.1611 
        D261 11 0.0195 0.0370 0.6914 0.0858 0.0575 0.0822 0.0266 
        D262 11 0.0862 0.0377 0.2428 0.0272 0.2847 0.2451 0.0762 
        D263 11 0.1373 0.3496 0.2109 0.1318 0.0505 0.0882 0.0316 
        D264 11 0.0665 0.0467 0.1636 0.0763 0.0254 0.5786 0.0429 
        D265 11 0.0466 0.0872 0.0418 0.0507 0.1784 0.4156 0.1797 
        D266 11 0.0398 0.1929 0.0845 0.1932 0.1516 0.1298 0.2082 
        D267 11 0.1287 0.2960 0.2561 0.0997 0.0810 0.1062 0.0323 
        D268 11 0.0229 0.6804 0.0488 0.0803 0.0773 0.0481 0.0422 
        D269 11 0.0314 0.1982 0.0722 0.5988 0.0284 0.0515 0.0195 
        D270 11 0.0367 0.0418 0.0387 0.6899 0.0460 0.1163 0.0307 
        D271 11 0.0825 0.0651 0.0484 0.0564 0.1902 0.4992 0.0582 
        D272 11 0.0683 0.0581 0.4271 0.0786 0.2200 0.0883 0.0596 
        D273 11 0.8254 0.0138 0.0612 0.0298 0.0273 0.0273 0.0153 
        D274 11 0.2104 0.3365 0.0538 0.0976 0.0970 0.1448 0.0599 
        D275 11 0.0768 0.1608 0.0462 0.4322 0.1134 0.1167 0.0539 
        D276 11 0.0298 0.5305 0.0708 0.2656 0.0387 0.0425 0.0222 
        D277 11 0.0730 0.4289 0.0823 0.1720 0.0631 0.1019 0.0787 
        D278 11 0.0456 0.1015 0.3578 0.0266 0.0390 0.3262 0.1033 
        D282 11 0.6644 0.1254 0.0189 0.0727 0.0281 0.0629 0.0276 
        D296 11 0.0290 0.1301 0.0867 0.2322 0.4403 0.0475 0.0343 
        D297 11 0.0869 0.3986 0.0454 0.2774 0.0551 0.1094 0.0272 
        D298 11 0.0397 0.1605 0.3442 0.0790 0.1330 0.1413 0.1024 
        D299 11 0.0229 0.0872 0.7167 0.0209 0.0294 0.0907 0.0322 
        D300 11 0.0328 0.0303 0.0638 0.0433 0.5613 0.0758 0.1927 
        D382 11 0.1218 0.3439 0.0363 0.4150 0.0400 0.0234 0.0195 
        D383 11 0.2354 0.5714 0.0302 0.0365 0.0449 0.0562 0.0255 
        D387 11 0.0555 0.1305 0.1910 0.0219 0.1813 0.2368 0.1830 
        D388 11 0.0193 0.0221 0.0238 0.8542 0.0275 0.0332 0.0200 
        D389 11 0.0132 0.0629 0.7671 0.0357 0.0367 0.0597 0.0247 
        D390 11 0.0230 0.0986 0.0893 0.5796 0.0660 0.0613 0.0822 
        D396 11 0.0393 0.0634 0.2115 0.1300 0.2375 0.0957 0.2226 
        D397 11 0.3773 0.0598 0.0619 0.1209 0.1031 0.2474 0.0297 
        D398 11 0.2504 0.1175 0.0209 0.1357 0.3957 0.0424 0.0373 
        D399 11 0.0461 0.0246 0.5460 0.1109 0.0485 0.1078 0.1161 
        D437 11 0.0492 0.0251 0.5040 0.0212 0.1724 0.1797 0.0484 
        D441 11 0.0246 0.6560 0.0554 0.0525 0.1231 0.0478 0.0406 
        D442 11 0.0589 0.0729 0.4011 0.0413 0.1954 0.1313 0.0991 
        D443 11 0.0237 0.2806 0.0248 0.0290 0.5864 0.0274 0.0281 
        D444 11 0.0453 0.0697 0.4070 0.2621 0.0436 0.0588 0.1135 
        D445 11 0.0791 0.0258 0.0833 0.7034 0.0282 0.0682 0.0121 
        D446 11 0.0972 0.0377 0.1284 0.0780 0.1341 0.4293 0.0954 
        D451 11 0.0581 0.0950 0.0586 0.3698 0.1261 0.2532 0.0393 
        D452 11 0.0310 0.0299 0.6302 0.0442 0.0894 0.0389 0.1365 
        D453 11 0.0176 0.0452 0.0444 0.7753 0.0332 0.0596 0.0247 
        D454 11 0.0822 0.0219 0.0400 0.0471 0.0607 0.6420 0.1061 
        D457 11 0.0858 0.1747 0.1697 0.0600 0.1630 0.3158 0.0309 
        D458 11 0.0392 0.2549 0.0656 0.3318 0.1595 0.1182 0.0309 
        D466 11 0.0317 0.0375 0.0233 0.0260 0.0338 0.1274 0.7204 
        D467 11 0.0398 0.1935 0.4551 0.0337 0.0660 0.1229 0.0889 
        D475 11 0.6464 0.0536 0.0863 0.0450 0.0346 0.1062 0.0279 
        D488 11 0.0303 0.0586 0.2345 0.1524 0.1363 0.2296 0.1583 
        D489 11 0.0783 0.0776 0.0946 0.0497 0.0947 0.5188 0.0863 
        D493 11 0.0300 0.0942 0.0268 0.0530 0.0360 0.7177 0.0423 
        D494 11 0.0599 0.1724 0.1209 0.2867 0.0920 0.1390 0.1292 
        D495 11 0.1229 0.0190 0.0974 0.0470 0.5054 0.1191 0.0892 
        D496 11 0.0140 0.0848 0.0637 0.0241 0.6241 0.0459 0.1434 
        D674 11 0.0357 0.0461 0.0748 0.0534 0.6501 0.0373 0.1026 
        D675 11 0.0171 0.0531 0.0396 0.0373 0.7822 0.0228 0.0479 
        D676 11 0.1856 0.1358 0.4369 0.0537 0.0408 0.1174 0.0298 
        D680 11 0.1078 0.0825 0.0235 0.0281 0.7000 0.0347 0.0235 
        D701 11 0.0355 0.0266 0.1740 0.0405 0.4596 0.2260 0.0378 
        D702 11 0.2512 0.0250 0.0993 0.2461 0.1006 0.1661 0.1116 
        D703 11 0.1132 0.0760 0.0635 0.1297 0.2675 0.1152 0.2350 
        D704 11 0.0864 0.1443 0.1844 0.0594 0.0593 0.3137 0.1526 
        D705 11 0.2404 0.0204 0.0199 0.4328 0.0191 0.1157 0.1517 
        D706 11 0.1539 0.0376 0.1714 0.0230 0.2581 0.0964 0.2598 
        D707 11 0.0878 0.0587 0.1092 0.5288 0.0798 0.1070 0.0288 
        D751 11 0.0417 0.0300 0.0331 0.7545 0.0602 0.0591 0.0214 
        D752 11 0.0426 0.0447 0.4331 0.0332 0.3560 0.0493 0.0411 
        D753 11 0.0414 0.0649 0.0343 0.5321 0.0302 0.1200 0.1771 
        D773 11 0.7267 0.0117 0.0158 0.0213 0.0222 0.1846 0.0178 
        D774 11 0.0571 0.0403 0.0522 0.2090 0.2131 0.1431 0.2853 
        D801 11 0.0403 0.3489 0.0714 0.0518 0.1021 0.1708 0.2147 
        D802 11 0.0814 0.0558 0.0464 0.3414 0.0928 0.3052 0.0769 
        D803 11 0.0285 0.0762 0.0390 0.0370 0.5107 0.2805 0.0279 
        D804 11 0.0751 0.0647 0.3119 0.0968 0.1853 0.1924 0.0738 
        D805 11 0.0699 0.1124 0.0361 0.1957 0.1943 0.3494 0.0422 
        D806 11 0.6763 0.0264 0.1562 0.0322 0.0491 0.0388 0.0210 
        D809 11 0.0577 0.4296 0.1604 0.0979 0.0653 0.0955 0.0936 
        D810 11 0.0235 0.4106 0.2734 0.0525 0.0924 0.1130 0.0346 
        D812 11 0.1167 0.1015 0.2077 0.1502 0.0504 0.2708 0.1028 
        D813 11 0.0560 0.0224 0.2087 0.0371 0.5626 0.0475 0.0656 
        D823 11 0.0317 0.0503 0.4967 0.1122 0.0978 0.1661 0.0452 
        D824 11 0.0285 0.3759 0.1380 0.0356 0.0447 0.0878 0.2895 
        D829 11 0.0353 0.0882 0.4685 0.1421 0.0529 0.0742 0.1388 
        D830 11 0.2924 0.0736 0.1303 0.3162 0.0279 0.1236 0.0360 
        D831 11 0.0289 0.0254 0.4282 0.0267 0.3732 0.0702 0.0475 
        D832 11 0.0463 0.1689 0.0347 0.0233 0.1663 0.3073 0.2531 
        D833 11 0.0296 0.2557 0.1172 0.4313 0.0837 0.0531 0.0294 
        D834 11 0.0819 0.2924 0.0981 0.3466 0.0794 0.0532 0.0483 
        D835 11 0.1975 0.0478 0.1140 0.0803 0.0975 0.4380 0.0249 
        D855 11 0.0680 0.1952 0.1854 0.1609 0.1120 0.2167 0.0616 
        D863 11 0.0159 0.0147 0.0258 0.0157 0.8767 0.0150 0.0361 
        D864 11 0.0440 0.2297 0.1750 0.0706 0.0653 0.3140 0.1014 
        D878 11 0.0414 0.3036 0.1430 0.1331 0.2313 0.1040 0.0437 
        D879 11 0.4002 0.0707 0.1226 0.0543 0.0334 0.2870 0.0317 
        D880 11 0.0203 0.1730 0.0993 0.2722 0.1855 0.0323 0.2174 
        D881 11 0.0581 0.7221 0.0159 0.0355 0.1183 0.0267 0.0235 
        D882 11 0.0239 0.0622 0.0479 0.1018 0.3397 0.1095 0.3149 
        D909 11 0.0444 0.1510 0.0848 0.3212 0.1782 0.1451 0.0753 
        D921 11 0.0268 0.0666 0.6963 0.0541 0.0513 0.0696 0.0354 
        D924 11 0.0219 0.0778 0.1565 0.0578 0.4172 0.0598 0.2090 
        D935 11 0.0558 0.0637 0.0450 0.7398 0.0299 0.0478 0.0180 
        D940 11 0.0187 0.0313 0.0195 0.0177 0.8421 0.0364 0.0343 
        D941 11 0.0347 0.1295 0.0636 0.1542 0.4794 0.0904 0.0483 
        D942 11 0.7580 0.0455 0.0439 0.0518 0.0191 0.0575 0.0242 
        D980 11 0.0733 0.0363 0.1617 0.3439 0.1699 0.1590 0.0559 
        D981 11 0.3922 0.0313 0.1254 0.1216 0.0578 0.2149 0.0568 
        D982 11 0.0418 0.0462 0.1934 0.0489 0.0293 0.0352 0.6051 
        D983 11 0.0326 0.6007 0.0790 0.1581 0.0589 0.0488 0.0219 
        D984 11 0.0318 0.1320 0.3419 0.2045 0.0720 0.0647 0.1531 
        D992 11 0.2359 0.0330 0.3852 0.0502 0.0371 0.2152 0.0435 
        D993 11 0.0492 0.5960 0.0268 0.1368 0.0255 0.1055 0.0602 
        D994 11 0.0191 0.0476 0.1470 0.0397 0.2826 0.4137 0.0502 
        D995 11 0.1382 0.0886 0.0390 0.0402 0.0197 0.6526 0.0218 
        H354 11 0.4578 0.0358 0.0419 0.2801 0.0253 0.0754 0.0837 
        D005 12 0.0676 0.0204 0.0934 0.0334 0.0488 0.5363 0.2001 
        D035 12 0.0777 0.1089 0.0300 0.0609 0.4147 0.1631 0.1445 
        D067 12 0.0389 0.0723 0.2576 0.3005 0.0890 0.1664 0.0753 
        D134 12 0.0520 0.0549 0.0389 0.0422 0.4276 0.3095 0.0749 
        D135 12 0.0287 0.1493 0.0301 0.0669 0.4809 0.1887 0.0555 
        D136 12 0.0961 0.0342 0.0661 0.6171 0.0188 0.1145 0.0533 
        D137 12 0.0497 0.0280 0.0651 0.2339 0.1215 0.2194 0.2824 
        D138 12 0.0914 0.1263 0.1268 0.1626 0.1840 0.0664 0.2424 
        D139 12 0.0279 0.0422 0.4039 0.2027 0.1366 0.1116 0.0750 
        D140 12 0.0888 0.1362 0.0357 0.1381 0.2235 0.2498 0.1280 
        D141 12 0.8780 0.0153 0.0213 0.0242 0.0181 0.0272 0.0158 
        D150 12 0.6691 0.1132 0.0556 0.0170 0.0249 0.0433 0.0769 
        D177 12 0.0198 0.0842 0.0274 0.0341 0.1331 0.3353 0.3661 
        D178 12 0.0274 0.0217 0.0920 0.6879 0.0258 0.0441 0.1012 
        D179 12 0.0792 0.0549 0.0597 0.4144 0.0550 0.2235 0.1132 
        D180 12 0.0803 0.0320 0.0370 0.6605 0.0307 0.0561 0.1034 
        D187 12 0.0494 0.0517 0.0232 0.0373 0.6881 0.0835 0.0668 
        D188 12 0.7641 0.0165 0.0249 0.0239 0.0208 0.1074 0.0424 
        D191 12 0.6755 0.0430 0.0283 0.0244 0.0995 0.0582 0.0710 
        D418 12 0.5974 0.0254 0.0516 0.0816 0.1088 0.0906 0.0445 
        D601 12 0.3440 0.0358 0.0264 0.2141 0.0339 0.2408 0.1051 
        D836 12 0.1379 0.0161 0.0744 0.0646 0.0826 0.5904 0.0340 
        D837 12 0.1425 0.0941 0.1685 0.2156 0.2204 0.0762 0.0826 
        D838 12 0.0242 0.1728 0.2044 0.0626 0.3964 0.0621 0.0774 
        D839 12 0.0263 0.0251 0.0351 0.0542 0.2857 0.1074 0.4661 
        D840 12 0.0555 0.1096 0.2136 0.1241 0.2907 0.0568 0.1497 
        D841 12 0.0557 0.0721 0.1323 0.0748 0.2605 0.3631 0.0414 
        D842 12 0.8964 0.0146 0.0205 0.0102 0.0177 0.0160 0.0245 
        D843 12 0.0705 0.1833 0.1103 0.1927 0.1945 0.1700 0.0786 
        D844 12 0.1136 0.0177 0.0370 0.0663 0.3830 0.2689 0.1136 
        D912 12 0.0202 0.0933 0.6261 0.1630 0.0437 0.0262 0.0274 
        D913 12 0.0177 0.0319 0.0187 0.0434 0.0855 0.0206 0.7822 
        D914 12 0.0271 0.4281 0.1004 0.0810 0.1587 0.0656 0.1391 
        D922 12 0.1173 0.1269 0.1033 0.1546 0.3708 0.0977 0.0293 
        D939 12 0.3951 0.1061 0.0904 0.0580 0.0450 0.2441 0.0613 
        D944 12 0.1746 0.0254 0.0150 0.0504 0.0594 0.0273 0.6478 
        D945 12 0.0627 0.0578 0.0878 0.1992 0.2319 0.2976 0.0630 
        D985 12 0.0969 0.0408 0.0719 0.2650 0.0255 0.2687 0.2313 
        D986 12 0.0211 0.0183 0.8201 0.0338 0.0382 0.0406 0.0280 
        D987 12 0.0303 0.3621 0.1183 0.0605 0.2511 0.0540 0.1237 
        D988 12 0.0187 0.1029 0.6582 0.0205 0.0333 0.0600 0.1064 
        D996 12 0.0264 0.2435 0.0296 0.1133 0.2874 0.0491 0.2507 
        D997 12 0.1144 0.2775 0.0881 0.1137 0.2323 0.1189 0.0551 
        D998 12 0.0437 0.0531 0.0336 0.1312 0.1952 0.1615 0.3817 
        D999 12 0.0389 0.0355 0.0493 0.0348 0.4558 0.0696 0.3161 
