        D174  1 0.4529 0.4242 0.1229 
        D199  1 0.3737 0.1184 0.5079 
        D203  1 0.1716 0.4384 0.3900 
        D204  1 0.0475 0.0594 0.8931 
     D237366  1 0.1094 0.6821 0.2086 
     D237367  1 0.0606 0.4028 0.5367 
     D237368  1 0.0991 0.6589 0.2420 
     D244101  1 0.0446 0.0229 0.9325 
     D244102  1 0.4508 0.3610 0.1882 
     D244103  1 0.0606 0.2496 0.6897 
     D244104  1 0.3143 0.1389 0.5468 
     D244105  1 0.0307 0.8638 0.1055 
     D244106  1 0.7883 0.1188 0.0930 
     D244107  1 0.0208 0.5758 0.4034 
     D244108  1 0.5081 0.3854 0.1065 
     D244113  1 0.8514 0.0927 0.0559 
     D244114  1 0.2957 0.2751 0.4292 
     D244115  1 0.5183 0.2763 0.2054 
     D267365  1 0.6383 0.1237 0.2380 
        D404  1 0.7901 0.1303 0.0796 
        D405  1 0.5346 0.2421 0.2233 
        D406  1 0.0279 0.9413 0.0307 
        D407  1 0.0243 0.0796 0.8961 
        D408  1 0.9258 0.0328 0.0414 
        D409  1 0.0888 0.1756 0.7355 
        D410  1 0.0260 0.9208 0.0533 
        D421  1 0.0391 0.0267 0.9342 
        D422  1 0.0205 0.9248 0.0547 
        D423  1 0.0163 0.8780 0.1057 
        D424  1 0.0278 0.1412 0.8310 
        D425  1 0.4384 0.1233 0.4383 
        D426  1 0.0722 0.1446 0.7832 
        D427  1 0.1596 0.0820 0.7584 
        D428  1 0.2136 0.2498 0.5367 
        D429  1 0.4611 0.1606 0.3783 
        D430  1 0.4801 0.1696 0.3503 
        D491  1 0.8547 0.0667 0.0787 
        D492  1 0.1928 0.2496 0.5576 
        D537  1 0.0476 0.1931 0.7593 
        D538  1 0.2432 0.5856 0.1711 
        D539  1 0.6659 0.2883 0.0457 
        D540  1 0.1703 0.2910 0.5386 
        D541  1 0.0313 0.0758 0.8929 
        D551  1 0.1494 0.2796 0.5710 
        D552  1 0.3355 0.4702 0.1943 
        D553  1 0.0621 0.0533 0.8846 
        D615  1 0.2808 0.4228 0.2965 
        D616  1 0.1631 0.3544 0.4825 
        D621  1 0.1174 0.8280 0.0546 
        D622  1 0.0450 0.8884 0.0666 
        D623  1 0.7171 0.0848 0.1981 
        D624  1 0.8157 0.0763 0.1080 
        D625  1 0.1605 0.2787 0.5608 
        D626  1 0.5539 0.3528 0.0933 
        D627  1 0.0791 0.1248 0.7961 
        D690  1 0.2099 0.3108 0.4793 
        D691  1 0.0343 0.9050 0.0607 
        D710  1 0.3105 0.1678 0.5216 
        D711  1 0.1323 0.2511 0.6165 
        D712  1 0.8866 0.0779 0.0355 
        D713  1 0.3819 0.3023 0.3159 
        D746  1 0.0212 0.9232 0.0556 
        D747  1 0.0625 0.0545 0.8829 
        D748  1 0.0615 0.6424 0.2961 
        D749  1 0.1000 0.7879 0.1121 
        D750  1 0.6058 0.2122 0.1820 
        D763  1 0.1621 0.1763 0.6616 
        D764  1 0.3242 0.3131 0.3626 
        D765  1 0.1051 0.8642 0.0307 
        D766  1 0.0615 0.7150 0.2235 
        D767  1 0.1606 0.5478 0.2916 
        D768  1 0.0278 0.0582 0.9140 
        D811  1 0.7671 0.1737 0.0593 
        D816  1 0.2301 0.1298 0.6400 
        D825  1 0.5200 0.3411 0.1388 
        D866  1 0.7642 0.1242 0.1115 
        D867  1 0.0284 0.9251 0.0465 
        D871  1 0.0821 0.1227 0.7952 
        D872  1 0.1329 0.5683 0.2988 
        D873  1 0.0135 0.9690 0.0175 
        D874  1 0.5156 0.0657 0.4187 
        D875  1 0.0419 0.3332 0.6249 
        D876  1 0.3286 0.3119 0.3596 
        D877  1 0.7254 0.0509 0.2237 
        D892  1 0.2552 0.5280 0.2167 
        D893  1 0.1194 0.3349 0.5457 
        D894  1 0.2228 0.1905 0.5867 
        D915  1 0.1175 0.4848 0.3977 
        D916  1 0.0725 0.1607 0.7668 
        D917  1 0.4836 0.0846 0.4318 
        D925  1 0.0782 0.8692 0.0526 
        D926  1 0.2291 0.1881 0.5828 
        D927  1 0.2889 0.1179 0.5932 
        D928  1 0.8635 0.0500 0.0864 
        D929  1 0.4436 0.3857 0.1707 
        D936  1 0.2346 0.0836 0.6818 
        D938  1 0.0242 0.9435 0.0323 
        D956  1 0.8484 0.1115 0.0402 
        D957  1 0.1067 0.6888 0.2045 
        D958  1 0.1790 0.5417 0.2793 
        D959  1 0.0155 0.0721 0.9124 
        D960  1 0.0266 0.9451 0.0283 
        D989  1 0.8357 0.0541 0.1102 
        D990  1 0.0505 0.9306 0.0189 
        D023  2 0.0282 0.6514 0.3204 
        D130  2 0.0179 0.9370 0.0451 
        D131  2 0.0930 0.1179 0.7891 
        D163  2 0.0312 0.9106 0.0582 
        D164  2 0.0198 0.7948 0.1853 
        D165  2 0.0351 0.7587 0.2062 
        D166  2 0.2528 0.5925 0.1547 
        D167  2 0.2741 0.2721 0.4538 
        D192  2 0.2294 0.3183 0.4522 
        D193  2 0.6394 0.2624 0.0982 
        D206  2 0.0700 0.2430 0.6870 
        D207  2 0.2035 0.1254 0.6711 
        D208  2 0.8416 0.1012 0.0572 
        D209  2 0.1336 0.3401 0.5264 
        D210  2 0.7096 0.1063 0.1840 
     D229599  2 0.4942 0.2039 0.3019 
     D229600  2 0.0391 0.8327 0.1282 
     D237227  2 0.7742 0.1502 0.0757 
     D237228  2 0.3926 0.5064 0.1010 
     D237258  2 0.4182 0.3399 0.2419 
     D237310  2 0.1068 0.8519 0.0413 
     D237311  2 0.0693 0.8593 0.0714 
     D237312  2 0.1648 0.7583 0.0769 
     D237313  2 0.3887 0.3750 0.2363 
     D237322  2 0.7747 0.1403 0.0850 
     D237323  2 0.2462 0.7229 0.0308 
     D237324  2 0.0442 0.5533 0.4024 
     D237325  2 0.1411 0.7657 0.0932 
     D237326  2 0.0667 0.7375 0.1957 
     D237327  2 0.3816 0.1799 0.4385 
     D237337  2 0.0786 0.8704 0.0510 
     D237338  2 0.2850 0.5739 0.1411 
     D237339  2 0.0701 0.0660 0.8639 
     D237340  2 0.3788 0.5381 0.0830 
     D237389  2 0.0478 0.8819 0.0703 
     D237390  2 0.2436 0.6470 0.1094 
     D244017  2 0.7959 0.1158 0.0883 
     D244112  2 0.1232 0.6592 0.2176 
     D244118  2 0.0703 0.8233 0.1064 
     D244119  2 0.8438 0.0614 0.0947 
     D244120  2 0.6978 0.2288 0.0734 
     D244122  2 0.3205 0.4215 0.2580 
        D291  2 0.5626 0.1753 0.2621 
        D292  2 0.6424 0.1156 0.2420 
        D293  2 0.0163 0.0104 0.9733 
        D322  2 0.0397 0.0654 0.8949 
        D323  2 0.2919 0.1237 0.5845 
        D324  2 0.3261 0.1839 0.4901 
        D325  2 0.0159 0.0188 0.9653 
        D326  2 0.0684 0.0293 0.9023 
        D340  2 0.0209 0.0387 0.9405 
        D341  2 0.0967 0.2242 0.6791 
        D342  2 0.0974 0.6588 0.2437 
        D343  2 0.0110 0.0123 0.9766 
        D344  2 0.1053 0.1935 0.7012 
        D345  2 0.1959 0.3990 0.4051 
        D346  2 0.7532 0.0745 0.1723 
        D351  2 0.0789 0.1481 0.7730 
        D352  2 0.3120 0.1617 0.5262 
        D353  2 0.0438 0.0361 0.9201 
        D354  2 0.3899 0.2356 0.3745 
        D362  2 0.1825 0.2222 0.5954 
        D363  2 0.2784 0.0916 0.6300 
        D364  2 0.1867 0.2387 0.5746 
        D365  2 0.0189 0.0135 0.9676 
        D369  2 0.3216 0.1704 0.5080 
        D374  2 0.8846 0.0797 0.0357 
        D375  2 0.1865 0.3169 0.4967 
        D376  2 0.8148 0.1358 0.0494 
        D377  2 0.3559 0.4552 0.1890 
        D378  2 0.0355 0.0608 0.9037 
        D379  2 0.0772 0.0999 0.8229 
        D384  2 0.0596 0.0380 0.9024 
        D385  2 0.0564 0.0460 0.8976 
        D386  2 0.0347 0.1133 0.8520 
        D391  2 0.0212 0.0247 0.9541 
        D392  2 0.0954 0.2459 0.6587 
        D393  2 0.0700 0.1150 0.8150 
        D394  2 0.1317 0.5978 0.2706 
        D395  2 0.0808 0.0630 0.8562 
        D401  2 0.0513 0.9005 0.0482 
        D402  2 0.0522 0.0660 0.8818 
        D403  2 0.0641 0.4012 0.5346 
        D415  2 0.0161 0.1060 0.8779 
        D435  2 0.0247 0.0730 0.9024 
        D436  2 0.1790 0.2103 0.6106 
        D438  2 0.0347 0.0568 0.9085 
        D439  2 0.0490 0.1751 0.7759 
        D449  2 0.0360 0.1593 0.8047 
        D450  2 0.6043 0.2008 0.1949 
        D456  2 0.0315 0.0522 0.9162 
        D462  2 0.0247 0.0269 0.9484 
        D463  2 0.0391 0.0353 0.9256 
        D464  2 0.0853 0.0394 0.8753 
        D465  2 0.0270 0.0601 0.9129 
        D473  2 0.6471 0.2650 0.0879 
        D474  2 0.3026 0.1443 0.5531 
        D476  2 0.0305 0.6742 0.2953 
        D477  2 0.4222 0.1271 0.4507 
        D478  2 0.3956 0.2882 0.3162 
        D480  2 0.2279 0.0481 0.7240 
        D481  2 0.3258 0.2096 0.4646 
        D482  2 0.7539 0.1773 0.0688 
        D483  2 0.2722 0.2739 0.4539 
        D484  2 0.4634 0.1856 0.3510 
        D510  2 0.9017 0.0613 0.0370 
        D511  2 0.0615 0.0922 0.8463 
        D512  2 0.0510 0.6533 0.2957 
        D513  2 0.0881 0.0850 0.8269 
        D635  2 0.0870 0.1966 0.7164 
        D636  2 0.0231 0.9414 0.0355 
        D637  2 0.3401 0.2068 0.4531 
        D658  2 0.4462 0.2788 0.2751 
        D659  2 0.0714 0.0992 0.8295 
        D677  2 0.1185 0.4853 0.3962 
        D678  2 0.2215 0.4364 0.3421 
        D679  2 0.1607 0.0860 0.7532 
        D719  2 0.6051 0.0275 0.3674 
        D720  2 0.1842 0.1092 0.7065 
        D721  2 0.0519 0.5441 0.4040 
        D722  2 0.7951 0.1211 0.0838 
        D734  2 0.7613 0.0313 0.2074 
        D735  2 0.1972 0.1946 0.6081 
        D736  2 0.7029 0.1009 0.1962 
        D737  2 0.4573 0.4118 0.1309 
        D807  2 0.6112 0.1746 0.2143 
        D808  2 0.1140 0.5665 0.3195 
        D817  2 0.4013 0.1277 0.4711 
        D818  2 0.0588 0.1296 0.8115 
        D819  2 0.2350 0.2862 0.4788 
        D820  2 0.0542 0.0306 0.9152 
        D895  2 0.0784 0.2870 0.6346 
        D896  2 0.0343 0.9375 0.0283 
        D897  2 0.1885 0.3551 0.4564 
        D898  2 0.6253 0.2191 0.1556 
        D918  2 0.1239 0.5817 0.2944 
        D919  2 0.0593 0.0730 0.8677 
        D920  2 0.0282 0.9462 0.0256 
        D923  2 0.0649 0.0596 0.8756 
        D930  2 0.2915 0.1679 0.5406 
        D931  2 0.2341 0.1066 0.6593 
        D968  2 0.0310 0.0318 0.9372 
        D969  2 0.2198 0.0647 0.7155 
        D977  2 0.0499 0.0886 0.8615 
        D978  2 0.4445 0.1475 0.4080 
        D211  3 0.0647 0.7926 0.1427 
     D229639  3 0.8406 0.0789 0.0805 
     D237212  3 0.2731 0.2605 0.4664 
     D237213  3 0.1027 0.5691 0.3282 
     D237214  3 0.0610 0.6722 0.2668 
     D237215  3 0.8767 0.0609 0.0624 
     D237216  3 0.1188 0.3167 0.5645 
     D237217  3 0.0260 0.7308 0.2432 
     D237218  3 0.2608 0.2378 0.5013 
     D237219  3 0.3650 0.5964 0.0386 
     D237382  3 0.2341 0.4790 0.2869 
     D244127  3 0.0512 0.8536 0.0952 
     D244129  3 0.1765 0.4015 0.4220 
     D244133  3 0.5301 0.2714 0.1985 
     D244134  3 0.7527 0.1711 0.0763 
     D244135  3 0.0303 0.7817 0.1880 
     D244136  3 0.5327 0.1423 0.3251 
        D416  3 0.1273 0.3520 0.5207 
        D417  3 0.0427 0.2531 0.7041 
        D419  3 0.3019 0.5013 0.1968 
        D565  3 0.9127 0.0440 0.0434 
        D566  3 0.8661 0.0478 0.0861 
        D567  3 0.0795 0.3560 0.5645 
        D568  3 0.0615 0.4947 0.4438 
        D569  3 0.1375 0.2852 0.5774 
        D573  3 0.0849 0.0349 0.8802 
        D574  3 0.7731 0.1458 0.0811 
        D575  3 0.4323 0.3393 0.2284 
        D576  3 0.7065 0.1726 0.1209 
        D577  3 0.1930 0.2620 0.5450 
        D578  3 0.0231 0.9171 0.0598 
        D579  3 0.4493 0.1702 0.3805 
        D660  3 0.2113 0.4766 0.3121 
        D661  3 0.4053 0.2521 0.3425 
        D663  3 0.3839 0.0662 0.5499 
        D664  3 0.2398 0.6916 0.0686 
        D665  3 0.0922 0.7012 0.2066 
        D666  3 0.4239 0.4492 0.1268 
        D009  4 0.0878 0.6541 0.2581 
        D057  4 0.1658 0.4956 0.3386 
        D109  4 0.1030 0.7951 0.1019 
     D237222  4 0.0789 0.8806 0.0405 
     D237223  4 0.1166 0.7291 0.1542 
     D237224  4 0.3661 0.1190 0.5149 
     D237225  4 0.1017 0.5462 0.3521 
     D237299  4 0.1146 0.6701 0.2153 
     D237300  4 0.8982 0.0627 0.0391 
     D237306  4 0.4858 0.3258 0.1884 
     D237307  4 0.4446 0.1649 0.3905 
     D237308  4 0.2436 0.3537 0.4027 
     D237309  4 0.1010 0.4611 0.4379 
     D237317  4 0.6550 0.1001 0.2448 
     D237318  4 0.8158 0.0356 0.1487 
     D237319  4 0.1654 0.6647 0.1699 
     D237320  4 0.1343 0.6220 0.2437 
     D237321  4 0.8007 0.1081 0.0912 
     D237397  4 0.3412 0.4552 0.2035 
     D237398  4 0.2676 0.1037 0.6287 
     D237399  4 0.5946 0.2382 0.1672 
     D244001  4 0.0436 0.8682 0.0882 
        D289  4 0.4252 0.1460 0.4288 
        D290  4 0.5304 0.2428 0.2268 
        D294  4 0.2805 0.1912 0.5282 
        D295  4 0.2127 0.5169 0.2704 
        D301  4 0.0739 0.9001 0.0260 
        D302  4 0.0939 0.1419 0.7643 
        D303  4 0.7385 0.1677 0.0939 
        D304  4 0.8078 0.0734 0.1189 
        D305  4 0.0564 0.3717 0.5719 
        D306  4 0.6084 0.1701 0.2215 
        D307  4 0.0567 0.9177 0.0255 
        D327  4 0.2101 0.0961 0.6938 
        D328  4 0.6697 0.2053 0.1250 
        D329  4 0.2325 0.4532 0.3143 
        D330  4 0.0302 0.4147 0.5551 
        D331  4 0.5434 0.2985 0.1581 
        D333  4 0.4217 0.3793 0.1990 
        D334  4 0.6590 0.1957 0.1453 
        D335  4 0.1231 0.0816 0.7953 
        D370  4 0.4894 0.4095 0.1012 
        D371  4 0.7441 0.0534 0.2025 
        D372  4 0.9206 0.0429 0.0365 
        D373  4 0.0624 0.8510 0.0866 
        D455  4 0.0426 0.9125 0.0449 
        D490  4 0.0208 0.9571 0.0221 
        D497  4 0.0392 0.9240 0.0368 
        D498  4 0.6171 0.2770 0.1059 
        D499  4 0.6040 0.1267 0.2693 
        D514  4 0.1438 0.1546 0.7016 
        D515  4 0.0545 0.8371 0.1085 
        D516  4 0.1912 0.5503 0.2585 
        D517  4 0.0431 0.8927 0.0641 
        D518  4 0.2066 0.4914 0.3020 
        D519  4 0.0384 0.8137 0.1478 
        D560  4 0.0537 0.7523 0.1941 
        D561  4 0.0220 0.1612 0.8169 
        D562  4 0.3519 0.3586 0.2895 
        D563  4 0.0814 0.1664 0.7522 
        D572  4 0.1556 0.2441 0.6003 
        D629  4 0.1496 0.3041 0.5462 
        D630  4 0.3561 0.3904 0.2535 
        D631  4 0.3474 0.1739 0.4787 
        D632  4 0.0461 0.7421 0.2118 
        D646  4 0.0370 0.5068 0.4562 
        D647  4 0.0406 0.4373 0.5221 
        D648  4 0.6292 0.2519 0.1189 
        D649  4 0.0787 0.4759 0.4454 
        D650  4 0.3562 0.3037 0.3400 
        D708  4 0.7223 0.1581 0.1195 
        D709  4 0.6269 0.2561 0.1169 
        D738  4 0.3874 0.4646 0.1479 
        D739  4 0.1853 0.6611 0.1536 
        D740  4 0.5082 0.3445 0.1473 
        D741  4 0.0246 0.2197 0.7557 
        D742  4 0.4240 0.1439 0.4322 
        D743  4 0.1246 0.0678 0.8076 
        D744  4 0.0691 0.0863 0.8445 
        D745  4 0.0461 0.8648 0.0890 
        D814  4 0.0788 0.3308 0.5905 
        D815  4 0.3317 0.2359 0.4325 
        D828  4 0.8055 0.1572 0.0373 
        D845  4 0.8023 0.0270 0.1707 
        D846  4 0.0467 0.1868 0.7664 
        D847  4 0.3736 0.3384 0.2880 
        D848  4 0.0897 0.7741 0.1362 
        D849  4 0.0347 0.8822 0.0831 
        D850  4 0.1552 0.2023 0.6425 
        D856  4 0.1807 0.5913 0.2280 
        D857  4 0.0391 0.9419 0.0190 
        D859  4 0.3831 0.1974 0.4195 
        D860  4 0.6743 0.0683 0.2575 
        D883  4 0.3351 0.4294 0.2355 
        D884  4 0.1481 0.7013 0.1506 
        D885  4 0.0880 0.1296 0.7825 
        D886  4 0.0936 0.6757 0.2308 
        D887  4 0.4441 0.1980 0.3578 
        D889  4 0.8627 0.0473 0.0900 
        D890  4 0.5242 0.3014 0.1744 
        D891  4 0.8708 0.0224 0.1068 
        D899  4 0.7253 0.0603 0.2144 
        D900  4 0.2695 0.2029 0.5276 
        D970  4 0.3123 0.2099 0.4778 
        D971  4 0.0566 0.1233 0.8201 
        D979  4 0.1252 0.0454 0.8294 
        D093  5 0.8188 0.1157 0.0655 
        D154  5 0.3204 0.1537 0.5259 
        D168  5 0.1273 0.4252 0.4475 
        D189  5 0.8323 0.0770 0.0907 
        D190  5 0.8765 0.0506 0.0729 
     D237220  5 0.3463 0.5345 0.1191 
     D237221  5 0.7117 0.1069 0.1814 
     D237274  5 0.0545 0.0876 0.8579 
     D237275  5 0.3477 0.2582 0.3941 
     D237276  5 0.2500 0.6186 0.1314 
     D237277  5 0.8809 0.0565 0.0626 
     D237278  5 0.4319 0.2805 0.2876 
     D237279  5 0.0469 0.4743 0.4788 
     D237280  5 0.1660 0.7088 0.1252 
     D237281  5 0.1328 0.0679 0.7993 
     D237351  5 0.1362 0.8041 0.0598 
     D237352  5 0.0844 0.5433 0.3723 
     D237353  5 0.9420 0.0297 0.0284 
     D237359  5 0.3775 0.4133 0.2093 
     D237361  5 0.9358 0.0385 0.0258 
     D237362  5 0.4387 0.1681 0.3932 
     D237363  5 0.1717 0.2182 0.6101 
     D237364  5 0.1020 0.3046 0.5934 
     D237376  5 0.8768 0.0768 0.0465 
     D237377  5 0.1299 0.3049 0.5652 
     D237378  5 0.8511 0.1017 0.0472 
     D237379  5 0.7520 0.1238 0.1242 
     D237380  5 0.0895 0.8698 0.0407 
     D237381  5 0.1255 0.7372 0.1372 
     D237391  5 0.8620 0.0754 0.0626 
     D237392  5 0.0751 0.1232 0.8017 
     D237393  5 0.4154 0.2348 0.3498 
     D237394  5 0.8813 0.0587 0.0600 
     D237395  5 0.5986 0.3185 0.0829 
     D237396  5 0.1162 0.0909 0.7929 
     D244016  5 0.6382 0.0578 0.3040 
     D244018  5 0.2840 0.1728 0.5431 
     D244019  5 0.2787 0.0992 0.6221 
        D279  5 0.3998 0.2090 0.3912 
        D280  5 0.7572 0.0914 0.1513 
        D281  5 0.5478 0.0527 0.3995 
        D283  5 0.7319 0.0524 0.2157 
        D284  5 0.1122 0.6900 0.1978 
        D285  5 0.8432 0.0782 0.0787 
        D286  5 0.5628 0.2613 0.1759 
        D287  5 0.7702 0.1985 0.0313 
        D288  5 0.7353 0.0640 0.2007 
        D308  5 0.0347 0.8923 0.0729 
        D309  5 0.0382 0.0786 0.8832 
        D310  5 0.9301 0.0280 0.0420 
        D311  5 0.5136 0.1521 0.3342 
        D312  5 0.6490 0.1617 0.1893 
        D313  5 0.0163 0.9677 0.0160 
        D314  5 0.3680 0.4534 0.1786 
        D315  5 0.6015 0.2125 0.1861 
        D317  5 0.8928 0.0554 0.0518 
        D318  5 0.2437 0.1785 0.5778 
        D319  5 0.8642 0.0907 0.0451 
        D320  5 0.8895 0.0626 0.0479 
        D321  5 0.1823 0.7287 0.0890 
        D336  5 0.8542 0.0623 0.0835 
        D337  5 0.9427 0.0200 0.0373 
        D338  5 0.3553 0.3239 0.3208 
        D339  5 0.7810 0.1615 0.0575 
        D347  5 0.5124 0.1034 0.3842 
        D348  5 0.8789 0.0405 0.0806 
        D349  5 0.0735 0.8963 0.0302 
        D350  5 0.0653 0.1057 0.8290 
        D355  5 0.0771 0.0305 0.8924 
        D356  5 0.6512 0.2036 0.1452 
        D357  5 0.6384 0.2135 0.1481 
        D358  5 0.5598 0.1577 0.2825 
        D359  5 0.5957 0.0747 0.3296 
        D360  5 0.7309 0.1712 0.0979 
        D361  5 0.0341 0.9421 0.0238 
        D366  5 0.0231 0.0285 0.9484 
        D367  5 0.7774 0.1701 0.0525 
        D368  5 0.4694 0.3558 0.1748 
        D380  5 0.0805 0.1299 0.7895 
        D381  5 0.7240 0.0748 0.2012 
        D400  5 0.7060 0.1425 0.1516 
        D411  5 0.0210 0.9414 0.0376 
        D412  5 0.3746 0.3637 0.2617 
        D413  5 0.0520 0.0948 0.8532 
        D414  5 0.2154 0.1596 0.6250 
        D420  5 0.5542 0.2963 0.1495 
        D431  5 0.6975 0.2651 0.0374 
        D432  5 0.6509 0.2480 0.1011 
        D433  5 0.8706 0.0624 0.0670 
        D434  5 0.7144 0.1510 0.1346 
        D440  5 0.0492 0.1289 0.8219 
        D447  5 0.0401 0.1566 0.8033 
        D448  5 0.8798 0.0459 0.0743 
        D459  5 0.1722 0.0216 0.8062 
        D460  5 0.0581 0.8375 0.1044 
        D461  5 0.0692 0.0539 0.8769 
        D468  5 0.3601 0.1649 0.4750 
        D469  5 0.2699 0.3002 0.4298 
        D470  5 0.1522 0.7014 0.1465 
        D471  5 0.8593 0.0331 0.1076 
        D472  5 0.0328 0.0308 0.9364 
        D479  5 0.0851 0.1983 0.7166 
        D485  5 0.5545 0.2808 0.1648 
        D486  5 0.2400 0.3481 0.4119 
        D487  5 0.8382 0.0995 0.0623 
        D555  5 0.9052 0.0348 0.0600 
        D556  5 0.8171 0.1199 0.0631 
        D557  5 0.9230 0.0318 0.0452 
        D564  5 0.6702 0.2151 0.1148 
        D594  5 0.1959 0.1078 0.6963 
        D595  5 0.6102 0.1343 0.2555 
        D596  5 0.9497 0.0241 0.0261 
        D597  5 0.5635 0.0760 0.3605 
        D598  5 0.5150 0.3237 0.1613 
        D617  5 0.0378 0.8559 0.1063 
        D618  5 0.7474 0.1274 0.1252 
        D619  5 0.2277 0.3871 0.3852 
        D620  5 0.0584 0.0737 0.8679 
        D628  5 0.2763 0.4697 0.2540 
        D714  5 0.9004 0.0389 0.0607 
        D715  5 0.8023 0.0610 0.1367 
        D716  5 0.5444 0.1065 0.3490 
        D717  5 0.3821 0.2069 0.4109 
        D718  5 0.3558 0.5726 0.0716 
        D769  5 0.0404 0.8959 0.0637 
        D770  5 0.4940 0.1173 0.3887 
        D771  5 0.4789 0.2939 0.2272 
        D772  5 0.7440 0.1193 0.1366 
        D782  5 0.0916 0.2397 0.6688 
        D783  5 0.3577 0.1135 0.5289 
        D784  5 0.2233 0.0915 0.6852 
        D785  5 0.8002 0.1342 0.0656 
        D786  5 0.0429 0.6721 0.2850 
        D821  5 0.9504 0.0220 0.0275 
        D822  5 0.2469 0.0958 0.6573 
        D826  5 0.7723 0.0709 0.1568 
        D827  5 0.0453 0.0771 0.8776 
        D851  5 0.3473 0.2090 0.4438 
        D852  5 0.7152 0.1924 0.0923 
        D853  5 0.7114 0.1772 0.1114 
        D854  5 0.1981 0.2638 0.5381 
        D861  5 0.4706 0.2314 0.2980 
        D862  5 0.4963 0.1015 0.4022 
        D865  5 0.8635 0.0914 0.0450 
        D868  5 0.2387 0.2522 0.5091 
        D869  5 0.0365 0.8917 0.0718 
        D870  5 0.0345 0.1443 0.8212 
        D907  5 0.7725 0.1757 0.0518 
        D908  5 0.8432 0.1116 0.0451 
        D910  5 0.7980 0.0580 0.1439 
        D911  5 0.1430 0.0270 0.8300 
        D934  5 0.5967 0.1046 0.2987 
        D946  5 0.6057 0.3150 0.0793 
        D947  5 0.4407 0.2491 0.3102 
        D948  5 0.0948 0.8682 0.0370 
        D949  5 0.0694 0.8882 0.0424 
        D950  5 0.1587 0.0266 0.8147 
        D951  5 0.0895 0.0664 0.8442 
        D952  5 0.3980 0.1445 0.4575 
        D953  5 0.8775 0.0801 0.0424 
        D954  5 0.4882 0.0819 0.4300 
        D961  5 0.5778 0.3321 0.0901 
        D962  5 0.8822 0.0594 0.0584 
        D963  5 0.5479 0.0907 0.3614 
        D964  5 0.4981 0.3462 0.1557 
        D965  5 0.3310 0.3007 0.3684 
        D966  5 0.6629 0.0878 0.2493 
        D967  5 0.6807 0.2127 0.1066 
        D991  5 0.3111 0.5369 0.1519 
        D502  6 0.0888 0.4390 0.4722 
        D503  6 0.2113 0.6821 0.1067 
        D504  6 0.2343 0.1407 0.6250 
        D505  6 0.4934 0.1650 0.3416 
        D506  6 0.8834 0.0583 0.0583 
        D507  6 0.3201 0.3089 0.3710 
        D508  6 0.3823 0.1432 0.4745 
        D529  6 0.4392 0.3244 0.2364 
        D530  6 0.5329 0.3682 0.0989 
        D531  6 0.3297 0.2126 0.4577 
        D532  6 0.4193 0.0915 0.4892 
        D534  6 0.0448 0.8101 0.1451 
        D535  6 0.5509 0.1541 0.2950 
        D536  6 0.0584 0.3259 0.6157 
        D554  6 0.5511 0.2907 0.1582 
        D587  6 0.7673 0.1003 0.1324 
        D588  6 0.3592 0.0684 0.5724 
        D589  6 0.5649 0.2095 0.2257 
        D590  6 0.0604 0.1240 0.8156 
        D591  6 0.6553 0.1362 0.2085 
        D592  6 0.1064 0.8129 0.0808 
        D593  6 0.6624 0.2566 0.0810 
        D682  6 0.8436 0.0963 0.0601 
        D683  6 0.4492 0.1693 0.3814 
        D684  6 0.0607 0.5000 0.4393 
        D685  6 0.6547 0.1717 0.1736 
        D686  6 0.6377 0.1276 0.2348 
        D724  6 0.1796 0.3599 0.4606 
        D725  6 0.5564 0.1968 0.2468 
        D726  6 0.8618 0.0825 0.0557 
        D727  6 0.0786 0.0693 0.8521 
        D728  6 0.7063 0.1469 0.1468 
        D729  6 0.0225 0.2000 0.7775 
        D730  6 0.1825 0.5732 0.2443 
        D731  6 0.9383 0.0306 0.0311 
        D732  6 0.2334 0.1761 0.5905 
        D733  6 0.3968 0.4387 0.1645 
     D237251  7 0.7114 0.1978 0.0908 
     D237252  7 0.0924 0.7722 0.1354 
     D237253  7 0.7088 0.1070 0.1842 
     D237254  7 0.0366 0.8461 0.1173 
     D237255  7 0.7638 0.0869 0.1492 
     D237256  7 0.2252 0.0903 0.6845 
     D237257  7 0.1043 0.5359 0.3599 
     D237282  7 0.0338 0.1801 0.7861 
     D237283  7 0.0321 0.9435 0.0243 
     D237284  7 0.0308 0.9028 0.0665 
     D237285  7 0.5570 0.2280 0.2150 
     D237286  7 0.3956 0.1055 0.4989 
     D237287  7 0.1393 0.1240 0.7367 
     D244006  7 0.0210 0.8959 0.0831 
     D244007  7 0.0488 0.0706 0.8805 
     D244008  7 0.0658 0.9029 0.0313 
     D244009  7 0.1127 0.8136 0.0737 
     D244010  7 0.1990 0.5811 0.2199 
     D244011  7 0.6506 0.2384 0.1110 
     D244012  7 0.1538 0.3739 0.4723 
     D244013  7 0.6542 0.1667 0.1792 
     D244014  7 0.2814 0.5026 0.2160 
     D244015  7 0.0344 0.4750 0.4906 
     D244125  7 0.7138 0.0763 0.2099 
     D244126  7 0.0184 0.9581 0.0235 
     D244130  7 0.2015 0.5442 0.2543 
     D244131  7 0.4433 0.2358 0.3210 
     D244132  7 0.6064 0.1646 0.2290 
        D520  7 0.4458 0.3844 0.1698 
        D521  7 0.1896 0.4895 0.3209 
        D522  7 0.0926 0.6766 0.2308 
        D523  7 0.7334 0.1067 0.1599 
        D524  7 0.6025 0.2617 0.1358 
        D525  7 0.1981 0.7040 0.0979 
        D526  7 0.0224 0.8713 0.1063 
        D527  7 0.4024 0.3089 0.2887 
        D528  7 0.0143 0.1505 0.8352 
        D558  7 0.0628 0.2970 0.6401 
        D559  7 0.0721 0.2790 0.6490 
        D640  7 0.6966 0.1492 0.1542 
        D641  7 0.7299 0.2199 0.0502 
        D642  7 0.1148 0.7061 0.1791 
        D644  7 0.4546 0.4288 0.1166 
        D645  7 0.3560 0.4174 0.2265 
        D662  7 0.1131 0.7308 0.1561 
        D687  7 0.5380 0.2166 0.2454 
        D688  7 0.0726 0.3401 0.5873 
        D689  7 0.6851 0.1644 0.1505 
        D700  7 0.0167 0.1064 0.8769 
        D797  7 0.5917 0.2152 0.1931 
        D798  7 0.0585 0.7951 0.1464 
        D799  7 0.4523 0.3998 0.1479 
        D800  7 0.0887 0.2529 0.6584 
        D132  8 0.0294 0.9114 0.0592 
        D133  8 0.0610 0.4640 0.4750 
        D200  8 0.6634 0.2079 0.1287 
        D500  8 0.0225 0.9511 0.0264 
        D614  8 0.6548 0.2714 0.0738 
        D723  8 0.0766 0.3737 0.5497 
        D888  8 0.8718 0.0570 0.0712 
        D901  8 0.1325 0.8110 0.0566 
        D902  8 0.7240 0.1651 0.1108 
        D903  8 0.2048 0.0504 0.7447 
        D904  8 0.2008 0.3370 0.4622 
        D905  8 0.9590 0.0167 0.0243 
        D906  8 0.1226 0.1780 0.6994 
        D937  8 0.9035 0.0712 0.0252 
        D943  8 0.1391 0.5466 0.3143 
        D972  8 0.0564 0.6487 0.2949 
        D973  8 0.0737 0.4303 0.4960 
        D974  8 0.3803 0.3500 0.2697 
        D975  8 0.6360 0.2268 0.1371 
        D976  8 0.4834 0.3298 0.1869 
        D201  9 0.2634 0.3666 0.3700 
        D202  9 0.5150 0.3557 0.1293 
     D237259  9 0.0251 0.0655 0.9095 
     D237260  9 0.2432 0.6101 0.1468 
     D237262  9 0.0416 0.9323 0.0261 
     D237263  9 0.1454 0.6990 0.1556 
     D237264  9 0.2356 0.4986 0.2658 
     D237265  9 0.7724 0.1487 0.0788 
     D237266  9 0.0742 0.4507 0.4751 
     D237267  9 0.4918 0.2566 0.2516 
     D237268  9 0.1469 0.7208 0.1322 
     D237289  9 0.6126 0.2578 0.1296 
     D237290  9 0.5511 0.2399 0.2091 
     D237291  9 0.3658 0.2680 0.3662 
     D237292  9 0.0809 0.5337 0.3854 
     D237293  9 0.2954 0.5655 0.1391 
     D237294  9 0.1140 0.8609 0.0251 
     D237295  9 0.3979 0.3605 0.2417 
     D237296  9 0.4362 0.4430 0.1208 
     D237297  9 0.7266 0.1460 0.1274 
     D237298  9 0.1949 0.4249 0.3802 
     D237341  9 0.3821 0.2564 0.3615 
     D237342  9 0.0830 0.8566 0.0605 
     D237343  9 0.0910 0.6963 0.2127 
     D237344  9 0.6477 0.1988 0.1535 
     D237345  9 0.0213 0.9399 0.0387 
     D237346  9 0.5437 0.3448 0.1115 
     D237347  9 0.8334 0.0674 0.0993 
     D237348  9 0.2848 0.4949 0.2203 
     D237349  9 0.0228 0.1380 0.8393 
     D244109  9 0.0357 0.2512 0.7130 
     D244110  9 0.1892 0.3059 0.5049 
     D244111  9 0.2778 0.2841 0.4380 
     D244128  9 0.0287 0.9433 0.0280 
     D244137  9 0.0680 0.1602 0.7719 
     D244138  9 0.5611 0.2480 0.1909 
        D580  9 0.0585 0.6816 0.2599 
        D581  9 0.3440 0.3960 0.2601 
        D582  9 0.0343 0.9339 0.0318 
        D583  9 0.1660 0.6200 0.2140 
        D584  9 0.4263 0.4575 0.1162 
        D585  9 0.1247 0.7656 0.1097 
        D586  9 0.9274 0.0346 0.0379 
        D651  9 0.2771 0.1813 0.5416 
        D652  9 0.0328 0.4415 0.5257 
        D653  9 0.1847 0.0589 0.7564 
        D654  9 0.0317 0.2187 0.7496 
        D655  9 0.7739 0.0924 0.1337 
        D656  9 0.0363 0.8172 0.1465 
        D657  9 0.1566 0.5344 0.3090 
        D667  9 0.8306 0.1005 0.0689 
        D668  9 0.3131 0.5836 0.1032 
        D669  9 0.4698 0.3003 0.2299 
        D670  9 0.0448 0.0760 0.8791 
        D671  9 0.2530 0.3031 0.4438 
        D672  9 0.0505 0.8903 0.0593 
        D673  9 0.4759 0.4148 0.1093 
        D692  9 0.0387 0.6749 0.2863 
        D693  9 0.4264 0.3648 0.2087 
        D694  9 0.0629 0.8953 0.0417 
        D695  9 0.2041 0.6155 0.1804 
        D696  9 0.9449 0.0257 0.0294 
        D697  9 0.6431 0.1608 0.1961 
        D698  9 0.5334 0.2284 0.2382 
        D699  9 0.7066 0.2342 0.0592 
        D787  9 0.0829 0.3519 0.5652 
        D788  9 0.5757 0.2998 0.1246 
        D789  9 0.2880 0.5854 0.1266 
        D790  9 0.1997 0.3333 0.4670 
        D791  9 0.7129 0.2031 0.0839 
        D792  9 0.0818 0.2636 0.6545 
        D793  9 0.7486 0.0850 0.1664 
        D794  9 0.3432 0.1810 0.4758 
        D795  9 0.1314 0.8383 0.0303 
        D796  9 0.6286 0.2405 0.1309 
        D142 10 0.5898 0.1241 0.2862 
        D143 10 0.0965 0.2362 0.6673 
        D144 10 0.3669 0.3751 0.2579 
        D145 10 0.7105 0.1301 0.1593 
        D146 10 0.0696 0.7725 0.1579 
        D147 10 0.0745 0.4332 0.4923 
        D148 10 0.1031 0.1070 0.7899 
        D149 10 0.1585 0.3168 0.5247 
        D151 10 0.1789 0.1931 0.6279 
        D152 10 0.2234 0.2862 0.4905 
        D153 10 0.3686 0.2678 0.3636 
        D156 10 0.0967 0.1150 0.7883 
        D157 10 0.5537 0.3757 0.0706 
        D158 10 0.6315 0.3071 0.0615 
        D159 10 0.0633 0.0988 0.8379 
        D160 10 0.9523 0.0257 0.0219 
        D161 10 0.2793 0.2191 0.5016 
        D162 10 0.3219 0.0968 0.5813 
        D169 10 0.0545 0.8145 0.1311 
        D170 10 0.0713 0.8670 0.0616 
        D171 10 0.3693 0.3464 0.2843 
        D172 10 0.1974 0.4223 0.3802 
        D173 10 0.0202 0.0465 0.9333 
        D181 10 0.7027 0.1050 0.1923 
        D182 10 0.1597 0.3995 0.4408 
        D183 10 0.8325 0.1156 0.0518 
        D184 10 0.0156 0.9459 0.0385 
        D185 10 0.1887 0.2671 0.5442 
        D186 10 0.0359 0.9380 0.0261 
        D194 10 0.0794 0.7731 0.1475 
        D195 10 0.6398 0.1123 0.2479 
        D196 10 0.4404 0.0551 0.5045 
        D197 10 0.0480 0.9111 0.0409 
        D198 10 0.2636 0.2699 0.4664 
     D237226 10 0.3897 0.2605 0.3498 
     D237232 10 0.7599 0.1404 0.0997 
     D237233 10 0.5662 0.3110 0.1228 
     D237234 10 0.6710 0.2102 0.1188 
     D237354 10 0.8293 0.0378 0.1330 
     D237355 10 0.8635 0.0395 0.0969 
     D237356 10 0.3974 0.2766 0.3260 
     D237357 10 0.1009 0.3850 0.5142 
     D237358 10 0.0387 0.2670 0.6943 
     D237369 10 0.0155 0.8693 0.1152 
     D237370 10 0.7339 0.1393 0.1268 
     D237371 10 0.1950 0.3560 0.4490 
     D237372 10 0.0519 0.5010 0.4471 
     D237373 10 0.7906 0.1133 0.0961 
     D237374 10 0.9522 0.0165 0.0313 
     D237375 10 0.1193 0.1744 0.7062 
     D237400 10 0.3390 0.3130 0.3480 
     D244002 10 0.0299 0.3447 0.6254 
     D244003 10 0.9261 0.0579 0.0160 
     D244004 10 0.9401 0.0412 0.0187 
     D244005 10 0.4422 0.3316 0.2263 
     D244020 10 0.5490 0.1581 0.2929 
     D244021 10 0.0827 0.6909 0.2264 
     D244116 10 0.0967 0.7330 0.1703 
     D244117 10 0.8384 0.0898 0.0718 
     D244121 10 0.6884 0.2574 0.0542 
     D244123 10 0.7632 0.1427 0.0941 
     D244124 10 0.1386 0.7497 0.1117 
        D332 10 0.1139 0.1162 0.7699 
        D570 10 0.8084 0.1007 0.0910 
        D602 10 0.0369 0.0537 0.9094 
        D603 10 0.4183 0.4047 0.1771 
        D604 10 0.1400 0.0428 0.8172 
        D605 10 0.2727 0.3141 0.4132 
        D606 10 0.1366 0.8041 0.0593 
        D607 10 0.0268 0.0457 0.9275 
        D608 10 0.0223 0.0463 0.9314 
        D609 10 0.7193 0.1652 0.1155 
        D610 10 0.5984 0.0757 0.3259 
        D611 10 0.9490 0.0249 0.0262 
        D613 10 0.4250 0.1074 0.4676 
        D633 10 0.0849 0.2260 0.6892 
        D634 10 0.5235 0.2508 0.2257 
        D638 10 0.5377 0.2347 0.2276 
        D681 10 0.2676 0.6082 0.1242 
        D754 10 0.2292 0.7383 0.0326 
        D755 10 0.8494 0.1182 0.0324 
        D756 10 0.6052 0.3253 0.0695 
        D757 10 0.3607 0.3761 0.2633 
        D758 10 0.3352 0.4588 0.2061 
        D759 10 0.8188 0.0730 0.1083 
        D760 10 0.5987 0.1169 0.2844 
        D761 10 0.9324 0.0356 0.0320 
        D762 10 0.0945 0.0765 0.8289 
        D775 10 0.8841 0.0814 0.0345 
        D776 10 0.8078 0.0643 0.1280 
        D777 10 0.8222 0.1156 0.0622 
        D778 10 0.3974 0.4053 0.1973 
        D779 10 0.3885 0.5287 0.0827 
        D780 10 0.6022 0.1779 0.2198 
        D781 10 0.0837 0.1233 0.7929 
        D858 10 0.0219 0.9502 0.0278 
        D933 10 0.4284 0.0571 0.5145 
        D038 11 0.5935 0.2381 0.1684 
        D063 11 0.7298 0.1838 0.0864 
        D155 11 0.7965 0.0678 0.1356 
        D175 11 0.4053 0.5120 0.0827 
        D176 11 0.4155 0.3787 0.2057 
        D205 11 0.4984 0.4424 0.0592 
     D237229 11 0.0560 0.3066 0.6374 
     D237230 11 0.0235 0.1146 0.8619 
     D237231 11 0.0634 0.0859 0.8507 
     D237269 11 0.2825 0.2087 0.5088 
     D237270 11 0.0418 0.8683 0.0899 
     D237271 11 0.5617 0.3014 0.1369 
     D237272 11 0.0381 0.3133 0.6487 
     D237273 11 0.7939 0.1327 0.0735 
     D237301 11 0.2211 0.1054 0.6735 
     D237302 11 0.1154 0.7239 0.1607 
     D237303 11 0.0265 0.6229 0.3506 
     D237304 11 0.2390 0.4339 0.3271 
     D237305 11 0.0864 0.8713 0.0424 
     D237314 11 0.6978 0.2114 0.0908 
     D237315 11 0.0601 0.8049 0.1349 
     D237316 11 0.1512 0.1158 0.7330 
     D237328 11 0.1638 0.3859 0.4503 
     D237329 11 0.2746 0.4118 0.3135 
     D237330 11 0.8528 0.0943 0.0528 
     D237331 11 0.7832 0.0734 0.1434 
     D237332 11 0.3570 0.3560 0.2870 
     D237333 11 0.8840 0.0345 0.0816 
     D237334 11 0.1527 0.0928 0.7545 
     D237335 11 0.3248 0.4615 0.2137 
     D237336 11 0.7568 0.1546 0.0886 
     D237350 11 0.6319 0.1291 0.2390 
     D237383 11 0.4085 0.5062 0.0854 
     D237384 11 0.2284 0.4175 0.3541 
     D237385 11 0.2845 0.4013 0.3142 
     D237386 11 0.2068 0.1204 0.6728 
     D237387 11 0.1254 0.4928 0.3818 
     D237388 11 0.7135 0.0964 0.1902 
        D239 11 0.7552 0.0947 0.1501 
        D240 11 0.5339 0.2722 0.1940 
        D241 11 0.0829 0.1050 0.8121 
        D242 11 0.2048 0.1761 0.6191 
        D243 11 0.7492 0.1708 0.0801 
        D244 11 0.7348 0.2286 0.0366 
        D245 11 0.0625 0.6917 0.2458 
        D246 11 0.4521 0.3299 0.2180 
        D247 11 0.1926 0.3890 0.4183 
        D248 11 0.2023 0.0971 0.7006 
        D249 11 0.2899 0.5611 0.1490 
        D250 11 0.3134 0.0499 0.6366 
        D251 11 0.6853 0.2149 0.0998 
        D252 11 0.1868 0.3527 0.4605 
        D253 11 0.7495 0.1791 0.0714 
        D254 11 0.0209 0.6613 0.3179 
        D255 11 0.5401 0.0749 0.3851 
        D256 11 0.6271 0.2009 0.1719 
        D257 11 0.0634 0.8621 0.0746 
        D258 11 0.0681 0.8238 0.1081 
        D259 11 0.0332 0.9013 0.0656 
        D260 11 0.2886 0.4038 0.3076 
        D261 11 0.5410 0.1655 0.2935 
        D262 11 0.2196 0.5206 0.2598 
        D263 11 0.5024 0.3100 0.1876 
        D264 11 0.0664 0.7746 0.1591 
        D265 11 0.2402 0.4510 0.3088 
        D266 11 0.4846 0.0853 0.4301 
        D267 11 0.5542 0.3013 0.1445 
        D268 11 0.8118 0.0520 0.1362 
        D269 11 0.2453 0.1168 0.6379 
        D270 11 0.1793 0.3898 0.4309 
        D271 11 0.4835 0.3504 0.1661 
        D272 11 0.4406 0.1775 0.3819 
        D273 11 0.0206 0.9455 0.0338 
        D274 11 0.3865 0.3534 0.2601 
        D275 11 0.3877 0.3028 0.3095 
        D276 11 0.6592 0.0835 0.2573 
        D277 11 0.3777 0.1779 0.4444 
        D278 11 0.4836 0.4208 0.0956 
        D282 11 0.0591 0.8892 0.0517 
        D296 11 0.6420 0.0983 0.2596 
        D297 11 0.4748 0.2924 0.2329 
        D298 11 0.5379 0.1061 0.3560 
        D299 11 0.7051 0.1798 0.1150 
        D300 11 0.5732 0.1741 0.2527 
        D382 11 0.5057 0.2788 0.2155 
        D383 11 0.3674 0.5989 0.0337 
        D387 11 0.6494 0.2038 0.1468 
        D388 11 0.0848 0.0575 0.8577 
        D389 11 0.5693 0.1249 0.3057 
        D390 11 0.3137 0.0843 0.6021 
        D396 11 0.1480 0.1194 0.7326 
        D397 11 0.0724 0.8552 0.0724 
        D398 11 0.5577 0.3654 0.0768 
        D399 11 0.0711 0.2183 0.7106 
        D437 11 0.1016 0.6523 0.2461 
        D441 11 0.8499 0.0511 0.0991 
        D442 11 0.4261 0.3464 0.2276 
        D443 11 0.9427 0.0250 0.0323 
        D444 11 0.2793 0.1622 0.5585 
        D445 11 0.0737 0.6191 0.3072 
        D446 11 0.0620 0.3036 0.6343 
        D451 11 0.4015 0.2820 0.3165 
        D452 11 0.3016 0.2689 0.4295 
        D453 11 0.0963 0.0966 0.8071 
        D454 11 0.1021 0.6308 0.2671 
        D457 11 0.3874 0.5200 0.0926 
        D458 11 0.5454 0.1801 0.2745 
        D466 11 0.0755 0.4659 0.4586 
        D467 11 0.6761 0.2114 0.1125 
        D475 11 0.0483 0.8862 0.0656 
        D488 11 0.1731 0.0976 0.7293 
        D489 11 0.1020 0.7145 0.1836 
        D493 11 0.0945 0.1268 0.7787 
        D494 11 0.2299 0.1493 0.6208 
        D495 11 0.0978 0.6818 0.2204 
        D496 11 0.8433 0.0394 0.1172 
        D674 11 0.7242 0.1314 0.1444 
        D675 11 0.7862 0.0311 0.1827 
        D676 11 0.2464 0.6470 0.1066 
        D680 11 0.8062 0.1617 0.0321 
        D701 11 0.2882 0.3334 0.3784 
        D702 11 0.0706 0.5650 0.3644 
        D703 11 0.3708 0.3089 0.3203 
        D704 11 0.4725 0.2858 0.2417 
        D705 11 0.0203 0.5029 0.4769 
        D706 11 0.3194 0.5601 0.1204 
        D707 11 0.1763 0.5091 0.3146 
        D751 11 0.3381 0.3037 0.3582 
        D752 11 0.6654 0.1930 0.1415 
        D753 11 0.0607 0.2093 0.7300 
        D773 11 0.0136 0.9612 0.0252 
        D774 11 0.2535 0.1505 0.5960 
        D801 11 0.5292 0.0616 0.4092 
        D802 11 0.1075 0.1307 0.7618 
        D803 11 0.8352 0.0825 0.0823 
        D804 11 0.2468 0.2405 0.5128 
        D805 11 0.3456 0.2735 0.3809 
        D806 11 0.0324 0.9289 0.0386 
        D809 11 0.5938 0.1656 0.2406 
        D810 11 0.8101 0.0332 0.1567 
        D812 11 0.1818 0.4540 0.3642 
        D813 11 0.5693 0.2474 0.1833 
        D823 11 0.5558 0.2347 0.2095 
        D824 11 0.4794 0.2621 0.2585 
        D829 11 0.1912 0.0758 0.7330 
        D830 11 0.0484 0.5015 0.4501 
        D831 11 0.4031 0.3736 0.2233 
        D832 11 0.3079 0.3359 0.3561 
        D833 11 0.6261 0.1342 0.2397 
        D834 11 0.4423 0.2096 0.3481 
        D835 11 0.1694 0.7598 0.0708 
        D855 11 0.4989 0.2031 0.2980 
        D863 11 0.9293 0.0366 0.0341 
        D864 11 0.6686 0.2076 0.1238 
        D878 11 0.6982 0.1592 0.1427 
        D879 11 0.0713 0.8152 0.1135 
        D880 11 0.3544 0.0362 0.6094 
        D881 11 0.9055 0.0653 0.0292 
        D882 11 0.2626 0.2037 0.5336 
        D909 11 0.3544 0.1821 0.4635 
        D921 11 0.6865 0.1545 0.1590 
        D924 11 0.6534 0.0485 0.2981 
        D935 11 0.1472 0.1760 0.6767 
        D940 11 0.9102 0.0298 0.0600 
        D941 11 0.6397 0.0945 0.2658 
        D942 11 0.0245 0.9184 0.0570 
        D980 11 0.1814 0.2140 0.6046 
        D981 11 0.1087 0.7765 0.1148 
        D982 11 0.0875 0.1573 0.7553 
        D983 11 0.7170 0.1041 0.1789 
        D984 11 0.3916 0.1586 0.4498 
        D992 11 0.0387 0.8988 0.0625 
        D993 11 0.5249 0.1639 0.3112 
        D994 11 0.5707 0.2089 0.2204 
        D995 11 0.2752 0.5086 0.2162 
        H354 11 0.0522 0.5745 0.3733 
        D005 12 0.0542 0.4482 0.4976 
        D035 12 0.6810 0.1710 0.1480 
        D067 12 0.4886 0.1511 0.3603 
        D134 12 0.5125 0.3205 0.1670 
        D135 12 0.3148 0.1377 0.5475 
        D136 12 0.0375 0.1422 0.8203 
        D137 12 0.0675 0.1292 0.8033 
        D138 12 0.4295 0.3334 0.2371 
        D139 12 0.2499 0.0942 0.6560 
        D140 12 0.4405 0.1755 0.3841 
        D141 12 0.0159 0.9649 0.0193 
        D150 12 0.0696 0.8859 0.0445 
        D177 12 0.2954 0.1609 0.5437 
        D178 12 0.0335 0.0585 0.9080 
        D179 12 0.0487 0.1982 0.7532 
        D180 12 0.0531 0.2134 0.7335 
        D187 12 0.6546 0.2267 0.1187 
        D188 12 0.0259 0.9507 0.0234 
        D191 12 0.0418 0.9293 0.0290 
        D418 12 0.0319 0.9112 0.0569 
        D601 12 0.0455 0.7714 0.1831 
        D836 12 0.0513 0.8469 0.1018 
        D837 12 0.3513 0.2735 0.3752 
        D838 12 0.8792 0.0468 0.0739 
        D839 12 0.1849 0.1657 0.6494 
        D840 12 0.5457 0.0939 0.3604 
        D841 12 0.5551 0.2775 0.1673 
        D842 12 0.0187 0.9670 0.0143 
        D843 12 0.5602 0.2310 0.2088 
        D844 12 0.1188 0.6294 0.2519 
        D912 12 0.5145 0.0770 0.4084 
        D913 12 0.1510 0.1148 0.7342 
        D914 12 0.7125 0.0483 0.2392 
        D922 12 0.6460 0.2640 0.0900 
        D939 12 0.2045 0.7347 0.0608 
        D944 12 0.0516 0.3914 0.5570 
        D945 12 0.4356 0.1816 0.3829 
        D985 12 0.0506 0.3506 0.5988 
        D986 12 0.0383 0.0615 0.9003 
        D987 12 0.7246 0.0630 0.2124 
        D988 12 0.6413 0.0658 0.2928 
        D996 12 0.6249 0.0324 0.3426 
        D997 12 0.5352 0.2594 0.2054 
        D998 12 0.3555 0.1005 0.5440 
        D999 12 0.5838 0.2527 0.1636 
