        D174  1 0.2049 0.7951 
        D199  1 0.3237 0.6763 
        D203  1 0.4762 0.5238 
        D204  1 0.6199 0.3801 
     D237366  1 0.7481 0.2519 
     D237367  1 0.8209 0.1791 
     D237368  1 0.7466 0.2534 
     D244101  1 0.5443 0.4557 
     D244102  1 0.3238 0.6762 
     D244103  1 0.8466 0.1534 
     D244104  1 0.3927 0.6073 
     D244105  1 0.8941 0.1059 
     D244106  1 0.1724 0.8276 
     D244107  1 0.9328 0.0672 
     D244108  1 0.1565 0.8435 
     D244113  1 0.1129 0.8871 
     D244114  1 0.5711 0.4289 
     D244115  1 0.3878 0.6122 
     D267365  1 0.1512 0.8488 
        D404  1 0.1179 0.8821 
        D405  1 0.2061 0.7939 
        D406  1 0.8646 0.1354 
        D407  1 0.9264 0.0736 
        D408  1 0.0842 0.9158 
        D409  1 0.8230 0.1770 
        D410  1 0.7138 0.2862 
        D421  1 0.7028 0.2972 
        D422  1 0.9620 0.0380 
        D423  1 0.8741 0.1259 
        D424  1 0.8967 0.1033 
        D425  1 0.2287 0.7713 
        D426  1 0.8916 0.1084 
        D427  1 0.7214 0.2786 
        D428  1 0.5271 0.4729 
        D429  1 0.3177 0.6823 
        D430  1 0.3339 0.6661 
        D491  1 0.0722 0.9278 
        D492  1 0.6215 0.3785 
        D537  1 0.7510 0.2490 
        D538  1 0.4028 0.5972 
        D539  1 0.1948 0.8052 
        D540  1 0.5857 0.4143 
        D541  1 0.6854 0.3146 
        D551  1 0.8979 0.1021 
        D552  1 0.3600 0.6400 
        D553  1 0.7625 0.2375 
        D615  1 0.4143 0.5857 
        D616  1 0.6548 0.3452 
        D621  1 0.5992 0.4008 
        D622  1 0.7872 0.2128 
        D623  1 0.1505 0.8495 
        D624  1 0.3020 0.6980 
        D625  1 0.5144 0.4856 
        D626  1 0.2584 0.7416 
        D627  1 0.8856 0.1144 
        D690  1 0.3832 0.6168 
        D691  1 0.8463 0.1537 
        D710  1 0.3078 0.6922 
        D711  1 0.5225 0.4775 
        D712  1 0.0883 0.9117 
        D713  1 0.2911 0.7089 
        D746  1 0.9314 0.0686 
        D747  1 0.6020 0.3980 
        D748  1 0.6314 0.3686 
        D749  1 0.7144 0.2856 
        D750  1 0.1601 0.8399 
        D763  1 0.6322 0.3678 
        D764  1 0.3316 0.6684 
        D765  1 0.4792 0.5208 
        D766  1 0.6936 0.3064 
        D767  1 0.5684 0.4316 
        D768  1 0.8902 0.1098 
        D811  1 0.1167 0.8833 
        D816  1 0.2979 0.7021 
        D825  1 0.1751 0.8249 
        D866  1 0.1540 0.8460 
        D867  1 0.9235 0.0765 
        D871  1 0.8370 0.1630 
        D872  1 0.4970 0.5030 
        D873  1 0.7470 0.2530 
        D874  1 0.1455 0.8545 
        D875  1 0.9034 0.0966 
        D876  1 0.2461 0.7539 
        D877  1 0.1883 0.8117 
        D892  1 0.3480 0.6520 
        D893  1 0.5820 0.4180 
        D894  1 0.4569 0.5431 
        D915  1 0.5471 0.4529 
        D916  1 0.5900 0.4100 
        D917  1 0.1637 0.8363 
        D925  1 0.5464 0.4536 
        D926  1 0.6013 0.3987 
        D927  1 0.4696 0.5304 
        D928  1 0.0654 0.9346 
        D929  1 0.2704 0.7296 
        D936  1 0.3339 0.6661 
        D938  1 0.9059 0.0941 
        D956  1 0.1180 0.8820 
        D957  1 0.4638 0.5362 
        D958  1 0.3849 0.6151 
        D959  1 0.9409 0.0591 
        D960  1 0.8715 0.1285 
        D989  1 0.1143 0.8857 
        D990  1 0.6989 0.3011 
        D023  2 0.9201 0.0799 
        D130  2 0.9283 0.0717 
        D131  2 0.7774 0.2226 
        D163  2 0.9019 0.0981 
        D164  2 0.9103 0.0897 
        D165  2 0.9383 0.0617 
        D166  2 0.4223 0.5777 
        D167  2 0.6809 0.3191 
        D192  2 0.7977 0.2023 
        D193  2 0.2141 0.7859 
        D206  2 0.8227 0.1773 
        D207  2 0.6580 0.3420 
        D208  2 0.1196 0.8804 
        D209  2 0.8023 0.1977 
        D210  2 0.1984 0.8016 
     D229599  2 0.3193 0.6807 
     D229600  2 0.9222 0.0778 
     D237227  2 0.1902 0.8098 
     D237228  2 0.4002 0.5998 
     D237258  2 0.4185 0.5815 
     D237310  2 0.5295 0.4705 
     D237311  2 0.6659 0.3341 
     D237312  2 0.4046 0.5954 
     D237313  2 0.2671 0.7329 
     D237322  2 0.5186 0.4814 
     D237323  2 0.3389 0.6611 
     D237324  2 0.9296 0.0704 
     D237325  2 0.5017 0.4983 
     D237326  2 0.5793 0.4207 
     D237327  2 0.5211 0.4789 
     D237337  2 0.5284 0.4716 
     D237338  2 0.4241 0.5759 
     D237339  2 0.6813 0.3187 
     D237340  2 0.3639 0.6361 
     D237389  2 0.6849 0.3151 
     D237390  2 0.2907 0.7093 
     D244017  2 0.1182 0.8818 
     D244112  2 0.8292 0.1708 
     D244118  2 0.8580 0.1420 
     D244119  2 0.1830 0.8170 
     D244120  2 0.2431 0.7569 
     D244122  2 0.6441 0.3559 
        D291  2 0.4105 0.5895 
        D292  2 0.1978 0.8022 
        D293  2 0.8672 0.1328 
        D322  2 0.8017 0.1983 
        D323  2 0.4417 0.5583 
        D324  2 0.4405 0.5595 
        D325  2 0.9516 0.0484 
        D326  2 0.5261 0.4739 
        D340  2 0.9541 0.0459 
        D341  2 0.8765 0.1235 
        D342  2 0.8616 0.1384 
        D343  2 0.9692 0.0308 
        D344  2 0.5054 0.4946 
        D345  2 0.4905 0.5095 
        D346  2 0.1676 0.8324 
        D351  2 0.5971 0.4029 
        D352  2 0.3960 0.6040 
        D353  2 0.8967 0.1033 
        D354  2 0.3081 0.6919 
        D362  2 0.4831 0.5169 
        D363  2 0.3239 0.6761 
        D364  2 0.3860 0.6140 
        D365  2 0.9371 0.0629 
        D369  2 0.2919 0.7081 
        D374  2 0.0862 0.9138 
        D375  2 0.4417 0.5583 
        D376  2 0.1225 0.8775 
        D377  2 0.3145 0.6855 
        D378  2 0.7810 0.2190 
        D379  2 0.7241 0.2759 
        D384  2 0.6362 0.3638 
        D385  2 0.8946 0.1054 
        D386  2 0.7453 0.2547 
        D391  2 0.9056 0.0944 
        D392  2 0.7885 0.2115 
        D393  2 0.6665 0.3335 
        D394  2 0.5411 0.4589 
        D395  2 0.7700 0.2300 
        D401  2 0.6450 0.3550 
        D402  2 0.8572 0.1428 
        D403  2 0.8732 0.1268 
        D415  2 0.9275 0.0725 
        D435  2 0.8731 0.1269 
        D436  2 0.4171 0.5829 
        D438  2 0.9379 0.0621 
        D439  2 0.7895 0.2105 
        D449  2 0.9274 0.0726 
        D450  2 0.2044 0.7956 
        D456  2 0.8428 0.1572 
        D462  2 0.9318 0.0682 
        D463  2 0.7331 0.2669 
        D464  2 0.7320 0.2680 
        D465  2 0.8930 0.1070 
        D473  2 0.1524 0.8476 
        D474  2 0.4131 0.5869 
        D476  2 0.9180 0.0820 
        D477  2 0.2105 0.7895 
        D478  2 0.3338 0.6662 
        D480  2 0.3929 0.6071 
        D481  2 0.3170 0.6830 
        D482  2 0.1578 0.8422 
        D483  2 0.7254 0.2746 
        D484  2 0.3525 0.6475 
        D510  2 0.0603 0.9397 
        D511  2 0.6400 0.3600 
        D512  2 0.8201 0.1799 
        D513  2 0.7985 0.2015 
        D635  2 0.8458 0.1542 
        D636  2 0.9249 0.0751 
        D637  2 0.5082 0.4918 
        D658  2 0.4547 0.5453 
        D659  2 0.6894 0.3106 
        D677  2 0.6300 0.3700 
        D678  2 0.7690 0.2310 
        D679  2 0.5375 0.4625 
        D719  2 0.1456 0.8544 
        D720  2 0.4621 0.5379 
        D721  2 0.8829 0.1171 
        D722  2 0.1517 0.8483 
        D734  2 0.1423 0.8577 
        D735  2 0.5086 0.4914 
        D736  2 0.2297 0.7703 
        D737  2 0.3692 0.6308 
        D807  2 0.1288 0.8712 
        D808  2 0.5977 0.4023 
        D817  2 0.2765 0.7235 
        D818  2 0.8332 0.1668 
        D819  2 0.4147 0.5853 
        D820  2 0.5509 0.4491 
        D895  2 0.7472 0.2528 
        D896  2 0.6131 0.3869 
        D897  2 0.8275 0.1725 
        D898  2 0.2202 0.7798 
        D918  2 0.6916 0.3084 
        D919  2 0.6525 0.3475 
        D920  2 0.8842 0.1158 
        D923  2 0.5235 0.4765 
        D930  2 0.3650 0.6350 
        D931  2 0.3533 0.6467 
        D968  2 0.8616 0.1384 
        D969  2 0.4097 0.5903 
        D977  2 0.9015 0.0985 
        D978  2 0.4114 0.5886 
        D211  3 0.7810 0.2190 
     D229639  3 0.1239 0.8761 
     D237212  3 0.5096 0.4904 
     D237213  3 0.6346 0.3654 
     D237214  3 0.8854 0.1146 
     D237215  3 0.1956 0.8044 
     D237216  3 0.9018 0.0982 
     D237217  3 0.9151 0.0849 
     D237218  3 0.5526 0.4474 
     D237219  3 0.2573 0.7427 
     D237382  3 0.3826 0.6174 
     D244127  3 0.7235 0.2765 
     D244129  3 0.5214 0.4786 
     D244133  3 0.4770 0.5230 
     D244134  3 0.1462 0.8538 
     D244135  3 0.9264 0.0736 
     D244136  3 0.2863 0.7137 
        D416  3 0.7278 0.2722 
        D417  3 0.8067 0.1933 
        D419  3 0.3677 0.6323 
        D565  3 0.0711 0.9289 
        D566  3 0.1304 0.8696 
        D567  3 0.6457 0.3543 
        D568  3 0.7843 0.2157 
        D569  3 0.6413 0.3587 
        D573  3 0.5637 0.4363 
        D574  3 0.1358 0.8642 
        D575  3 0.4853 0.5147 
        D576  3 0.4927 0.5073 
        D577  3 0.5454 0.4546 
        D578  3 0.9468 0.0532 
        D579  3 0.3510 0.6490 
        D660  3 0.7300 0.2700 
        D661  3 0.6822 0.3178 
        D663  3 0.4734 0.5266 
        D664  3 0.3941 0.6059 
        D665  3 0.8431 0.1569 
        D666  3 0.2753 0.7247 
        D009  4 0.7834 0.2166 
        D057  4 0.7326 0.2674 
        D109  4 0.6036 0.3964 
     D237222  4 0.6784 0.3216 
     D237223  4 0.6672 0.3328 
     D237224  4 0.4000 0.6000 
     D237225  4 0.7762 0.2238 
     D237299  4 0.7893 0.2107 
     D237300  4 0.1436 0.8564 
     D237306  4 0.2119 0.7881 
     D237307  4 0.3264 0.6736 
     D237308  4 0.6020 0.3980 
     D237309  4 0.8183 0.1817 
     D237317  4 0.4263 0.5737 
     D237318  4 0.2283 0.7717 
     D237319  4 0.5236 0.4764 
     D237320  4 0.6917 0.3083 
     D237321  4 0.2368 0.7632 
     D237397  4 0.4414 0.5586 
     D237398  4 0.5541 0.4459 
     D237399  4 0.2668 0.7332 
     D244001  4 0.9170 0.0830 
        D289  4 0.3460 0.6540 
        D290  4 0.4189 0.5811 
        D294  4 0.6291 0.3709 
        D295  4 0.3307 0.6693 
        D301  4 0.7590 0.2410 
        D302  4 0.6312 0.3688 
        D303  4 0.1547 0.8453 
        D304  4 0.2597 0.7403 
        D305  4 0.9182 0.0818 
        D306  4 0.4535 0.5465 
        D307  4 0.7602 0.2398 
        D327  4 0.4782 0.5218 
        D328  4 0.1300 0.8700 
        D329  4 0.6649 0.3351 
        D330  4 0.8231 0.1769 
        D331  4 0.2259 0.7741 
        D333  4 0.3649 0.6351 
        D334  4 0.2076 0.7924 
        D335  4 0.4886 0.5114 
        D370  4 0.2532 0.7468 
        D371  4 0.1371 0.8629 
        D372  4 0.4738 0.5262 
        D373  4 0.9077 0.0923 
        D455  4 0.8571 0.1429 
        D490  4 0.9007 0.0993 
        D497  4 0.9110 0.0890 
        D498  4 0.2042 0.7958 
        D499  4 0.2463 0.7537 
        D514  4 0.5215 0.4785 
        D515  4 0.7841 0.2159 
        D516  4 0.4757 0.5243 
        D517  4 0.9000 0.1000 
        D518  4 0.6509 0.3491 
        D519  4 0.8583 0.1417 
        D560  4 0.8548 0.1452 
        D561  4 0.9292 0.0708 
        D562  4 0.4447 0.5553 
        D563  4 0.8138 0.1862 
        D572  4 0.5852 0.4148 
        D629  4 0.5954 0.4046 
        D630  4 0.4239 0.5761 
        D631  4 0.5132 0.4868 
        D632  4 0.8795 0.1205 
        D646  4 0.8572 0.1428 
        D647  4 0.7477 0.2523 
        D648  4 0.2001 0.7999 
        D649  4 0.5797 0.4203 
        D650  4 0.3584 0.6416 
        D708  4 0.1818 0.8182 
        D709  4 0.2804 0.7196 
        D738  4 0.2228 0.7772 
        D739  4 0.5680 0.4320 
        D740  4 0.4507 0.5493 
        D741  4 0.8979 0.1021 
        D742  4 0.4420 0.5580 
        D743  4 0.4676 0.5324 
        D744  4 0.6445 0.3555 
        D745  4 0.8698 0.1302 
        D814  4 0.8806 0.1194 
        D815  4 0.2678 0.7322 
        D828  4 0.1155 0.8845 
        D845  4 0.2315 0.7685 
        D846  4 0.8100 0.1900 
        D847  4 0.4799 0.5201 
        D848  4 0.8791 0.1209 
        D849  4 0.8402 0.1598 
        D850  4 0.5779 0.4221 
        D856  4 0.4444 0.5556 
        D857  4 0.7206 0.2794 
        D859  4 0.3374 0.6626 
        D860  4 0.1320 0.8680 
        D883  4 0.3693 0.6307 
        D884  4 0.3653 0.6347 
        D885  4 0.7898 0.2102 
        D886  4 0.6317 0.3683 
        D887  4 0.3393 0.6607 
        D889  4 0.2246 0.7754 
        D890  4 0.2387 0.7613 
        D891  4 0.2181 0.7819 
        D899  4 0.2275 0.7725 
        D900  4 0.5026 0.4974 
        D970  4 0.4507 0.5493 
        D971  4 0.8300 0.1700 
        D979  4 0.4316 0.5684 
        D093  5 0.1205 0.8795 
        D154  5 0.5660 0.4340 
        D168  5 0.7792 0.2208 
        D189  5 0.1403 0.8597 
        D190  5 0.0913 0.9087 
     D237220  5 0.4448 0.5552 
     D237221  5 0.2178 0.7822 
     D237274  5 0.6672 0.3328 
     D237275  5 0.5879 0.4121 
     D237276  5 0.3347 0.6653 
     D237277  5 0.0915 0.9085 
     D237278  5 0.5311 0.4689 
     D237279  5 0.9072 0.0928 
     D237280  5 0.4873 0.5127 
     D237281  5 0.5118 0.4882 
     D237351  5 0.4844 0.5156 
     D237352  5 0.7595 0.2405 
     D237353  5 0.0610 0.9390 
     D237359  5 0.5614 0.4386 
     D237361  5 0.0858 0.9142 
     D237362  5 0.3121 0.6879 
     D237363  5 0.8046 0.1954 
     D237364  5 0.7781 0.2219 
     D237376  5 0.1064 0.8936 
     D237377  5 0.6266 0.3734 
     D237378  5 0.0886 0.9114 
     D237379  5 0.1823 0.8177 
     D237380  5 0.5270 0.4730 
     D237381  5 0.6343 0.3657 
     D237391  5 0.1053 0.8947 
     D237392  5 0.6379 0.3621 
     D237393  5 0.2741 0.7259 
     D237394  5 0.0882 0.9118 
     D237395  5 0.2825 0.7175 
     D237396  5 0.7093 0.2907 
     D244016  5 0.3103 0.6897 
     D244018  5 0.6682 0.3318 
     D244019  5 0.4132 0.5868 
        D279  5 0.5583 0.4417 
        D280  5 0.2294 0.7706 
        D281  5 0.3207 0.6793 
        D283  5 0.1725 0.8275 
        D284  5 0.7388 0.2612 
        D285  5 0.1137 0.8863 
        D286  5 0.2206 0.7794 
        D287  5 0.1219 0.8781 
        D288  5 0.1797 0.8203 
        D308  5 0.7103 0.2897 
        D309  5 0.8797 0.1203 
        D310  5 0.2364 0.7636 
        D311  5 0.2354 0.7646 
        D312  5 0.1703 0.8297 
        D313  5 0.8417 0.1583 
        D314  5 0.4365 0.5635 
        D315  5 0.1729 0.8271 
        D317  5 0.0914 0.9086 
        D318  5 0.5344 0.4656 
        D319  5 0.0786 0.9214 
        D320  5 0.0782 0.9218 
        D321  5 0.5434 0.4566 
        D336  5 0.1429 0.8571 
        D337  5 0.0574 0.9426 
        D338  5 0.4734 0.5266 
        D339  5 0.1605 0.8395 
        D347  5 0.2396 0.7604 
        D348  5 0.0760 0.9240 
        D349  5 0.5697 0.4303 
        D350  5 0.7883 0.2117 
        D355  5 0.6830 0.3170 
        D356  5 0.1645 0.8355 
        D357  5 0.2202 0.7798 
        D358  5 0.3087 0.6913 
        D359  5 0.1336 0.8664 
        D360  5 0.1183 0.8817 
        D361  5 0.6840 0.3160 
        D366  5 0.8891 0.1109 
        D367  5 0.1528 0.8472 
        D368  5 0.2842 0.7158 
        D380  5 0.7717 0.2283 
        D381  5 0.1595 0.8405 
        D400  5 0.1604 0.8396 
        D411  5 0.9232 0.0768 
        D412  5 0.4319 0.5681 
        D413  5 0.9262 0.0738 
        D414  5 0.5635 0.4365 
        D420  5 0.3593 0.6407 
        D431  5 0.1503 0.8497 
        D432  5 0.1805 0.8195 
        D433  5 0.0760 0.9240 
        D434  5 0.1746 0.8254 
        D440  5 0.8375 0.1625 
        D447  5 0.8462 0.1538 
        D448  5 0.0796 0.9204 
        D459  5 0.4346 0.5654 
        D460  5 0.6358 0.3642 
        D461  5 0.6576 0.3424 
        D468  5 0.3709 0.6291 
        D469  5 0.3915 0.6085 
        D470  5 0.5214 0.4786 
        D471  5 0.0731 0.9269 
        D472  5 0.6741 0.3259 
        D479  5 0.8189 0.1811 
        D485  5 0.2269 0.7731 
        D486  5 0.5544 0.4456 
        D487  5 0.1730 0.8270 
        D555  5 0.0818 0.9182 
        D556  5 0.1065 0.8935 
        D557  5 0.0680 0.9320 
        D564  5 0.1982 0.8018 
        D594  5 0.5812 0.4188 
        D595  5 0.2268 0.7732 
        D596  5 0.0718 0.9282 
        D597  5 0.2934 0.7066 
        D598  5 0.2702 0.7298 
        D617  5 0.8727 0.1273 
        D618  5 0.1511 0.8489 
        D619  5 0.3988 0.6012 
        D620  5 0.8629 0.1371 
        D628  5 0.4081 0.5919 
        D714  5 0.1094 0.8906 
        D715  5 0.1188 0.8812 
        D716  5 0.2985 0.7015 
        D717  5 0.3196 0.6804 
        D718  5 0.3336 0.6664 
        D769  5 0.8543 0.1457 
        D770  5 0.3423 0.6577 
        D771  5 0.3951 0.6049 
        D772  5 0.1315 0.8685 
        D782  5 0.8749 0.1251 
        D783  5 0.3952 0.6048 
        D784  5 0.4074 0.5926 
        D785  5 0.1314 0.8686 
        D786  5 0.8588 0.1412 
        D821  5 0.0551 0.9449 
        D822  5 0.3403 0.6597 
        D826  5 0.1638 0.8362 
        D827  5 0.7408 0.2592 
        D851  5 0.4869 0.5131 
        D852  5 0.1784 0.8216 
        D853  5 0.1567 0.8433 
        D854  5 0.5109 0.4891 
        D861  5 0.4607 0.5393 
        D862  5 0.2164 0.7836 
        D865  5 0.0783 0.9217 
        D868  5 0.3343 0.6657 
        D869  5 0.9186 0.0814 
        D870  5 0.9437 0.0563 
        D907  5 0.1607 0.8393 
        D908  5 0.1205 0.8795 
        D910  5 0.1206 0.8794 
        D911  5 0.5384 0.4616 
        D934  5 0.2898 0.7102 
        D946  5 0.2156 0.7844 
        D947  5 0.3608 0.6392 
        D948  5 0.5093 0.4907 
        D949  5 0.5564 0.4436 
        D950  5 0.5305 0.4695 
        D951  5 0.7989 0.2011 
        D952  5 0.2572 0.7428 
        D953  5 0.0780 0.9220 
        D954  5 0.1783 0.8217 
        D961  5 0.1685 0.8315 
        D962  5 0.0707 0.9293 
        D963  5 0.2564 0.7436 
        D964  5 0.3510 0.6490 
        D965  5 0.3440 0.6560 
        D966  5 0.1584 0.8416 
        D967  5 0.2324 0.7676 
        D991  5 0.3689 0.6311 
        D502  6 0.8011 0.1989 
        D503  6 0.7205 0.2795 
        D504  6 0.4332 0.5668 
        D505  6 0.3292 0.6708 
        D506  6 0.1035 0.8965 
        D507  6 0.6329 0.3671 
        D508  6 0.3227 0.6773 
        D529  6 0.4141 0.5859 
        D530  6 0.2759 0.7241 
        D531  6 0.3210 0.6790 
        D532  6 0.3363 0.6637 
        D534  6 0.8394 0.1606 
        D535  6 0.2782 0.7218 
        D536  6 0.9290 0.0710 
        D554  6 0.3030 0.6970 
        D587  6 0.1910 0.8090 
        D588  6 0.4449 0.5551 
        D589  6 0.5271 0.4729 
        D590  6 0.8974 0.1026 
        D591  6 0.4142 0.5858 
        D592  6 0.7535 0.2465 
        D593  6 0.1796 0.8204 
        D682  6 0.1260 0.8740 
        D683  6 0.3090 0.6910 
        D684  6 0.8648 0.1352 
        D685  6 0.7717 0.2283 
        D686  6 0.2419 0.7581 
        D724  6 0.6213 0.3787 
        D725  6 0.3880 0.6120 
        D726  6 0.0946 0.9054 
        D727  6 0.8019 0.1981 
        D728  6 0.1778 0.8222 
        D729  6 0.9362 0.0638 
        D730  6 0.6137 0.3863 
        D731  6 0.0700 0.9300 
        D732  6 0.4702 0.5298 
        D733  6 0.3404 0.6596 
     D237251  7 0.1477 0.8523 
     D237252  7 0.6938 0.3062 
     D237253  7 0.2391 0.7609 
     D237254  7 0.9459 0.0541 
     D237255  7 0.1989 0.8011 
     D237256  7 0.4776 0.5224 
     D237257  7 0.6993 0.3007 
     D237282  7 0.7781 0.2219 
     D237283  7 0.8581 0.1419 
     D237284  7 0.9240 0.0760 
     D237285  7 0.2952 0.7048 
     D237286  7 0.2809 0.7191 
     D237287  7 0.5769 0.4231 
     D244006  7 0.9310 0.0690 
     D244007  7 0.8819 0.1181 
     D244008  7 0.7865 0.2135 
     D244009  7 0.4577 0.5423 
     D244010  7 0.5688 0.4312 
     D244011  7 0.2881 0.7119 
     D244012  7 0.6143 0.3857 
     D244013  7 0.2277 0.7723 
     D244014  7 0.5908 0.4092 
     D244015  7 0.8449 0.1551 
     D244125  7 0.1176 0.8824 
     D244126  7 0.9149 0.0851 
     D244130  7 0.5478 0.4522 
     D244131  7 0.4248 0.5752 
     D244132  7 0.1375 0.8625 
        D520  7 0.3888 0.6112 
        D521  7 0.4377 0.5623 
        D522  7 0.7655 0.2345 
        D523  7 0.4146 0.5854 
        D524  7 0.2245 0.7755 
        D525  7 0.7136 0.2864 
        D526  7 0.9356 0.0644 
        D527  7 0.3441 0.6559 
        D528  7 0.9681 0.0319 
        D558  7 0.7694 0.2306 
        D559  7 0.7460 0.2540 
        D640  7 0.1839 0.8161 
        D641  7 0.1942 0.8058 
        D642  7 0.7578 0.2422 
        D644  7 0.2831 0.7169 
        D645  7 0.3530 0.6470 
        D662  7 0.4700 0.5300 
        D687  7 0.4100 0.5900 
        D688  7 0.7885 0.2115 
        D689  7 0.1883 0.8117 
        D700  7 0.9701 0.0299 
        D797  7 0.3320 0.6680 
        D798  7 0.6261 0.3739 
        D799  7 0.3735 0.6265 
        D800  7 0.8178 0.1822 
        D132  8 0.8835 0.1165 
        D133  8 0.9282 0.0718 
        D200  8 0.4030 0.5970 
        D500  8 0.9064 0.0936 
        D614  8 0.1681 0.8319 
        D723  8 0.7139 0.2861 
        D888  8 0.1728 0.8272 
        D901  8 0.6522 0.3478 
        D902  8 0.1799 0.8201 
        D903  8 0.3545 0.6455 
        D904  8 0.4974 0.5026 
        D905  8 0.0827 0.9173 
        D906  8 0.7285 0.2715 
        D937  8 0.0837 0.9163 
        D943  8 0.7123 0.2877 
        D972  8 0.7658 0.2342 
        D973  8 0.6129 0.3871 
        D974  8 0.4655 0.5345 
        D975  8 0.4242 0.5758 
        D976  8 0.4205 0.5795 
        D201  9 0.7316 0.2684 
        D202  9 0.3744 0.6256 
     D237259  9 0.9319 0.0681 
     D237260  9 0.5657 0.4343 
     D237262  9 0.7736 0.2264 
     D237263  9 0.6393 0.3607 
     D237264  9 0.5568 0.4432 
     D237265  9 0.4698 0.5302 
     D237266  9 0.7924 0.2076 
     D237267  9 0.7081 0.2919 
     D237268  9 0.5173 0.4827 
     D237289  9 0.3251 0.6749 
     D237290  9 0.4708 0.5292 
     D237291  9 0.6373 0.3627 
     D237292  9 0.8977 0.1023 
     D237293  9 0.3719 0.6281 
     D237294  9 0.5995 0.4005 
     D237295  9 0.3508 0.6492 
     D237296  9 0.3140 0.6860 
     D237297  9 0.1524 0.8476 
     D237298  9 0.5624 0.4376 
     D237341  9 0.4636 0.5364 
     D237342  9 0.5590 0.4410 
     D237343  9 0.6357 0.3643 
     D237344  9 0.2184 0.7816 
     D237345  9 0.9320 0.0680 
     D237346  9 0.3804 0.6196 
     D237347  9 0.1488 0.8512 
     D237348  9 0.4549 0.5451 
     D237349  9 0.9091 0.0909 
     D244109  9 0.9188 0.0812 
     D244110  9 0.7440 0.2560 
     D244111  9 0.4531 0.5469 
     D244128  9 0.7769 0.2231 
     D244137  9 0.7729 0.2271 
     D244138  9 0.4278 0.5722 
        D580  9 0.7975 0.2025 
        D581  9 0.7329 0.2671 
        D582  9 0.7826 0.2174 
        D583  9 0.7931 0.2069 
        D584  9 0.4206 0.5794 
        D585  9 0.7480 0.2520 
        D586  9 0.2031 0.7969 
        D651  9 0.5056 0.4944 
        D652  9 0.8615 0.1385 
        D653  9 0.5099 0.4901 
        D654  9 0.8666 0.1334 
        D655  9 0.1754 0.8246 
        D656  9 0.9069 0.0931 
        D657  9 0.6521 0.3479 
        D667  9 0.1105 0.8895 
        D668  9 0.3232 0.6768 
        D669  9 0.5127 0.4873 
        D670  9 0.8001 0.1999 
        D671  9 0.7204 0.2796 
        D672  9 0.7679 0.2321 
        D673  9 0.2457 0.7543 
        D692  9 0.9175 0.0825 
        D693  9 0.3561 0.6439 
        D694  9 0.7527 0.2473 
        D695  9 0.4291 0.5709 
        D696  9 0.0574 0.9426 
        D697  9 0.2633 0.7367 
        D698  9 0.4733 0.5267 
        D699  9 0.1488 0.8512 
        D787  9 0.7014 0.2986 
        D788  9 0.2557 0.7443 
        D789  9 0.5083 0.4917 
        D790  9 0.6577 0.3423 
        D791  9 0.2355 0.7645 
        D792  9 0.8220 0.1780 
        D793  9 0.1367 0.8633 
        D794  9 0.3849 0.6151 
        D795  9 0.4958 0.5042 
        D796  9 0.2564 0.7436 
        D142 10 0.1940 0.8060 
        D143 10 0.8403 0.1597 
        D144 10 0.3567 0.6433 
        D145 10 0.3250 0.6750 
        D146 10 0.6380 0.3620 
        D147 10 0.8227 0.1773 
        D148 10 0.7558 0.2442 
        D149 10 0.8201 0.1799 
        D151 10 0.7573 0.2427 
        D152 10 0.7976 0.2024 
        D153 10 0.2704 0.7296 
        D156 10 0.4425 0.5575 
        D157 10 0.1998 0.8002 
        D158 10 0.2571 0.7429 
        D159 10 0.8602 0.1398 
        D160 10 0.0813 0.9187 
        D161 10 0.5054 0.4946 
        D162 10 0.2571 0.7429 
        D169 10 0.8978 0.1022 
        D170 10 0.7713 0.2287 
        D171 10 0.2783 0.7217 
        D172 10 0.5074 0.4926 
        D173 10 0.9551 0.0449 
        D181 10 0.1428 0.8572 
        D182 10 0.7771 0.2229 
        D183 10 0.1197 0.8803 
        D184 10 0.9397 0.0603 
        D185 10 0.5476 0.4524 
        D186 10 0.9261 0.0739 
        D194 10 0.6436 0.3564 
        D195 10 0.2428 0.7572 
        D196 10 0.2957 0.7043 
        D197 10 0.8874 0.1126 
        D198 10 0.4679 0.5321 
     D237226 10 0.4619 0.5381 
     D237232 10 0.1601 0.8399 
     D237233 10 0.3152 0.6848 
     D237234 10 0.1962 0.8038 
     D237354 10 0.2231 0.7769 
     D237355 10 0.2166 0.7834 
     D237356 10 0.3661 0.6339 
     D237357 10 0.8303 0.1697 
     D237358 10 0.8992 0.1008 
     D237369 10 0.9271 0.0729 
     D237370 10 0.1956 0.8044 
     D237371 10 0.5235 0.4765 
     D237372 10 0.9127 0.0873 
     D237373 10 0.1299 0.8701 
     D237374 10 0.1370 0.8630 
     D237375 10 0.7055 0.2945 
     D237400 10 0.7308 0.2692 
     D244002 10 0.9350 0.0650 
     D244003 10 0.0846 0.9154 
     D244004 10 0.0504 0.9496 
     D244005 10 0.5747 0.4253 
     D244020 10 0.2314 0.7686 
     D244021 10 0.8251 0.1749 
     D244116 10 0.7216 0.2784 
     D244117 10 0.1247 0.8753 
     D244121 10 0.1943 0.8057 
     D244123 10 0.1801 0.8199 
     D244124 10 0.7048 0.2952 
        D332 10 0.5193 0.4807 
        D570 10 0.1187 0.8813 
        D602 10 0.8297 0.1703 
        D603 10 0.2673 0.7327 
        D604 10 0.5825 0.4175 
        D605 10 0.3947 0.6053 
        D606 10 0.6280 0.3720 
        D607 10 0.7818 0.2182 
        D608 10 0.9369 0.0631 
        D609 10 0.1378 0.8622 
        D610 10 0.3916 0.6084 
        D611 10 0.0438 0.9562 
        D613 10 0.2660 0.7340 
        D633 10 0.5833 0.4167 
        D634 10 0.2816 0.7184 
        D638 10 0.5285 0.4715 
        D681 10 0.3516 0.6484 
        D754 10 0.3596 0.6404 
        D755 10 0.1658 0.8342 
        D756 10 0.2016 0.7984 
        D757 10 0.4900 0.5100 
        D758 10 0.4399 0.5601 
        D759 10 0.1510 0.8490 
        D760 10 0.3189 0.6811 
        D761 10 0.1688 0.8312 
        D762 10 0.5624 0.4376 
        D775 10 0.0745 0.9255 
        D776 10 0.3005 0.6995 
        D777 10 0.1599 0.8401 
        D778 10 0.5333 0.4667 
        D779 10 0.2297 0.7703 
        D780 10 0.2855 0.7145 
        D781 10 0.7707 0.2293 
        D858 10 0.8113 0.1887 
        D933 10 0.3982 0.6018 
        D038 11 0.1933 0.8067 
        D063 11 0.1921 0.8079 
        D155 11 0.1982 0.8018 
        D175 11 0.3833 0.6167 
        D176 11 0.5262 0.4738 
        D205 11 0.1724 0.8276 
     D237229 11 0.8437 0.1563 
     D237230 11 0.9131 0.0869 
     D237231 11 0.5933 0.4067 
     D237269 11 0.5830 0.4170 
     D237270 11 0.7495 0.2505 
     D237271 11 0.2206 0.7794 
     D237272 11 0.7931 0.2069 
     D237273 11 0.1285 0.8715 
     D237301 11 0.2602 0.7398 
     D237302 11 0.6819 0.3181 
     D237303 11 0.9087 0.0913 
     D237304 11 0.3983 0.6017 
     D237305 11 0.7418 0.2582 
     D237314 11 0.1716 0.8284 
     D237315 11 0.7080 0.2920 
     D237316 11 0.4156 0.5844 
     D237328 11 0.5766 0.4234 
     D237329 11 0.5696 0.4304 
     D237330 11 0.0960 0.9040 
     D237331 11 0.1741 0.8259 
     D237332 11 0.3526 0.6474 
     D237333 11 0.1282 0.8718 
     D237334 11 0.4907 0.5093 
     D237335 11 0.2691 0.7309 
     D237336 11 0.2777 0.7223 
     D237350 11 0.2366 0.7634 
     D237383 11 0.4654 0.5346 
     D237384 11 0.4056 0.5944 
     D237385 11 0.4163 0.5837 
     D237386 11 0.4219 0.5781 
     D237387 11 0.5910 0.4090 
     D237388 11 0.1170 0.8830 
        D239 11 0.1932 0.8068 
        D240 11 0.6759 0.3241 
        D241 11 0.8640 0.1360 
        D242 11 0.4737 0.5263 
        D243 11 0.1938 0.8062 
        D244 11 0.0878 0.9122 
        D245 11 0.8040 0.1960 
        D246 11 0.2483 0.7517 
        D247 11 0.7004 0.2996 
        D248 11 0.4752 0.5248 
        D249 11 0.4050 0.5950 
        D250 11 0.3150 0.6850 
        D251 11 0.1698 0.8302 
        D252 11 0.4891 0.5109 
        D253 11 0.1870 0.8130 
        D254 11 0.9352 0.0648 
        D255 11 0.4159 0.5841 
        D256 11 0.3112 0.6888 
        D257 11 0.7218 0.2782 
        D258 11 0.6069 0.3931 
        D259 11 0.8097 0.1903 
        D260 11 0.6348 0.3652 
        D261 11 0.2559 0.7441 
        D262 11 0.7033 0.2967 
        D263 11 0.1732 0.8268 
        D264 11 0.8216 0.1784 
        D265 11 0.7717 0.2283 
        D266 11 0.2249 0.7751 
        D267 11 0.2316 0.7684 
        D268 11 0.1211 0.8789 
        D269 11 0.2693 0.7307 
        D270 11 0.4271 0.5729 
        D271 11 0.4048 0.5952 
        D272 11 0.3472 0.6528 
        D273 11 0.7742 0.2258 
        D274 11 0.2247 0.7753 
        D275 11 0.3147 0.6853 
        D276 11 0.1356 0.8644 
        D277 11 0.4311 0.5689 
        D278 11 0.2793 0.7207 
        D282 11 0.8093 0.1907 
        D296 11 0.2125 0.7875 
        D297 11 0.2855 0.7145 
        D298 11 0.2401 0.7599 
        D299 11 0.1602 0.8398 
        D300 11 0.3545 0.6455 
        D382 11 0.1912 0.8088 
        D383 11 0.2074 0.7926 
        D387 11 0.2938 0.7062 
        D388 11 0.5348 0.4652 
        D389 11 0.1527 0.8473 
        D390 11 0.3660 0.6340 
        D396 11 0.6049 0.3951 
        D397 11 0.8375 0.1625 
        D398 11 0.1930 0.8070 
        D399 11 0.7248 0.2752 
        D437 11 0.8868 0.1132 
        D441 11 0.1105 0.8895 
        D442 11 0.3509 0.6491 
        D443 11 0.1203 0.8797 
        D444 11 0.4230 0.5770 
        D445 11 0.6029 0.3971 
        D446 11 0.9106 0.0894 
        D451 11 0.4104 0.5896 
        D452 11 0.4341 0.5659 
        D453 11 0.5024 0.4976 
        D454 11 0.7666 0.2334 
        D457 11 0.2911 0.7089 
        D458 11 0.1915 0.8085 
        D466 11 0.8500 0.1500 
        D467 11 0.1819 0.8181 
        D475 11 0.8735 0.1265 
        D488 11 0.5278 0.4722 
        D489 11 0.7549 0.2451 
        D493 11 0.7946 0.2054 
        D494 11 0.3815 0.6185 
        D495 11 0.7506 0.2494 
        D496 11 0.2182 0.7818 
        D674 11 0.2785 0.7215 
        D675 11 0.2560 0.7440 
        D676 11 0.3017 0.6983 
        D680 11 0.1762 0.8238 
        D701 11 0.5909 0.4091 
        D702 11 0.8465 0.1535 
        D703 11 0.4502 0.5498 
        D704 11 0.3314 0.6686 
        D705 11 0.9480 0.0520 
        D706 11 0.5744 0.4256 
        D707 11 0.5455 0.4545 
        D751 11 0.2872 0.7128 
        D752 11 0.2407 0.7593 
        D753 11 0.8235 0.1765 
        D773 11 0.8994 0.1006 
        D774 11 0.4753 0.5247 
        D801 11 0.4171 0.5829 
        D802 11 0.8852 0.1148 
        D803 11 0.1482 0.8518 
        D804 11 0.6114 0.3886 
        D805 11 0.4126 0.5874 
        D806 11 0.7363 0.2637 
        D809 11 0.2384 0.7616 
        D810 11 0.1073 0.8927 
        D812 11 0.6008 0.3992 
        D813 11 0.2685 0.7315 
        D823 11 0.2950 0.7050 
        D824 11 0.4625 0.5375 
        D829 11 0.5591 0.4409 
        D830 11 0.7785 0.2215 
        D831 11 0.4735 0.5265 
        D832 11 0.7866 0.2134 
        D833 11 0.1228 0.8772 
        D834 11 0.2082 0.7918 
        D835 11 0.4438 0.5562 
        D855 11 0.3168 0.6832 
        D863 11 0.1867 0.8133 
        D864 11 0.2170 0.7830 
        D878 11 0.1742 0.8258 
        D879 11 0.6687 0.3313 
        D880 11 0.3540 0.6460 
        D881 11 0.0651 0.9349 
        D882 11 0.6886 0.3114 
        D909 11 0.4196 0.5804 
        D921 11 0.1578 0.8422 
        D924 11 0.2921 0.7079 
        D935 11 0.4710 0.5290 
        D940 11 0.3157 0.6843 
        D941 11 0.1950 0.8050 
        D942 11 0.7575 0.2425 
        D980 11 0.4653 0.5347 
        D981 11 0.6326 0.3674 
        D982 11 0.7902 0.2098 
        D983 11 0.1495 0.8505 
        D984 11 0.2911 0.7089 
        D992 11 0.6925 0.3075 
        D993 11 0.2154 0.7846 
        D994 11 0.3518 0.6482 
        D995 11 0.5928 0.4072 
        H354 11 0.7461 0.2539 
        D005 12 0.7852 0.2148 
        D035 12 0.5143 0.4857 
        D067 12 0.2656 0.7344 
        D134 12 0.3617 0.6383 
        D135 12 0.7876 0.2124 
        D136 12 0.7652 0.2348 
        D137 12 0.6891 0.3109 
        D138 12 0.3669 0.6331 
        D139 12 0.3183 0.6817 
        D140 12 0.6365 0.3635 
        D141 12 0.9253 0.0747 
        D150 12 0.6505 0.3495 
        D177 12 0.5412 0.4588 
        D178 12 0.8301 0.1699 
        D179 12 0.8040 0.1960 
        D180 12 0.8182 0.1818 
        D187 12 0.2877 0.7123 
        D188 12 0.9338 0.0662 
        D191 12 0.8704 0.1296 
        D418 12 0.9077 0.0923 
        D601 12 0.8486 0.1514 
        D836 12 0.8411 0.1589 
        D837 12 0.3642 0.6358 
        D838 12 0.0761 0.9239 
        D839 12 0.6972 0.3028 
        D840 12 0.3660 0.6340 
        D841 12 0.4784 0.5216 
        D842 12 0.8610 0.1390 
        D843 12 0.2396 0.7604 
        D844 12 0.8975 0.1025 
        D912 12 0.1872 0.8128 
        D913 12 0.7971 0.2029 
        D914 12 0.1497 0.8503 
        D922 12 0.1640 0.8360 
        D939 12 0.4345 0.5655 
        D944 12 0.9359 0.0641 
        D945 12 0.3450 0.6550 
        D985 12 0.8132 0.1868 
        D986 12 0.8570 0.1430 
        D987 12 0.2232 0.7768 
        D988 12 0.2761 0.7239 
        D996 12 0.3055 0.6945 
        D997 12 0.2796 0.7204 
        D998 12 0.8184 0.1816 
        D999 12 0.3726 0.6274 
