        D174  1 0.8107 0.1893 
        D199  1 0.7487 0.2513 
        D203  1 0.5111 0.4889 
        D204  1 0.4504 0.5496 
     D237366  1 0.2079 0.7921 
     D237367  1 0.1362 0.8638 
     D237368  1 0.1866 0.8134 
     D244101  1 0.5448 0.4552 
     D244102  1 0.7057 0.2943 
     D244103  1 0.1075 0.8925 
     D244104  1 0.5829 0.4171 
     D244105  1 0.0856 0.9144 
     D244106  1 0.8084 0.1916 
     D244107  1 0.0425 0.9575 
     D244108  1 0.8265 0.1735 
     D244113  1 0.9178 0.0822 
     D244114  1 0.4268 0.5732 
     D244115  1 0.6855 0.3145 
     D267365  1 0.9040 0.0960 
        D404  1 0.8741 0.1259 
        D405  1 0.7561 0.2439 
        D406  1 0.0776 0.9224 
        D407  1 0.0562 0.9438 
        D408  1 0.9520 0.0480 
        D409  1 0.1568 0.8432 
        D410  1 0.1874 0.8126 
        D421  1 0.2758 0.7242 
        D422  1 0.0171 0.9829 
        D423  1 0.0636 0.9364 
        D424  1 0.1164 0.8836 
        D425  1 0.8423 0.1577 
        D426  1 0.0648 0.9352 
        D427  1 0.1794 0.8206 
        D428  1 0.4263 0.5737 
        D429  1 0.7231 0.2769 
        D430  1 0.6541 0.3459 
        D491  1 0.9575 0.0425 
        D492  1 0.3916 0.6084 
        D537  1 0.2773 0.7227 
        D538  1 0.5653 0.4347 
        D539  1 0.7910 0.2090 
        D540  1 0.4475 0.5525 
        D541  1 0.3907 0.6093 
        D551  1 0.0824 0.9176 
        D552  1 0.5616 0.4384 
        D553  1 0.3398 0.6602 
        D615  1 0.5507 0.4493 
        D616  1 0.3432 0.6568 
        D621  1 0.2581 0.7419 
        D622  1 0.1356 0.8644 
        D623  1 0.8830 0.1170 
        D624  1 0.8651 0.1349 
        D625  1 0.6159 0.3841 
        D626  1 0.7700 0.2300 
        D627  1 0.1462 0.8538 
        D690  1 0.7032 0.2968 
        D691  1 0.0752 0.9248 
        D710  1 0.7057 0.2943 
        D711  1 0.5143 0.4857 
        D712  1 0.9193 0.0807 
        D713  1 0.7625 0.2375 
        D746  1 0.0335 0.9665 
        D747  1 0.4539 0.5461 
        D748  1 0.3005 0.6995 
        D749  1 0.1706 0.8294 
        D750  1 0.8173 0.1827 
        D763  1 0.3354 0.6646 
        D764  1 0.7166 0.2834 
        D765  1 0.4499 0.5501 
        D766  1 0.2815 0.7185 
        D767  1 0.4313 0.5687 
        D768  1 0.1640 0.8360 
        D811  1 0.9041 0.0959 
        D816  1 0.7593 0.2407 
        D825  1 0.8346 0.1654 
        D866  1 0.8110 0.1890 
        D867  1 0.0355 0.9645 
        D871  1 0.1460 0.8540 
        D872  1 0.5847 0.4153 
        D873  1 0.1845 0.8155 
        D874  1 0.9021 0.0979 
        D875  1 0.0873 0.9127 
        D876  1 0.8059 0.1941 
        D877  1 0.9360 0.0640 
        D892  1 0.7154 0.2846 
        D893  1 0.4905 0.5095 
        D894  1 0.5973 0.4027 
        D915  1 0.4713 0.5287 
        D916  1 0.4744 0.5256 
        D917  1 0.8771 0.1229 
        D925  1 0.3182 0.6818 
        D926  1 0.5575 0.4425 
        D927  1 0.6143 0.3857 
        D928  1 0.9602 0.0398 
        D929  1 0.7463 0.2537 
        D936  1 0.7138 0.2862 
        D938  1 0.0384 0.9616 
        D956  1 0.9034 0.0966 
        D957  1 0.5442 0.4558 
        D958  1 0.6903 0.3097 
        D959  1 0.0289 0.9711 
        D960  1 0.0736 0.9264 
        D989  1 0.9174 0.0826 
        D990  1 0.2416 0.7584 
        D023  2 0.0552 0.9448 
        D130  2 0.0360 0.9640 
        D131  2 0.2876 0.7124 
        D163  2 0.0607 0.9393 
        D164  2 0.0326 0.9674 
        D165  2 0.0357 0.9643 
        D166  2 0.5379 0.4621 
        D167  2 0.1648 0.8352 
        D192  2 0.0794 0.9206 
        D193  2 0.8518 0.1482 
        D206  2 0.1635 0.8365 
        D207  2 0.4217 0.5783 
        D208  2 0.8792 0.1208 
        D209  2 0.1485 0.8515 
        D210  2 0.8204 0.1796 
     D229599  2 0.7358 0.2642 
     D229600  2 0.0589 0.9411 
     D237227  2 0.8114 0.1886 
     D237228  2 0.5546 0.4454 
     D237258  2 0.5439 0.4561 
     D237310  2 0.3394 0.6606 
     D237311  2 0.2537 0.7463 
     D237312  2 0.5740 0.4260 
     D237313  2 0.7132 0.2868 
     D237322  2 0.6970 0.3030 
     D237323  2 0.5881 0.4119 
     D237324  2 0.0422 0.9578 
     D237325  2 0.4523 0.5477 
     D237326  2 0.3500 0.6500 
     D237327  2 0.5112 0.4888 
     D237337  2 0.3932 0.6068 
     D237338  2 0.4931 0.5069 
     D237339  2 0.4207 0.5793 
     D237340  2 0.5388 0.4612 
     D237389  2 0.2051 0.7949 
     D237390  2 0.7069 0.2931 
     D244017  2 0.8945 0.1055 
     D244112  2 0.0826 0.9174 
     D244118  2 0.0671 0.9329 
     D244119  2 0.7476 0.2524 
     D244120  2 0.7478 0.2522 
     D244122  2 0.2131 0.7869 
        D291  2 0.6799 0.3201 
        D292  2 0.8232 0.1768 
        D293  2 0.2038 0.7962 
        D322  2 0.2414 0.7586 
        D323  2 0.5664 0.4336 
        D324  2 0.6349 0.3651 
        D325  2 0.0282 0.9718 
        D326  2 0.6169 0.3831 
        D340  2 0.0255 0.9745 
        D341  2 0.0550 0.9450 
        D342  2 0.1022 0.8978 
        D343  2 0.0168 0.9832 
        D344  2 0.5217 0.4783 
        D345  2 0.5481 0.4519 
        D346  2 0.8222 0.1778 
        D351  2 0.5223 0.4777 
        D352  2 0.6392 0.3608 
        D353  2 0.2793 0.7207 
        D354  2 0.7603 0.2397 
        D362  2 0.6050 0.3950 
        D363  2 0.7455 0.2545 
        D364  2 0.7041 0.2959 
        D365  2 0.0298 0.9702 
        D369  2 0.7054 0.2946 
        D374  2 0.9198 0.0802 
        D375  2 0.5886 0.4114 
        D376  2 0.8860 0.1140 
        D377  2 0.6474 0.3526 
        D378  2 0.2734 0.7266 
        D379  2 0.5029 0.4971 
        D384  2 0.5657 0.4343 
        D385  2 0.0564 0.9436 
        D386  2 0.3160 0.6840 
        D391  2 0.0679 0.9321 
        D392  2 0.1451 0.8549 
        D393  2 0.3765 0.6235 
        D394  2 0.4206 0.5794 
        D395  2 0.2464 0.7536 
        D401  2 0.2447 0.7553 
        D402  2 0.0656 0.9344 
        D403  2 0.1798 0.8202 
        D415  2 0.0832 0.9168 
        D435  2 0.0992 0.9008 
        D436  2 0.6062 0.3938 
        D438  2 0.0268 0.9732 
        D439  2 0.2554 0.7446 
        D449  2 0.0335 0.9665 
        D450  2 0.8630 0.1370 
        D456  2 0.3465 0.6535 
        D462  2 0.0348 0.9652 
        D463  2 0.5064 0.4936 
        D464  2 0.4221 0.5779 
        D465  2 0.0649 0.9351 
        D473  2 0.8509 0.1491 
        D474  2 0.6324 0.3676 
        D476  2 0.0554 0.9446 
        D477  2 0.8112 0.1888 
        D478  2 0.7343 0.2657 
        D480  2 0.6292 0.3708 
        D481  2 0.6986 0.3014 
        D482  2 0.8490 0.1510 
        D483  2 0.1278 0.8722 
        D484  2 0.6835 0.3165 
        D510  2 0.9381 0.0619 
        D511  2 0.4190 0.5810 
        D512  2 0.1290 0.8710 
        D513  2 0.1570 0.8430 
        D635  2 0.2231 0.7769 
        D636  2 0.0376 0.9624 
        D637  2 0.4524 0.5476 
        D658  2 0.4978 0.5022 
        D659  2 0.2854 0.7146 
        D677  2 0.3636 0.6364 
        D678  2 0.1536 0.8464 
        D679  2 0.5150 0.4850 
        D719  2 0.8963 0.1037 
        D720  2 0.6384 0.3616 
        D721  2 0.0579 0.9421 
        D722  2 0.8635 0.1365 
        D734  2 0.8773 0.1227 
        D735  2 0.4844 0.5156 
        D736  2 0.7764 0.2236 
        D737  2 0.5527 0.4473 
        D807  2 0.8784 0.1216 
        D808  2 0.4732 0.5268 
        D817  2 0.7677 0.2323 
        D818  2 0.1866 0.8134 
        D819  2 0.6054 0.3946 
        D820  2 0.5544 0.4456 
        D895  2 0.1950 0.8050 
        D896  2 0.2872 0.7128 
        D897  2 0.1523 0.8477 
        D898  2 0.8556 0.1444 
        D918  2 0.2674 0.7326 
        D919  2 0.4040 0.5960 
        D920  2 0.0567 0.9433 
        D923  2 0.5097 0.4903 
        D930  2 0.7118 0.2882 
        D931  2 0.6604 0.3396 
        D968  2 0.0924 0.9076 
        D969  2 0.6845 0.3155 
        D977  2 0.0499 0.9501 
        D978  2 0.6367 0.3633 
        D211  3 0.1626 0.8374 
     D229639  3 0.8907 0.1093 
     D237212  3 0.4785 0.5215 
     D237213  3 0.2883 0.7117 
     D237214  3 0.0922 0.9078 
     D237215  3 0.7651 0.2349 
     D237216  3 0.0900 0.9100 
     D237217  3 0.0591 0.9409 
     D237218  3 0.4071 0.5929 
     D237219  3 0.6530 0.3470 
     D237382  3 0.6136 0.3864 
     D244127  3 0.1934 0.8066 
     D244129  3 0.5141 0.4859 
     D244133  3 0.4375 0.5625 
     D244134  3 0.8647 0.1353 
     D244135  3 0.0508 0.9492 
     D244136  3 0.7198 0.2802 
        D416  3 0.1995 0.8005 
        D417  3 0.3513 0.6487 
        D419  3 0.5765 0.4235 
        D565  3 0.9475 0.0525 
        D566  3 0.8953 0.1047 
        D567  3 0.3447 0.6553 
        D568  3 0.1750 0.8250 
        D569  3 0.2939 0.7061 
        D573  3 0.4355 0.5645 
        D574  3 0.8714 0.1286 
        D575  3 0.4725 0.5275 
        D576  3 0.3616 0.6384 
        D577  3 0.5821 0.4179 
        D578  3 0.0269 0.9731 
        D579  3 0.6769 0.3231 
        D660  3 0.1935 0.8065 
        D661  3 0.3369 0.6631 
        D663  3 0.6849 0.3151 
        D664  3 0.4867 0.5133 
        D665  3 0.1105 0.8895 
        D666  3 0.7008 0.2992 
        D009  4 0.2166 0.7834 
        D057  4 0.2577 0.7423 
        D109  4 0.4158 0.5842 
     D237222  4 0.1717 0.8283 
     D237223  4 0.2243 0.7757 
     D237224  4 0.6185 0.3815 
     D237225  4 0.2315 0.7685 
     D237299  4 0.1472 0.8528 
     D237300  4 0.8960 0.1040 
     D237306  4 0.7494 0.2506 
     D237307  4 0.6961 0.3039 
     D237308  4 0.3033 0.6967 
     D237309  4 0.2202 0.7798 
     D237317  4 0.8219 0.1781 
     D237318  4 0.8849 0.1151 
     D237319  4 0.4498 0.5502 
     D237320  4 0.2803 0.7197 
     D237321  4 0.7944 0.2056 
     D237397  4 0.5095 0.4905 
     D237398  4 0.5099 0.4901 
     D237399  4 0.8057 0.1943 
     D244001  4 0.0516 0.9484 
        D289  4 0.6798 0.3202 
        D290  4 0.7787 0.2213 
        D294  4 0.4429 0.5571 
        D295  4 0.6700 0.3300 
        D301  4 0.1101 0.8899 
        D302  4 0.4771 0.5229 
        D303  4 0.8141 0.1859 
        D304  4 0.9128 0.0872 
        D305  4 0.0569 0.9431 
        D306  4 0.8475 0.1525 
        D307  4 0.1232 0.8768 
        D327  4 0.6162 0.3838 
        D328  4 0.8539 0.1461 
        D329  4 0.3646 0.6354 
        D330  4 0.1614 0.8386 
        D331  4 0.8123 0.1877 
        D333  4 0.6464 0.3536 
        D334  4 0.8209 0.1791 
        D335  4 0.5926 0.4074 
        D370  4 0.7857 0.2143 
        D371  4 0.8852 0.1148 
        D372  4 0.7500 0.2500 
        D373  4 0.0474 0.9526 
        D455  4 0.0782 0.9218 
        D490  4 0.0414 0.9586 
        D497  4 0.0587 0.9413 
        D498  4 0.8205 0.1795 
        D499  4 0.7481 0.2519 
        D514  4 0.5652 0.4348 
        D515  4 0.1166 0.8834 
        D516  4 0.4491 0.5509 
        D517  4 0.0708 0.9292 
        D518  4 0.3262 0.6738 
        D519  4 0.0850 0.9150 
        D560  4 0.0961 0.9039 
        D561  4 0.0614 0.9386 
        D562  4 0.6126 0.3874 
        D563  4 0.1497 0.8503 
        D572  4 0.4501 0.5499 
        D629  4 0.4216 0.5784 
        D630  4 0.5968 0.4032 
        D631  4 0.5640 0.4360 
        D632  4 0.0572 0.9428 
        D646  4 0.0723 0.9277 
        D647  4 0.2609 0.7391 
        D648  4 0.7697 0.2303 
        D649  4 0.4249 0.5751 
        D650  4 0.6999 0.3001 
        D708  4 0.7928 0.2072 
        D709  4 0.8897 0.1103 
        D738  4 0.8030 0.1970 
        D739  4 0.3662 0.6338 
        D740  4 0.5504 0.4496 
        D741  4 0.0852 0.9148 
        D742  4 0.5240 0.4760 
        D743  4 0.5677 0.4323 
        D744  4 0.4024 0.5976 
        D745  4 0.0806 0.9194 
        D814  4 0.0571 0.9429 
        D815  4 0.7640 0.2360 
        D828  4 0.8754 0.1246 
        D845  4 0.8354 0.1646 
        D846  4 0.2541 0.7459 
        D847  4 0.6112 0.3888 
        D848  4 0.0614 0.9386 
        D849  4 0.0802 0.9198 
        D850  4 0.4662 0.5338 
        D856  4 0.6671 0.3329 
        D857  4 0.1952 0.8048 
        D859  4 0.7262 0.2738 
        D860  4 0.8891 0.1109 
        D883  4 0.6230 0.3770 
        D884  4 0.5693 0.4307 
        D885  4 0.1613 0.8387 
        D886  4 0.4077 0.5923 
        D887  4 0.6439 0.3561 
        D889  4 0.9363 0.0637 
        D890  4 0.7448 0.2552 
        D891  4 0.9069 0.0931 
        D899  4 0.7897 0.2103 
        D900  4 0.6215 0.3785 
        D970  4 0.6889 0.3111 
        D971  4 0.1427 0.8573 
        D979  4 0.6778 0.3222 
        D093  5 0.8900 0.1100 
        D154  5 0.4456 0.5544 
        D168  5 0.1965 0.8035 
        D189  5 0.8996 0.1004 
        D190  5 0.9292 0.0708 
     D237220  5 0.5709 0.4291 
     D237221  5 0.7960 0.2040 
     D237274  5 0.4787 0.5213 
     D237275  5 0.3867 0.6133 
     D237276  5 0.6414 0.3586 
     D237277  5 0.9008 0.0992 
     D237278  5 0.3884 0.6116 
     D237279  5 0.0857 0.9143 
     D237280  5 0.4494 0.5506 
     D237281  5 0.4681 0.5319 
     D237351  5 0.3593 0.6407 
     D237352  5 0.1653 0.8347 
     D237353  5 0.9621 0.0379 
     D237359  5 0.4972 0.5028 
     D237361  5 0.9414 0.0586 
     D237362  5 0.6333 0.3667 
     D237363  5 0.2035 0.7965 
     D237364  5 0.2335 0.7665 
     D237376  5 0.9000 0.1000 
     D237377  5 0.3667 0.6333 
     D237378  5 0.8832 0.1168 
     D237379  5 0.8387 0.1613 
     D237380  5 0.3934 0.6066 
     D237381  5 0.2595 0.7405 
     D237391  5 0.9072 0.0928 
     D237392  5 0.3570 0.6430 
     D237393  5 0.7612 0.2388 
     D237394  5 0.9121 0.0879 
     D237395  5 0.6382 0.3618 
     D237396  5 0.3606 0.6394 
     D244016  5 0.7286 0.2714 
     D244018  5 0.2304 0.7696 
     D244019  5 0.6334 0.3666 
        D279  5 0.4310 0.5690 
        D280  5 0.8452 0.1548 
        D281  5 0.7922 0.2078 
        D283  5 0.8866 0.1134 
        D284  5 0.2644 0.7356 
        D285  5 0.9094 0.0906 
        D286  5 0.8155 0.1845 
        D287  5 0.8805 0.1195 
        D288  5 0.9058 0.0942 
        D308  5 0.2226 0.7774 
        D309  5 0.1916 0.8084 
        D310  5 0.9278 0.0722 
        D311  5 0.8180 0.1820 
        D312  5 0.8609 0.1391 
        D313  5 0.0908 0.9092 
        D314  5 0.4077 0.5923 
        D315  5 0.8115 0.1885 
        D317  5 0.9369 0.0631 
        D318  5 0.4859 0.5141 
        D319  5 0.9479 0.0521 
        D320  5 0.9598 0.0402 
        D321  5 0.3927 0.6073 
        D336  5 0.9598 0.0402 
        D337  5 0.9686 0.0314 
        D338  5 0.6313 0.3687 
        D339  5 0.8443 0.1557 
        D347  5 0.8349 0.1651 
        D348  5 0.9523 0.0477 
        D349  5 0.2927 0.7073 
        D350  5 0.2577 0.7423 
        D355  5 0.5198 0.4802 
        D356  5 0.8636 0.1364 
        D357  5 0.8176 0.1824 
        D358  5 0.7461 0.2539 
        D359  5 0.9273 0.0727 
        D360  5 0.9019 0.0981 
        D361  5 0.2253 0.7747 
        D366  5 0.0999 0.9001 
        D367  5 0.9057 0.0943 
        D368  5 0.7427 0.2573 
        D380  5 0.2678 0.7322 
        D381  5 0.8952 0.1048 
        D400  5 0.8746 0.1254 
        D411  5 0.0420 0.9580 
        D412  5 0.6272 0.3728 
        D413  5 0.0586 0.9414 
        D414  5 0.3818 0.6182 
        D420  5 0.7490 0.2510 
        D431  5 0.8297 0.1703 
        D432  5 0.8005 0.1995 
        D433  5 0.9147 0.0853 
        D434  5 0.8747 0.1253 
        D440  5 0.1937 0.8063 
        D447  5 0.1180 0.8820 
        D448  5 0.9340 0.0660 
        D459  5 0.6650 0.3350 
        D460  5 0.2700 0.7300 
        D461  5 0.4123 0.5877 
        D468  5 0.5615 0.4385 
        D469  5 0.6026 0.3974 
        D470  5 0.3540 0.6460 
        D471  5 0.9402 0.0598 
        D472  5 0.4300 0.5700 
        D479  5 0.0976 0.9024 
        D485  5 0.7266 0.2734 
        D486  5 0.4546 0.5454 
        D487  5 0.8648 0.1352 
        D555  5 0.9213 0.0787 
        D556  5 0.9061 0.0939 
        D557  5 0.9300 0.0700 
        D564  5 0.8374 0.1626 
        D594  5 0.5298 0.4702 
        D595  5 0.7598 0.2402 
        D596  5 0.9418 0.0582 
        D597  5 0.7365 0.2635 
        D598  5 0.7207 0.2793 
        D617  5 0.0553 0.9447 
        D618  5 0.8881 0.1119 
        D619  5 0.5733 0.4267 
        D620  5 0.0851 0.9149 
        D628  5 0.5356 0.4644 
        D714  5 0.9267 0.0733 
        D715  5 0.9198 0.0802 
        D716  5 0.8009 0.1991 
        D717  5 0.7391 0.2609 
        D718  5 0.5514 0.4486 
        D769  5 0.0613 0.9387 
        D770  5 0.5927 0.4073 
        D771  5 0.5802 0.4198 
        D772  5 0.8696 0.1304 
        D782  5 0.1239 0.8761 
        D783  5 0.5274 0.4726 
        D784  5 0.6822 0.3178 
        D785  5 0.8983 0.1017 
        D786  5 0.1027 0.8973 
        D821  5 0.9742 0.0258 
        D822  5 0.7318 0.2682 
        D826  5 0.8126 0.1874 
        D827  5 0.3725 0.6275 
        D851  5 0.5622 0.4378 
        D852  5 0.7765 0.2235 
        D853  5 0.8733 0.1267 
        D854  5 0.4805 0.5195 
        D861  5 0.5897 0.4103 
        D862  5 0.8260 0.1740 
        D865  5 0.9261 0.0739 
        D868  5 0.6680 0.3320 
        D869  5 0.0453 0.9547 
        D870  5 0.0497 0.9503 
        D907  5 0.8467 0.1533 
        D908  5 0.8860 0.1140 
        D910  5 0.8933 0.1067 
        D911  5 0.6613 0.3387 
        D934  5 0.6727 0.3273 
        D946  5 0.8180 0.1820 
        D947  5 0.6982 0.3018 
        D948  5 0.3394 0.6606 
        D949  5 0.3223 0.6777 
        D950  5 0.5870 0.4130 
        D951  5 0.4402 0.5598 
        D952  5 0.8347 0.1653 
        D953  5 0.9431 0.0569 
        D954  5 0.8715 0.1285 
        D961  5 0.7761 0.2239 
        D962  5 0.9529 0.0471 
        D963  5 0.8196 0.1804 
        D964  5 0.6086 0.3914 
        D965  5 0.6454 0.3546 
        D966  5 0.8562 0.1438 
        D967  5 0.7656 0.2344 
        D991  5 0.6254 0.3746 
        D502  6 0.1800 0.8200 
        D503  6 0.1627 0.8373 
        D504  6 0.5500 0.4500 
        D505  6 0.6626 0.3374 
        D506  6 0.9348 0.0652 
        D507  6 0.4047 0.5953 
        D508  6 0.7440 0.2560 
        D529  6 0.6487 0.3513 
        D530  6 0.6207 0.3793 
        D531  6 0.6736 0.3264 
        D532  6 0.7164 0.2836 
        D534  6 0.1011 0.8989 
        D535  6 0.7599 0.2401 
        D536  6 0.0288 0.9712 
        D554  6 0.6910 0.3090 
        D587  6 0.8588 0.1412 
        D588  6 0.6614 0.3386 
        D589  6 0.4604 0.5396 
        D590  6 0.0631 0.9369 
        D591  6 0.6395 0.3605 
        D592  6 0.1518 0.8482 
        D593  6 0.7523 0.2477 
        D682  6 0.8919 0.1081 
        D683  6 0.7940 0.2060 
        D684  6 0.0799 0.9201 
        D685  6 0.3191 0.6809 
        D686  6 0.8323 0.1677 
        D724  6 0.4505 0.5495 
        D725  6 0.5737 0.4263 
        D726  6 0.9041 0.0959 
        D727  6 0.1563 0.8437 
        D728  6 0.8045 0.1955 
        D729  6 0.0449 0.9551 
        D730  6 0.3656 0.6344 
        D731  6 0.9035 0.0965 
        D732  6 0.5196 0.4804 
        D733  6 0.6464 0.3536 
     D237251  7 0.8713 0.1287 
     D237252  7 0.2377 0.7623 
     D237253  7 0.7928 0.2072 
     D237254  7 0.0258 0.9742 
     D237255  7 0.8233 0.1767 
     D237256  7 0.5865 0.4135 
     D237257  7 0.2832 0.7168 
     D237282  7 0.2475 0.7525 
     D237283  7 0.0858 0.9142 
     D237284  7 0.0428 0.9572 
     D237285  7 0.6915 0.3085 
     D237286  7 0.7714 0.2286 
     D237287  7 0.4117 0.5883 
     D244006  7 0.0326 0.9674 
     D244007  7 0.0953 0.9047 
     D244008  7 0.1235 0.8765 
     D244009  7 0.4947 0.5053 
     D244010  7 0.4197 0.5803 
     D244011  7 0.7371 0.2629 
     D244012  7 0.3148 0.6852 
     D244013  7 0.8335 0.1665 
     D244014  7 0.3696 0.6304 
     D244015  7 0.0979 0.9021 
     D244125  7 0.8537 0.1463 
     D244126  7 0.0337 0.9663 
     D244130  7 0.5712 0.4288 
     D244131  7 0.6431 0.3569 
     D244132  7 0.9039 0.0961 
        D520  7 0.6437 0.3563 
        D521  7 0.5739 0.4261 
        D522  7 0.1588 0.8412 
        D523  7 0.6377 0.3623 
        D524  7 0.7594 0.2406 
        D525  7 0.2371 0.7629 
        D526  7 0.0329 0.9671 
        D527  7 0.6391 0.3609 
        D528  7 0.0229 0.9771 
        D558  7 0.2091 0.7909 
        D559  7 0.2624 0.7376 
        D640  7 0.8575 0.1425 
        D641  7 0.7868 0.2132 
        D642  7 0.1492 0.8508 
        D644  7 0.6720 0.3280 
        D645  7 0.5214 0.4786 
        D662  7 0.4660 0.5340 
        D687  7 0.6302 0.3698 
        D688  7 0.2141 0.7859 
        D689  7 0.8362 0.1638 
        D700  7 0.0202 0.9798 
        D797  7 0.6981 0.3019 
        D798  7 0.3017 0.6983 
        D799  7 0.6870 0.3130 
        D800  7 0.1685 0.8315 
        D132  8 0.0514 0.9486 
        D133  8 0.0336 0.9664 
        D200  8 0.8103 0.1897 
        D500  8 0.0509 0.9491 
        D614  8 0.8498 0.1502 
        D723  8 0.2501 0.7499 
        D888  8 0.9030 0.0970 
        D901  8 0.2207 0.7793 
        D902  8 0.8478 0.1522 
        D903  8 0.7367 0.2633 
        D904  8 0.5454 0.4546 
        D905  8 0.9662 0.0338 
        D906  8 0.2503 0.7497 
        D937  8 0.9088 0.0912 
        D943  8 0.3181 0.6819 
        D972  8 0.1873 0.8127 
        D973  8 0.4342 0.5658 
        D974  8 0.5868 0.4132 
        D975  8 0.7994 0.2006 
        D976  8 0.5797 0.4203 
        D201  9 0.2590 0.7410 
        D202  9 0.5749 0.4251 
     D237259  9 0.0480 0.9520 
     D237260  9 0.3413 0.6587 
     D237262  9 0.0974 0.9026 
     D237263  9 0.3291 0.6709 
     D237264  9 0.3981 0.6019 
     D237265  9 0.5113 0.4887 
     D237266  9 0.1138 0.8862 
     D237267  9 0.4977 0.5023 
     D237268  9 0.4438 0.5562 
     D237289  9 0.5549 0.4451 
     D237290  9 0.4667 0.5333 
     D237291  9 0.3404 0.6596 
     D237292  9 0.0653 0.9347 
     D237293  9 0.5396 0.4604 
     D237294  9 0.3183 0.6817 
     D237295  9 0.7257 0.2743 
     D237296  9 0.7002 0.2998 
     D237297  9 0.8342 0.1658 
     D237298  9 0.4443 0.5557 
     D237341  9 0.5821 0.4179 
     D237342  9 0.3305 0.6695 
     D237343  9 0.2673 0.7327 
     D237344  9 0.7906 0.2094 
     D237345  9 0.0379 0.9621 
     D237346  9 0.5699 0.4301 
     D237347  9 0.8685 0.1315 
     D237348  9 0.4995 0.5005 
     D237349  9 0.0437 0.9563 
     D244109  9 0.0612 0.9388 
     D244110  9 0.2460 0.7540 
     D244111  9 0.5532 0.4468 
     D244128  9 0.1309 0.8691 
     D244137  9 0.2875 0.7125 
     D244138  9 0.6548 0.3452 
        D580  9 0.1422 0.8578 
        D581  9 0.2089 0.7911 
        D582  9 0.1406 0.8594 
        D583  9 0.1214 0.8786 
        D584  9 0.5660 0.4340 
        D585  9 0.2206 0.7794 
        D586  9 0.8581 0.1419 
        D651  9 0.5508 0.4492 
        D652  9 0.0809 0.9191 
        D653  9 0.6091 0.3909 
        D654  9 0.0873 0.9127 
        D655  9 0.8388 0.1612 
        D656  9 0.0559 0.9441 
        D657  9 0.3182 0.6818 
        D667  9 0.9007 0.0993 
        D668  9 0.6648 0.3352 
        D669  9 0.4712 0.5288 
        D670  9 0.1787 0.8213 
        D671  9 0.2458 0.7542 
        D672  9 0.1503 0.8497 
        D673  9 0.7149 0.2851 
        D692  9 0.0441 0.9559 
        D693  9 0.5976 0.4024 
        D694  9 0.1944 0.8056 
        D695  9 0.4733 0.5267 
        D696  9 0.9681 0.0319 
        D697  9 0.7093 0.2907 
        D698  9 0.4478 0.5522 
        D699  9 0.7674 0.2326 
        D787  9 0.2358 0.7642 
        D788  9 0.6796 0.3204 
        D789  9 0.4796 0.5204 
        D790  9 0.3021 0.6979 
        D791  9 0.7436 0.2564 
        D792  9 0.1472 0.8528 
        D793  9 0.8586 0.1414 
        D794  9 0.5742 0.4258 
        D795  9 0.4260 0.5740 
        D796  9 0.7372 0.2628 
        D142 10 0.8170 0.1830 
        D143 10 0.0944 0.9056 
        D144 10 0.6325 0.3675 
        D145 10 0.7378 0.2622 
        D146 10 0.3164 0.6836 
        D147 10 0.2390 0.7610 
        D148 10 0.1896 0.8104 
        D149 10 0.1683 0.8317 
        D151 10 0.2087 0.7913 
        D152 10 0.1647 0.8353 
        D153 10 0.8338 0.1662 
        D156 10 0.5555 0.4445 
        D157 10 0.8315 0.1685 
        D158 10 0.7374 0.2626 
        D159 10 0.0837 0.9163 
        D160 10 0.9606 0.0394 
        D161 10 0.5499 0.4501 
        D162 10 0.7495 0.2505 
        D169 10 0.0734 0.9266 
        D170 10 0.1078 0.8922 
        D171 10 0.6357 0.3643 
        D172 10 0.4921 0.5079 
        D173 10 0.0298 0.9702 
        D181 10 0.8293 0.1707 
        D182 10 0.1513 0.8487 
        D183 10 0.9213 0.0787 
        D184 10 0.0294 0.9706 
        D185 10 0.4865 0.5135 
        D186 10 0.0341 0.9659 
        D194 10 0.2412 0.7588 
        D195 10 0.7296 0.2704 
        D196 10 0.7634 0.2366 
        D197 10 0.0526 0.9474 
        D198 10 0.6270 0.3730 
     D237226 10 0.6430 0.3570 
     D237232 10 0.9043 0.0957 
     D237233 10 0.6304 0.3696 
     D237234 10 0.8066 0.1934 
     D237354 10 0.8959 0.1041 
     D237355 10 0.8581 0.1419 
     D237356 10 0.7085 0.2915 
     D237357 10 0.1517 0.8483 
     D237358 10 0.0576 0.9424 
     D237369 10 0.0329 0.9671 
     D237370 10 0.8033 0.1967 
     D237371 10 0.4464 0.5536 
     D237372 10 0.0521 0.9479 
     D237373 10 0.8907 0.1093 
     D237374 10 0.9311 0.0689 
     D237375 10 0.3073 0.6927 
     D237400 10 0.1900 0.8100 
     D244002 10 0.0486 0.9514 
     D244003 10 0.9234 0.0766 
     D244004 10 0.9359 0.0641 
     D244005 10 0.3707 0.6293 
     D244020 10 0.8066 0.1934 
     D244021 10 0.1056 0.8944 
     D244116 10 0.2301 0.7699 
     D244117 10 0.8921 0.1079 
     D244121 10 0.7515 0.2485 
     D244123 10 0.8661 0.1339 
     D244124 10 0.1541 0.8459 
        D332 10 0.5176 0.4824 
        D570 10 0.8901 0.1099 
        D602 10 0.2386 0.7614 
        D603 10 0.7657 0.2343 
        D604 10 0.4134 0.5866 
        D605 10 0.7107 0.2893 
        D606 10 0.2566 0.7434 
        D607 10 0.3610 0.6390 
        D608 10 0.0362 0.9638 
        D609 10 0.9002 0.0998 
        D610 10 0.7430 0.2570 
        D611 10 0.9742 0.0258 
        D613 10 0.7570 0.2430 
        D633 10 0.4189 0.5811 
        D634 10 0.6676 0.3324 
        D638 10 0.3479 0.6521 
        D681 10 0.5707 0.4293 
        D754 10 0.5871 0.4129 
        D755 10 0.7642 0.2358 
        D756 10 0.7371 0.2629 
        D757 10 0.5606 0.4394 
        D758 10 0.5139 0.4861 
        D759 10 0.8398 0.1602 
        D760 10 0.7711 0.2289 
        D761 10 0.9095 0.0905 
        D762 10 0.5349 0.4651 
        D775 10 0.9142 0.0858 
        D776 10 0.7409 0.2591 
        D777 10 0.8526 0.1474 
        D778 10 0.4049 0.5951 
        D779 10 0.6966 0.3034 
        D780 10 0.7333 0.2667 
        D781 10 0.3055 0.6945 
        D858 10 0.1357 0.8643 
        D933 10 0.7621 0.2379 
        D038 11 0.8813 0.1187 
        D063 11 0.7789 0.2211 
        D155 11 0.8399 0.1601 
        D175 11 0.5844 0.4156 
        D176 11 0.3933 0.6067 
        D205 11 0.8163 0.1837 
     D237229 11 0.0990 0.9010 
     D237230 11 0.0448 0.9552 
     D237231 11 0.4917 0.5083 
     D237269 11 0.4767 0.5233 
     D237270 11 0.2180 0.7820 
     D237271 11 0.8243 0.1757 
     D237272 11 0.1409 0.8591 
     D237273 11 0.8766 0.1234 
     D237301 11 0.7765 0.2235 
     D237302 11 0.2288 0.7712 
     D237303 11 0.0621 0.9379 
     D237304 11 0.6024 0.3976 
     D237305 11 0.1903 0.8097 
     D237314 11 0.8815 0.1185 
     D237315 11 0.2163 0.7837 
     D237316 11 0.6640 0.3360 
     D237328 11 0.4842 0.5158 
     D237329 11 0.3504 0.6496 
     D237330 11 0.9400 0.0600 
     D237331 11 0.8381 0.1619 
     D237332 11 0.6728 0.3272 
     D237333 11 0.8613 0.1387 
     D237334 11 0.5319 0.4681 
     D237335 11 0.7367 0.2633 
     D237336 11 0.7363 0.2637 
     D237350 11 0.7842 0.2158 
     D237383 11 0.5500 0.4500 
     D237384 11 0.6134 0.3866 
     D237385 11 0.6168 0.3832 
     D237386 11 0.6547 0.3453 
     D237387 11 0.4340 0.5660 
     D237388 11 0.8917 0.1083 
        D239 11 0.8291 0.1709 
        D240 11 0.3321 0.6679 
        D241 11 0.1979 0.8021 
        D242 11 0.6396 0.3604 
        D243 11 0.8212 0.1788 
        D244 11 0.9193 0.0807 
        D245 11 0.1455 0.8545 
        D246 11 0.7794 0.2206 
        D247 11 0.2123 0.7877 
        D248 11 0.6219 0.3781 
        D249 11 0.5696 0.4304 
        D250 11 0.7648 0.2352 
        D251 11 0.8461 0.1539 
        D252 11 0.5139 0.4861 
        D253 11 0.8216 0.1784 
        D254 11 0.0307 0.9693 
        D255 11 0.8306 0.1694 
        D256 11 0.7387 0.2613 
        D257 11 0.1963 0.8037 
        D258 11 0.2683 0.7317 
        D259 11 0.1150 0.8850 
        D260 11 0.3451 0.6549 
        D261 11 0.8063 0.1937 
        D262 11 0.2330 0.7670 
        D263 11 0.7923 0.2077 
        D264 11 0.1253 0.8747 
        D265 11 0.1866 0.8134 
        D266 11 0.7778 0.2222 
        D267 11 0.7993 0.2007 
        D268 11 0.9148 0.0852 
        D269 11 0.8042 0.1958 
        D270 11 0.5168 0.4832 
        D271 11 0.6879 0.3121 
        D272 11 0.7619 0.2381 
        D273 11 0.1470 0.8530 
        D274 11 0.7865 0.2135 
        D275 11 0.7339 0.2661 
        D276 11 0.8925 0.1075 
        D277 11 0.6248 0.3752 
        D278 11 0.7330 0.2670 
        D282 11 0.1057 0.8943 
        D296 11 0.8449 0.1551 
        D297 11 0.7538 0.2462 
        D298 11 0.7984 0.2016 
        D299 11 0.8760 0.1240 
        D300 11 0.6691 0.3309 
        D382 11 0.8479 0.1521 
        D383 11 0.7344 0.2656 
        D387 11 0.7529 0.2471 
        D388 11 0.5712 0.4288 
        D389 11 0.8759 0.1241 
        D390 11 0.7108 0.2892 
        D396 11 0.4436 0.5564 
        D397 11 0.0851 0.9149 
        D398 11 0.7902 0.2098 
        D399 11 0.2564 0.7436 
        D437 11 0.0867 0.9133 
        D441 11 0.9104 0.0896 
        D442 11 0.7105 0.2895 
        D443 11 0.9436 0.0564 
        D444 11 0.6137 0.3863 
        D445 11 0.3777 0.6223 
        D446 11 0.0646 0.9354 
        D451 11 0.6161 0.3839 
        D452 11 0.5269 0.4731 
        D453 11 0.6352 0.3648 
        D454 11 0.2253 0.7747 
        D457 11 0.6796 0.3204 
        D458 11 0.8883 0.1117 
        D466 11 0.0643 0.9357 
        D467 11 0.8369 0.1631 
        D475 11 0.0596 0.9404 
        D488 11 0.5683 0.4317 
        D489 11 0.1518 0.8482 
        D493 11 0.1645 0.8355 
        D494 11 0.6474 0.3526 
        D495 11 0.1778 0.8222 
        D496 11 0.8133 0.1867 
        D674 11 0.7254 0.2746 
        D675 11 0.8550 0.1450 
        D676 11 0.6491 0.3509 
        D680 11 0.8390 0.1610 
        D701 11 0.4077 0.5923 
        D702 11 0.1413 0.8587 
        D703 11 0.5846 0.4154 
        D704 11 0.6706 0.3294 
        D705 11 0.0258 0.9742 
        D706 11 0.3011 0.6989 
        D707 11 0.4349 0.5651 
        D751 11 0.7029 0.2971 
        D752 11 0.7934 0.2066 
        D753 11 0.1074 0.8926 
        D773 11 0.0445 0.9555 
        D774 11 0.6375 0.3625 
        D801 11 0.6684 0.3316 
        D802 11 0.1566 0.8434 
        D803 11 0.9237 0.0763 
        D804 11 0.3592 0.6408 
        D805 11 0.6375 0.3625 
        D806 11 0.1644 0.8356 
        D809 11 0.7337 0.2663 
        D810 11 0.9480 0.0520 
        D812 11 0.4210 0.5790 
        D813 11 0.7888 0.2112 
        D823 11 0.8162 0.1838 
        D824 11 0.4556 0.5444 
        D829 11 0.4753 0.5247 
        D830 11 0.1353 0.8647 
        D831 11 0.4802 0.5198 
        D832 11 0.1762 0.8238 
        D833 11 0.9164 0.0836 
        D834 11 0.8718 0.1282 
        D835 11 0.5081 0.4919 
        D855 11 0.7074 0.2926 
        D863 11 0.8894 0.1106 
        D864 11 0.7852 0.2148 
        D878 11 0.8570 0.1430 
        D879 11 0.3001 0.6999 
        D880 11 0.7355 0.2645 
        D881 11 0.9406 0.0594 
        D882 11 0.2820 0.7180 
        D909 11 0.6514 0.3486 
        D921 11 0.8902 0.1098 
        D924 11 0.7980 0.2020 
        D935 11 0.7209 0.2791 
        D940 11 0.7659 0.2341 
        D941 11 0.8483 0.1517 
        D942 11 0.1840 0.8160 
        D980 11 0.5291 0.4709 
        D981 11 0.3484 0.6516 
        D982 11 0.1236 0.8764 
        D983 11 0.8866 0.1134 
        D984 11 0.7308 0.2692 
        D992 11 0.1636 0.8364 
        D993 11 0.8043 0.1957 
        D994 11 0.6953 0.3047 
        D995 11 0.4428 0.5572 
        H354 11 0.2167 0.7833 
        D005 12 0.2507 0.7493 
        D035 12 0.5446 0.4554 
        D067 12 0.6912 0.3088 
        D134 12 0.7001 0.2999 
        D135 12 0.2961 0.7039 
        D136 12 0.2848 0.7152 
        D137 12 0.3054 0.6946 
        D138 12 0.5335 0.4665 
        D139 12 0.7295 0.2705 
        D140 12 0.4028 0.5972 
        D141 12 0.0311 0.9689 
        D150 12 0.2564 0.7436 
        D177 12 0.4143 0.5857 
        D178 12 0.3626 0.6374 
        D179 12 0.1886 0.8114 
        D180 12 0.1968 0.8032 
        D187 12 0.6655 0.3345 
        D188 12 0.0333 0.9667 
        D191 12 0.0526 0.9474 
        D418 12 0.0503 0.9497 
        D601 12 0.1202 0.8798 
        D836 12 0.0883 0.9117 
        D837 12 0.6755 0.3245 
        D838 12 0.9045 0.0955 
        D839 12 0.2418 0.7582 
        D840 12 0.6970 0.3030 
        D841 12 0.4896 0.5104 
        D842 12 0.0713 0.9287 
        D843 12 0.7742 0.2258 
        D844 12 0.0609 0.9391 
        D912 12 0.8705 0.1295 
        D913 12 0.1045 0.8955 
        D914 12 0.9181 0.0819 
        D922 12 0.8541 0.1459 
        D939 12 0.5259 0.4741 
        D944 12 0.0336 0.9664 
        D945 12 0.7390 0.2610 
        D985 12 0.1827 0.8173 
        D986 12 0.2182 0.7818 
        D987 12 0.8375 0.1625 
        D988 12 0.7901 0.2099 
        D996 12 0.7950 0.2050 
        D997 12 0.7863 0.2137 
        D998 12 0.2767 0.7233 
        D999 12 0.5650 0.4350 
