        D174  1 0.0602 0.0522 0.1655 0.0381 0.1018 0.5822 
        D199  1 0.1082 0.1905 0.0773 0.0989 0.4221 0.1029 
        D203  1 0.0977 0.2278 0.1445 0.1083 0.2663 0.1554 
        D204  1 0.0953 0.0787 0.0311 0.0249 0.7455 0.0245 
     D237366  1 0.1111 0.0648 0.6221 0.0778 0.0844 0.0399 
     D237367  1 0.0847 0.1996 0.3228 0.0487 0.2999 0.0443 
     D237368  1 0.0649 0.1690 0.4180 0.0458 0.1532 0.1491 
     D244101  1 0.2228 0.1940 0.0275 0.0928 0.4383 0.0245 
     D244102  1 0.3062 0.0956 0.1859 0.1289 0.1504 0.1331 
     D244103  1 0.0923 0.0617 0.3858 0.1165 0.2744 0.0694 
     D244104  1 0.0235 0.0678 0.0475 0.0897 0.6140 0.1576 
     D244105  1 0.0445 0.0301 0.5697 0.0520 0.2675 0.0361 
     D244106  1 0.0756 0.1720 0.0599 0.2000 0.0959 0.3966 
     D244107  1 0.0616 0.4295 0.3046 0.0301 0.0997 0.0744 
     D244108  1 0.0604 0.0460 0.0462 0.0518 0.0843 0.7113 
     D244113  1 0.4998 0.0486 0.0359 0.0373 0.0317 0.3467 
     D244114  1 0.1321 0.1557 0.1620 0.2232 0.1822 0.1450 
     D244115  1 0.0367 0.0295 0.0589 0.0613 0.1333 0.6804 
     D267365  1 0.0764 0.0430 0.0807 0.1781 0.4903 0.1315 
        D404  1 0.5035 0.0683 0.0330 0.0406 0.0254 0.3291 
        D405  1 0.4992 0.1467 0.0557 0.0463 0.0996 0.1525 
        D406  1 0.0418 0.0200 0.7434 0.0280 0.1052 0.0616 
        D407  1 0.0280 0.4384 0.1206 0.0255 0.3537 0.0338 
        D408  1 0.0815 0.0326 0.0327 0.2660 0.0694 0.5177 
        D409  1 0.0865 0.0508 0.3710 0.2083 0.2137 0.0698 
        D410  1 0.0365 0.0203 0.0699 0.0201 0.0987 0.7545 
        D421  1 0.0150 0.1305 0.0230 0.0279 0.7758 0.0278 
        D422  1 0.0159 0.0668 0.7952 0.0380 0.0646 0.0196 
        D423  1 0.0257 0.2056 0.1132 0.0155 0.0771 0.5628 
        D424  1 0.0297 0.0330 0.1034 0.0224 0.7748 0.0369 
        D425  1 0.0867 0.0383 0.0362 0.0722 0.5696 0.1970 
        D426  1 0.0318 0.0799 0.2946 0.3416 0.2244 0.0277 
        D427  1 0.0178 0.5624 0.0367 0.0504 0.1873 0.1454 
        D428  1 0.1512 0.1385 0.0929 0.0582 0.3114 0.2477 
        D429  1 0.1155 0.0776 0.0788 0.0896 0.4132 0.2254 
        D430  1 0.0950 0.1750 0.1283 0.3194 0.1584 0.1239 
        D491  1 0.0657 0.0275 0.0286 0.0944 0.1638 0.6198 
        D492  1 0.1718 0.2257 0.1337 0.0550 0.2540 0.1598 
        D537  1 0.0809 0.0595 0.0555 0.0183 0.7450 0.0407 
        D538  1 0.1621 0.1656 0.2594 0.0542 0.0780 0.2807 
        D539  1 0.1247 0.0581 0.1193 0.4699 0.0633 0.1647 
        D540  1 0.0618 0.0817 0.1466 0.1261 0.4379 0.1460 
        D541  1 0.0185 0.0595 0.0306 0.0290 0.8288 0.0335 
        D551  1 0.0361 0.4682 0.0941 0.2436 0.1185 0.0395 
        D552  1 0.0442 0.0508 0.1625 0.1923 0.2662 0.2840 
        D553  1 0.0160 0.0204 0.0293 0.0359 0.8726 0.0257 
        D615  1 0.0544 0.1456 0.1152 0.1693 0.3151 0.2004 
        D616  1 0.0293 0.3724 0.1138 0.0824 0.2428 0.1593 
        D621  1 0.3002 0.0569 0.3019 0.0608 0.0333 0.2469 
        D622  1 0.0496 0.0426 0.6626 0.0746 0.0844 0.0862 
        D623  1 0.5112 0.1388 0.0281 0.0412 0.0385 0.2421 
        D624  1 0.0198 0.0266 0.0550 0.0655 0.0655 0.7677 
        D625  1 0.0438 0.0357 0.0973 0.0336 0.6886 0.1010 
        D626  1 0.0580 0.0496 0.1456 0.1115 0.1204 0.5150 
        D627  1 0.0258 0.0403 0.3091 0.3603 0.2400 0.0244 
        D690  1 0.0284 0.0170 0.0633 0.0298 0.6612 0.2004 
        D691  1 0.0238 0.0314 0.7613 0.0411 0.0886 0.0538 
        D710  1 0.1431 0.1209 0.0973 0.0698 0.3339 0.2350 
        D711  1 0.0882 0.0579 0.0790 0.0351 0.6727 0.0671 
        D712  1 0.1302 0.0530 0.0993 0.2130 0.0720 0.4325 
        D713  1 0.3746 0.0423 0.0624 0.0363 0.2772 0.2073 
        D746  1 0.0213 0.0498 0.7735 0.0359 0.0887 0.0308 
        D747  1 0.0248 0.0638 0.0225 0.0281 0.8314 0.0294 
        D748  1 0.0523 0.0347 0.3565 0.0451 0.4342 0.0772 
        D749  1 0.1748 0.1749 0.3212 0.0600 0.0458 0.2232 
        D750  1 0.0477 0.0336 0.0373 0.0490 0.1400 0.6923 
        D763  1 0.1201 0.1751 0.1010 0.3208 0.2460 0.0370 
        D764  1 0.0167 0.0302 0.0656 0.0391 0.5057 0.3426 
        D765  1 0.0262 0.0231 0.1648 0.0507 0.0501 0.6852 
        D766  1 0.1188 0.0677 0.2352 0.0379 0.3292 0.2112 
        D767  1 0.4916 0.1244 0.1784 0.0347 0.1201 0.0508 
        D768  1 0.0153 0.0293 0.0325 0.0209 0.8827 0.0192 
        D811  1 0.2613 0.0507 0.0396 0.0615 0.0441 0.5428 
        D816  1 0.0318 0.0280 0.0338 0.0233 0.8456 0.0375 
        D825  1 0.0939 0.0321 0.0573 0.0551 0.1573 0.6043 
        D866  1 0.0361 0.1152 0.0396 0.5288 0.0514 0.2289 
        D867  1 0.0850 0.0729 0.7463 0.0204 0.0387 0.0367 
        D871  1 0.0748 0.0361 0.3217 0.2661 0.2509 0.0504 
        D872  1 0.1955 0.0864 0.1451 0.0402 0.3924 0.1405 
        D873  1 0.1272 0.0540 0.0490 0.0131 0.0140 0.7427 
        D874  1 0.5528 0.0393 0.0266 0.0819 0.2211 0.0782 
        D875  1 0.0629 0.0300 0.5151 0.1536 0.1947 0.0436 
        D876  1 0.0584 0.0227 0.0755 0.1032 0.6514 0.0888 
        D877  1 0.6578 0.0496 0.0229 0.0313 0.0542 0.1843 
        D892  1 0.0883 0.0256 0.2782 0.0355 0.4317 0.1406 
        D893  1 0.0412 0.0497 0.1337 0.1126 0.6305 0.0323 
        D894  1 0.0481 0.0574 0.1125 0.1061 0.5584 0.1174 
        D915  1 0.0338 0.0571 0.1428 0.0552 0.5435 0.1676 
        D916  1 0.0165 0.0246 0.0372 0.0209 0.8492 0.0515 
        D917  1 0.1972 0.1194 0.0792 0.1114 0.2728 0.2200 
        D925  1 0.0216 0.0237 0.0602 0.0452 0.1603 0.6890 
        D926  1 0.0651 0.0432 0.1070 0.0541 0.6053 0.1253 
        D927  1 0.0519 0.2400 0.0780 0.1199 0.4670 0.0432 
        D928  1 0.0587 0.0258 0.0159 0.0266 0.0900 0.7829 
        D929  1 0.6412 0.0313 0.1551 0.0631 0.0473 0.0619 
        D936  1 0.1372 0.0943 0.0358 0.0962 0.5923 0.0442 
        D938  1 0.0391 0.0275 0.7888 0.0310 0.0690 0.0445 
        D956  1 0.0909 0.0611 0.0466 0.0706 0.0405 0.6902 
        D957  1 0.1935 0.0587 0.1932 0.0272 0.3028 0.2246 
        D958  1 0.0960 0.0375 0.1188 0.0417 0.4456 0.2605 
        D959  1 0.0188 0.4122 0.1009 0.0245 0.4110 0.0327 
        D960  1 0.1241 0.0364 0.6551 0.0307 0.0443 0.1095 
        D989  1 0.0689 0.1102 0.0628 0.2953 0.1616 0.3012 
        D990  1 0.0229 0.0532 0.1647 0.1285 0.0238 0.6068 
        D023  2 0.0209 0.1082 0.6501 0.0288 0.1625 0.0294 
        D130  2 0.0536 0.0470 0.7749 0.0201 0.0814 0.0230 
        D131  2 0.0561 0.0744 0.0860 0.2564 0.4885 0.0386 
        D163  2 0.0338 0.0337 0.6777 0.0482 0.1359 0.0707 
        D164  2 0.0281 0.6997 0.0360 0.0172 0.0240 0.1949 
        D165  2 0.0281 0.1083 0.6971 0.0388 0.0911 0.0367 
        D166  2 0.4659 0.0869 0.2481 0.0898 0.0779 0.0314 
        D167  2 0.0544 0.8583 0.0175 0.0203 0.0183 0.0312 
        D192  2 0.0312 0.8766 0.0199 0.0350 0.0130 0.0242 
        D193  2 0.5463 0.0422 0.0737 0.0704 0.0410 0.2264 
        D206  2 0.0721 0.4350 0.1415 0.0428 0.2714 0.0372 
        D207  2 0.1251 0.5866 0.0653 0.0947 0.1004 0.0279 
        D208  2 0.0996 0.0772 0.0823 0.4591 0.0734 0.2085 
        D209  2 0.1153 0.6945 0.0590 0.0407 0.0512 0.0392 
        D210  2 0.0470 0.1761 0.0443 0.3647 0.1171 0.2508 
     D229599  2 0.2299 0.0545 0.1268 0.2333 0.2486 0.1069 
     D229600  2 0.0544 0.4812 0.3439 0.0381 0.0439 0.0385 
     D237227  2 0.0394 0.0738 0.0588 0.1687 0.0496 0.6097 
     D237228  2 0.0324 0.0423 0.0289 0.0541 0.0218 0.8204 
     D237258  2 0.1438 0.3474 0.1144 0.1433 0.1311 0.1199 
     D237310  2 0.1751 0.1753 0.0919 0.0716 0.0207 0.4655 
     D237311  2 0.0533 0.2211 0.1114 0.0455 0.0312 0.5375 
     D237312  2 0.3120 0.0453 0.2823 0.0493 0.0468 0.2643 
     D237313  2 0.0808 0.0493 0.0828 0.1618 0.3387 0.2866 
     D237322  2 0.1385 0.0531 0.0938 0.5427 0.0435 0.1283 
     D237323  2 0.0516 0.0370 0.0895 0.0591 0.0277 0.7350 
     D237324  2 0.0371 0.5210 0.2475 0.0976 0.0676 0.0291 
     D237325  2 0.1715 0.0884 0.2726 0.0642 0.0937 0.3096 
     D237326  2 0.0607 0.0695 0.0570 0.0338 0.1238 0.6551 
     D237327  2 0.1008 0.2335 0.1229 0.4185 0.0850 0.0393 
     D237337  2 0.0423 0.0246 0.0880 0.0290 0.0506 0.7656 
     D237338  2 0.1173 0.1007 0.3157 0.1363 0.0863 0.2436 
     D237339  2 0.5538 0.2499 0.0358 0.0411 0.0884 0.0308 
     D237340  2 0.1139 0.1667 0.1155 0.0720 0.0340 0.4978 
     D237389  2 0.1642 0.2653 0.0983 0.0310 0.0314 0.4097 
     D237390  2 0.1927 0.0419 0.2339 0.0872 0.0915 0.3528 
     D244017  2 0.2364 0.3395 0.0855 0.0768 0.0433 0.2186 
     D244112  2 0.0332 0.8526 0.0529 0.0200 0.0151 0.0261 
     D244118  2 0.0681 0.6370 0.2010 0.0308 0.0184 0.0447 
     D244119  2 0.0270 0.2350 0.0262 0.0669 0.0336 0.6113 
     D244120  2 0.4122 0.2755 0.0657 0.1304 0.0176 0.0987 
     D244122  2 0.0820 0.6953 0.0739 0.0435 0.0363 0.0690 
        D291  2 0.0471 0.1235 0.1175 0.6028 0.0780 0.0310 
        D292  2 0.1257 0.3199 0.0374 0.1950 0.1890 0.1330 
        D293  2 0.0477 0.7737 0.0188 0.0426 0.1002 0.0169 
        D322  2 0.0744 0.6957 0.0468 0.0525 0.1000 0.0306 
        D323  2 0.2931 0.2628 0.0706 0.1191 0.1805 0.0739 
        D324  2 0.0322 0.0721 0.1022 0.4232 0.2860 0.0843 
        D325  2 0.0218 0.8570 0.0225 0.0320 0.0531 0.0136 
        D326  2 0.0189 0.0210 0.0156 0.0372 0.8848 0.0226 
        D340  2 0.0195 0.8913 0.0201 0.0275 0.0223 0.0193 
        D341  2 0.0444 0.7271 0.0449 0.0744 0.0614 0.0479 
        D342  2 0.0360 0.6405 0.1531 0.0945 0.0289 0.0470 
        D343  2 0.0111 0.9304 0.0130 0.0161 0.0188 0.0105 
        D344  2 0.5293 0.0935 0.0456 0.0327 0.2312 0.0678 
        D345  2 0.0997 0.0752 0.1096 0.1655 0.3966 0.1534 
        D346  2 0.0969 0.1402 0.0445 0.2179 0.1143 0.3863 
        D351  2 0.0878 0.0790 0.1234 0.1823 0.4820 0.0455 
        D352  2 0.5878 0.1135 0.0800 0.0568 0.0681 0.0938 
        D353  2 0.0502 0.0280 0.0274 0.0523 0.8171 0.0250 
        D354  2 0.5624 0.0243 0.0383 0.0466 0.1585 0.1698 
        D362  2 0.0389 0.0704 0.0729 0.0334 0.7049 0.0795 
        D363  2 0.0346 0.0618 0.0477 0.0401 0.7103 0.1054 
        D364  2 0.2713 0.0489 0.0491 0.0324 0.4477 0.1506 
        D365  2 0.0172 0.9068 0.0122 0.0206 0.0236 0.0197 
        D369  2 0.0386 0.2421 0.0618 0.1296 0.2493 0.2785 
        D374  2 0.3846 0.0325 0.0255 0.0326 0.0269 0.4979 
        D375  2 0.8325 0.0253 0.0384 0.0192 0.0569 0.0277 
        D376  2 0.3917 0.0373 0.0272 0.0371 0.0223 0.4844 
        D377  2 0.2194 0.1010 0.1479 0.1829 0.0863 0.2626 
        D378  2 0.0910 0.3286 0.1121 0.1312 0.3078 0.0293 
        D379  2 0.0369 0.0273 0.0295 0.0431 0.8270 0.0362 
        D384  2 0.0187 0.0231 0.0163 0.0301 0.8697 0.0422 
        D385  2 0.1072 0.7739 0.0245 0.0285 0.0235 0.0425 
        D386  2 0.2520 0.1534 0.0885 0.0553 0.4248 0.0258 
        D391  2 0.0433 0.8384 0.0224 0.0352 0.0350 0.0257 
        D392  2 0.0305 0.6872 0.0474 0.0495 0.0766 0.1089 
        D393  2 0.0737 0.1495 0.0707 0.3002 0.3694 0.0366 
        D394  2 0.2808 0.1897 0.2444 0.0608 0.1117 0.1126 
        D395  2 0.4397 0.4090 0.0521 0.0374 0.0346 0.0272 
        D401  2 0.0294 0.0744 0.0332 0.0254 0.0241 0.8134 
        D402  2 0.0395 0.8344 0.0211 0.0570 0.0226 0.0254 
        D403  2 0.1183 0.0902 0.2293 0.0589 0.4563 0.0470 
        D415  2 0.0346 0.0589 0.0806 0.0208 0.7662 0.0390 
        D435  2 0.0431 0.4052 0.0428 0.0624 0.4190 0.0276 
        D436  2 0.4316 0.0619 0.0938 0.0344 0.2983 0.0799 
        D438  2 0.0210 0.8989 0.0188 0.0220 0.0167 0.0225 
        D439  2 0.3502 0.1805 0.1963 0.0738 0.1670 0.0322 
        D449  2 0.0202 0.8337 0.0249 0.0225 0.0752 0.0235 
        D450  2 0.1847 0.0390 0.1667 0.1699 0.2562 0.1835 
        D456  2 0.0162 0.0154 0.0379 0.0316 0.8808 0.0181 
        D462  2 0.0434 0.8562 0.0254 0.0233 0.0380 0.0138 
        D463  2 0.0228 0.0158 0.0231 0.0218 0.8903 0.0262 
        D464  2 0.2917 0.0826 0.0341 0.0405 0.4968 0.0541 
        D465  2 0.0380 0.7559 0.0341 0.0346 0.1035 0.0338 
        D473  2 0.1833 0.0551 0.0754 0.0843 0.0537 0.5482 
        D474  2 0.0294 0.1368 0.0509 0.2117 0.4828 0.0884 
        D476  2 0.2043 0.1534 0.4979 0.0631 0.0607 0.0205 
        D477  2 0.1814 0.0412 0.0409 0.1848 0.4677 0.0840 
        D478  2 0.3007 0.1198 0.2747 0.0676 0.1116 0.1256 
        D480  2 0.1112 0.1570 0.0385 0.3685 0.2591 0.0658 
        D481  2 0.2277 0.1598 0.1024 0.0932 0.2894 0.1275 
        D482  2 0.2817 0.0493 0.1066 0.3792 0.0605 0.1227 
        D483  2 0.0366 0.8039 0.0330 0.0374 0.0198 0.0693 
        D484  2 0.8602 0.0363 0.0261 0.0356 0.0188 0.0231 
        D510  2 0.2256 0.0416 0.0306 0.1772 0.0406 0.4844 
        D511  2 0.3397 0.2235 0.0712 0.0989 0.2382 0.0285 
        D512  2 0.0900 0.5449 0.1334 0.0579 0.0398 0.1341 
        D513  2 0.0415 0.6866 0.0402 0.0829 0.0979 0.0509 
        D635  2 0.0222 0.1435 0.2268 0.0536 0.5022 0.0517 
        D636  2 0.0212 0.0350 0.8288 0.0236 0.0480 0.0434 
        D637  2 0.3811 0.1765 0.0870 0.1545 0.0733 0.1275 
        D658  2 0.2448 0.4110 0.0367 0.0585 0.0323 0.2167 
        D659  2 0.0382 0.0649 0.0470 0.0839 0.7346 0.0314 
        D677  2 0.0819 0.1181 0.2282 0.1065 0.4172 0.0480 
        D678  2 0.0623 0.8051 0.0403 0.0306 0.0291 0.0326 
        D679  2 0.0536 0.0817 0.0500 0.1720 0.5857 0.0570 
        D719  2 0.0529 0.1917 0.0229 0.1923 0.1850 0.3552 
        D720  2 0.0259 0.0566 0.0372 0.0583 0.7574 0.0645 
        D721  2 0.0315 0.1964 0.5315 0.0638 0.1338 0.0430 
        D722  2 0.3996 0.0637 0.0269 0.0699 0.0396 0.4003 
        D734  2 0.4851 0.1099 0.0268 0.2372 0.0612 0.0798 
        D735  2 0.0616 0.0985 0.0998 0.2650 0.3354 0.1397 
        D736  2 0.0594 0.1229 0.0531 0.3706 0.1376 0.2564 
        D737  2 0.2791 0.3915 0.1002 0.1325 0.0310 0.0656 
        D807  2 0.1529 0.0817 0.0861 0.1379 0.2695 0.2720 
        D808  2 0.1224 0.1958 0.2775 0.1730 0.1416 0.0898 
        D817  2 0.1621 0.0515 0.0499 0.0951 0.5403 0.1011 
        D818  2 0.0717 0.2726 0.2735 0.1723 0.1811 0.0287 
        D819  2 0.1106 0.1316 0.1328 0.1137 0.3489 0.1624 
        D820  2 0.0698 0.0705 0.0324 0.0564 0.7451 0.0257 
        D895  2 0.0548 0.0996 0.0845 0.0679 0.6401 0.0531 
        D896  2 0.0276 0.0203 0.0262 0.0236 0.0279 0.8744 
        D897  2 0.0593 0.6634 0.0688 0.1246 0.0396 0.0444 
        D898  2 0.2073 0.0549 0.0845 0.3008 0.1049 0.2475 
        D918  2 0.1849 0.1287 0.3549 0.1287 0.0753 0.1276 
        D919  2 0.3290 0.2194 0.1072 0.0763 0.2390 0.0292 
        D920  2 0.0519 0.0378 0.7778 0.0324 0.0330 0.0671 
        D923  2 0.0668 0.0384 0.0412 0.0330 0.7980 0.0226 
        D930  2 0.1379 0.0796 0.0758 0.1491 0.3921 0.1655 
        D931  2 0.2371 0.2099 0.0518 0.0774 0.3679 0.0559 
        D968  2 0.0264 0.8515 0.0162 0.0446 0.0397 0.0217 
        D969  2 0.0655 0.2112 0.0481 0.2702 0.3365 0.0685 
        D977  2 0.0378 0.7890 0.0422 0.0603 0.0476 0.0232 
        D978  2 0.0905 0.1175 0.0555 0.6573 0.0454 0.0338 
        D211  3 0.0270 0.0287 0.7998 0.0532 0.0709 0.0204 
     D229639  3 0.0592 0.0793 0.0397 0.5316 0.0929 0.1973 
     D237212  3 0.2239 0.1516 0.1029 0.3542 0.1185 0.0490 
     D237213  3 0.1995 0.0821 0.3328 0.1476 0.1365 0.1015 
     D237214  3 0.0288 0.0321 0.8219 0.0206 0.0700 0.0267 
     D237215  3 0.1392 0.4335 0.0247 0.1915 0.0232 0.1879 
     D237216  3 0.1053 0.0945 0.3116 0.2986 0.1374 0.0525 
     D237217  3 0.0276 0.0624 0.5497 0.0676 0.2558 0.0369 
     D237218  3 0.0761 0.0586 0.1005 0.6242 0.0934 0.0472 
     D237219  3 0.0457 0.0534 0.2709 0.2900 0.0640 0.2762 
     D237382  3 0.2230 0.0873 0.1884 0.0770 0.1737 0.2506 
     D244127  3 0.0712 0.2783 0.1993 0.1200 0.0490 0.2821 
     D244129  3 0.1172 0.1677 0.2345 0.1463 0.1689 0.1654 
     D244133  3 0.0328 0.3694 0.1194 0.1875 0.1312 0.1595 
     D244134  3 0.0231 0.0329 0.0515 0.6469 0.0373 0.2083 
     D244135  3 0.0338 0.1279 0.7236 0.0309 0.0620 0.0218 
     D244136  3 0.0781 0.1844 0.0854 0.1414 0.3289 0.1817 
        D416  3 0.0643 0.2678 0.1168 0.2428 0.2327 0.0756 
        D417  3 0.0456 0.0353 0.0932 0.0342 0.7493 0.0425 
        D419  3 0.0415 0.1204 0.1883 0.3386 0.1675 0.1437 
        D565  3 0.0296 0.0315 0.0281 0.1924 0.1047 0.6138 
        D566  3 0.0515 0.1055 0.0295 0.3772 0.0928 0.3434 
        D567  3 0.0664 0.0923 0.1284 0.0385 0.6058 0.0685 
        D568  3 0.1024 0.1442 0.3386 0.0659 0.3143 0.0347 
        D569  3 0.6142 0.1533 0.1171 0.0531 0.0342 0.0282 
        D573  3 0.0352 0.4940 0.0347 0.2204 0.1778 0.0378 
        D574  3 0.1328 0.0853 0.0795 0.2855 0.0589 0.3581 
        D575  3 0.0519 0.1342 0.1523 0.2428 0.1524 0.2663 
        D576  3 0.0928 0.6032 0.0552 0.1879 0.0148 0.0462 
        D577  3 0.0687 0.0503 0.1986 0.0925 0.5421 0.0478 
        D578  3 0.0202 0.0377 0.8809 0.0219 0.0230 0.0163 
        D579  3 0.0820 0.1446 0.0664 0.3558 0.2136 0.1376 
        D660  3 0.0701 0.6910 0.1180 0.0676 0.0272 0.0260 
        D661  3 0.0719 0.1191 0.1319 0.6125 0.0429 0.0217 
        D663  3 0.0945 0.1171 0.0478 0.5419 0.1734 0.0253 
        D664  3 0.0808 0.1897 0.3392 0.1097 0.0341 0.2464 
        D665  3 0.2556 0.1295 0.4582 0.0933 0.0338 0.0296 
        D666  3 0.0521 0.0466 0.1328 0.2017 0.1403 0.4266 
        D009  4 0.2335 0.0413 0.4383 0.0785 0.1416 0.0667 
        D057  4 0.2904 0.2396 0.2615 0.1170 0.0612 0.0303 
        D109  4 0.0651 0.0374 0.2894 0.0674 0.0813 0.4594 
     D237222  4 0.1073 0.0548 0.6354 0.0320 0.0559 0.1147 
     D237223  4 0.1200 0.1609 0.3231 0.0978 0.1269 0.1713 
     D237224  4 0.1647 0.1756 0.0708 0.2680 0.2767 0.0441 
     D237225  4 0.1595 0.0763 0.2992 0.1676 0.2236 0.0738 
     D237299  4 0.0738 0.0526 0.3905 0.3680 0.0549 0.0602 
     D237300  4 0.0309 0.0457 0.0287 0.8274 0.0266 0.0408 
     D237306  4 0.1153 0.0470 0.0432 0.0334 0.0929 0.6683 
     D237307  4 0.0532 0.1266 0.0753 0.1750 0.4143 0.1555 
     D237308  4 0.1643 0.4552 0.0744 0.0682 0.0988 0.1392 
     D237309  4 0.2040 0.0836 0.2465 0.0857 0.3309 0.0493 
     D237317  4 0.0592 0.0405 0.0680 0.1175 0.1996 0.5153 
     D237318  4 0.0341 0.0892 0.0223 0.7792 0.0433 0.0319 
     D237319  4 0.1196 0.1218 0.3554 0.1285 0.1809 0.0937 
     D237320  4 0.0462 0.1709 0.3698 0.1776 0.1500 0.0855 
     D237321  4 0.0410 0.1031 0.0458 0.6769 0.0786 0.0547 
     D237397  4 0.0687 0.2179 0.1475 0.1887 0.0892 0.2879 
     D237398  4 0.0350 0.0786 0.0656 0.7057 0.0958 0.0193 
     D237399  4 0.0925 0.0641 0.1616 0.4208 0.1557 0.1054 
     D244001  4 0.1383 0.2526 0.4582 0.0295 0.0822 0.0391 
        D289  4 0.2259 0.1543 0.1169 0.1680 0.1724 0.1624 
        D290  4 0.4308 0.0948 0.1796 0.1647 0.0894 0.0408 
        D294  4 0.3651 0.0936 0.1395 0.1701 0.2014 0.0304 
        D295  4 0.1338 0.0513 0.1378 0.0820 0.4883 0.1069 
        D301  4 0.0913 0.0615 0.6368 0.1213 0.0294 0.0599 
        D302  4 0.5662 0.0514 0.0569 0.0317 0.2698 0.0240 
        D303  4 0.1790 0.1005 0.0492 0.0783 0.0538 0.5391 
        D304  4 0.2531 0.0444 0.0983 0.4552 0.0975 0.0515 
        D305  4 0.5254 0.1946 0.1396 0.0706 0.0494 0.0204 
        D306  4 0.4414 0.0557 0.2173 0.0916 0.1014 0.0926 
        D307  4 0.0414 0.0330 0.7324 0.0908 0.0279 0.0746 
        D327  4 0.0810 0.0945 0.0458 0.0679 0.6609 0.0499 
        D328  4 0.6760 0.0344 0.0457 0.0483 0.0396 0.1561 
        D329  4 0.2344 0.2674 0.1624 0.1595 0.0958 0.0805 
        D330  4 0.1807 0.1551 0.2468 0.0175 0.3366 0.0633 
        D331  4 0.1414 0.0853 0.1245 0.3761 0.1464 0.1264 
        D333  4 0.3359 0.1298 0.1201 0.1391 0.0873 0.1879 
        D334  4 0.0880 0.0449 0.1988 0.1744 0.2310 0.2628 
        D335  4 0.4731 0.0693 0.0325 0.0398 0.3468 0.0385 
        D370  4 0.4938 0.0715 0.0536 0.0453 0.0613 0.2744 
        D371  4 0.0787 0.1012 0.0236 0.0904 0.1742 0.5319 
        D372  4 0.0707 0.0447 0.0217 0.8262 0.0158 0.0209 
        D373  4 0.0431 0.1780 0.6150 0.0946 0.0421 0.0273 
        D455  4 0.0525 0.0569 0.7814 0.0498 0.0280 0.0314 
        D490  4 0.0326 0.0184 0.8770 0.0179 0.0265 0.0276 
        D497  4 0.0537 0.0274 0.8072 0.0523 0.0278 0.0315 
        D498  4 0.2002 0.1162 0.1297 0.2385 0.0955 0.2199 
        D499  4 0.1711 0.1923 0.0537 0.3983 0.0455 0.1392 
        D514  4 0.3608 0.0581 0.0853 0.0752 0.3810 0.0396 
        D515  4 0.1487 0.0540 0.5126 0.0712 0.1475 0.0659 
        D516  4 0.0577 0.1197 0.1875 0.0912 0.2979 0.2461 
        D517  4 0.0430 0.0589 0.6623 0.0757 0.1165 0.0435 
        D518  4 0.4739 0.0835 0.2432 0.0534 0.0811 0.0650 
        D519  4 0.0306 0.0832 0.5194 0.1862 0.1347 0.0459 
        D560  4 0.0925 0.1130 0.4145 0.1732 0.1815 0.0253 
        D561  4 0.0957 0.1020 0.4791 0.0724 0.2243 0.0266 
        D562  4 0.2580 0.0889 0.3821 0.1313 0.0804 0.0593 
        D563  4 0.1753 0.5648 0.0859 0.0919 0.0481 0.0340 
        D572  4 0.6237 0.0658 0.1184 0.0399 0.1243 0.0279 
        D629  4 0.0639 0.0481 0.3237 0.1469 0.3842 0.0333 
        D630  4 0.2350 0.0609 0.3685 0.1152 0.1725 0.0478 
        D631  4 0.4686 0.1908 0.0959 0.1687 0.0514 0.0246 
        D632  4 0.1728 0.2767 0.3392 0.0411 0.1066 0.0636 
        D646  4 0.0612 0.1948 0.1709 0.0661 0.4019 0.1051 
        D647  4 0.1158 0.0791 0.2374 0.0508 0.4860 0.0309 
        D648  4 0.8692 0.0269 0.0246 0.0166 0.0207 0.0419 
        D649  4 0.1583 0.0402 0.1237 0.0670 0.5379 0.0728 
        D650  4 0.1467 0.0470 0.1888 0.2065 0.2572 0.1538 
        D708  4 0.3708 0.0367 0.0758 0.2495 0.0844 0.1827 
        D709  4 0.5494 0.0578 0.0536 0.0649 0.0705 0.2039 
        D738  4 0.0414 0.0275 0.0968 0.0505 0.1272 0.6566 
        D739  4 0.1829 0.0441 0.5861 0.0877 0.0523 0.0468 
        D740  4 0.0820 0.1173 0.1215 0.4497 0.0287 0.2008 
        D741  4 0.0557 0.2708 0.3098 0.0551 0.2638 0.0448 
        D742  4 0.1101 0.2931 0.1453 0.2637 0.0679 0.1199 
        D743  4 0.1927 0.0795 0.0393 0.0682 0.5994 0.0210 
        D744  4 0.5280 0.1805 0.0556 0.0867 0.1179 0.0313 
        D745  4 0.0336 0.0548 0.6484 0.1152 0.1032 0.0447 
        D814  4 0.1348 0.5026 0.1631 0.1002 0.0751 0.0243 
        D815  4 0.5842 0.0420 0.0427 0.0673 0.2087 0.0550 
        D828  4 0.6629 0.0785 0.0582 0.0893 0.0184 0.0927 
        D845  4 0.0248 0.0477 0.0179 0.8499 0.0240 0.0357 
        D846  4 0.2043 0.2205 0.2394 0.0649 0.2511 0.0198 
        D847  4 0.0818 0.0850 0.3834 0.2186 0.1456 0.0855 
        D848  4 0.0405 0.1507 0.6001 0.1588 0.0207 0.0294 
        D849  4 0.1030 0.0453 0.6968 0.0450 0.0764 0.0335 
        D850  4 0.0495 0.1031 0.2625 0.1454 0.3667 0.0728 
        D856  4 0.2072 0.0599 0.3057 0.1207 0.1180 0.1885 
        D857  4 0.0996 0.1240 0.0897 0.0251 0.0182 0.6433 
        D859  4 0.5349 0.0767 0.0886 0.1152 0.1423 0.0423 
        D860  4 0.1156 0.1357 0.0359 0.2749 0.1925 0.2455 
        D883  4 0.1355 0.0677 0.2203 0.1087 0.2723 0.1955 
        D884  4 0.1884 0.0434 0.2060 0.0418 0.1688 0.3516 
        D885  4 0.0671 0.2318 0.1515 0.3594 0.1487 0.0415 
        D886  4 0.2022 0.1036 0.3484 0.0771 0.1924 0.0763 
        D887  4 0.1498 0.1421 0.0739 0.4115 0.1305 0.0924 
        D889  4 0.2145 0.0173 0.0378 0.6609 0.0549 0.0146 
        D890  4 0.3469 0.1106 0.1117 0.1127 0.0850 0.2332 
        D891  4 0.0133 0.0225 0.0156 0.9179 0.0170 0.0138 
        D899  4 0.1488 0.4244 0.0361 0.2691 0.0387 0.0829 
        D900  4 0.2558 0.1397 0.1552 0.0912 0.2419 0.1163 
        D970  4 0.2169 0.1039 0.1235 0.2191 0.2576 0.0789 
        D971  4 0.1146 0.5544 0.0554 0.0453 0.1342 0.0961 
        D979  4 0.3542 0.0434 0.0323 0.0390 0.4998 0.0313 
        D093  5 0.0658 0.0495 0.0739 0.2415 0.0792 0.4901 
        D154  5 0.1606 0.3082 0.0840 0.3088 0.0594 0.0790 
        D168  5 0.0663 0.4908 0.1750 0.1519 0.0784 0.0376 
        D189  5 0.1558 0.1066 0.0630 0.3128 0.0863 0.2756 
        D190  5 0.1344 0.0479 0.0285 0.1624 0.0660 0.5606 
     D237220  5 0.1067 0.0376 0.3814 0.3167 0.0557 0.1020 
     D237221  5 0.0587 0.0968 0.0590 0.4997 0.1028 0.1831 
     D237274  5 0.1497 0.0694 0.0345 0.0267 0.6836 0.0362 
     D237275  5 0.1317 0.6142 0.0427 0.1228 0.0256 0.0630 
     D237276  5 0.1157 0.0477 0.1663 0.0910 0.1695 0.4097 
     D237277  5 0.0767 0.0797 0.0321 0.5023 0.0451 0.2640 
     D237278  5 0.0952 0.3578 0.0596 0.0633 0.0489 0.3751 
     D237279  5 0.0481 0.3594 0.1276 0.2202 0.1106 0.1340 
     D237280  5 0.1047 0.0497 0.1938 0.0878 0.1647 0.3994 
     D237281  5 0.0400 0.5851 0.0259 0.2470 0.0650 0.0370 
     D237351  5 0.0244 0.0325 0.0495 0.0730 0.0367 0.7839 
     D237352  5 0.2208 0.2152 0.2886 0.0588 0.1276 0.0890 
     D237353  5 0.0632 0.0266 0.0199 0.2463 0.0344 0.6097 
     D237359  5 0.0701 0.0320 0.2656 0.5133 0.0664 0.0525 
     D237361  5 0.0510 0.0314 0.0265 0.1249 0.0299 0.7363 
     D237362  5 0.0927 0.1386 0.0659 0.2190 0.3083 0.1754 
     D237363  5 0.0763 0.4965 0.0867 0.1837 0.0667 0.0901 
     D237364  5 0.2391 0.1402 0.2643 0.1787 0.1507 0.0270 
     D237376  5 0.7324 0.0370 0.0276 0.0425 0.0198 0.1407 
     D237377  5 0.0417 0.1148 0.0404 0.0560 0.1699 0.5772 
     D237378  5 0.2750 0.0938 0.0892 0.2047 0.0367 0.3006 
     D237379  5 0.5250 0.0577 0.0994 0.1250 0.0621 0.1309 
     D237380  5 0.3242 0.0287 0.0540 0.0274 0.0425 0.5231 
     D237381  5 0.2440 0.1348 0.2452 0.0543 0.0691 0.2526 
     D237391  5 0.0269 0.0329 0.0413 0.3962 0.0711 0.4316 
     D237392  5 0.1119 0.3143 0.0453 0.0352 0.4473 0.0460 
     D237393  5 0.0678 0.0937 0.0714 0.0756 0.2403 0.4513 
     D237394  5 0.0420 0.0263 0.0392 0.1126 0.0681 0.7119 
     D237395  5 0.0709 0.0841 0.1353 0.3681 0.0461 0.2955 
     D237396  5 0.0312 0.2076 0.0629 0.1147 0.4038 0.1799 
     D244016  5 0.2591 0.1115 0.0378 0.3982 0.0709 0.1227 
     D244018  5 0.0343 0.4811 0.0747 0.1483 0.0846 0.1770 
     D244019  5 0.2024 0.1883 0.0398 0.2057 0.2529 0.1109 
        D279  5 0.0835 0.0798 0.0597 0.6916 0.0407 0.0448 
        D280  5 0.0428 0.0707 0.1047 0.4005 0.1450 0.2364 
        D281  5 0.0654 0.1912 0.0287 0.6273 0.0438 0.0436 
        D283  5 0.0324 0.0408 0.0312 0.2336 0.2160 0.4461 
        D284  5 0.1169 0.1134 0.4933 0.1416 0.0782 0.0566 
        D285  5 0.1009 0.0269 0.0430 0.5733 0.0950 0.1610 
        D286  5 0.2226 0.0448 0.2108 0.2036 0.1651 0.1531 
        D287  5 0.6508 0.0353 0.0595 0.0901 0.0253 0.1390 
        D288  5 0.0438 0.0547 0.0487 0.4303 0.2819 0.1406 
        D308  5 0.0285 0.0465 0.0437 0.0381 0.1343 0.7088 
        D309  5 0.6557 0.0680 0.0489 0.0236 0.1745 0.0294 
        D310  5 0.0508 0.0277 0.0202 0.0718 0.0364 0.7932 
        D311  5 0.3925 0.0584 0.0701 0.1046 0.2524 0.1219 
        D312  5 0.3442 0.0886 0.1051 0.1244 0.1674 0.1703 
        D313  5 0.0128 0.0211 0.4052 0.0143 0.0152 0.5314 
        D314  5 0.1680 0.1958 0.1628 0.2548 0.0585 0.1601 
        D315  5 0.0923 0.0768 0.1413 0.0825 0.2484 0.3586 
        D317  5 0.0548 0.0398 0.0435 0.0767 0.1073 0.6779 
        D318  5 0.1969 0.2691 0.1991 0.0977 0.1712 0.0660 
        D319  5 0.0293 0.0229 0.0178 0.0356 0.0250 0.8693 
        D320  5 0.1278 0.0259 0.0547 0.2666 0.0427 0.4823 
        D321  5 0.0181 0.0191 0.0273 0.1279 0.0502 0.7574 
        D336  5 0.3960 0.0378 0.0440 0.0435 0.0482 0.4306 
        D337  5 0.0642 0.0790 0.0182 0.1532 0.0509 0.6346 
        D338  5 0.0623 0.0874 0.2155 0.2620 0.2093 0.1635 
        D339  5 0.0449 0.0988 0.0364 0.1761 0.0607 0.5830 
        D347  5 0.5734 0.1125 0.0367 0.0462 0.1558 0.0753 
        D348  5 0.2539 0.0428 0.0226 0.0553 0.0411 0.5842 
        D349  5 0.0242 0.0209 0.0185 0.0322 0.0231 0.8810 
        D350  5 0.7231 0.0571 0.0348 0.0655 0.0941 0.0253 
        D355  5 0.1682 0.2760 0.0346 0.3372 0.1323 0.0517 
        D356  5 0.1011 0.0474 0.1527 0.1586 0.3456 0.1947 
        D357  5 0.4044 0.0739 0.0811 0.1378 0.0827 0.2202 
        D358  5 0.2013 0.1004 0.0626 0.1124 0.1062 0.4172 
        D359  5 0.0509 0.0227 0.0231 0.0534 0.3477 0.5023 
        D360  5 0.0874 0.0310 0.2198 0.2051 0.2106 0.2460 
        D361  5 0.0238 0.0305 0.0409 0.0257 0.0312 0.8480 
        D366  5 0.0293 0.6482 0.0294 0.0254 0.2409 0.0269 
        D367  5 0.1492 0.0339 0.0458 0.0836 0.0314 0.6560 
        D368  5 0.0418 0.0390 0.0677 0.1210 0.1096 0.6209 
        D380  5 0.2862 0.2066 0.0978 0.1316 0.2202 0.0576 
        D381  5 0.0731 0.0855 0.0322 0.1413 0.0986 0.5691 
        D400  5 0.2777 0.1393 0.0747 0.1953 0.1542 0.1588 
        D411  5 0.0428 0.0687 0.8105 0.0250 0.0304 0.0225 
        D412  5 0.2313 0.2326 0.1406 0.1131 0.0952 0.1872 
        D413  5 0.0407 0.7003 0.0723 0.0705 0.0897 0.0266 
        D414  5 0.6437 0.1726 0.0394 0.0777 0.0463 0.0203 
        D420  5 0.0621 0.0573 0.3448 0.4543 0.0338 0.0476 
        D431  5 0.3213 0.0617 0.0770 0.3872 0.0236 0.1293 
        D432  5 0.0679 0.1305 0.0895 0.1663 0.1089 0.4368 
        D433  5 0.0601 0.0559 0.0257 0.1307 0.0768 0.6509 
        D434  5 0.0689 0.0425 0.0507 0.1338 0.1501 0.5541 
        D440  5 0.7468 0.0491 0.0411 0.0382 0.0897 0.0352 
        D447  5 0.1713 0.2467 0.1225 0.0326 0.3905 0.0364 
        D448  5 0.3917 0.0521 0.0401 0.0689 0.1196 0.3276 
        D459  5 0.0646 0.5254 0.0368 0.2498 0.0885 0.0349 
        D460  5 0.0215 0.0271 0.0226 0.0309 0.0452 0.8527 
        D461  5 0.6453 0.0349 0.0265 0.0401 0.2161 0.0372 
        D468  5 0.1248 0.2211 0.0849 0.0642 0.2458 0.2591 
        D469  5 0.0695 0.0611 0.1259 0.1092 0.5030 0.1313 
        D470  5 0.2646 0.0559 0.4269 0.0470 0.1469 0.0586 
        D471  5 0.2859 0.0718 0.0303 0.1891 0.1037 0.3192 
        D472  5 0.0213 0.1084 0.0270 0.0700 0.7374 0.0359 
        D479  5 0.1962 0.6942 0.0262 0.0281 0.0262 0.0291 
        D485  5 0.7582 0.0530 0.0679 0.0376 0.0449 0.0384 
        D486  5 0.2513 0.1803 0.2262 0.0516 0.1451 0.1455 
        D487  5 0.1864 0.1097 0.0702 0.4785 0.0396 0.1156 
        D555  5 0.1035 0.1206 0.0303 0.0885 0.0458 0.6113 
        D556  5 0.1624 0.0274 0.0433 0.5970 0.0452 0.1247 
        D557  5 0.0791 0.0526 0.0196 0.0799 0.0401 0.7287 
        D564  5 0.3335 0.0490 0.0849 0.0492 0.0732 0.4102 
        D594  5 0.4232 0.2140 0.0401 0.0391 0.1669 0.1168 
        D595  5 0.1171 0.2003 0.0576 0.1562 0.1741 0.2946 
        D596  5 0.0810 0.0759 0.0272 0.1228 0.0432 0.6499 
        D597  5 0.0790 0.2597 0.0285 0.3730 0.1355 0.1244 
        D598  5 0.1455 0.1153 0.1203 0.1373 0.1175 0.3642 
        D617  5 0.0679 0.3105 0.5139 0.0459 0.0391 0.0226 
        D618  5 0.0713 0.0622 0.0420 0.4416 0.1006 0.2823 
        D619  5 0.1854 0.0886 0.0279 0.0276 0.1222 0.5482 
        D620  5 0.0245 0.7953 0.0271 0.0518 0.0565 0.0448 
        D628  5 0.6886 0.0808 0.0665 0.0335 0.0620 0.0686 
        D714  5 0.3946 0.0597 0.0435 0.3833 0.0278 0.0911 
        D715  5 0.0490 0.0692 0.0257 0.3961 0.1226 0.3374 
        D716  5 0.6064 0.1149 0.0522 0.0675 0.1169 0.0421 
        D717  5 0.1133 0.0747 0.0910 0.2801 0.2928 0.1480 
        D718  5 0.4271 0.0935 0.1767 0.0887 0.0377 0.1763 
        D769  5 0.1507 0.1593 0.5804 0.0345 0.0427 0.0324 
        D770  5 0.3395 0.3410 0.0373 0.1314 0.0661 0.0846 
        D771  5 0.2304 0.2486 0.1405 0.1720 0.0973 0.1110 
        D772  5 0.4883 0.0418 0.0604 0.2107 0.0844 0.1144 
        D782  5 0.0251 0.5270 0.0529 0.2381 0.0591 0.0977 
        D783  5 0.3578 0.3069 0.0530 0.1607 0.0336 0.0879 
        D784  5 0.1195 0.0578 0.0570 0.3266 0.3690 0.0702 
        D785  5 0.1788 0.0345 0.0402 0.1453 0.0637 0.5374 
        D786  5 0.2924 0.1577 0.3539 0.0268 0.1361 0.0331 
        D821  5 0.0709 0.0266 0.0157 0.2589 0.0343 0.5937 
        D822  5 0.1698 0.1515 0.0391 0.1033 0.3568 0.1795 
        D826  5 0.0876 0.1346 0.0429 0.3213 0.0669 0.3468 
        D827  5 0.1403 0.1444 0.0911 0.0411 0.5450 0.0382 
        D851  5 0.1126 0.1518 0.1228 0.2285 0.1508 0.2335 
        D852  5 0.2860 0.0729 0.0576 0.3847 0.0298 0.1690 
        D853  5 0.0810 0.0531 0.1016 0.4583 0.0905 0.2155 
        D854  5 0.2439 0.2193 0.1217 0.1624 0.1990 0.0538 
        D861  5 0.0886 0.3359 0.0811 0.1876 0.1020 0.2048 
        D862  5 0.1478 0.0435 0.0701 0.0586 0.3877 0.2923 
        D865  5 0.0663 0.0742 0.0427 0.0933 0.0305 0.6930 
        D868  5 0.0415 0.0487 0.0865 0.0837 0.6713 0.0684 
        D869  5 0.0294 0.1207 0.7053 0.0294 0.0547 0.0605 
        D870  5 0.0604 0.1108 0.4673 0.1368 0.2070 0.0178 
        D907  5 0.0754 0.0618 0.0695 0.0574 0.0312 0.7047 
        D908  5 0.1656 0.1075 0.0315 0.5023 0.0225 0.1705 
        D910  5 0.1616 0.1858 0.0406 0.2561 0.1344 0.2215 
        D911  5 0.0854 0.2081 0.0308 0.5257 0.1005 0.0495 
        D934  5 0.2781 0.1761 0.0619 0.3695 0.0784 0.0360 
        D946  5 0.5007 0.0665 0.0750 0.2324 0.0291 0.0962 
        D947  5 0.2043 0.0423 0.0881 0.4807 0.1417 0.0428 
        D948  5 0.0161 0.0185 0.0145 0.0271 0.0222 0.9016 
        D949  5 0.0185 0.0167 0.0214 0.0293 0.0326 0.8815 
        D950  5 0.0800 0.2221 0.0270 0.5503 0.0709 0.0497 
        D951  5 0.2936 0.2078 0.0655 0.0254 0.3533 0.0545 
        D952  5 0.0631 0.0425 0.0550 0.0749 0.6497 0.1148 
        D953  5 0.0620 0.0402 0.0479 0.2183 0.1175 0.5140 
        D954  5 0.0523 0.0693 0.0340 0.1027 0.4737 0.2679 
        D961  5 0.6655 0.0550 0.0529 0.0783 0.0326 0.1158 
        D962  5 0.5945 0.0241 0.0399 0.0461 0.0792 0.2162 
        D963  5 0.2040 0.0893 0.0558 0.2098 0.3381 0.1029 
        D964  5 0.2718 0.0841 0.2467 0.2820 0.0672 0.0482 
        D965  5 0.6882 0.0776 0.0915 0.0367 0.0589 0.0470 
        D966  5 0.2018 0.1517 0.0475 0.2441 0.2266 0.1282 
        D967  5 0.0496 0.1503 0.0931 0.4491 0.0391 0.2188 
        D991  5 0.4998 0.0451 0.1933 0.0637 0.0872 0.1109 
        D502  6 0.4572 0.2570 0.1445 0.0772 0.0425 0.0217 
        D503  6 0.0246 0.1713 0.2356 0.4297 0.0415 0.0974 
        D504  6 0.1307 0.0878 0.0884 0.2046 0.3658 0.1227 
        D505  6 0.1326 0.1980 0.1413 0.1771 0.1115 0.2396 
        D506  6 0.0424 0.0350 0.0335 0.0641 0.0862 0.7388 
        D507  6 0.4228 0.1331 0.1097 0.2034 0.0782 0.0528 
        D508  6 0.3155 0.0614 0.0965 0.2768 0.2085 0.0413 
        D529  6 0.1103 0.0891 0.3059 0.1890 0.1921 0.1135 
        D530  6 0.6194 0.1113 0.0730 0.0372 0.0282 0.1310 
        D531  6 0.1724 0.0874 0.1154 0.1998 0.3094 0.1156 
        D532  6 0.3672 0.1537 0.0385 0.0505 0.2469 0.1432 
        D534  6 0.0800 0.0868 0.6601 0.0574 0.0715 0.0442 
        D535  6 0.1361 0.0847 0.0784 0.0895 0.1626 0.4487 
        D536  6 0.0555 0.7760 0.0784 0.0377 0.0310 0.0214 
        D554  6 0.4702 0.0852 0.0983 0.0606 0.0724 0.2133 
        D587  6 0.0644 0.0776 0.0487 0.1442 0.1390 0.5261 
        D588  6 0.0524 0.2361 0.0440 0.0473 0.1605 0.4597 
        D589  6 0.0791 0.3353 0.0928 0.3073 0.0529 0.1326 
        D590  6 0.0482 0.8205 0.0230 0.0356 0.0333 0.0394 
        D591  6 0.0442 0.0524 0.0991 0.6403 0.0895 0.0746 
        D592  6 0.0359 0.0896 0.5576 0.1021 0.0857 0.1290 
        D593  6 0.6955 0.0533 0.0674 0.0375 0.0222 0.1241 
        D682  6 0.0347 0.0367 0.0401 0.1269 0.0424 0.7192 
        D683  6 0.0310 0.0262 0.0859 0.1762 0.5703 0.1103 
        D684  6 0.0482 0.1117 0.4638 0.2932 0.0509 0.0322 
        D685  6 0.1891 0.0891 0.1762 0.4525 0.0313 0.0617 
        D686  6 0.5181 0.0519 0.0220 0.0298 0.0400 0.3383 
        D724  6 0.3669 0.0977 0.1552 0.1395 0.1860 0.0547 
        D725  6 0.4690 0.2004 0.0930 0.1328 0.0584 0.0464 
        D726  6 0.0830 0.0309 0.0390 0.1157 0.0621 0.6694 
        D727  6 0.0426 0.7091 0.0362 0.0406 0.1041 0.0672 
        D728  6 0.2075 0.0451 0.0652 0.0889 0.0895 0.5039 
        D729  6 0.0229 0.7747 0.0557 0.0240 0.0628 0.0599 
        D730  6 0.2585 0.1551 0.2400 0.1297 0.1677 0.0491 
        D731  6 0.0512 0.1099 0.0234 0.2491 0.0201 0.5463 
        D732  6 0.4499 0.0693 0.1090 0.0686 0.2700 0.0333 
        D733  6 0.6284 0.0462 0.1416 0.0635 0.0624 0.0578 
     D237251  7 0.2670 0.0747 0.0574 0.4956 0.0559 0.0494 
     D237252  7 0.1164 0.1579 0.4262 0.1868 0.0530 0.0596 
     D237253  7 0.1255 0.1255 0.0793 0.4971 0.0828 0.0899 
     D237254  7 0.0177 0.0252 0.8757 0.0337 0.0313 0.0164 
     D237255  7 0.0875 0.1570 0.0436 0.6151 0.0567 0.0400 
     D237256  7 0.3939 0.1966 0.0508 0.1677 0.1517 0.0393 
     D237257  7 0.0993 0.1293 0.5226 0.0796 0.1280 0.0412 
     D237282  7 0.1172 0.2766 0.1171 0.0298 0.4275 0.0318 
     D237283  7 0.0268 0.0500 0.7151 0.0938 0.0212 0.0931 
     D237284  7 0.0307 0.0366 0.8108 0.0342 0.0540 0.0338 
     D237285  7 0.6384 0.1169 0.0531 0.0708 0.0528 0.0679 
     D237286  7 0.2320 0.1204 0.0781 0.1974 0.1854 0.1867 
     D237287  7 0.1042 0.3847 0.0751 0.2055 0.1473 0.0831 
     D244006  7 0.0391 0.0644 0.8134 0.0196 0.0375 0.0260 
     D244007  7 0.0475 0.7871 0.0466 0.0307 0.0594 0.0286 
     D244008  7 0.0267 0.0346 0.7153 0.0673 0.0356 0.1204 
     D244009  7 0.1219 0.0344 0.4560 0.1186 0.1346 0.1344 
     D244010  7 0.0778 0.0718 0.4726 0.2714 0.0490 0.0574 
     D244011  7 0.2832 0.0697 0.0958 0.3545 0.0385 0.1583 
     D244012  7 0.1807 0.3135 0.1684 0.1897 0.0874 0.0603 
     D244013  7 0.2033 0.1474 0.0728 0.3140 0.0775 0.1849 
     D244014  7 0.2061 0.1856 0.2427 0.2597 0.0487 0.0572 
     D244015  7 0.0945 0.3303 0.3527 0.0373 0.1042 0.0811 
     D244125  7 0.0589 0.0708 0.0290 0.5922 0.1112 0.1378 
     D244126  7 0.0344 0.0226 0.8542 0.0431 0.0248 0.0209 
     D244130  7 0.3979 0.1248 0.1213 0.0582 0.0634 0.2343 
     D244131  7 0.1106 0.1414 0.1302 0.1697 0.1486 0.2995 
     D244132  7 0.4311 0.0318 0.0308 0.0859 0.2207 0.1998 
        D520  7 0.1133 0.0433 0.3479 0.1861 0.1110 0.1984 
        D521  7 0.3627 0.0883 0.1583 0.0887 0.1602 0.1418 
        D522  7 0.0823 0.1089 0.3637 0.1266 0.1478 0.1707 
        D523  7 0.0719 0.1718 0.0583 0.5966 0.0428 0.0587 
        D524  7 0.1429 0.1131 0.1062 0.4700 0.0748 0.0930 
        D525  7 0.0524 0.0633 0.4097 0.3744 0.0476 0.0526 
        D526  7 0.0226 0.0524 0.8152 0.0407 0.0486 0.0205 
        D527  7 0.1378 0.0340 0.1367 0.4476 0.1718 0.0720 
        D528  7 0.0206 0.0632 0.5355 0.0223 0.3350 0.0234 
        D558  7 0.6724 0.1472 0.0831 0.0289 0.0467 0.0217 
        D559  7 0.6586 0.0856 0.0807 0.0793 0.0755 0.0203 
        D640  7 0.2039 0.0617 0.0469 0.3880 0.1009 0.1987 
        D641  7 0.1389 0.1168 0.1155 0.3391 0.0325 0.2572 
        D642  7 0.1442 0.4597 0.2197 0.0571 0.0465 0.0728 
        D644  7 0.2382 0.0687 0.3037 0.1375 0.0947 0.1572 
        D645  7 0.0816 0.1266 0.1556 0.3466 0.1315 0.1581 
        D662  7 0.0255 0.0223 0.0282 0.0241 0.1081 0.7917 
        D687  7 0.1556 0.0469 0.0793 0.5896 0.0608 0.0678 
        D688  7 0.2298 0.1809 0.2880 0.0508 0.2224 0.0280 
        D689  7 0.0377 0.0414 0.0498 0.5905 0.1507 0.1299 
        D700  7 0.0247 0.0922 0.4695 0.0339 0.3580 0.0217 
        D797  7 0.1699 0.0652 0.1306 0.2811 0.1962 0.1570 
        D798  7 0.0626 0.0457 0.0908 0.0493 0.0666 0.6849 
        D799  7 0.1156 0.0804 0.1247 0.5573 0.0597 0.0624 
        D800  7 0.0511 0.1596 0.0806 0.0698 0.5568 0.0821 
        D132  8 0.0396 0.0284 0.7989 0.0410 0.0469 0.0451 
        D133  8 0.0317 0.8043 0.0689 0.0442 0.0271 0.0239 
        D200  8 0.5713 0.0462 0.1164 0.2087 0.0354 0.0221 
        D500  8 0.0263 0.0240 0.8516 0.0220 0.0362 0.0400 
        D614  8 0.2097 0.0415 0.1464 0.1459 0.0818 0.3748 
        D723  8 0.0579 0.2683 0.1359 0.0666 0.3710 0.1003 
        D888  8 0.0420 0.0282 0.0311 0.8322 0.0402 0.0262 
        D901  8 0.0916 0.0690 0.4813 0.2601 0.0344 0.0635 
        D902  8 0.1266 0.0397 0.0458 0.0938 0.0477 0.6464 
        D903  8 0.2146 0.0764 0.0449 0.1306 0.4869 0.0468 
        D904  8 0.3208 0.0867 0.2008 0.1013 0.2113 0.0791 
        D905  8 0.0465 0.0243 0.0198 0.8512 0.0164 0.0416 
        D906  8 0.0905 0.3590 0.2415 0.1733 0.1035 0.0322 
        D937  8 0.0655 0.0345 0.0222 0.0849 0.0189 0.7740 
        D943  8 0.0822 0.0679 0.5929 0.1415 0.0823 0.0331 
        D972  8 0.0775 0.1992 0.3118 0.0448 0.2860 0.0807 
        D973  8 0.0639 0.0527 0.0980 0.0259 0.6803 0.0792 
        D974  8 0.2553 0.2701 0.1376 0.0901 0.1125 0.1344 
        D975  8 0.3768 0.0791 0.2607 0.1712 0.0513 0.0610 
        D976  8 0.2165 0.1403 0.2326 0.2453 0.0518 0.1134 
        D201  9 0.1739 0.1921 0.1835 0.3104 0.0991 0.0410 
        D202  9 0.6307 0.0672 0.0564 0.1740 0.0216 0.0501 
     D237259  9 0.0735 0.4966 0.0869 0.1728 0.1328 0.0373 
     D237260  9 0.1342 0.2806 0.2761 0.2184 0.0264 0.0644 
     D237262  9 0.0358 0.0330 0.7398 0.0424 0.0388 0.1102 
     D237263  9 0.0628 0.2048 0.4361 0.1432 0.0705 0.0826 
     D237264  9 0.0737 0.1999 0.2872 0.0887 0.1007 0.2499 
     D237265  9 0.0303 0.0490 0.0855 0.7784 0.0221 0.0347 
     D237266  9 0.0190 0.7603 0.0280 0.0388 0.0459 0.1080 
     D237267  9 0.2638 0.1693 0.2938 0.1224 0.0706 0.0801 
     D237268  9 0.0655 0.0343 0.6988 0.0857 0.0774 0.0383 
     D237289  9 0.1700 0.2890 0.1099 0.2464 0.0323 0.1524 
     D237290  9 0.0311 0.1907 0.0448 0.6696 0.0349 0.0289 
     D237291  9 0.0928 0.4554 0.0749 0.2124 0.0456 0.1190 
     D237292  9 0.0401 0.4561 0.3302 0.0915 0.0432 0.0389 
     D237293  9 0.1864 0.1180 0.1533 0.2017 0.1010 0.2397 
     D237294  9 0.1781 0.0953 0.5167 0.1144 0.0237 0.0718 
     D237295  9 0.1199 0.0399 0.3362 0.1123 0.2839 0.1078 
     D237296  9 0.1029 0.0791 0.2109 0.4257 0.1013 0.0801 
     D237297  9 0.6854 0.0470 0.0354 0.0546 0.0341 0.1435 
     D237298  9 0.1998 0.1034 0.2012 0.2981 0.1482 0.0494 
     D237341  9 0.1021 0.1353 0.0864 0.5337 0.0648 0.0778 
     D237342  9 0.2016 0.0968 0.4303 0.0461 0.0353 0.1898 
     D237343  9 0.1167 0.2927 0.2861 0.0901 0.0678 0.1467 
     D237344  9 0.2433 0.2239 0.0952 0.1450 0.0642 0.2284 
     D237345  9 0.0593 0.0555 0.8048 0.0279 0.0358 0.0169 
     D237346  9 0.0703 0.2668 0.1027 0.2418 0.0426 0.2758 
     D237347  9 0.0837 0.0775 0.0615 0.3542 0.0397 0.3833 
     D237348  9 0.1845 0.2801 0.2027 0.1323 0.0909 0.1095 
     D237349  9 0.0384 0.8055 0.0171 0.0307 0.0469 0.0614 
     D244109  9 0.0478 0.6276 0.1909 0.0631 0.0519 0.0186 
     D244110  9 0.0371 0.7088 0.0731 0.1096 0.0478 0.0236 
     D244111  9 0.3138 0.2558 0.0942 0.1808 0.0870 0.0685 
     D244128  9 0.1019 0.0794 0.7145 0.0378 0.0256 0.0409 
     D244137  9 0.0674 0.3296 0.0893 0.0524 0.3218 0.1395 
     D244138  9 0.2694 0.2530 0.0878 0.2360 0.0378 0.1160 
        D580  9 0.2170 0.0376 0.5046 0.0550 0.1110 0.0749 
        D581  9 0.0715 0.2790 0.0818 0.5172 0.0218 0.0287 
        D582  9 0.0334 0.0212 0.8768 0.0220 0.0224 0.0242 
        D583  9 0.0526 0.7895 0.0499 0.0519 0.0229 0.0331 
        D584  9 0.1844 0.2018 0.0868 0.0656 0.0380 0.4234 
        D585  9 0.0384 0.0517 0.6134 0.2314 0.0375 0.0276 
        D586  9 0.0202 0.0255 0.0247 0.8453 0.0314 0.0529 
        D651  9 0.0327 0.1418 0.0470 0.1489 0.4240 0.2056 
        D652  9 0.0928 0.5924 0.0409 0.0530 0.0836 0.1373 
        D653  9 0.0718 0.1752 0.0507 0.5170 0.1323 0.0530 
        D654  9 0.1121 0.5134 0.0943 0.0327 0.1724 0.0750 
        D655  9 0.0353 0.0740 0.0443 0.6754 0.0658 0.1052 
        D656  9 0.1584 0.2716 0.4673 0.0245 0.0425 0.0357 
        D657  9 0.5067 0.1175 0.2124 0.0566 0.0470 0.0598 
        D667  9 0.0431 0.0717 0.0538 0.4463 0.0695 0.3157 
        D668  9 0.1015 0.0977 0.1206 0.2528 0.0711 0.3564 
        D669  9 0.0794 0.0538 0.1236 0.6685 0.0499 0.0247 
        D670  9 0.0498 0.1008 0.0457 0.0382 0.6980 0.0675 
        D671  9 0.1621 0.4005 0.1086 0.2198 0.0546 0.0545 
        D672  9 0.0655 0.0750 0.6530 0.0934 0.0656 0.0475 
        D673  9 0.2200 0.0391 0.1450 0.3210 0.1121 0.1627 
        D692  9 0.0481 0.6498 0.2078 0.0322 0.0302 0.0320 
        D693  9 0.1901 0.1152 0.1811 0.1845 0.1521 0.1769 
        D694  9 0.1111 0.0554 0.6949 0.0398 0.0345 0.0643 
        D695  9 0.0665 0.0645 0.2274 0.1989 0.2059 0.2369 
        D696  9 0.2117 0.0336 0.0357 0.0672 0.0360 0.6158 
        D697  9 0.0736 0.1690 0.0586 0.2518 0.1062 0.3407 
        D698  9 0.0904 0.2946 0.0590 0.0909 0.0468 0.4183 
        D699  9 0.3188 0.0630 0.0784 0.2243 0.0295 0.2860 
        D787  9 0.0393 0.4145 0.0552 0.0966 0.2506 0.1438 
        D788  9 0.3302 0.0336 0.0784 0.0742 0.0639 0.4198 
        D789  9 0.2378 0.1638 0.2917 0.1127 0.0433 0.1507 
        D790  9 0.0351 0.2959 0.0488 0.2118 0.0878 0.3206 
        D791  9 0.6032 0.1102 0.0486 0.1893 0.0163 0.0325 
        D792  9 0.0460 0.3770 0.1742 0.1160 0.2137 0.0731 
        D793  9 0.0262 0.0585 0.0322 0.1948 0.2090 0.4793 
        D794  9 0.0734 0.2344 0.1211 0.1409 0.2635 0.1666 
        D795  9 0.1481 0.0518 0.4549 0.0967 0.0237 0.2248 
        D796  9 0.0358 0.0635 0.0665 0.7387 0.0339 0.0616 
        D142 10 0.5212 0.1380 0.0683 0.0708 0.1059 0.0958 
        D143 10 0.0608 0.7875 0.0307 0.0284 0.0347 0.0579 
        D144 10 0.1688 0.0797 0.3139 0.1383 0.1591 0.1402 
        D145 10 0.0830 0.0210 0.0437 0.8054 0.0268 0.0201 
        D146 10 0.1680 0.0522 0.5909 0.0267 0.0629 0.0993 
        D147 10 0.3994 0.1523 0.2104 0.0600 0.0982 0.0796 
        D148 10 0.2205 0.0429 0.2142 0.2314 0.2418 0.0492 
        D149 10 0.0330 0.5888 0.0597 0.2111 0.0753 0.0320 
        D151 10 0.0837 0.0414 0.2430 0.4455 0.1182 0.0682 
        D152 10 0.0513 0.6411 0.0347 0.2297 0.0213 0.0219 
        D153 10 0.1926 0.0445 0.0973 0.0492 0.4261 0.1902 
        D156 10 0.7923 0.0447 0.0229 0.0334 0.0831 0.0236 
        D157 10 0.1867 0.0768 0.1164 0.0826 0.0610 0.4766 
        D158 10 0.2100 0.0499 0.1751 0.4447 0.0282 0.0921 
        D159 10 0.0322 0.7793 0.0320 0.0585 0.0543 0.0438 
        D160 10 0.0182 0.0166 0.0177 0.7842 0.0161 0.1471 
        D161 10 0.1092 0.1081 0.1629 0.1885 0.3541 0.0771 
        D162 10 0.7639 0.0685 0.0198 0.0460 0.0689 0.0328 
        D169 10 0.0361 0.0661 0.6408 0.1433 0.0638 0.0499 
        D170 10 0.1680 0.0320 0.6165 0.0568 0.0601 0.0667 
        D171 10 0.7603 0.0356 0.0683 0.0319 0.0548 0.0490 
        D172 10 0.6374 0.0623 0.1191 0.0541 0.0824 0.0447 
        D173 10 0.0308 0.7672 0.0628 0.0483 0.0741 0.0168 
        D181 10 0.5135 0.0655 0.0446 0.1950 0.0856 0.0958 
        D182 10 0.0498 0.2827 0.1170 0.4061 0.1053 0.0390 
        D183 10 0.0440 0.0285 0.0942 0.2568 0.0909 0.4855 
        D184 10 0.0274 0.0213 0.8092 0.0199 0.0989 0.0232 
        D185 10 0.1533 0.0816 0.2340 0.1024 0.3834 0.0452 
        D186 10 0.0255 0.0325 0.7271 0.1519 0.0387 0.0244 
        D194 10 0.1595 0.1781 0.3486 0.0427 0.1859 0.0852 
        D195 10 0.2163 0.1946 0.0330 0.2748 0.1052 0.1761 
        D196 10 0.1888 0.1857 0.0388 0.2874 0.2253 0.0741 
        D197 10 0.0437 0.1470 0.6015 0.1224 0.0254 0.0600 
        D198 10 0.0312 0.0408 0.2775 0.1365 0.3997 0.1144 
     D237226 10 0.0273 0.0868 0.0891 0.6429 0.0906 0.0632 
     D237232 10 0.0678 0.1063 0.0935 0.4821 0.0620 0.1883 
     D237233 10 0.2149 0.2936 0.0698 0.2954 0.0318 0.0944 
     D237234 10 0.6265 0.0473 0.0616 0.1177 0.0577 0.0893 
     D237354 10 0.0244 0.0456 0.0215 0.8686 0.0214 0.0186 
     D237355 10 0.0188 0.0328 0.0371 0.8357 0.0357 0.0398 
     D237356 10 0.0246 0.0341 0.1630 0.0661 0.4194 0.2928 
     D237357 10 0.1577 0.6174 0.0682 0.0536 0.0352 0.0679 
     D237358 10 0.0379 0.5095 0.2447 0.0366 0.1160 0.0552 
     D237369 10 0.0568 0.1021 0.5867 0.0868 0.1384 0.0293 
     D237370 10 0.2404 0.1698 0.0616 0.1142 0.0531 0.3610 
     D237371 10 0.0525 0.0474 0.1739 0.1184 0.5315 0.0763 
     D237372 10 0.0446 0.4734 0.2811 0.0689 0.0977 0.0343 
     D237373 10 0.2382 0.0542 0.0497 0.4753 0.0522 0.1304 
     D237374 10 0.0600 0.0305 0.0230 0.8302 0.0247 0.0316 
     D237375 10 0.1083 0.4465 0.1367 0.0873 0.1345 0.0867 
     D237400 10 0.0731 0.7457 0.0312 0.0960 0.0256 0.0284 
     D244002 10 0.3371 0.0706 0.4136 0.0590 0.0962 0.0233 
     D244003 10 0.0835 0.0639 0.0418 0.4521 0.0173 0.3414 
     D244004 10 0.0204 0.0138 0.0206 0.0280 0.0153 0.9020 
     D244005 10 0.0159 0.0410 0.1914 0.6893 0.0354 0.0269 
     D244020 10 0.2542 0.0776 0.0723 0.2134 0.2424 0.1400 
     D244021 10 0.0982 0.1508 0.4020 0.1699 0.0869 0.0921 
     D244116 10 0.4584 0.0992 0.2833 0.0380 0.0628 0.0583 
     D244117 10 0.0893 0.0807 0.0273 0.2347 0.0537 0.5143 
     D244121 10 0.0760 0.0966 0.0854 0.1100 0.0383 0.5936 
     D244123 10 0.3019 0.1082 0.1036 0.2557 0.0621 0.1685 
     D244124 10 0.1500 0.2470 0.3483 0.0792 0.0307 0.1448 
        D332 10 0.1183 0.1199 0.0394 0.0455 0.6060 0.0710 
        D570 10 0.5183 0.0472 0.0495 0.0694 0.0723 0.2433 
        D602 10 0.6011 0.0977 0.0445 0.0484 0.1648 0.0435 
        D603 10 0.1644 0.2573 0.1006 0.1409 0.0548 0.2820 
        D604 10 0.3813 0.3718 0.0292 0.0925 0.0792 0.0460 
        D605 10 0.1111 0.0968 0.1268 0.1655 0.4426 0.0572 
        D606 10 0.0298 0.0283 0.5976 0.0484 0.0631 0.2328 
        D607 10 0.0699 0.0465 0.0328 0.0369 0.7834 0.0306 
        D608 10 0.0288 0.8796 0.0164 0.0190 0.0409 0.0153 
        D609 10 0.0699 0.0299 0.0528 0.1154 0.1460 0.5859 
        D610 10 0.0595 0.0875 0.1743 0.3838 0.1524 0.1426 
        D611 10 0.1289 0.0184 0.0247 0.0631 0.0241 0.7407 
        D613 10 0.5416 0.0589 0.0430 0.0862 0.2166 0.0536 
        D633 10 0.5376 0.1857 0.0725 0.0289 0.1435 0.0318 
        D634 10 0.4725 0.0782 0.1490 0.1427 0.0675 0.0901 
        D638 10 0.0782 0.6418 0.0359 0.1491 0.0357 0.0593 
        D681 10 0.7146 0.0341 0.1308 0.0435 0.0398 0.0371 
        D754 10 0.2405 0.0677 0.3343 0.1294 0.0358 0.1923 
        D755 10 0.0491 0.1743 0.0202 0.1483 0.0168 0.5912 
        D756 10 0.2561 0.0975 0.1666 0.1880 0.0483 0.2435 
        D757 10 0.0341 0.1565 0.2001 0.3694 0.1259 0.1141 
        D758 10 0.2748 0.0915 0.2048 0.1859 0.1535 0.0895 
        D759 10 0.0511 0.1061 0.0416 0.3761 0.0363 0.3888 
        D760 10 0.2369 0.1105 0.0937 0.4121 0.0704 0.0764 
        D761 10 0.0473 0.0417 0.0227 0.8419 0.0138 0.0327 
        D762 10 0.1411 0.0884 0.0987 0.0666 0.5676 0.0377 
        D775 10 0.0287 0.0277 0.0288 0.2959 0.0258 0.5932 
        D776 10 0.0490 0.1746 0.0557 0.6524 0.0288 0.0396 
        D777 10 0.0328 0.0496 0.0725 0.4671 0.0516 0.3264 
        D778 10 0.0269 0.2290 0.0275 0.5187 0.0343 0.1636 
        D779 10 0.4713 0.0506 0.1981 0.1175 0.0391 0.1234 
        D780 10 0.5084 0.1575 0.0442 0.1956 0.0504 0.0440 
        D781 10 0.6979 0.1072 0.0456 0.0411 0.0607 0.0475 
        D858 10 0.0267 0.1335 0.2115 0.1226 0.0320 0.4738 
        D933 10 0.0425 0.1186 0.0719 0.3261 0.3712 0.0697 
        D038 11 0.1586 0.0473 0.0522 0.4419 0.1126 0.1874 
        D063 11 0.5101 0.0965 0.1055 0.2026 0.0411 0.0442 
        D155 11 0.0650 0.1059 0.0715 0.4303 0.1349 0.1924 
        D175 11 0.2693 0.0644 0.4135 0.0747 0.0404 0.1377 
        D176 11 0.1613 0.5183 0.0423 0.1694 0.0234 0.0853 
        D205 11 0.0666 0.0255 0.1903 0.0418 0.0481 0.6278 
     D237229 11 0.1590 0.2363 0.3214 0.1263 0.1188 0.0382 
     D237230 11 0.0446 0.4723 0.0654 0.0235 0.3474 0.0469 
     D237231 11 0.1480 0.0893 0.0716 0.0352 0.6307 0.0251 
     D237269 11 0.1145 0.2151 0.1495 0.3340 0.1158 0.0712 
     D237270 11 0.0328 0.1153 0.3985 0.0643 0.1276 0.2616 
     D237271 11 0.7109 0.0388 0.0725 0.0430 0.0613 0.0735 
     D237272 11 0.0582 0.4069 0.0476 0.0419 0.3604 0.0850 
     D237273 11 0.7293 0.0557 0.0378 0.0559 0.0418 0.0795 
     D237301 11 0.1969 0.0532 0.0397 0.0392 0.5794 0.0917 
     D237302 11 0.2116 0.1238 0.3549 0.1548 0.0902 0.0647 
     D237303 11 0.0588 0.3712 0.3244 0.0316 0.1516 0.0624 
     D237304 11 0.4683 0.0772 0.1128 0.0918 0.0949 0.1550 
     D237305 11 0.0535 0.0781 0.5152 0.0820 0.0440 0.2272 
     D237314 11 0.2934 0.0443 0.1057 0.2513 0.0906 0.2147 
     D237315 11 0.0729 0.0414 0.5880 0.1540 0.0964 0.0473 
     D237316 11 0.4276 0.0420 0.0264 0.0224 0.3998 0.0817 
     D237328 11 0.0660 0.0477 0.2258 0.0395 0.4775 0.1435 
     D237329 11 0.0370 0.2798 0.0584 0.2456 0.0620 0.3172 
     D237330 11 0.5272 0.0542 0.0271 0.0889 0.0288 0.2738 
     D237331 11 0.2091 0.0922 0.0876 0.3470 0.1516 0.1125 
     D237332 11 0.2158 0.0410 0.1551 0.1451 0.3754 0.0676 
     D237333 11 0.1500 0.1356 0.0278 0.5870 0.0317 0.0680 
     D237334 11 0.0574 0.0524 0.0458 0.0523 0.7470 0.0451 
     D237335 11 0.2809 0.0643 0.0859 0.0627 0.1837 0.3225 
     D237336 11 0.0473 0.0290 0.0907 0.7479 0.0479 0.0372 
     D237350 11 0.7490 0.0570 0.0274 0.0276 0.0375 0.1015 
     D237383 11 0.1400 0.1299 0.4641 0.1913 0.0329 0.0417 
     D237384 11 0.0626 0.0563 0.1458 0.1990 0.4635 0.0728 
     D237385 11 0.1840 0.1254 0.1973 0.1429 0.2180 0.1325 
     D237386 11 0.0883 0.2035 0.0609 0.0833 0.3675 0.1966 
     D237387 11 0.1979 0.0320 0.1728 0.0494 0.5145 0.0334 
     D237388 11 0.5603 0.0514 0.0354 0.0681 0.0920 0.1928 
        D239 11 0.1107 0.0777 0.0747 0.5189 0.1024 0.1155 
        D240 11 0.0378 0.1174 0.1111 0.6689 0.0324 0.0324 
        D241 11 0.0578 0.0822 0.3061 0.1548 0.3608 0.0384 
        D242 11 0.2329 0.1967 0.0903 0.1981 0.2172 0.0648 
        D243 11 0.0327 0.0555 0.1100 0.5183 0.0928 0.1907 
        D244 11 0.0250 0.0255 0.0808 0.0849 0.0393 0.7444 
        D245 11 0.1966 0.0448 0.5669 0.1234 0.0417 0.0267 
        D246 11 0.3996 0.0618 0.1376 0.0994 0.1508 0.1509 
        D247 11 0.1849 0.2330 0.2074 0.2197 0.0949 0.0600 
        D248 11 0.1187 0.2543 0.0624 0.0527 0.4386 0.0733 
        D249 11 0.3900 0.0391 0.2779 0.0729 0.0685 0.1515 
        D250 11 0.2978 0.2597 0.0293 0.0604 0.2193 0.1335 
        D251 11 0.2762 0.0446 0.0782 0.0788 0.0881 0.4341 
        D252 11 0.2049 0.0781 0.1514 0.0504 0.4180 0.0973 
        D253 11 0.3256 0.1321 0.2415 0.1444 0.0481 0.1083 
        D254 11 0.0307 0.4062 0.3641 0.0814 0.0926 0.0249 
        D255 11 0.6242 0.0890 0.0433 0.0276 0.1077 0.1082 
        D256 11 0.0490 0.0589 0.1088 0.6158 0.1048 0.0627 
        D257 11 0.0378 0.1510 0.0586 0.0964 0.0518 0.6044 
        D258 11 0.0311 0.0330 0.0278 0.0568 0.1243 0.7270 
        D259 11 0.0563 0.0532 0.7079 0.0617 0.0606 0.0604 
        D260 11 0.4093 0.2268 0.1233 0.0671 0.0949 0.0786 
        D261 11 0.6606 0.0364 0.0675 0.0885 0.1160 0.0310 
        D262 11 0.2484 0.0854 0.3429 0.2255 0.0411 0.0566 
        D263 11 0.1969 0.0413 0.0890 0.0501 0.1815 0.4412 
        D264 11 0.2604 0.1100 0.3965 0.0590 0.1378 0.0363 
        D265 11 0.0519 0.2603 0.2031 0.3423 0.0850 0.0573 
        D266 11 0.1936 0.1766 0.0496 0.1921 0.2593 0.1287 
        D267 11 0.2506 0.0486 0.2017 0.1253 0.1641 0.2098 
        D268 11 0.1575 0.0712 0.0481 0.1361 0.1707 0.4164 
        D269 11 0.0855 0.0232 0.0474 0.0404 0.6792 0.1244 
        D270 11 0.0722 0.0543 0.1047 0.0562 0.5964 0.1161 
        D271 11 0.1393 0.0787 0.2709 0.2703 0.1294 0.1113 
        D272 11 0.4344 0.0649 0.1214 0.1780 0.1478 0.0535 
        D273 11 0.0932 0.0329 0.2267 0.0680 0.0662 0.5130 
        D274 11 0.0990 0.0582 0.0914 0.1151 0.1062 0.5301 
        D275 11 0.0831 0.0708 0.0933 0.1712 0.4469 0.1346 
        D276 11 0.0819 0.0319 0.0491 0.0879 0.5146 0.2347 
        D277 11 0.0634 0.1207 0.1336 0.0990 0.3779 0.2053 
        D278 11 0.7276 0.0903 0.0532 0.0409 0.0277 0.0604 
        D282 11 0.0398 0.0547 0.7027 0.0349 0.0697 0.0982 
        D296 11 0.0569 0.0492 0.0507 0.5013 0.2815 0.0605 
        D297 11 0.0624 0.0465 0.1557 0.1075 0.3227 0.3052 
        D298 11 0.3384 0.0979 0.1407 0.2033 0.1496 0.0702 
        D299 11 0.8413 0.0277 0.0248 0.0242 0.0279 0.0540 
        D300 11 0.1089 0.2275 0.0543 0.4778 0.0712 0.0602 
        D382 11 0.0459 0.0281 0.0526 0.0469 0.4439 0.3825 
        D383 11 0.0402 0.0287 0.1093 0.0279 0.0420 0.7519 
        D387 11 0.2924 0.1889 0.0951 0.2129 0.0489 0.1617 
        D388 11 0.0298 0.0248 0.0298 0.0269 0.8644 0.0242 
        D389 11 0.8418 0.0241 0.0247 0.0327 0.0483 0.0283 
        D390 11 0.1471 0.1158 0.0491 0.0760 0.5707 0.0413 
        D396 11 0.1503 0.3069 0.0821 0.2149 0.1899 0.0559 
        D397 11 0.1479 0.0319 0.6233 0.0684 0.1006 0.0279 
        D398 11 0.0312 0.0385 0.1304 0.3144 0.1713 0.3142 
        D399 11 0.4857 0.1508 0.1025 0.0543 0.1699 0.0367 
        D437 11 0.4656 0.0749 0.2413 0.1680 0.0234 0.0268 
        D441 11 0.0895 0.0607 0.0349 0.2008 0.0960 0.5182 
        D442 11 0.4594 0.0949 0.1373 0.1698 0.0638 0.0747 
        D443 11 0.0291 0.0288 0.0247 0.7584 0.0486 0.1104 
        D444 11 0.3710 0.1468 0.0592 0.0662 0.2931 0.0637 
        D445 11 0.1618 0.0326 0.1825 0.0345 0.5316 0.0569 
        D446 11 0.1600 0.1975 0.2334 0.1272 0.2405 0.0414 
        D451 11 0.0690 0.0502 0.2231 0.1517 0.4273 0.0787 
        D452 11 0.5686 0.1347 0.0648 0.1048 0.0742 0.0528 
        D453 11 0.0401 0.0331 0.0536 0.0375 0.8000 0.0357 
        D454 11 0.1707 0.1545 0.4581 0.0914 0.0932 0.0321 
        D457 11 0.2545 0.0352 0.2638 0.1675 0.0773 0.2016 
        D458 11 0.1024 0.0363 0.0871 0.1329 0.3816 0.2597 
        D466 11 0.0430 0.7089 0.1158 0.0418 0.0440 0.0464 
        D467 11 0.7215 0.0578 0.0267 0.0315 0.0210 0.1414 
        D475 11 0.0898 0.0325 0.7354 0.0457 0.0533 0.0434 
        D488 11 0.2461 0.2038 0.1309 0.1802 0.1949 0.0441 
        D489 11 0.0868 0.1405 0.3688 0.1846 0.1300 0.0893 
        D493 11 0.0698 0.0494 0.4166 0.1885 0.2261 0.0496 
        D494 11 0.1555 0.1323 0.0998 0.0856 0.3883 0.1384 
        D495 11 0.0547 0.0908 0.3706 0.3906 0.0562 0.0372 
        D496 11 0.0992 0.1062 0.0301 0.6821 0.0408 0.0416 
        D674 11 0.0659 0.1207 0.0582 0.6460 0.0489 0.0604 
        D675 11 0.0370 0.0539 0.0193 0.8174 0.0387 0.0336 
        D676 11 0.3801 0.0386 0.2222 0.0373 0.0818 0.2399 
        D680 11 0.0283 0.0310 0.0855 0.6886 0.0378 0.1287 
        D701 11 0.3271 0.0467 0.1414 0.4000 0.0549 0.0299 
        D702 11 0.0895 0.1196 0.3189 0.0940 0.3218 0.0563 
        D703 11 0.0945 0.1890 0.1416 0.3157 0.1248 0.1344 
        D704 11 0.4375 0.1815 0.1327 0.0683 0.0870 0.0930 
        D705 11 0.0301 0.3355 0.2400 0.0294 0.3291 0.0359 
        D706 11 0.3181 0.2058 0.1912 0.2260 0.0268 0.0321 
        D707 11 0.1150 0.0450 0.1867 0.0858 0.4802 0.0872 
        D751 11 0.0669 0.0302 0.0917 0.1034 0.6352 0.0724 
        D752 11 0.3028 0.0729 0.1085 0.3781 0.0793 0.0584 
        D753 11 0.0624 0.3963 0.0835 0.0310 0.3472 0.0797 
        D773 11 0.0172 0.0563 0.6063 0.0614 0.0404 0.2185 
        D774 11 0.1333 0.2129 0.0775 0.1641 0.3643 0.0479 
        D801 11 0.1316 0.2408 0.0427 0.1598 0.0983 0.3268 
        D802 11 0.0761 0.1285 0.1557 0.1067 0.4214 0.1116 
        D803 11 0.0804 0.0253 0.0924 0.6974 0.0510 0.0535 
        D804 11 0.2599 0.0939 0.2977 0.1577 0.1373 0.0535 
        D805 11 0.0532 0.0798 0.2140 0.2600 0.2518 0.1414 
        D806 11 0.1744 0.0604 0.1156 0.0761 0.0483 0.5253 
        D809 11 0.2926 0.1559 0.1000 0.0682 0.1442 0.2391 
        D810 11 0.5555 0.0578 0.0420 0.1648 0.0879 0.0919 
        D812 11 0.2089 0.1335 0.3240 0.0676 0.1669 0.0990 
        D813 11 0.1215 0.0852 0.0709 0.6340 0.0552 0.0333 
        D823 11 0.6923 0.0395 0.0649 0.0503 0.1093 0.0437 
        D824 11 0.3479 0.3153 0.0407 0.0555 0.0619 0.1788 
        D829 11 0.3455 0.1907 0.0905 0.0723 0.2540 0.0470 
        D830 11 0.1177 0.0955 0.1987 0.0305 0.4565 0.1010 
        D831 11 0.3811 0.0648 0.1596 0.3192 0.0421 0.0333 
        D832 11 0.0515 0.5723 0.1114 0.0913 0.0449 0.1286 
        D833 11 0.1930 0.0462 0.0822 0.0878 0.4751 0.1157 
        D834 11 0.1024 0.0561 0.0444 0.0611 0.3192 0.4169 
        D835 11 0.0881 0.0344 0.5731 0.1064 0.0880 0.1101 
        D855 11 0.2299 0.1007 0.1186 0.1291 0.2101 0.2115 
        D863 11 0.0335 0.0391 0.0235 0.8627 0.0204 0.0208 
        D864 11 0.4998 0.1020 0.1101 0.0796 0.0773 0.1313 
        D878 11 0.1837 0.0615 0.0560 0.2857 0.1976 0.2155 
        D879 11 0.1264 0.0518 0.4631 0.0385 0.0958 0.2244 
        D880 11 0.1036 0.3586 0.0322 0.2350 0.2283 0.0423 
        D881 11 0.0306 0.0243 0.0258 0.1787 0.0400 0.7006 
        D882 11 0.0592 0.4161 0.0601 0.2932 0.1203 0.0511 
        D909 11 0.0636 0.0925 0.1148 0.1600 0.4533 0.1158 
        D921 11 0.6209 0.0317 0.0912 0.0723 0.1220 0.0619 
        D924 11 0.1428 0.1963 0.0553 0.4612 0.0881 0.0563 
        D935 11 0.0967 0.0333 0.0409 0.0270 0.7190 0.0831 
        D940 11 0.0258 0.0438 0.0235 0.8526 0.0239 0.0304 
        D941 11 0.0724 0.0570 0.0611 0.5035 0.2026 0.1034 
        D942 11 0.0987 0.0711 0.1404 0.0329 0.1048 0.5520 
        D980 11 0.1181 0.0627 0.1320 0.1864 0.4550 0.0459 
        D981 11 0.0881 0.0430 0.6693 0.0435 0.0989 0.0573 
        D982 11 0.2048 0.6079 0.0299 0.0274 0.0684 0.0616 
        D983 11 0.1432 0.0395 0.1005 0.1247 0.3226 0.2694 
        D984 11 0.4729 0.1546 0.0399 0.0492 0.1852 0.0982 
        D992 11 0.2487 0.0515 0.4943 0.0440 0.0728 0.0887 
        D993 11 0.0976 0.0926 0.0985 0.0537 0.2943 0.3633 
        D994 11 0.5819 0.0509 0.0875 0.2092 0.0350 0.0355 
        D995 11 0.1125 0.0618 0.3987 0.0585 0.0909 0.2776 
        H354 11 0.0789 0.2006 0.0680 0.0471 0.3349 0.2705 
        D005 12 0.1632 0.1909 0.4814 0.0372 0.0959 0.0314 
        D035 12 0.0321 0.1399 0.1365 0.5075 0.0878 0.0962 
        D067 12 0.3822 0.1035 0.0691 0.1196 0.2596 0.0661 
        D134 12 0.1091 0.1732 0.1370 0.4546 0.0609 0.0652 
        D135 12 0.0552 0.0760 0.0958 0.5352 0.1402 0.0975 
        D136 12 0.0638 0.0560 0.0711 0.0213 0.7331 0.0548 
        D137 12 0.0729 0.2981 0.0759 0.1706 0.3181 0.0643 
        D138 12 0.1487 0.3428 0.0976 0.1226 0.1210 0.1672 
        D139 12 0.5057 0.1060 0.0321 0.0971 0.2299 0.0292 
        D140 12 0.0471 0.2313 0.1266 0.3273 0.1716 0.0961 
        D141 12 0.0255 0.0278 0.8390 0.0276 0.0488 0.0313 
        D150 12 0.0883 0.1372 0.0387 0.0302 0.0284 0.6772 
        D177 12 0.0719 0.5521 0.0545 0.1908 0.0431 0.0876 
        D178 12 0.1091 0.1232 0.0384 0.0281 0.6795 0.0217 
        D179 12 0.0821 0.1383 0.1248 0.0650 0.4777 0.1122 
        D180 12 0.0357 0.1296 0.1742 0.0361 0.5789 0.0455 
        D187 12 0.0353 0.0963 0.0844 0.6285 0.0566 0.0989 
        D188 12 0.0272 0.0296 0.8846 0.0205 0.0218 0.0164 
        D191 12 0.0400 0.0540 0.7312 0.0994 0.0298 0.0455 
        D418 12 0.0533 0.0355 0.7540 0.0719 0.0672 0.0182 
        D601 12 0.0257 0.1031 0.6457 0.0276 0.1546 0.0432 
        D836 12 0.0542 0.0434 0.7669 0.0674 0.0483 0.0198 
        D837 12 0.0974 0.1221 0.1080 0.2896 0.2142 0.1688 
        D838 12 0.2508 0.0979 0.0362 0.3746 0.0765 0.1640 
        D839 12 0.0413 0.5048 0.0546 0.3078 0.0652 0.0263 
        D840 12 0.0888 0.1009 0.0687 0.5426 0.1462 0.0527 
        D841 12 0.1595 0.1174 0.1263 0.4288 0.0795 0.0885 
        D842 12 0.0285 0.0766 0.4244 0.0304 0.0162 0.4239 
        D843 12 0.1850 0.1381 0.0808 0.2570 0.2060 0.1331 
        D844 12 0.0509 0.1433 0.4420 0.2494 0.0895 0.0249 
        D912 12 0.4488 0.0460 0.0373 0.0977 0.2833 0.0869 
        D913 12 0.0227 0.7489 0.0331 0.1195 0.0484 0.0274 
        D914 12 0.0586 0.1236 0.0373 0.3800 0.0813 0.3192 
        D922 12 0.0832 0.0329 0.0972 0.4217 0.1343 0.2307 
        D939 12 0.1813 0.0642 0.4383 0.0518 0.0522 0.2121 
        D944 12 0.0150 0.5948 0.2231 0.0724 0.0740 0.0208 
        D945 12 0.2191 0.0680 0.1045 0.2219 0.2528 0.1337 
        D985 12 0.1154 0.3054 0.1928 0.0311 0.2721 0.0832 
        D986 12 0.5947 0.0580 0.0987 0.1346 0.0948 0.0191 
        D987 12 0.0662 0.1459 0.0630 0.4768 0.1145 0.1336 
        D988 12 0.5861 0.1472 0.0578 0.1283 0.0354 0.0452 
        D996 12 0.0242 0.1792 0.0392 0.5207 0.1534 0.0834 
        D997 12 0.0429 0.0514 0.1544 0.2957 0.1723 0.2832 
        D998 12 0.0457 0.5348 0.0688 0.1712 0.1161 0.0634 
        D999 12 0.1421 0.2913 0.0459 0.4334 0.0364 0.0509 
