        D174  1 0.7692 0.2308 
        D199  1 0.6995 0.3005 
        D203  1 0.5524 0.4476 
        D204  1 0.3459 0.6541 
     D237366  1 0.2321 0.7679 
     D237367  1 0.1621 0.8379 
     D237368  1 0.2348 0.7652 
     D244101  1 0.5001 0.4999 
     D244102  1 0.6587 0.3413 
     D244103  1 0.1273 0.8727 
     D244104  1 0.6592 0.3408 
     D244105  1 0.0962 0.9038 
     D244106  1 0.8065 0.1935 
     D244107  1 0.0469 0.9531 
     D244108  1 0.7795 0.2205 
     D244113  1 0.8935 0.1065 
     D244114  1 0.4941 0.5059 
     D244115  1 0.5486 0.4514 
     D267365  1 0.9110 0.0890 
        D404  1 0.8226 0.1774 
        D405  1 0.7358 0.2642 
        D406  1 0.0779 0.9221 
        D407  1 0.0634 0.9366 
        D408  1 0.9563 0.0437 
        D409  1 0.1219 0.8781 
        D410  1 0.1301 0.8699 
        D421  1 0.3703 0.6297 
        D422  1 0.0288 0.9712 
        D423  1 0.0498 0.9502 
        D424  1 0.1464 0.8536 
        D425  1 0.8264 0.1736 
        D426  1 0.0930 0.9070 
        D427  1 0.2555 0.7445 
        D428  1 0.3922 0.6078 
        D429  1 0.6899 0.3101 
        D430  1 0.6686 0.3314 
        D491  1 0.9449 0.0551 
        D492  1 0.3916 0.6084 
        D537  1 0.2768 0.7232 
        D538  1 0.5351 0.4649 
        D539  1 0.8234 0.1766 
        D540  1 0.4923 0.5077 
        D541  1 0.4415 0.5585 
        D551  1 0.1175 0.8825 
        D552  1 0.5974 0.4026 
        D553  1 0.3651 0.6349 
        D615  1 0.6229 0.3771 
        D616  1 0.3622 0.6378 
        D621  1 0.2827 0.7173 
        D622  1 0.1414 0.8586 
        D623  1 0.8413 0.1587 
        D624  1 0.7705 0.2295 
        D625  1 0.5940 0.4060 
        D626  1 0.7749 0.2251 
        D627  1 0.1511 0.8489 
        D690  1 0.6647 0.3353 
        D691  1 0.1439 0.8561 
        D710  1 0.6956 0.3044 
        D711  1 0.5168 0.4832 
        D712  1 0.9210 0.0790 
        D713  1 0.7539 0.2461 
        D746  1 0.0628 0.9372 
        D747  1 0.4609 0.5391 
        D748  1 0.3431 0.6569 
        D749  1 0.2084 0.7916 
        D750  1 0.8366 0.1634 
        D763  1 0.4259 0.5741 
        D764  1 0.7012 0.2988 
        D765  1 0.4539 0.5461 
        D766  1 0.2455 0.7545 
        D767  1 0.4105 0.5895 
        D768  1 0.1750 0.8250 
        D811  1 0.8602 0.1398 
        D816  1 0.7215 0.2785 
        D825  1 0.7976 0.2024 
        D866  1 0.8556 0.1444 
        D867  1 0.0476 0.9524 
        D871  1 0.1062 0.8938 
        D872  1 0.4914 0.5086 
        D873  1 0.0482 0.9518 
        D874  1 0.8835 0.1165 
        D875  1 0.0549 0.9451 
        D876  1 0.8010 0.1990 
        D877  1 0.8266 0.1734 
        D892  1 0.6610 0.3390 
        D893  1 0.4811 0.5189 
        D894  1 0.6040 0.3960 
        D915  1 0.4782 0.5218 
        D916  1 0.5017 0.4983 
        D917  1 0.8564 0.1436 
        D925  1 0.3270 0.6730 
        D926  1 0.4219 0.5781 
        D927  1 0.6089 0.3911 
        D928  1 0.9535 0.0465 
        D929  1 0.6936 0.3064 
        D936  1 0.6993 0.3007 
        D938  1 0.0681 0.9319 
        D956  1 0.8549 0.1451 
        D957  1 0.4502 0.5498 
        D958  1 0.6167 0.3833 
        D959  1 0.0501 0.9499 
        D960  1 0.0718 0.9282 
        D989  1 0.9148 0.0852 
        D990  1 0.1362 0.8638 
        D023  2 0.0812 0.9188 
        D130  2 0.0526 0.9474 
        D131  2 0.3024 0.6976 
        D163  2 0.0931 0.9069 
        D164  2 0.0277 0.9723 
        D165  2 0.0548 0.9452 
        D166  2 0.5702 0.4298 
        D167  2 0.2024 0.7976 
        D192  2 0.1190 0.8810 
        D193  2 0.7715 0.2285 
        D206  2 0.1781 0.8219 
        D207  2 0.3749 0.6251 
        D208  2 0.8802 0.1198 
        D209  2 0.1704 0.8296 
        D210  2 0.8149 0.1851 
     D229599  2 0.7420 0.2580 
     D229600  2 0.0497 0.9503 
     D237227  2 0.8156 0.1844 
     D237228  2 0.4522 0.5478 
     D237258  2 0.5924 0.4076 
     D237310  2 0.2984 0.7016 
     D237311  2 0.1704 0.8296 
     D237312  2 0.5216 0.4784 
     D237313  2 0.7169 0.2831 
     D237322  2 0.5882 0.4118 
     D237323  2 0.5459 0.4541 
     D237324  2 0.0495 0.9505 
     D237325  2 0.3960 0.6040 
     D237326  2 0.3209 0.6791 
     D237327  2 0.4992 0.5008 
     D237337  2 0.3402 0.6598 
     D237338  2 0.5244 0.4756 
     D237339  2 0.3793 0.6207 
     D237340  2 0.5276 0.4724 
     D237389  2 0.1251 0.8749 
     D237390  2 0.6605 0.3395 
     D244017  2 0.8454 0.1546 
     D244112  2 0.0716 0.9284 
     D244118  2 0.0762 0.9238 
     D244119  2 0.7661 0.2339 
     D244120  2 0.7052 0.2948 
     D244122  2 0.2523 0.7477 
        D291  2 0.7021 0.2979 
        D292  2 0.8464 0.1536 
        D293  2 0.1598 0.8402 
        D322  2 0.2103 0.7897 
        D323  2 0.5747 0.4253 
        D324  2 0.7068 0.2932 
        D325  2 0.0355 0.9645 
        D326  2 0.6444 0.3556 
        D340  2 0.0337 0.9663 
        D341  2 0.0896 0.9104 
        D342  2 0.1075 0.8925 
        D343  2 0.0227 0.9773 
        D344  2 0.4220 0.5780 
        D345  2 0.5222 0.4778 
        D346  2 0.8642 0.1358 
        D351  2 0.5293 0.4707 
        D352  2 0.6000 0.4000 
        D353  2 0.1491 0.8509 
        D354  2 0.7275 0.2725 
        D362  2 0.6122 0.3878 
        D363  2 0.7568 0.2432 
        D364  2 0.6388 0.3612 
        D365  2 0.0377 0.9623 
        D369  2 0.7155 0.2845 
        D374  2 0.9012 0.0988 
        D375  2 0.5217 0.4783 
        D376  2 0.8592 0.1408 
        D377  2 0.6297 0.3703 
        D378  2 0.2892 0.7108 
        D379  2 0.3964 0.6036 
        D384  2 0.4604 0.5396 
        D385  2 0.0745 0.9255 
        D386  2 0.2570 0.7430 
        D391  2 0.0802 0.9198 
        D392  2 0.1468 0.8532 
        D393  2 0.4122 0.5878 
        D394  2 0.3827 0.6173 
        D395  2 0.2679 0.7321 
        D401  2 0.1907 0.8093 
        D402  2 0.0929 0.9071 
        D403  2 0.1172 0.8828 
        D415  2 0.1143 0.8857 
        D435  2 0.1281 0.8719 
        D436  2 0.6311 0.3689 
        D438  2 0.0412 0.9588 
        D439  2 0.2570 0.7430 
        D449  2 0.0584 0.9416 
        D450  2 0.8433 0.1567 
        D456  2 0.3222 0.6778 
        D462  2 0.0568 0.9432 
        D463  2 0.4001 0.5999 
        D464  2 0.2400 0.7600 
        D465  2 0.1018 0.8982 
        D473  2 0.8517 0.1483 
        D474  2 0.6959 0.3041 
        D476  2 0.0587 0.9413 
        D477  2 0.7955 0.2045 
        D478  2 0.7197 0.2803 
        D480  2 0.7024 0.2976 
        D481  2 0.7032 0.2968 
        D482  2 0.8452 0.1548 
        D483  2 0.1570 0.8430 
        D484  2 0.6158 0.3842 
        D510  2 0.9454 0.0546 
        D511  2 0.4268 0.5732 
        D512  2 0.0748 0.9252 
        D513  2 0.2274 0.7726 
        D635  2 0.2210 0.7790 
        D636  2 0.0671 0.9329 
        D637  2 0.4343 0.5657 
        D658  2 0.4039 0.5961 
        D659  2 0.3278 0.6722 
        D677  2 0.3967 0.6033 
        D678  2 0.1467 0.8533 
        D679  2 0.5906 0.4094 
        D719  2 0.8736 0.1264 
        D720  2 0.6215 0.3785 
        D721  2 0.1036 0.8964 
        D722  2 0.8250 0.1750 
        D734  2 0.8848 0.1152 
        D735  2 0.4810 0.5190 
        D736  2 0.8371 0.1629 
        D737  2 0.5597 0.4403 
        D807  2 0.8497 0.1503 
        D808  2 0.3742 0.6258 
        D817  2 0.7785 0.2215 
        D818  2 0.1901 0.8099 
        D819  2 0.6271 0.3729 
        D820  2 0.5738 0.4262 
        D895  2 0.2445 0.7555 
        D896  2 0.2268 0.7732 
        D897  2 0.1521 0.8479 
        D898  2 0.7970 0.2030 
        D918  2 0.2803 0.7197 
        D919  2 0.4098 0.5902 
        D920  2 0.0635 0.9365 
        D923  2 0.5556 0.4444 
        D930  2 0.7184 0.2816 
        D931  2 0.6632 0.3368 
        D968  2 0.1037 0.8963 
        D969  2 0.6692 0.3308 
        D977  2 0.0689 0.9311 
        D978  2 0.6690 0.3310 
        D211  3 0.2084 0.7916 
     D229639  3 0.9281 0.0719 
     D237212  3 0.5467 0.4533 
     D237213  3 0.3344 0.6656 
     D237214  3 0.0994 0.9006 
     D237215  3 0.7813 0.2187 
     D237216  3 0.0717 0.9283 
     D237217  3 0.0693 0.9307 
     D237218  3 0.4771 0.5229 
     D237219  3 0.6999 0.3001 
     D237382  3 0.5827 0.4173 
     D244127  3 0.1684 0.8316 
     D244129  3 0.5237 0.4763 
     D244133  3 0.5124 0.4876 
     D244134  3 0.8973 0.1027 
     D244135  3 0.0649 0.9351 
     D244136  3 0.7415 0.2585 
        D416  3 0.2391 0.7609 
        D417  3 0.2505 0.7495 
        D419  3 0.6196 0.3804 
        D565  3 0.9482 0.0518 
        D566  3 0.9162 0.0838 
        D567  3 0.3597 0.6403 
        D568  3 0.2022 0.7978 
        D569  3 0.3326 0.6674 
        D573  3 0.5288 0.4712 
        D574  3 0.8559 0.1441 
        D575  3 0.5611 0.4389 
        D576  3 0.3807 0.6193 
        D577  3 0.6039 0.3961 
        D578  3 0.0359 0.9641 
        D579  3 0.6902 0.3098 
        D660  3 0.1761 0.8239 
        D661  3 0.3466 0.6534 
        D663  3 0.6732 0.3268 
        D664  3 0.5191 0.4809 
        D665  3 0.1010 0.8990 
        D666  3 0.7331 0.2669 
        D009  4 0.2144 0.7856 
        D057  4 0.2285 0.7715 
        D109  4 0.3571 0.6429 
     D237222  4 0.2225 0.7775 
     D237223  4 0.1951 0.8049 
     D237224  4 0.6594 0.3406 
     D237225  4 0.2592 0.7408 
     D237299  4 0.1336 0.8664 
     D237300  4 0.9128 0.0872 
     D237306  4 0.7270 0.2730 
     D237307  4 0.7383 0.2617 
     D237308  4 0.3211 0.6789 
     D237309  4 0.1803 0.8197 
     D237317  4 0.7082 0.2918 
     D237318  4 0.9013 0.0987 
     D237319  4 0.4312 0.5688 
     D237320  4 0.3208 0.6792 
     D237321  4 0.8197 0.1803 
     D237397  4 0.5400 0.4600 
     D237398  4 0.5986 0.4014 
     D237399  4 0.7795 0.2205 
     D244001  4 0.0502 0.9498 
        D289  4 0.7150 0.2850 
        D290  4 0.6077 0.3923 
        D294  4 0.4424 0.5576 
        D295  4 0.6281 0.3719 
        D301  4 0.1484 0.8516 
        D302  4 0.4285 0.5715 
        D303  4 0.8263 0.1737 
        D304  4 0.8584 0.1416 
        D305  4 0.0549 0.9451 
        D306  4 0.6665 0.3335 
        D307  4 0.1755 0.8245 
        D327  4 0.6377 0.3623 
        D328  4 0.8304 0.1696 
        D329  4 0.3172 0.6828 
        D330  4 0.1476 0.8524 
        D331  4 0.8107 0.1893 
        D333  4 0.6286 0.3714 
        D334  4 0.8261 0.1739 
        D335  4 0.5541 0.4459 
        D370  4 0.6921 0.3079 
        D371  4 0.8917 0.1083 
        D372  4 0.6503 0.3497 
        D373  4 0.0671 0.9329 
        D455  4 0.1045 0.8955 
        D490  4 0.0517 0.9483 
        D497  4 0.0551 0.9449 
        D498  4 0.7699 0.2301 
        D499  4 0.7444 0.2556 
        D514  4 0.5166 0.4834 
        D515  4 0.1523 0.8477 
        D516  4 0.4977 0.5023 
        D517  4 0.0829 0.9171 
        D518  4 0.2991 0.7009 
        D519  4 0.1072 0.8928 
        D560  4 0.1192 0.8808 
        D561  4 0.0575 0.9425 
        D562  4 0.5985 0.4015 
        D563  4 0.1729 0.8271 
        D572  4 0.4017 0.5983 
        D629  4 0.5022 0.4978 
        D630  4 0.6322 0.3678 
        D631  4 0.4589 0.5411 
        D632  4 0.0897 0.9103 
        D646  4 0.0906 0.9094 
        D647  4 0.2327 0.7673 
        D648  4 0.7258 0.2742 
        D649  4 0.3813 0.6187 
        D650  4 0.6713 0.3287 
        D708  4 0.8332 0.1668 
        D709  4 0.7773 0.2227 
        D738  4 0.7461 0.2539 
        D739  4 0.4114 0.5886 
        D740  4 0.4859 0.5141 
        D741  4 0.1017 0.8983 
        D742  4 0.5248 0.4752 
        D743  4 0.6094 0.3906 
        D744  4 0.3710 0.6290 
        D745  4 0.0954 0.9046 
        D814  4 0.0838 0.9162 
        D815  4 0.7456 0.2544 
        D828  4 0.8182 0.1818 
        D845  4 0.8920 0.1080 
        D846  4 0.1963 0.8037 
        D847  4 0.5699 0.4301 
        D848  4 0.0815 0.9185 
        D849  4 0.1054 0.8946 
        D850  4 0.5333 0.4667 
        D856  4 0.5620 0.4380 
        D857  4 0.0726 0.9274 
        D859  4 0.6918 0.3082 
        D860  4 0.8865 0.1135 
        D883  4 0.6649 0.3351 
        D884  4 0.5734 0.4266 
        D885  4 0.2038 0.7962 
        D886  4 0.3751 0.6249 
        D887  4 0.6413 0.3587 
        D889  4 0.9018 0.0982 
        D890  4 0.7367 0.2633 
        D891  4 0.9312 0.0688 
        D899  4 0.7747 0.2253 
        D900  4 0.5658 0.4342 
        D970  4 0.6384 0.3616 
        D971  4 0.1170 0.8830 
        D979  4 0.7031 0.2969 
        D093  5 0.8798 0.1202 
        D154  5 0.4046 0.5954 
        D168  5 0.2060 0.7940 
        D189  5 0.9023 0.0977 
        D190  5 0.8974 0.1026 
     D237220  5 0.5698 0.4302 
     D237221  5 0.7947 0.2053 
     D237274  5 0.4300 0.5700 
     D237275  5 0.3534 0.6466 
     D237276  5 0.6314 0.3686 
     D237277  5 0.9015 0.0985 
     D237278  5 0.3382 0.6618 
     D237279  5 0.0708 0.9292 
     D237280  5 0.4581 0.5419 
     D237281  5 0.5434 0.4566 
     D237351  5 0.3985 0.6015 
     D237352  5 0.2133 0.7867 
     D237353  5 0.9482 0.0518 
     D237359  5 0.4934 0.5066 
     D237361  5 0.9378 0.0622 
     D237362  5 0.7059 0.2941 
     D237363  5 0.1623 0.8377 
     D237364  5 0.2019 0.7981 
     D237376  5 0.8648 0.1352 
     D237377  5 0.3402 0.6598 
     D237378  5 0.8998 0.1002 
     D237379  5 0.8117 0.1883 
     D237380  5 0.3111 0.6889 
     D237381  5 0.2480 0.7520 
     D237391  5 0.9030 0.0970 
     D237392  5 0.3503 0.6497 
     D237393  5 0.7205 0.2795 
     D237394  5 0.9205 0.0795 
     D237395  5 0.6590 0.3410 
     D237396  5 0.3513 0.6487 
     D244016  5 0.7047 0.2953 
     D244018  5 0.2851 0.7149 
     D244019  5 0.6511 0.3489 
        D279  5 0.4784 0.5216 
        D280  5 0.8343 0.1657 
        D281  5 0.7928 0.2072 
        D283  5 0.8992 0.1008 
        D284  5 0.2716 0.7284 
        D285  5 0.9252 0.0748 
        D286  5 0.7737 0.2263 
        D287  5 0.8751 0.1249 
        D288  5 0.9031 0.0969 
        D308  5 0.1865 0.8135 
        D309  5 0.0871 0.9129 
        D310  5 0.8295 0.1705 
        D311  5 0.8060 0.1940 
        D312  5 0.8694 0.1306 
        D313  5 0.0428 0.9572 
        D314  5 0.4920 0.5080 
        D315  5 0.8027 0.1973 
        D317  5 0.9327 0.0673 
        D318  5 0.4725 0.5275 
        D319  5 0.9145 0.0855 
        D320  5 0.9239 0.0761 
        D321  5 0.3858 0.6142 
        D336  5 0.8689 0.1311 
        D337  5 0.9518 0.0482 
        D338  5 0.6021 0.3979 
        D339  5 0.8182 0.1818 
        D347  5 0.8316 0.1684 
        D348  5 0.9208 0.0792 
        D349  5 0.2858 0.7142 
        D350  5 0.1941 0.8059 
        D355  5 0.4329 0.5671 
        D356  5 0.8627 0.1373 
        D357  5 0.7721 0.2279 
        D358  5 0.6836 0.3164 
        D359  5 0.9184 0.0816 
        D360  5 0.9125 0.0875 
        D361  5 0.1465 0.8535 
        D366  5 0.1185 0.8815 
        D367  5 0.8622 0.1378 
        D368  5 0.7287 0.2713 
        D380  5 0.2495 0.7505 
        D381  5 0.8562 0.1438 
        D400  5 0.8555 0.1445 
        D411  5 0.0403 0.9597 
        D412  5 0.5370 0.4630 
        D413  5 0.0731 0.9269 
        D414  5 0.3904 0.6096 
        D420  5 0.7460 0.2540 
        D431  5 0.8253 0.1747 
        D432  5 0.8044 0.1956 
        D433  5 0.9238 0.0762 
        D434  5 0.8451 0.1549 
        D440  5 0.1069 0.8931 
        D447  5 0.1305 0.8695 
        D448  5 0.9326 0.0674 
        D459  5 0.6605 0.3395 
        D460  5 0.2384 0.7616 
        D461  5 0.3542 0.6458 
        D468  5 0.6136 0.3864 
        D469  5 0.6364 0.3636 
        D470  5 0.4120 0.5880 
        D471  5 0.9325 0.0675 
        D472  5 0.4465 0.5535 
        D479  5 0.1055 0.8945 
        D485  5 0.7277 0.2723 
        D486  5 0.4727 0.5273 
        D487  5 0.8316 0.1684 
        D555  5 0.9081 0.0919 
        D556  5 0.9223 0.0777 
        D557  5 0.9493 0.0507 
        D564  5 0.7944 0.2056 
        D594  5 0.4482 0.5518 
        D595  5 0.7978 0.2022 
        D596  5 0.9439 0.0561 
        D597  5 0.7533 0.2467 
        D598  5 0.7241 0.2759 
        D617  5 0.1049 0.8951 
        D618  5 0.8667 0.1333 
        D619  5 0.5422 0.4578 
        D620  5 0.1193 0.8807 
        D628  5 0.4868 0.5132 
        D714  5 0.9279 0.0721 
        D715  5 0.9297 0.0703 
        D716  5 0.7634 0.2366 
        D717  5 0.7300 0.2700 
        D718  5 0.6234 0.3766 
        D769  5 0.0802 0.9198 
        D770  5 0.6605 0.3395 
        D771  5 0.5935 0.4065 
        D772  5 0.8834 0.1166 
        D782  5 0.1125 0.8875 
        D783  5 0.5934 0.4066 
        D784  5 0.6810 0.3190 
        D785  5 0.8535 0.1465 
        D786  5 0.1121 0.8879 
        D821  5 0.9621 0.0379 
        D822  5 0.7201 0.2799 
        D826  5 0.8490 0.1510 
        D827  5 0.3403 0.6597 
        D851  5 0.5024 0.4976 
        D852  5 0.7964 0.2036 
        D853  5 0.8190 0.1810 
        D854  5 0.4721 0.5279 
        D861  5 0.5363 0.4637 
        D862  5 0.8267 0.1733 
        D865  5 0.9337 0.0663 
        D868  5 0.6993 0.3007 
        D869  5 0.0660 0.9340 
        D870  5 0.0442 0.9558 
        D907  5 0.8269 0.1731 
        D908  5 0.8661 0.1339 
        D910  5 0.8832 0.1168 
        D911  5 0.5814 0.4186 
        D934  5 0.7341 0.2659 
        D946  5 0.7969 0.2031 
        D947  5 0.7195 0.2805 
        D948  5 0.3594 0.6406 
        D949  5 0.3278 0.6722 
        D950  5 0.5630 0.4370 
        D951  5 0.2528 0.7472 
        D952  5 0.8433 0.1567 
        D953  5 0.9292 0.0708 
        D954  5 0.8412 0.1588 
        D961  5 0.7604 0.2396 
        D962  5 0.9337 0.0663 
        D963  5 0.7751 0.2249 
        D964  5 0.5966 0.4034 
        D965  5 0.6215 0.3785 
        D966  5 0.8572 0.1428 
        D967  5 0.7710 0.2290 
        D991  5 0.5912 0.4088 
        D502  6 0.2298 0.7702 
        D503  6 0.2292 0.7708 
        D504  6 0.6086 0.3914 
        D505  6 0.6866 0.3134 
        D506  6 0.9294 0.0706 
        D507  6 0.3929 0.6071 
        D508  6 0.6968 0.3032 
        D529  6 0.6796 0.3204 
        D530  6 0.6311 0.3689 
        D531  6 0.6703 0.3297 
        D532  6 0.6659 0.3341 
        D534  6 0.1184 0.8816 
        D535  6 0.7620 0.2380 
        D536  6 0.0454 0.9546 
        D554  6 0.6573 0.3427 
        D587  6 0.8371 0.1629 
        D588  6 0.6050 0.3950 
        D589  6 0.4715 0.5285 
        D590  6 0.0726 0.9274 
        D591  6 0.6922 0.3078 
        D592  6 0.1985 0.8015 
        D593  6 0.7226 0.2774 
        D682  6 0.8850 0.1150 
        D683  6 0.8032 0.1968 
        D684  6 0.1170 0.8830 
        D685  6 0.2786 0.7214 
        D686  6 0.7518 0.2482 
        D724  6 0.4058 0.5942 
        D725  6 0.6223 0.3777 
        D726  6 0.9072 0.0928 
        D727  6 0.1817 0.8183 
        D728  6 0.7871 0.2129 
        D729  6 0.0432 0.9568 
        D730  6 0.3618 0.6382 
        D731  6 0.9336 0.0664 
        D732  6 0.5875 0.4125 
        D733  6 0.6123 0.3877 
     D237251  7 0.8907 0.1093 
     D237252  7 0.2359 0.7641 
     D237253  7 0.8018 0.1982 
     D237254  7 0.0437 0.9563 
     D237255  7 0.8322 0.1678 
     D237256  7 0.5928 0.4072 
     D237257  7 0.2362 0.7638 
     D237282  7 0.2267 0.7733 
     D237283  7 0.0578 0.9422 
     D237284  7 0.0558 0.9442 
     D237285  7 0.6373 0.3627 
     D237286  7 0.7789 0.2211 
     D237287  7 0.4885 0.5115 
     D244006  7 0.0465 0.9535 
     D244007  7 0.0977 0.9023 
     D244008  7 0.1012 0.8988 
     D244009  7 0.4898 0.5102 
     D244010  7 0.4350 0.5650 
     D244011  7 0.6941 0.3059 
     D244012  7 0.3829 0.6171 
     D244013  7 0.7961 0.2039 
     D244014  7 0.3617 0.6383 
     D244015  7 0.1189 0.8811 
     D244125  7 0.8914 0.1086 
     D244126  7 0.0448 0.9552 
     D244130  7 0.4365 0.5635 
     D244131  7 0.6167 0.3833 
     D244132  7 0.8813 0.1187 
        D520  7 0.6417 0.3583 
        D521  7 0.5372 0.4628 
        D522  7 0.2027 0.7973 
        D523  7 0.6203 0.3797 
        D524  7 0.7907 0.2093 
        D525  7 0.2923 0.7077 
        D526  7 0.0557 0.9443 
        D527  7 0.6290 0.3710 
        D528  7 0.0283 0.9717 
        D558  7 0.2042 0.7958 
        D559  7 0.2195 0.7805 
        D640  7 0.8766 0.1234 
        D641  7 0.7599 0.2401 
        D642  7 0.1702 0.8298 
        D644  7 0.6902 0.3098 
        D645  7 0.6058 0.3942 
        D662  7 0.4315 0.5685 
        D687  7 0.6345 0.3655 
        D688  7 0.2140 0.7860 
        D689  7 0.8559 0.1441 
        D700  7 0.0238 0.9762 
        D797  7 0.7146 0.2854 
        D798  7 0.2980 0.7020 
        D799  7 0.6171 0.3829 
        D800  7 0.1771 0.8229 
        D132  8 0.0696 0.9304 
        D133  8 0.0455 0.9545 
        D200  8 0.6416 0.3584 
        D500  8 0.0742 0.9258 
        D614  8 0.8400 0.1600 
        D723  8 0.3099 0.6901 
        D888  8 0.9238 0.0762 
        D901  8 0.2232 0.7768 
        D902  8 0.7966 0.2034 
        D903  8 0.7481 0.2519 
        D904  8 0.5085 0.4915 
        D905  8 0.9439 0.0561 
        D906  8 0.2775 0.7225 
        D937  8 0.8990 0.1010 
        D943  8 0.2900 0.7100 
        D972  8 0.1978 0.8022 
        D973  8 0.4114 0.5886 
        D974  8 0.5662 0.4338 
        D975  8 0.6245 0.3755 
        D976  8 0.4992 0.5008 
        D201  9 0.3124 0.6876 
        D202  9 0.5568 0.4432 
     D237259  9 0.0684 0.9316 
     D237260  9 0.3481 0.6519 
     D237262  9 0.1448 0.8552 
     D237263  9 0.2865 0.7135 
     D237264  9 0.3875 0.6125 
     D237265  9 0.6110 0.3890 
     D237266  9 0.1277 0.8723 
     D237267  9 0.3357 0.6643 
     D237268  9 0.4964 0.5036 
     D237289  9 0.6320 0.3680 
     D237290  9 0.5729 0.4271 
     D237291  9 0.3301 0.6699 
     D237292  9 0.0860 0.9140 
     D237293  9 0.5547 0.4453 
     D237294  9 0.3016 0.6984 
     D237295  9 0.7129 0.2871 
     D237296  9 0.6787 0.3213 
     D237297  9 0.8057 0.1943 
     D237298  9 0.4992 0.5008 
     D237341  9 0.5783 0.4217 
     D237342  9 0.3035 0.6965 
     D237343  9 0.3124 0.6876 
     D237344  9 0.7723 0.2277 
     D237345  9 0.0477 0.9523 
     D237346  9 0.5856 0.4144 
     D237347  9 0.8528 0.1472 
     D237348  9 0.4841 0.5159 
     D237349  9 0.0774 0.9226 
     D244109  9 0.0748 0.9252 
     D244110  9 0.2757 0.7243 
     D244111  9 0.4926 0.5074 
     D244128  9 0.1262 0.8738 
     D244137  9 0.2591 0.7409 
     D244138  9 0.5713 0.4287 
        D580  9 0.1409 0.8591 
        D581  9 0.2889 0.7111 
        D582  9 0.1427 0.8573 
        D583  9 0.1221 0.8779 
        D584  9 0.4846 0.5154 
        D585  9 0.2455 0.7545 
        D586  9 0.8953 0.1047 
        D651  9 0.6088 0.3912 
        D652  9 0.0757 0.9243 
        D653  9 0.6093 0.3907 
        D654  9 0.1125 0.8875 
        D655  9 0.8686 0.1314 
        D656  9 0.0622 0.9378 
        D657  9 0.2780 0.7220 
        D667  9 0.9217 0.0783 
        D668  9 0.6434 0.3566 
        D669  9 0.5539 0.4461 
        D670  9 0.2490 0.7510 
        D671  9 0.2682 0.7318 
        D672  9 0.1609 0.8391 
        D673  9 0.7052 0.2948 
        D692  9 0.0505 0.9495 
        D693  9 0.6517 0.3483 
        D694  9 0.1620 0.8380 
        D695  9 0.5528 0.4472 
        D696  9 0.9442 0.0558 
        D697  9 0.7255 0.2745 
        D698  9 0.4277 0.5723 
        D699  9 0.8225 0.1775 
        D787  9 0.2186 0.7814 
        D788  9 0.7304 0.2696 
        D789  9 0.4617 0.5383 
        D790  9 0.3429 0.6571 
        D791  9 0.7136 0.2864 
        D792  9 0.2175 0.7825 
        D793  9 0.8996 0.1004 
        D794  9 0.6483 0.3517 
        D795  9 0.3703 0.6297 
        D796  9 0.7935 0.2065 
        D142 10 0.8162 0.1838 
        D143 10 0.0928 0.9072 
        D144 10 0.6628 0.3372 
        D145 10 0.7574 0.2426 
        D146 10 0.3771 0.6229 
        D147 10 0.1937 0.8063 
        D148 10 0.1818 0.8182 
        D149 10 0.2221 0.7779 
        D151 10 0.1721 0.8279 
        D152 10 0.1773 0.8227 
        D153 10 0.7645 0.2355 
        D156 10 0.5248 0.4752 
        D157 10 0.7702 0.2298 
        D158 10 0.6651 0.3349 
        D159 10 0.1188 0.8812 
        D160 10 0.9516 0.0484 
        D161 10 0.5930 0.4070 
        D162 10 0.7320 0.2680 
        D169 10 0.0922 0.9078 
        D170 10 0.1755 0.8245 
        D171 10 0.6786 0.3214 
        D172 10 0.4206 0.5794 
        D173 10 0.0342 0.9658 
        D181 10 0.8433 0.1567 
        D182 10 0.1958 0.8042 
        D183 10 0.8980 0.1020 
        D184 10 0.0515 0.9485 
        D185 10 0.5440 0.4560 
        D186 10 0.0669 0.9331 
        D194 10 0.2752 0.7248 
        D195 10 0.7541 0.2459 
        D196 10 0.7941 0.2059 
        D197 10 0.0845 0.9155 
        D198 10 0.6162 0.3838 
     D237226 10 0.7009 0.2991 
     D237232 10 0.8891 0.1109 
     D237233 10 0.6996 0.3004 
     D237234 10 0.7997 0.2003 
     D237354 10 0.8950 0.1050 
     D237355 10 0.8829 0.1171 
     D237356 10 0.7138 0.2862 
     D237357 10 0.1166 0.8834 
     D237358 10 0.0830 0.9170 
     D237369 10 0.0440 0.9560 
     D237370 10 0.8188 0.1812 
     D237371 10 0.5398 0.4602 
     D237372 10 0.0694 0.9306 
     D237373 10 0.8590 0.1410 
     D237374 10 0.9221 0.0779 
     D237375 10 0.3289 0.6711 
     D237400 10 0.2156 0.7844 
     D244002 10 0.0533 0.9467 
     D244003 10 0.8940 0.1060 
     D244004 10 0.9597 0.0403 
     D244005 10 0.5204 0.4796 
     D244020 10 0.7828 0.2172 
     D244021 10 0.1145 0.8855 
     D244116 10 0.2312 0.7688 
     D244117 10 0.8762 0.1238 
     D244121 10 0.7930 0.2070 
     D244123 10 0.8333 0.1667 
     D244124 10 0.2114 0.7886 
        D332 10 0.4779 0.5221 
        D570 10 0.8682 0.1318 
        D602 10 0.1805 0.8195 
        D603 10 0.6572 0.3428 
        D604 10 0.3625 0.6375 
        D605 10 0.7067 0.2933 
        D606 10 0.3316 0.6684 
        D607 10 0.3313 0.6687 
        D608 10 0.0458 0.9542 
        D609 10 0.8806 0.1194 
        D610 10 0.7113 0.2887 
        D611 10 0.9674 0.0326 
        D613 10 0.7849 0.2151 
        D633 10 0.3841 0.6159 
        D634 10 0.6951 0.3049 
        D638 10 0.4035 0.5965 
        D681 10 0.5793 0.4207 
        D754 10 0.5410 0.4590 
        D755 10 0.7733 0.2267 
        D756 10 0.7359 0.2641 
        D757 10 0.5462 0.4538 
        D758 10 0.4841 0.5159 
        D759 10 0.8424 0.1576 
        D760 10 0.7475 0.2525 
        D761 10 0.8947 0.1053 
        D762 10 0.5169 0.4831 
        D775 10 0.9233 0.0767 
        D776 10 0.7911 0.2089 
        D777 10 0.8527 0.1473 
        D778 10 0.4427 0.5573 
        D779 10 0.6877 0.3123 
        D780 10 0.6743 0.3257 
        D781 10 0.1957 0.8043 
        D858 10 0.0844 0.9156 
        D933 10 0.7741 0.2259 
        D038 11 0.8528 0.1472 
        D063 11 0.7929 0.2071 
        D155 11 0.8498 0.1502 
        D175 11 0.5892 0.4108 
        D176 11 0.4002 0.5998 
        D205 11 0.8076 0.1924 
     D237229 11 0.1181 0.8819 
     D237230 11 0.0739 0.9261 
     D237231 11 0.4838 0.5162 
     D237269 11 0.5082 0.4918 
     D237270 11 0.2221 0.7779 
     D237271 11 0.7651 0.2349 
     D237272 11 0.1587 0.8413 
     D237273 11 0.8532 0.1468 
     D237301 11 0.7572 0.2428 
     D237302 11 0.2585 0.7415 
     D237303 11 0.0613 0.9387 
     D237304 11 0.5641 0.4359 
     D237305 11 0.2114 0.7886 
     D237314 11 0.8224 0.1776 
     D237315 11 0.2739 0.7261 
     D237316 11 0.6407 0.3593 
     D237328 11 0.4433 0.5567 
     D237329 11 0.3861 0.6139 
     D237330 11 0.8982 0.1018 
     D237331 11 0.8619 0.1381 
     D237332 11 0.7064 0.2936 
     D237333 11 0.8698 0.1302 
     D237334 11 0.5421 0.4579 
     D237335 11 0.7209 0.2791 
     D237336 11 0.7638 0.2362 
     D237350 11 0.7534 0.2466 
     D237383 11 0.5615 0.4385 
     D237384 11 0.6073 0.3927 
     D237385 11 0.5426 0.4574 
     D237386 11 0.6015 0.3985 
     D237387 11 0.4770 0.5230 
     D237388 11 0.8894 0.1106 
        D239 11 0.8455 0.1545 
        D240 11 0.3336 0.6664 
        D241 11 0.1622 0.8378 
        D242 11 0.5693 0.4307 
        D243 11 0.8157 0.1843 
        D244 11 0.9111 0.0889 
        D245 11 0.2028 0.7972 
        D246 11 0.7517 0.2483 
        D247 11 0.2919 0.7081 
        D248 11 0.6343 0.3657 
        D249 11 0.5542 0.4458 
        D250 11 0.7337 0.2663 
        D251 11 0.8162 0.1838 
        D252 11 0.5283 0.4717 
        D253 11 0.7881 0.2119 
        D254 11 0.0542 0.9458 
        D255 11 0.6519 0.3481 
        D256 11 0.7461 0.2539 
        D257 11 0.1567 0.8433 
        D258 11 0.2617 0.7383 
        D259 11 0.1577 0.8423 
        D260 11 0.3766 0.6234 
        D261 11 0.7906 0.2094 
        D262 11 0.2718 0.7282 
        D263 11 0.8014 0.1986 
        D264 11 0.1466 0.8534 
        D265 11 0.2060 0.7940 
        D266 11 0.7755 0.2245 
        D267 11 0.7837 0.2163 
        D268 11 0.9064 0.0936 
        D269 11 0.8046 0.1954 
        D270 11 0.5852 0.4148 
        D271 11 0.6724 0.3276 
        D272 11 0.7047 0.2953 
        D273 11 0.0721 0.9279 
        D274 11 0.8102 0.1898 
        D275 11 0.7497 0.2503 
        D276 11 0.8914 0.1086 
        D277 11 0.6325 0.3675 
        D278 11 0.6303 0.3697 
        D282 11 0.1326 0.8674 
        D296 11 0.8461 0.1539 
        D297 11 0.7642 0.2358 
        D298 11 0.7692 0.2308 
        D299 11 0.7983 0.2017 
        D300 11 0.6103 0.3897 
        D382 11 0.8412 0.1588 
        D383 11 0.7472 0.2528 
        D387 11 0.7004 0.2996 
        D388 11 0.5946 0.4054 
        D389 11 0.8080 0.1920 
        D390 11 0.7240 0.2760 
        D396 11 0.4321 0.5679 
        D397 11 0.1395 0.8605 
        D398 11 0.8228 0.1772 
        D399 11 0.2686 0.7314 
        D437 11 0.0728 0.9272 
        D441 11 0.9147 0.0853 
        D442 11 0.6397 0.3603 
        D443 11 0.9407 0.0593 
        D444 11 0.5649 0.4351 
        D445 11 0.4318 0.5682 
        D446 11 0.0629 0.9371 
        D451 11 0.6822 0.3178 
        D452 11 0.5603 0.4397 
        D453 11 0.6632 0.3368 
        D454 11 0.2326 0.7674 
        D457 11 0.6567 0.3433 
        D458 11 0.9002 0.0998 
        D466 11 0.0882 0.9118 
        D467 11 0.7701 0.2299 
        D475 11 0.0895 0.9105 
        D488 11 0.5580 0.4420 
        D489 11 0.1803 0.8197 
        D493 11 0.1362 0.8638 
        D494 11 0.6245 0.3755 
        D495 11 0.2099 0.7901 
        D496 11 0.8298 0.1702 
        D674 11 0.7711 0.2289 
        D675 11 0.8693 0.1307 
        D676 11 0.6292 0.3708 
        D680 11 0.8741 0.1259 
        D701 11 0.4411 0.5589 
        D702 11 0.1228 0.8772 
        D703 11 0.5686 0.4314 
        D704 11 0.6366 0.3634 
        D705 11 0.0448 0.9552 
        D706 11 0.3890 0.6110 
        D707 11 0.5105 0.4895 
        D751 11 0.7342 0.2658 
        D752 11 0.7640 0.2360 
        D753 11 0.1730 0.8270 
        D773 11 0.0467 0.9533 
        D774 11 0.5655 0.4345 
        D801 11 0.5421 0.4579 
        D802 11 0.1276 0.8724 
        D803 11 0.9068 0.0932 
        D804 11 0.4138 0.5862 
        D805 11 0.6230 0.3770 
        D806 11 0.0959 0.9041 
        D809 11 0.7350 0.2650 
        D810 11 0.9260 0.0740 
        D812 11 0.3955 0.6045 
        D813 11 0.7667 0.2333 
        D823 11 0.7525 0.2475 
        D824 11 0.4791 0.5209 
        D829 11 0.5341 0.4659 
        D830 11 0.1594 0.8406 
        D831 11 0.4745 0.5255 
        D832 11 0.2203 0.7797 
        D833 11 0.8896 0.1104 
        D834 11 0.8719 0.1281 
        D835 11 0.5960 0.4040 
        D855 11 0.7333 0.2667 
        D863 11 0.9040 0.0960 
        D864 11 0.7734 0.2266 
        D878 11 0.8442 0.1558 
        D879 11 0.2609 0.7391 
        D880 11 0.7679 0.2321 
        D881 11 0.9424 0.0576 
        D882 11 0.3607 0.6393 
        D909 11 0.7051 0.2949 
        D921 11 0.8606 0.1394 
        D924 11 0.7796 0.2204 
        D935 11 0.6237 0.3763 
        D940 11 0.8100 0.1900 
        D941 11 0.8496 0.1504 
        D942 11 0.0819 0.9181 
        D980 11 0.5097 0.4903 
        D981 11 0.3695 0.6305 
        D982 11 0.1387 0.8613 
        D983 11 0.9148 0.0852 
        D984 11 0.7405 0.2595 
        D992 11 0.1598 0.8402 
        D993 11 0.7740 0.2260 
        D994 11 0.6133 0.3867 
        D995 11 0.3863 0.6137 
        H354 11 0.1793 0.8207 
        D005 12 0.1636 0.8364 
        D035 12 0.5677 0.4323 
        D067 12 0.6960 0.3040 
        D134 12 0.7125 0.2875 
        D135 12 0.2104 0.7896 
        D136 12 0.2680 0.7320 
        D137 12 0.3596 0.6404 
        D138 12 0.5964 0.4036 
        D139 12 0.7200 0.2800 
        D140 12 0.4053 0.5947 
        D141 12 0.0524 0.9476 
        D150 12 0.2073 0.7927 
        D177 12 0.4633 0.5367 
        D178 12 0.2374 0.7626 
        D179 12 0.1783 0.8217 
        D180 12 0.2466 0.7534 
        D187 12 0.7173 0.2827 
        D188 12 0.0452 0.9548 
        D191 12 0.0851 0.9149 
        D418 12 0.0698 0.9302 
        D601 12 0.1500 0.8500 
        D836 12 0.1214 0.8786 
        D837 12 0.6307 0.3693 
        D838 12 0.9367 0.0633 
        D839 12 0.3094 0.6906 
        D840 12 0.7139 0.2861 
        D841 12 0.5134 0.4866 
        D842 12 0.0487 0.9513 
        D843 12 0.7759 0.2241 
        D844 12 0.0718 0.9282 
        D912 12 0.8569 0.1431 
        D913 12 0.1533 0.8467 
        D914 12 0.8958 0.1042 
        D922 12 0.8555 0.1445 
        D939 12 0.4965 0.5035 
        D944 12 0.0470 0.9530 
        D945 12 0.7068 0.2932 
        D985 12 0.2156 0.7844 
        D986 12 0.1551 0.8449 
        D987 12 0.8101 0.1899 
        D988 12 0.7458 0.2542 
        D996 12 0.7854 0.2146 
        D997 12 0.7878 0.2122 
        D998 12 0.2278 0.7722 
        D999 12 0.5712 0.4288 
