        D174  1 0.3555 0.1351 0.5094 
        D199  1 0.1033 0.5364 0.3603 
        D203  1 0.3686 0.4678 0.1636 
        D204  1 0.0846 0.8662 0.0492 
     D237366  1 0.6191 0.2365 0.1444 
     D237367  1 0.4216 0.4900 0.0885 
     D237368  1 0.5554 0.3223 0.1223 
     D244101  1 0.0465 0.8865 0.0670 
     D244102  1 0.4085 0.1925 0.3990 
     D244103  1 0.4877 0.4180 0.0943 
     D244104  1 0.1343 0.5829 0.2828 
     D244105  1 0.8794 0.0771 0.0436 
     D244106  1 0.1363 0.1123 0.7514 
     D244107  1 0.5622 0.3991 0.0387 
     D244108  1 0.3421 0.1434 0.5145 
     D244113  1 0.1291 0.0735 0.7974 
     D244114  1 0.2905 0.3531 0.3564 
     D244115  1 0.3044 0.1696 0.5260 
     D267365  1 0.1279 0.2678 0.6043 
        D404  1 0.1518 0.1005 0.7477 
        D405  1 0.2430 0.2323 0.5247 
        D406  1 0.9029 0.0556 0.0414 
        D407  1 0.1795 0.7673 0.0532 
        D408  1 0.0583 0.0594 0.8823 
        D409  1 0.5094 0.3310 0.1596 
        D410  1 0.8802 0.0666 0.0533 
        D421  1 0.0396 0.9068 0.0536 
        D422  1 0.8645 0.1062 0.0294 
        D423  1 0.8312 0.1397 0.0292 
        D424  1 0.2899 0.6422 0.0679 
        D425  1 0.1430 0.4929 0.3641 
        D426  1 0.4397 0.4287 0.1316 
        D427  1 0.0555 0.7338 0.2107 
        D428  1 0.2564 0.5306 0.2131 
        D429  1 0.1887 0.3376 0.4737 
        D430  1 0.2200 0.2812 0.4988 
        D491  1 0.0800 0.0978 0.8222 
        D492  1 0.3238 0.4465 0.2297 
        D537  1 0.2257 0.7104 0.0639 
        D538  1 0.5488 0.2239 0.2273 
        D539  1 0.2588 0.0728 0.6684 
        D540  1 0.3391 0.3954 0.2655 
        D541  1 0.1162 0.8299 0.0539 
        D551  1 0.3026 0.4662 0.2312 
        D552  1 0.4543 0.2226 0.3231 
        D553  1 0.1099 0.8189 0.0712 
        D615  1 0.4040 0.3373 0.2587 
        D616  1 0.3810 0.4219 0.1971 
        D621  1 0.7464 0.0750 0.1785 
        D622  1 0.8358 0.0833 0.0809 
        D623  1 0.0948 0.2583 0.6469 
        D624  1 0.1087 0.0924 0.7989 
        D625  1 0.3341 0.5342 0.1317 
        D626  1 0.3176 0.1223 0.5601 
        D627  1 0.3624 0.4925 0.1451 
        D690  1 0.3064 0.5096 0.1840 
        D691  1 0.8133 0.1307 0.0559 
        D710  1 0.1663 0.5715 0.2622 
        D711  1 0.2398 0.6320 0.1281 
        D712  1 0.1075 0.0740 0.8186 
        D713  1 0.3204 0.3088 0.3708 
        D746  1 0.8522 0.1042 0.0436 
        D747  1 0.0604 0.8727 0.0670 
        D748  1 0.6237 0.2911 0.0852 
        D749  1 0.6655 0.1156 0.2189 
        D750  1 0.2048 0.1836 0.6115 
        D763  1 0.1863 0.6384 0.1754 
        D764  1 0.3339 0.3632 0.3029 
        D765  1 0.7743 0.0566 0.1690 
        D766  1 0.6912 0.2331 0.0757 
        D767  1 0.5025 0.3626 0.1349 
        D768  1 0.1082 0.8546 0.0372 
        D811  1 0.1968 0.0960 0.7072 
        D816  1 0.1409 0.6914 0.1678 
        D825  1 0.3691 0.1310 0.4999 
        D866  1 0.0986 0.1149 0.7865 
        D867  1 0.8674 0.0847 0.0479 
        D871  1 0.4619 0.4137 0.1244 
        D872  1 0.5298 0.3559 0.1143 
        D873  1 0.9420 0.0271 0.0309 
        D874  1 0.0694 0.5153 0.4153 
        D875  1 0.6701 0.2616 0.0683 
        D876  1 0.3633 0.4025 0.2342 
        D877  1 0.0825 0.1763 0.7412 
        D892  1 0.5135 0.2278 0.2587 
        D893  1 0.2948 0.5710 0.1342 
        D894  1 0.2330 0.4611 0.3059 
        D915  1 0.4207 0.4506 0.1287 
        D916  1 0.1671 0.7505 0.0824 
        D917  1 0.0981 0.4358 0.4661 
        D925  1 0.7967 0.0851 0.1182 
        D926  1 0.2490 0.5141 0.2369 
        D927  1 0.1016 0.6722 0.2262 
        D928  1 0.0824 0.1564 0.7612 
        D929  1 0.4857 0.1683 0.3459 
        D936  1 0.1179 0.6555 0.2266 
        D938  1 0.8997 0.0582 0.0421 
        D956  1 0.1329 0.0443 0.8228 
        D957  1 0.6670 0.2246 0.1084 
        D958  1 0.5741 0.2881 0.1378 
        D959  1 0.1806 0.7897 0.0297 
        D960  1 0.8937 0.0547 0.0516 
        D989  1 0.0688 0.1270 0.8042 
        D990  1 0.8258 0.0449 0.1293 
        D023  2 0.5463 0.4127 0.0410 
        D130  2 0.8845 0.0836 0.0318 
        D131  2 0.1931 0.7078 0.0991 
        D163  2 0.8382 0.0934 0.0683 
        D164  2 0.6374 0.3200 0.0426 
        D165  2 0.6762 0.2797 0.0441 
        D166  2 0.5715 0.1666 0.2619 
        D167  2 0.1217 0.4765 0.4018 
        D192  2 0.1433 0.5147 0.3420 
        D193  2 0.2596 0.0751 0.6653 
        D206  2 0.3103 0.5999 0.0898 
        D207  2 0.1413 0.6491 0.2096 
        D208  2 0.0894 0.1082 0.8025 
        D209  2 0.2829 0.5362 0.1808 
        D210  2 0.1129 0.2148 0.6723 
     D229599  2 0.2039 0.3479 0.4482 
     D229600  2 0.6544 0.2551 0.0905 
     D237227  2 0.1493 0.0950 0.7558 
     D237228  2 0.4682 0.0914 0.4404 
     D237258  2 0.3347 0.2437 0.4216 
     D237310  2 0.7818 0.0582 0.1600 
     D237311  2 0.7424 0.1212 0.1363 
     D237312  2 0.7072 0.0835 0.2094 
     D237313  2 0.3802 0.2449 0.3748 
     D237322  2 0.2121 0.1379 0.6500 
     D237323  2 0.7237 0.0464 0.2299 
     D237324  2 0.5068 0.4151 0.0782 
     D237325  2 0.6948 0.1173 0.1878 
     D237326  2 0.6581 0.2625 0.0794 
     D237327  2 0.1913 0.4724 0.3363 
     D237337  2 0.8286 0.0766 0.0948 
     D237338  2 0.4930 0.1878 0.3192 
     D237339  2 0.0734 0.8612 0.0654 
     D237340  2 0.4260 0.1249 0.4491 
     D237389  2 0.8409 0.0698 0.0893 
     D237390  2 0.6045 0.1247 0.2709 
     D244017  2 0.1002 0.1248 0.7751 
     D244112  2 0.4179 0.3210 0.2611 
     D244118  2 0.6670 0.2009 0.1321 
     D244119  2 0.0581 0.1271 0.8148 
     D244120  2 0.1648 0.0777 0.7575 
     D244122  2 0.2552 0.3566 0.3882 
        D291  2 0.1934 0.2886 0.5180 
        D292  2 0.1155 0.3571 0.5274 
        D293  2 0.0230 0.9497 0.0273 
        D322  2 0.0655 0.8881 0.0464 
        D323  2 0.1950 0.5104 0.2946 
        D324  2 0.2235 0.5420 0.2345 
        D325  2 0.0456 0.9256 0.0288 
        D326  2 0.0418 0.8873 0.0709 
        D340  2 0.0476 0.9074 0.0450 
        D341  2 0.1312 0.7513 0.1175 
        D342  2 0.5755 0.2738 0.1506 
        D343  2 0.0228 0.9537 0.0235 
        D344  2 0.2701 0.5706 0.1593 
        D345  2 0.3549 0.4605 0.1845 
        D346  2 0.0929 0.1929 0.7142 
        D351  2 0.1865 0.7234 0.0901 
        D352  2 0.2278 0.4959 0.2762 
        D353  2 0.0669 0.8780 0.0552 
        D354  2 0.2943 0.3487 0.3570 
        D362  2 0.1773 0.6593 0.1635 
        D363  2 0.1318 0.6449 0.2233 
        D364  2 0.2588 0.5246 0.2166 
        D365  2 0.0228 0.9463 0.0309 
        D369  2 0.1655 0.4989 0.3356 
        D374  2 0.1075 0.0585 0.8339 
        D375  2 0.3619 0.4133 0.2248 
        D376  2 0.1026 0.0466 0.8508 
        D377  2 0.4196 0.1717 0.4087 
        D378  2 0.0797 0.8721 0.0483 
        D379  2 0.1440 0.7487 0.1073 
        D384  2 0.0565 0.8669 0.0766 
        D385  2 0.0581 0.8256 0.1163 
        D386  2 0.1494 0.7906 0.0600 
        D391  2 0.0368 0.9229 0.0403 
        D392  2 0.1421 0.7217 0.1362 
        D393  2 0.1181 0.7935 0.0884 
        D394  2 0.5478 0.2854 0.1669 
        D395  2 0.1088 0.7819 0.1093 
        D401  2 0.8468 0.0614 0.0918 
        D402  2 0.0683 0.8475 0.0842 
        D403  2 0.4656 0.4511 0.0833 
        D415  2 0.2080 0.7620 0.0300 
        D435  2 0.0986 0.8533 0.0481 
        D436  2 0.2430 0.5802 0.1768 
        D438  2 0.0525 0.8812 0.0664 
        D439  2 0.2075 0.7209 0.0717 
        D449  2 0.1717 0.7652 0.0631 
        D450  2 0.2432 0.2061 0.5507 
        D456  2 0.1141 0.8428 0.0431 
        D462  2 0.0349 0.9345 0.0306 
        D463  2 0.0613 0.8862 0.0525 
        D464  2 0.0763 0.7919 0.1318 
        D465  2 0.0877 0.8531 0.0592 
        D473  2 0.2876 0.1033 0.6091 
        D474  2 0.1317 0.6184 0.2499 
        D476  2 0.5723 0.3750 0.0526 
        D477  2 0.1539 0.5024 0.3437 
        D478  2 0.3160 0.2746 0.4095 
        D480  2 0.0771 0.7237 0.1992 
        D481  2 0.2198 0.4802 0.3000 
        D482  2 0.1895 0.0899 0.7206 
        D483  2 0.1133 0.5457 0.3411 
        D484  2 0.2201 0.3595 0.4205 
        D510  2 0.0572 0.0506 0.8922 
        D511  2 0.0950 0.8265 0.0785 
        D512  2 0.7165 0.2114 0.0721 
        D513  2 0.1078 0.7704 0.1218 
        D635  2 0.2107 0.7117 0.0777 
        D636  2 0.8838 0.0766 0.0396 
        D637  2 0.2312 0.4212 0.3477 
        D658  2 0.2345 0.3304 0.4352 
        D659  2 0.1025 0.7899 0.1076 
        D677  2 0.4626 0.4005 0.1368 
        D678  2 0.2795 0.3794 0.3411 
        D679  2 0.0976 0.7454 0.1570 
        D719  2 0.0534 0.4698 0.4768 
        D720  2 0.1243 0.7321 0.1436 
        D721  2 0.4840 0.4513 0.0647 
        D722  2 0.1388 0.1002 0.7610 
        D734  2 0.0496 0.2807 0.6696 
        D735  2 0.2260 0.5651 0.2088 
        D736  2 0.1189 0.1773 0.7039 
        D737  2 0.2919 0.1899 0.5182 
        D807  2 0.1573 0.2500 0.5927 
        D808  2 0.5650 0.3077 0.1273 
        D817  2 0.2081 0.4713 0.3205 
        D818  2 0.2000 0.7192 0.0807 
        D819  2 0.3299 0.4582 0.2120 
        D820  2 0.0541 0.8998 0.0461 
        D895  2 0.3163 0.5742 0.1094 
        D896  2 0.8742 0.0465 0.0793 
        D897  2 0.2920 0.5032 0.2048 
        D898  2 0.2616 0.1355 0.6028 
        D918  2 0.5487 0.2421 0.2092 
        D919  2 0.1257 0.7897 0.0845 
        D920  2 0.8924 0.0489 0.0587 
        D923  2 0.1091 0.8130 0.0778 
        D930  2 0.2444 0.4353 0.3203 
        D931  2 0.1108 0.6815 0.2077 
        D968  2 0.0437 0.9037 0.0526 
        D969  2 0.0935 0.6384 0.2681 
        D977  2 0.1340 0.7984 0.0676 
        D978  2 0.1674 0.3571 0.4755 
        D211  3 0.7666 0.1522 0.0812 
     D229639  3 0.0800 0.1034 0.8166 
     D237212  3 0.2456 0.5124 0.2420 
     D237213  3 0.5501 0.3314 0.1185 
     D237214  3 0.7115 0.2122 0.0763 
     D237215  3 0.0503 0.1066 0.8431 
     D237216  3 0.4930 0.3735 0.1334 
     D237217  3 0.7020 0.2433 0.0547 
     D237218  3 0.2373 0.5022 0.2605 
     D237219  3 0.4895 0.0590 0.4515 
     D237382  3 0.4913 0.2744 0.2343 
     D244127  3 0.7235 0.1627 0.1137 
     D244129  3 0.3583 0.4865 0.1552 
     D244133  3 0.2284 0.2408 0.5308 
     D244134  3 0.1354 0.0804 0.7843 
     D244135  3 0.7078 0.2437 0.0485 
     D244136  3 0.1374 0.3506 0.5120 
        D416  3 0.3111 0.5178 0.1712 
        D417  3 0.3534 0.5793 0.0673 
        D419  3 0.3873 0.2438 0.3688 
        D565  3 0.0501 0.0978 0.8521 
        D566  3 0.0466 0.0871 0.8663 
        D567  3 0.2682 0.6402 0.0916 
        D568  3 0.4884 0.4340 0.0776 
        D569  3 0.2345 0.6166 0.1489 
        D573  3 0.0707 0.8206 0.1086 
        D574  3 0.1293 0.0937 0.7771 
        D575  3 0.3584 0.3068 0.3348 
        D576  3 0.0763 0.1431 0.7806 
        D577  3 0.2745 0.5862 0.1393 
        D578  3 0.8843 0.0777 0.0380 
        D579  3 0.1583 0.4431 0.3986 
        D660  3 0.4296 0.3063 0.2641 
        D661  3 0.2842 0.3229 0.3929 
        D663  3 0.0873 0.5062 0.4065 
        D664  3 0.4926 0.0901 0.4172 
        D665  3 0.7231 0.1748 0.1020 
        D666  3 0.3780 0.1743 0.4477 
        D009  4 0.6806 0.2277 0.0918 
        D057  4 0.3583 0.4358 0.2058 
        D109  4 0.7578 0.0950 0.1472 
     D237222  4 0.7774 0.0942 0.1284 
     D237223  4 0.6705 0.1893 0.1402 
     D237224  4 0.1195 0.5768 0.3038 
     D237225  4 0.5214 0.3480 0.1306 
     D237299  4 0.7466 0.0945 0.1590 
     D237300  4 0.0679 0.0479 0.8843 
     D237306  4 0.3141 0.2097 0.4762 
     D237307  4 0.1835 0.3593 0.4573 
     D237308  4 0.2349 0.4794 0.2857 
     D237309  4 0.5436 0.3278 0.1287 
     D237317  4 0.1360 0.2706 0.5934 
     D237318  4 0.0514 0.1586 0.7900 
     D237319  4 0.6413 0.1673 0.1913 
     D237320  4 0.5686 0.2812 0.1502 
     D237321  4 0.1039 0.1003 0.7957 
     D237397  4 0.3818 0.2422 0.3761 
     D237398  4 0.1637 0.5183 0.3180 
     D237399  4 0.2255 0.2222 0.5523 
     D244001  4 0.7955 0.1290 0.0754 
        D289  4 0.1497 0.4979 0.3524 
        D290  4 0.3740 0.2559 0.3701 
        D294  4 0.2525 0.4668 0.2807 
        D295  4 0.4407 0.3343 0.2250 
        D301  4 0.8161 0.0390 0.1449 
        D302  4 0.1509 0.7503 0.0988 
        D303  4 0.1787 0.1071 0.7141 
        D304  4 0.1518 0.1791 0.6691 
        D305  4 0.3616 0.5581 0.0802 
        D306  4 0.2530 0.1786 0.5684 
        D307  4 0.8259 0.0427 0.1313 
        D327  4 0.1193 0.6960 0.1847 
        D328  4 0.2154 0.1268 0.6579 
        D329  4 0.3914 0.3420 0.2666 
        D330  4 0.4586 0.4988 0.0426 
        D331  4 0.2940 0.2084 0.4975 
        D333  4 0.3891 0.2128 0.3981 
        D334  4 0.2196 0.1806 0.5998 
        D335  4 0.0896 0.8204 0.0900 
        D370  4 0.3160 0.1119 0.5721 
        D371  4 0.0644 0.2013 0.7344 
        D372  4 0.0837 0.0614 0.8548 
        D373  4 0.7411 0.1695 0.0895 
        D455  4 0.8408 0.0785 0.0807 
        D490  4 0.9237 0.0391 0.0371 
        D497  4 0.8825 0.0538 0.0638 
        D498  4 0.3399 0.1384 0.5217 
        D499  4 0.1436 0.2080 0.6484 
        D514  4 0.2394 0.5918 0.1688 
        D515  4 0.7865 0.1422 0.0713 
        D516  4 0.4870 0.3077 0.2053 
        D517  4 0.8250 0.0866 0.0884 
        D518  4 0.4548 0.3493 0.1959 
        D519  4 0.7514 0.1810 0.0676 
        D560  4 0.7251 0.1958 0.0791 
        D561  4 0.4625 0.4971 0.0404 
        D562  4 0.3575 0.3627 0.2798 
        D563  4 0.1568 0.7524 0.0908 
        D572  4 0.2575 0.6105 0.1321 
        D629  4 0.3390 0.5001 0.1609 
        D630  4 0.3908 0.3264 0.2828 
        D631  4 0.2070 0.4674 0.3256 
        D632  4 0.6364 0.2951 0.0686 
        D646  4 0.4660 0.4721 0.0618 
        D647  4 0.3971 0.5441 0.0589 
        D648  4 0.2583 0.1342 0.6075 
        D649  4 0.4965 0.4083 0.0952 
        D650  4 0.3601 0.3505 0.2893 
        D708  4 0.1772 0.1077 0.7151 
        D709  4 0.3753 0.1934 0.4314 
        D738  4 0.3825 0.1894 0.4281 
        D739  4 0.6435 0.2015 0.1550 
        D740  4 0.3449 0.1577 0.4974 
        D741  4 0.2865 0.6697 0.0438 
        D742  4 0.1451 0.4752 0.3796 
        D743  4 0.0960 0.7784 0.1257 
        D744  4 0.1196 0.7851 0.0954 
        D745  4 0.8509 0.0857 0.0633 
        D814  4 0.3192 0.5435 0.1373 
        D815  4 0.2467 0.4984 0.2550 
        D828  4 0.1356 0.0487 0.8158 
        D845  4 0.0457 0.1740 0.7803 
        D846  4 0.2087 0.7173 0.0740 
        D847  4 0.4062 0.2760 0.3178 
        D848  4 0.6986 0.1531 0.1483 
        D849  4 0.7907 0.1518 0.0575 
        D850  4 0.2368 0.6110 0.1523 
        D856  4 0.6942 0.1486 0.1572 
        D857  4 0.8874 0.0346 0.0780 
        D859  4 0.1954 0.4346 0.3700 
        D860  4 0.0675 0.3255 0.6070 
        D883  4 0.4222 0.2577 0.3201 
        D884  4 0.6424 0.1735 0.1842 
        D885  4 0.2050 0.6978 0.0971 
        D886  4 0.6632 0.2415 0.0953 
        D887  4 0.2263 0.3462 0.4275 
        D889  4 0.0826 0.1115 0.8059 
        D890  4 0.3101 0.1705 0.5194 
        D891  4 0.0391 0.1035 0.8574 
        D899  4 0.0759 0.2929 0.6311 
        D900  4 0.2578 0.4486 0.2936 
        D970  4 0.2029 0.4705 0.3267 
        D971  4 0.1055 0.8197 0.0747 
        D979  4 0.0619 0.8209 0.1172 
        D093  5 0.1387 0.0951 0.7661 
        D154  5 0.1916 0.4370 0.3715 
        D168  5 0.4101 0.4688 0.1211 
        D189  5 0.0953 0.0952 0.8095 
        D190  5 0.0829 0.1425 0.7745 
     D237220  5 0.5710 0.1581 0.2709 
     D237221  5 0.1390 0.2214 0.6396 
     D237274  5 0.1242 0.8118 0.0640 
     D237275  5 0.2094 0.3537 0.4368 
     D237276  5 0.4969 0.1637 0.3394 
     D237277  5 0.0592 0.0808 0.8601 
     D237278  5 0.2224 0.2778 0.4999 
     D237279  5 0.6021 0.3481 0.0497 
     D237280  5 0.6108 0.1987 0.1905 
     D237281  5 0.0952 0.6593 0.2455 
     D237351  5 0.7541 0.0825 0.1634 
     D237352  5 0.4520 0.4322 0.1158 
     D237353  5 0.0545 0.0593 0.8862 
     D237359  5 0.4699 0.1912 0.3389 
     D237361  5 0.0572 0.0652 0.8776 
     D237362  5 0.1827 0.3639 0.4534 
     D237363  5 0.2807 0.4941 0.2251 
     D237364  5 0.4061 0.4839 0.1100 
     D237376  5 0.1164 0.0611 0.8225 
     D237377  5 0.2900 0.5475 0.1625 
     D237378  5 0.0884 0.0675 0.8441 
     D237379  5 0.1554 0.1449 0.6998 
     D237380  5 0.8291 0.0597 0.1112 
     D237381  5 0.6227 0.1955 0.1819 
     D237391  5 0.0864 0.0911 0.8225 
     D237392  5 0.1367 0.7740 0.0893 
     D237393  5 0.1792 0.4157 0.4052 
     D237394  5 0.0962 0.0904 0.8134 
     D237395  5 0.2901 0.0964 0.6135 
     D237396  5 0.1090 0.7899 0.1011 
     D244016  5 0.0893 0.3266 0.5841 
     D244018  5 0.1804 0.4958 0.3238 
     D244019  5 0.1282 0.5654 0.3064 
        D279  5 0.2637 0.3460 0.3903 
        D280  5 0.1607 0.2046 0.6348 
        D281  5 0.0866 0.3453 0.5681 
        D283  5 0.0792 0.3264 0.5945 
        D284  5 0.6965 0.1593 0.1441 
        D285  5 0.0912 0.0990 0.8098 
        D286  5 0.3079 0.1949 0.4973 
        D287  5 0.1925 0.0479 0.7597 
        D288  5 0.1030 0.3027 0.5943 
        D308  5 0.8346 0.1038 0.0616 
        D309  5 0.0948 0.8503 0.0549 
        D310  5 0.0706 0.0546 0.8749 
        D311  5 0.2128 0.3171 0.4701 
        D312  5 0.1919 0.2318 0.5763 
        D313  5 0.9261 0.0281 0.0458 
        D314  5 0.4484 0.1938 0.3578 
        D315  5 0.1738 0.1875 0.6387 
        D317  5 0.0884 0.1027 0.8089 
        D318  5 0.2285 0.5307 0.2408 
        D319  5 0.0811 0.0723 0.8467 
        D320  5 0.1064 0.0709 0.8227 
        D321  5 0.6721 0.1128 0.2151 
        D336  5 0.0786 0.0687 0.8527 
        D337  5 0.0305 0.0685 0.9010 
        D338  5 0.3760 0.3015 0.3226 
        D339  5 0.1052 0.0865 0.8083 
        D347  5 0.1189 0.3850 0.4961 
        D348  5 0.0581 0.0996 0.8423 
        D349  5 0.8075 0.0631 0.1294 
        D350  5 0.1339 0.7693 0.0969 
        D355  5 0.0563 0.8071 0.1367 
        D356  5 0.2158 0.1237 0.6604 
        D357  5 0.2142 0.1512 0.6347 
        D358  5 0.1955 0.2655 0.5390 
        D359  5 0.1002 0.3406 0.5592 
        D360  5 0.1835 0.1054 0.7111 
        D361  5 0.8904 0.0542 0.0554 
        D366  5 0.0576 0.8992 0.0431 
        D367  5 0.1319 0.0725 0.7956 
        D368  5 0.3718 0.1478 0.4804 
        D380  5 0.1493 0.7621 0.0886 
        D381  5 0.0952 0.1996 0.7052 
        D400  5 0.1456 0.1730 0.6815 
        D411  5 0.9133 0.0483 0.0384 
        D412  5 0.2616 0.3064 0.4320 
        D413  5 0.1053 0.8131 0.0816 
        D414  5 0.1831 0.6235 0.1934 
        D420  5 0.3974 0.1248 0.4778 
        D431  5 0.2090 0.0479 0.7431 
        D432  5 0.1932 0.1177 0.6892 
        D433  5 0.0903 0.0857 0.8240 
        D434  5 0.2173 0.2508 0.5319 
        D440  5 0.1927 0.7539 0.0534 
        D447  5 0.1570 0.7772 0.0658 
        D448  5 0.0658 0.0955 0.8387 
        D459  5 0.0464 0.7781 0.1755 
        D460  5 0.7219 0.1561 0.1219 
        D461  5 0.0799 0.8306 0.0896 
        D468  5 0.2161 0.4042 0.3796 
        D469  5 0.3263 0.4555 0.2182 
        D470  5 0.5998 0.1550 0.2452 
        D471  5 0.0565 0.1298 0.8137 
        D472  5 0.0462 0.8945 0.0593 
        D479  5 0.1055 0.7616 0.1329 
        D485  5 0.3078 0.1790 0.5133 
        D486  5 0.4126 0.3416 0.2457 
        D487  5 0.1178 0.0761 0.8061 
        D555  5 0.0549 0.0882 0.8569 
        D556  5 0.1114 0.0809 0.8077 
        D557  5 0.0452 0.0889 0.8660 
        D564  5 0.2104 0.1467 0.6429 
        D594  5 0.1443 0.6334 0.2223 
        D595  5 0.1362 0.2466 0.6172 
        D596  5 0.0532 0.0518 0.8950 
        D597  5 0.0787 0.5013 0.4200 
        D598  5 0.2836 0.1890 0.5274 
        D617  5 0.7946 0.1272 0.0782 
        D618  5 0.1238 0.1437 0.7325 
        D619  5 0.3283 0.3652 0.3065 
        D620  5 0.0576 0.8527 0.0897 
        D628  5 0.4940 0.2272 0.2788 
        D714  5 0.0619 0.0657 0.8724 
        D715  5 0.0583 0.1598 0.7819 
        D716  5 0.1499 0.3676 0.4826 
        D717  5 0.2237 0.4506 0.3257 
        D718  5 0.5233 0.0690 0.4076 
        D769  5 0.7970 0.1227 0.0802 
        D770  5 0.1382 0.3377 0.5241 
        D771  5 0.2915 0.2037 0.5048 
        D772  5 0.1393 0.1937 0.6670 
        D782  5 0.3582 0.5266 0.1151 
        D783  5 0.1412 0.5012 0.3575 
        D784  5 0.1287 0.6395 0.2317 
        D785  5 0.1672 0.0963 0.7365 
        D786  5 0.6284 0.3157 0.0559 
        D821  5 0.0363 0.0325 0.9312 
        D822  5 0.1035 0.6474 0.2491 
        D826  5 0.0836 0.1826 0.7339 
        D827  5 0.1233 0.7832 0.0935 
        D851  5 0.2624 0.3764 0.3612 
        D852  5 0.1800 0.1184 0.7016 
        D853  5 0.1811 0.1438 0.6751 
        D854  5 0.2930 0.4849 0.2221 
        D861  5 0.2216 0.2599 0.5185 
        D862  5 0.1404 0.4416 0.4180 
        D865  5 0.0997 0.0622 0.8381 
        D868  5 0.2487 0.5079 0.2433 
        D869  5 0.8326 0.1058 0.0616 
        D870  5 0.4871 0.4614 0.0515 
        D907  5 0.1344 0.0713 0.7943 
        D908  5 0.0930 0.0707 0.8362 
        D910  5 0.0761 0.2132 0.7107 
        D911  5 0.0514 0.7275 0.2212 
        D934  5 0.1448 0.2594 0.5958 
        D946  5 0.2285 0.0887 0.6828 
        D947  5 0.2921 0.3012 0.4067 
        D948  5 0.7339 0.1012 0.1649 
        D949  5 0.8189 0.0757 0.1053 
        D950  5 0.0496 0.7259 0.2245 
        D951  5 0.1552 0.7224 0.1224 
        D952  5 0.1220 0.5707 0.3073 
        D953  5 0.1153 0.0928 0.7919 
        D954  5 0.1178 0.4113 0.4709 
        D961  5 0.3353 0.0901 0.5746 
        D962  5 0.0844 0.1000 0.8156 
        D963  5 0.1026 0.4257 0.4717 
        D964  5 0.4214 0.1335 0.4451 
        D965  5 0.3043 0.4103 0.2854 
        D966  5 0.0841 0.3001 0.6158 
        D967  5 0.2026 0.1693 0.6280 
        D991  5 0.5917 0.1411 0.2672 
        D502  6 0.4986 0.3768 0.1246 
        D503  6 0.5333 0.1242 0.3424 
        D504  6 0.1871 0.5871 0.2258 
        D505  6 0.1628 0.3585 0.4787 
        D506  6 0.0742 0.0659 0.8600 
        D507  6 0.3321 0.3943 0.2736 
        D508  6 0.1821 0.4625 0.3555 
        D529  6 0.3523 0.2280 0.4196 
        D530  6 0.3992 0.0960 0.5048 
        D531  6 0.2526 0.4094 0.3381 
        D532  6 0.1296 0.4463 0.4241 
        D534  6 0.7881 0.1480 0.0639 
        D535  6 0.1673 0.3981 0.4347 
        D536  6 0.3853 0.5158 0.0989 
        D554  6 0.3438 0.1386 0.5176 
        D587  6 0.1200 0.1830 0.6970 
        D588  6 0.0807 0.5472 0.3721 
        D589  6 0.1918 0.2343 0.5739 
        D590  6 0.1420 0.7096 0.1484 
        D591  6 0.1746 0.2136 0.6118 
        D592  6 0.7968 0.0819 0.1212 
        D593  6 0.2966 0.1039 0.5994 
        D682  6 0.0991 0.0581 0.8427 
        D683  6 0.2018 0.4283 0.3699 
        D684  6 0.5662 0.3432 0.0907 
        D685  6 0.3112 0.1377 0.5511 
        D686  6 0.1768 0.1303 0.6928 
        D724  6 0.4033 0.4132 0.1835 
        D725  6 0.2073 0.2635 0.5291 
        D726  6 0.0926 0.0765 0.8309 
        D727  6 0.0895 0.8004 0.1101 
        D728  6 0.2058 0.1492 0.6450 
        D729  6 0.2764 0.6857 0.0379 
        D730  6 0.5293 0.2641 0.2066 
        D731  6 0.0406 0.0502 0.9092 
        D732  6 0.2275 0.5469 0.2255 
        D733  6 0.4281 0.2226 0.3493 
     D237251  7 0.1588 0.1220 0.7192 
     D237252  7 0.7472 0.1315 0.1213 
     D237253  7 0.1375 0.1814 0.6811 
     D237254  7 0.8410 0.1182 0.0409 
     D237255  7 0.0936 0.1626 0.7437 
     D237256  7 0.1141 0.6145 0.2715 
     D237257  7 0.5975 0.2892 0.1132 
     D237282  7 0.2049 0.7344 0.0607 
     D237283  7 0.8782 0.0469 0.0749 
     D237284  7 0.8612 0.0964 0.0424 
     D237285  7 0.1980 0.2663 0.5357 
     D237286  7 0.1224 0.4818 0.3958 
     D237287  7 0.1872 0.6186 0.1943 
     D244006  7 0.8553 0.1082 0.0364 
     D244007  7 0.1320 0.7731 0.0949 
     D244008  7 0.8635 0.0486 0.0879 
     D244009  7 0.7496 0.0994 0.1510 
     D244010  7 0.6209 0.1913 0.1878 
     D244011  7 0.2560 0.1529 0.5911 
     D244012  7 0.4196 0.3839 0.1966 
     D244013  7 0.1554 0.3090 0.5356 
     D244014  7 0.4722 0.2359 0.2919 
     D244015  7 0.5495 0.3921 0.0584 
     D244125  7 0.1004 0.2218 0.6778 
     D244126  7 0.9303 0.0378 0.0319 
     D244130  7 0.4946 0.2233 0.2821 
     D244131  7 0.2527 0.3703 0.3770 
     D244132  7 0.1679 0.3374 0.4948 
        D520  7 0.5392 0.1317 0.3291 
        D521  7 0.4474 0.3641 0.1885 
        D522  7 0.6343 0.2434 0.1222 
        D523  7 0.1486 0.1944 0.6570 
        D524  7 0.2222 0.1697 0.6080 
        D525  7 0.6116 0.1120 0.2763 
        D526  7 0.8456 0.1148 0.0396 
        D527  7 0.3525 0.2674 0.3801 
        D528  7 0.4726 0.5000 0.0274 
        D558  7 0.2373 0.6854 0.0772 
        D559  7 0.2993 0.6109 0.0898 
        D640  7 0.1494 0.1863 0.6643 
        D641  7 0.1837 0.0793 0.7370 
        D642  7 0.6220 0.2218 0.1562 
        D644  7 0.4195 0.1698 0.4107 
        D645  7 0.3925 0.2108 0.3967 
        D662  7 0.6718 0.1984 0.1298 
        D687  7 0.2264 0.2366 0.5370 
        D688  7 0.3140 0.5999 0.0861 
        D689  7 0.1653 0.1598 0.6749 
        D700  7 0.3977 0.5703 0.0321 
        D797  7 0.2275 0.2054 0.5672 
        D798  7 0.7695 0.1488 0.0817 
        D799  7 0.3546 0.1547 0.4907 
        D800  7 0.2837 0.6217 0.0947 
        D132  8 0.8670 0.0688 0.0643 
        D133  8 0.2654 0.6168 0.1178 
        D200  8 0.3614 0.1338 0.5048 
        D500  8 0.8948 0.0451 0.0601 
        D614  8 0.3207 0.1373 0.5420 
        D723  8 0.4022 0.4907 0.1071 
        D888  8 0.0894 0.1111 0.7995 
        D901  8 0.7813 0.0571 0.1617 
        D902  8 0.2203 0.1207 0.6589 
        D903  8 0.0987 0.6813 0.2201 
        D904  8 0.3497 0.4534 0.1969 
        D905  8 0.0314 0.0351 0.9335 
        D906  8 0.1819 0.6682 0.1498 
        D937  8 0.1079 0.0532 0.8388 
        D943  8 0.5702 0.2975 0.1323 
        D972  8 0.5644 0.3488 0.0867 
        D973  8 0.3452 0.5646 0.0902 
        D974  8 0.4181 0.2859 0.2960 
        D975  8 0.2816 0.1771 0.5413 
        D976  8 0.3871 0.2098 0.4031 
        D201  9 0.3930 0.3072 0.2998 
        D202  9 0.3974 0.1039 0.4986 
     D237259  9 0.1745 0.7882 0.0373 
     D237260  9 0.5206 0.1251 0.3543 
     D237262  9 0.8636 0.0515 0.0849 
     D237263  9 0.6441 0.1863 0.1696 
     D237264  9 0.4493 0.2767 0.2740 
     D237265  9 0.2012 0.0773 0.7215 
     D237266  9 0.3096 0.5935 0.0969 
     D237267  9 0.3056 0.1773 0.5171 
     D237268  9 0.7120 0.1337 0.1544 
     D237289  9 0.2022 0.1674 0.6303 
     D237290  9 0.2580 0.2025 0.5395 
     D237291  9 0.2159 0.2680 0.5161 
     D237292  9 0.5089 0.3431 0.1480 
     D237293  9 0.4947 0.1546 0.3507 
     D237294  9 0.7586 0.0350 0.2064 
     D237295  9 0.4209 0.2623 0.3167 
     D237296  9 0.3582 0.1414 0.5005 
     D237297  9 0.1810 0.1578 0.6611 
     D237298  9 0.4021 0.3763 0.2216 
     D237341  9 0.2178 0.3668 0.4155 
     D237342  9 0.7452 0.1083 0.1465 
     D237343  9 0.5986 0.2409 0.1606 
     D237344  9 0.1590 0.1674 0.6736 
     D237345  9 0.8903 0.0712 0.0385 
     D237346  9 0.2172 0.1440 0.6387 
     D237347  9 0.1168 0.1439 0.7392 
     D237348  9 0.4488 0.2317 0.3196 
     D237349  9 0.1853 0.7719 0.0427 
     D244109  9 0.2957 0.6443 0.0600 
     D244110  9 0.3159 0.4583 0.2258 
     D244111  9 0.2974 0.4266 0.2760 
     D244128  9 0.8656 0.0659 0.0685 
     D244137  9 0.2081 0.7204 0.0715 
     D244138  9 0.2539 0.1958 0.5503 
        D580  9 0.8044 0.1203 0.0752 
        D581  9 0.3532 0.2552 0.3916 
        D582  9 0.9267 0.0332 0.0401 
        D583  9 0.4676 0.2646 0.2678 
        D584  9 0.3900 0.1014 0.5085 
        D585  9 0.7150 0.1094 0.1756 
        D586  9 0.0478 0.0499 0.9023 
        D651  9 0.1708 0.6532 0.1760 
        D652  9 0.3754 0.5683 0.0563 
        D653  9 0.0772 0.7465 0.1763 
        D654  9 0.1423 0.8085 0.0492 
        D655  9 0.1046 0.1499 0.7454 
        D656  9 0.7901 0.1490 0.0610 
        D657  9 0.5304 0.2934 0.1763 
        D667  9 0.0872 0.0884 0.8244 
        D668  9 0.5335 0.1057 0.3608 
        D669  9 0.3175 0.1961 0.4863 
        D670  9 0.1445 0.7745 0.0810 
        D671  9 0.2517 0.4378 0.3106 
        D672  9 0.8468 0.0765 0.0767 
        D673  9 0.4438 0.1077 0.4485 
        D692  9 0.5790 0.3535 0.0675 
        D693  9 0.3468 0.2132 0.4400 
        D694  9 0.8357 0.0672 0.0971 
        D695  9 0.5762 0.2053 0.2185 
        D696  9 0.0507 0.0439 0.9054 
        D697  9 0.1472 0.2902 0.5625 
        D698  9 0.2215 0.2406 0.5379 
        D699  9 0.2280 0.0551 0.7169 
        D787  9 0.3726 0.5352 0.0922 
        D788  9 0.3528 0.1542 0.4930 
        D789  9 0.5596 0.1109 0.3294 
        D790  9 0.3523 0.4602 0.1875 
        D791  9 0.1682 0.1264 0.7054 
        D792  9 0.2111 0.7000 0.0889 
        D793  9 0.0743 0.2371 0.6886 
        D794  9 0.1708 0.5093 0.3200 
        D795  9 0.7520 0.0412 0.2068 
        D796  9 0.2420 0.1282 0.6298 
        D142 10 0.1606 0.3314 0.5080 
        D143 10 0.1630 0.7093 0.1277 
        D144 10 0.3476 0.2552 0.3972 
        D145 10 0.1796 0.1402 0.6802 
        D146 10 0.7802 0.1184 0.1014 
        D147 10 0.4747 0.3946 0.1307 
        D148 10 0.3756 0.4263 0.1981 
        D149 10 0.2326 0.5442 0.2232 
        D151 10 0.4784 0.2665 0.2551 
        D152 10 0.1315 0.5439 0.3246 
        D153 10 0.3481 0.3934 0.2585 
        D156 10 0.1510 0.7171 0.1319 
        D157 10 0.3068 0.0764 0.6168 
        D158 10 0.3038 0.0605 0.6356 
        D159 10 0.0748 0.8316 0.0936 
        D160 10 0.0381 0.0266 0.9353 
        D161 10 0.2449 0.4805 0.2746 
        D162 10 0.0927 0.6108 0.2964 
        D169 10 0.7883 0.1235 0.0883 
        D170 10 0.7843 0.0981 0.1176 
        D171 10 0.3793 0.2625 0.3582 
        D172 10 0.4641 0.3460 0.1899 
        D173 10 0.0663 0.8959 0.0378 
        D181 10 0.1350 0.2636 0.6014 
        D182 10 0.3580 0.4132 0.2288 
        D183 10 0.1760 0.0663 0.7577 
        D184 10 0.8923 0.0741 0.0336 
        D185 10 0.3080 0.5199 0.1721 
        D186 10 0.8933 0.0408 0.0660 
        D194 10 0.6828 0.1797 0.1374 
        D195 10 0.1152 0.2858 0.5991 
        D196 10 0.0647 0.6292 0.3061 
        D197 10 0.7899 0.0954 0.1146 
        D198 10 0.3620 0.3911 0.2469 
     D237226 10 0.3061 0.2812 0.4127 
     D237232 10 0.1421 0.1143 0.7436 
     D237233 10 0.2547 0.1086 0.6367 
     D237234 10 0.2298 0.1671 0.6030 
     D237354 10 0.0575 0.1395 0.8030 
     D237355 10 0.0997 0.1009 0.7994 
     D237356 10 0.3352 0.3234 0.3415 
     D237357 10 0.4184 0.4483 0.1333 
     D237358 10 0.2352 0.6963 0.0685 
     D237369 10 0.8656 0.1017 0.0327 
     D237370 10 0.1343 0.1439 0.7218 
     D237371 10 0.3804 0.4554 0.1643 
     D237372 10 0.5451 0.3679 0.0870 
     D237373 10 0.1443 0.0891 0.7665 
     D237374 10 0.0479 0.0601 0.8920 
     D237375 10 0.2207 0.6291 0.1502 
     D237400 10 0.1550 0.3693 0.4757 
     D244002 10 0.6117 0.3401 0.0482 
     D244003 10 0.0593 0.0314 0.9094 
     D244004 10 0.0626 0.0239 0.9135 
     D244005 10 0.3398 0.1568 0.5034 
     D244020 10 0.1884 0.2870 0.5246 
     D244021 10 0.6637 0.2102 0.1261 
     D244116 10 0.6622 0.2074 0.1305 
     D244117 10 0.1002 0.1170 0.7828 
     D244121 10 0.1955 0.0720 0.7324 
     D244123 10 0.1539 0.1028 0.7433 
     D244124 10 0.6263 0.1530 0.2207 
        D332 10 0.1507 0.7101 0.1392 
        D570 10 0.1172 0.1267 0.7561 
        D602 10 0.0978 0.8400 0.0622 
        D603 10 0.3499 0.1911 0.4589 
        D604 10 0.0817 0.7440 0.1742 
        D605 10 0.3086 0.4829 0.2085 
        D606 10 0.6821 0.0640 0.2539 
        D607 10 0.0756 0.8657 0.0588 
        D608 10 0.0359 0.9162 0.0479 
        D609 10 0.1949 0.1472 0.6579 
        D610 10 0.1452 0.3317 0.5231 
        D611 10 0.0534 0.0420 0.9046 
        D613 10 0.1329 0.4917 0.3755 
        D633 10 0.1812 0.7237 0.0951 
        D634 10 0.2907 0.2236 0.4856 
        D638 10 0.1273 0.3019 0.5708 
        D681 10 0.5473 0.1217 0.3311 
        D754 10 0.6659 0.0439 0.2902 
        D755 10 0.0655 0.0535 0.8810 
        D756 10 0.2419 0.0768 0.6813 
        D757 10 0.3232 0.3156 0.3611 
        D758 10 0.4538 0.2000 0.3462 
        D759 10 0.1053 0.1244 0.7702 
        D760 10 0.1621 0.2984 0.5395 
        D761 10 0.0432 0.0514 0.9054 
        D762 10 0.1399 0.7280 0.1322 
        D775 10 0.1179 0.0426 0.8396 
        D776 10 0.0934 0.1267 0.7799 
        D777 10 0.1574 0.0813 0.7613 
        D778 10 0.3775 0.1461 0.4765 
        D779 10 0.4477 0.0952 0.4571 
        D780 10 0.1694 0.2528 0.5778 
        D781 10 0.1337 0.7543 0.1121 
        D858 10 0.8882 0.0611 0.0507 
        D933 10 0.0898 0.4369 0.4733 
        D038 11 0.2030 0.1527 0.6443 
        D063 11 0.2000 0.1349 0.6651 
        D155 11 0.1097 0.1514 0.7389 
        D175 11 0.5526 0.1041 0.3432 
        D176 11 0.2338 0.1658 0.6004 
        D205 11 0.4229 0.0724 0.5047 
     D237229 11 0.3421 0.5875 0.0704 
     D237230 11 0.1335 0.8282 0.0383 
     D237231 11 0.1044 0.8243 0.0713 
     D237269 11 0.1896 0.5987 0.2117 
     D237270 11 0.8178 0.1172 0.0649 
     D237271 11 0.2780 0.1930 0.5290 
     D237272 11 0.2963 0.6429 0.0608 
     D237273 11 0.1319 0.0876 0.7805 
     D237301 11 0.1251 0.7002 0.1747 
     D237302 11 0.6237 0.2128 0.1635 
     D237303 11 0.6349 0.3195 0.0456 
     D237304 11 0.4066 0.3535 0.2399 
     D237305 11 0.8030 0.0670 0.1301 
     D237314 11 0.2167 0.1260 0.6573 
     D237315 11 0.7490 0.1281 0.1229 
     D237316 11 0.1286 0.7089 0.1625 
     D237328 11 0.4529 0.3942 0.1529 
     D237329 11 0.3642 0.3543 0.2815 
     D237330 11 0.1006 0.0787 0.8207 
     D237331 11 0.0982 0.1662 0.7356 
     D237332 11 0.2819 0.3271 0.3910 
     D237333 11 0.0492 0.1059 0.8449 
     D237334 11 0.1340 0.7210 0.1450 
     D237335 11 0.4223 0.2374 0.3403 
     D237336 11 0.1799 0.0881 0.7320 
     D237350 11 0.1537 0.3621 0.4842 
     D237383 11 0.4840 0.1017 0.4142 
     D237384 11 0.4389 0.3491 0.2120 
     D237385 11 0.4123 0.3245 0.2632 
     D237386 11 0.1640 0.6422 0.1938 
     D237387 11 0.3919 0.4678 0.1402 
     D237388 11 0.1071 0.1494 0.7435 
        D239 11 0.1091 0.1778 0.7131 
        D240 11 0.2540 0.1947 0.5513 
        D241 11 0.2699 0.6174 0.1127 
        D242 11 0.1817 0.6043 0.2140 
        D243 11 0.1865 0.0940 0.7196 
        D244 11 0.2082 0.0596 0.7323 
        D245 11 0.7438 0.1774 0.0788 
        D246 11 0.4357 0.1691 0.3953 
        D247 11 0.4103 0.3621 0.2276 
        D248 11 0.1198 0.7196 0.1606 
        D249 11 0.5538 0.1018 0.3444 
        D250 11 0.0726 0.6798 0.2476 
        D251 11 0.3234 0.1155 0.5612 
        D252 11 0.4235 0.3683 0.2082 
        D253 11 0.2070 0.0854 0.7076 
        D254 11 0.6177 0.3310 0.0513 
        D255 11 0.1978 0.3431 0.4591 
        D256 11 0.1889 0.1742 0.6370 
        D257 11 0.7683 0.1101 0.1217 
        D258 11 0.7613 0.1481 0.0906 
        D259 11 0.8422 0.0910 0.0667 
        D260 11 0.4481 0.2316 0.3202 
        D261 11 0.2343 0.2742 0.4914 
        D262 11 0.5741 0.2006 0.2253 
        D263 11 0.2930 0.2097 0.4973 
        D264 11 0.7241 0.1816 0.0943 
        D265 11 0.4278 0.3556 0.2167 
        D266 11 0.0986 0.4816 0.4198 
        D267 11 0.3666 0.1923 0.4411 
        D268 11 0.0741 0.2036 0.7223 
        D269 11 0.1316 0.5959 0.2725 
        D270 11 0.3413 0.4423 0.2164 
        D271 11 0.4955 0.1682 0.3363 
        D272 11 0.1982 0.4150 0.3868 
        D273 11 0.9161 0.0492 0.0347 
        D274 11 0.2913 0.2628 0.4459 
        D275 11 0.2810 0.3732 0.3458 
        D276 11 0.1111 0.3348 0.5541 
        D277 11 0.2166 0.4701 0.3132 
        D278 11 0.4205 0.1164 0.4632 
        D282 11 0.7772 0.1098 0.1130 
        D296 11 0.1316 0.2885 0.5799 
        D297 11 0.3206 0.2569 0.4225 
        D298 11 0.1380 0.3630 0.4990 
        D299 11 0.1900 0.1387 0.6712 
        D300 11 0.2117 0.2426 0.5457 
        D382 11 0.2249 0.3345 0.4406 
        D383 11 0.4214 0.0488 0.5298 
        D387 11 0.2146 0.1539 0.6315 
        D388 11 0.0621 0.8542 0.0837 
        D389 11 0.1813 0.3000 0.5187 
        D390 11 0.0882 0.6934 0.2184 
        D396 11 0.1220 0.6684 0.2097 
        D397 11 0.7809 0.0881 0.1310 
        D398 11 0.3339 0.0959 0.5702 
        D399 11 0.2373 0.6771 0.0856 
        D437 11 0.6846 0.1883 0.1272 
        D441 11 0.0705 0.1559 0.7736 
        D442 11 0.3547 0.2632 0.3821 
        D443 11 0.0489 0.0618 0.8893 
        D444 11 0.1759 0.6035 0.2206 
        D445 11 0.5167 0.3653 0.1180 
        D446 11 0.2912 0.6227 0.0861 
        D451 11 0.3366 0.3327 0.3307 
        D452 11 0.2150 0.4933 0.2917 
        D453 11 0.1176 0.7774 0.1050 
        D454 11 0.6951 0.1791 0.1258 
        D457 11 0.4441 0.1192 0.4367 
        D458 11 0.1643 0.3392 0.4965 
        D466 11 0.2937 0.5626 0.1437 
        D467 11 0.2058 0.1023 0.6919 
        D475 11 0.8300 0.0833 0.0867 
        D488 11 0.1146 0.7376 0.1477 
        D489 11 0.6393 0.1934 0.1673 
        D493 11 0.4409 0.4090 0.1501 
        D494 11 0.2111 0.6263 0.1626 
        D495 11 0.6349 0.2128 0.1523 
        D496 11 0.0514 0.1672 0.7814 
        D674 11 0.1388 0.1773 0.6839 
        D675 11 0.0520 0.2345 0.7135 
        D676 11 0.6621 0.1164 0.2215 
        D680 11 0.1575 0.0487 0.7938 
        D701 11 0.4337 0.2960 0.2703 
        D702 11 0.6149 0.3097 0.0754 
        D703 11 0.2434 0.4193 0.3373 
        D704 11 0.3240 0.2690 0.4070 
        D705 11 0.4516 0.5141 0.0343 
        D706 11 0.4544 0.1465 0.3991 
        D707 11 0.4003 0.3894 0.2103 
        D751 11 0.3400 0.3496 0.3105 
        D752 11 0.1708 0.1630 0.6662 
        D753 11 0.1791 0.7462 0.0747 
        D773 11 0.9388 0.0309 0.0302 
        D774 11 0.1935 0.6092 0.1973 
        D801 11 0.1086 0.3548 0.5366 
        D802 11 0.2544 0.6169 0.1287 
        D803 11 0.1239 0.0986 0.7776 
        D804 11 0.2993 0.4445 0.2562 
        D805 11 0.3264 0.2858 0.3878 
        D806 11 0.8844 0.0674 0.0482 
        D809 11 0.1916 0.2693 0.5391 
        D810 11 0.0724 0.1870 0.7406 
        D812 11 0.5102 0.2931 0.1967 
        D813 11 0.1819 0.2565 0.5616 
        D823 11 0.2726 0.2403 0.4870 
        D824 11 0.2264 0.2078 0.5659 
        D829 11 0.0837 0.7903 0.1259 
        D830 11 0.5238 0.4016 0.0746 
        D831 11 0.3622 0.1918 0.4460 
        D832 11 0.3311 0.2816 0.3873 
        D833 11 0.1322 0.3770 0.4908 
        D834 11 0.1820 0.4642 0.3539 
        D835 11 0.7141 0.0981 0.1878 
        D855 11 0.2558 0.2938 0.4505 
        D863 11 0.0574 0.0541 0.8885 
        D864 11 0.2171 0.1920 0.5908 
        D878 11 0.1547 0.1618 0.6834 
        D879 11 0.7583 0.1362 0.1055 
        D880 11 0.0575 0.7067 0.2358 
        D881 11 0.0799 0.0525 0.8675 
        D882 11 0.1552 0.5038 0.3410 
        D909 11 0.1885 0.5036 0.3079 
        D921 11 0.1742 0.2008 0.6250 
        D924 11 0.0773 0.3616 0.5611 
        D935 11 0.2142 0.6549 0.1309 
        D940 11 0.0552 0.0846 0.8602 
        D941 11 0.1277 0.3036 0.5687 
        D942 11 0.8819 0.0698 0.0483 
        D980 11 0.2595 0.5906 0.1499 
        D981 11 0.7546 0.1327 0.1127 
        D982 11 0.1028 0.7853 0.1119 
        D983 11 0.1236 0.2324 0.6440 
        D984 11 0.1189 0.5452 0.3358 
        D992 11 0.7852 0.1399 0.0748 
        D993 11 0.1811 0.3210 0.4979 
        D994 11 0.3320 0.1461 0.5219 
        D995 11 0.6567 0.1446 0.1987 
        H354 11 0.5399 0.3764 0.0837 
        D005 12 0.4305 0.4663 0.1032 
        D035 12 0.2050 0.1966 0.5984 
        D067 12 0.1681 0.3697 0.4623 
        D134 12 0.2908 0.1543 0.5549 
        D135 12 0.2221 0.3545 0.4235 
        D136 12 0.1819 0.7685 0.0497 
        D137 12 0.1732 0.7207 0.1060 
        D138 12 0.2850 0.2488 0.4662 
        D139 12 0.0824 0.6693 0.2483 
        D140 12 0.2360 0.3972 0.3669 
        D141 12 0.9253 0.0382 0.0365 
        D150 12 0.7261 0.0886 0.1852 
        D177 12 0.1581 0.4482 0.3936 
        D178 12 0.0630 0.8930 0.0440 
        D179 12 0.2169 0.7089 0.0742 
        D180 12 0.1627 0.7886 0.0487 
        D187 12 0.2242 0.1320 0.6438 
        D188 12 0.9216 0.0409 0.0375 
        D191 12 0.8615 0.0494 0.0892 
        D418 12 0.8611 0.0759 0.0631 
        D601 12 0.6605 0.2591 0.0804 
        D836 12 0.8282 0.1036 0.0682 
        D837 12 0.2646 0.4249 0.3105 
        D838 12 0.0539 0.0961 0.8500 
        D839 12 0.1854 0.6049 0.2098 
        D840 12 0.1101 0.4274 0.4625 
        D841 12 0.3373 0.1677 0.4950 
        D842 12 0.9250 0.0326 0.0424 
        D843 12 0.2132 0.2252 0.5616 
        D844 12 0.6279 0.2456 0.1264 
        D912 12 0.0961 0.4806 0.4233 
        D913 12 0.0760 0.6832 0.2408 
        D914 12 0.0665 0.3544 0.5790 
        D922 12 0.2355 0.1426 0.6219 
        D939 12 0.6879 0.0962 0.2159 
        D944 12 0.2822 0.6445 0.0733 
        D945 12 0.2525 0.3964 0.3511 
        D985 12 0.3851 0.5462 0.0687 
        D986 12 0.1330 0.8036 0.0634 
        D987 12 0.0956 0.3349 0.5695 
        D988 12 0.0913 0.3430 0.5657 
        D996 12 0.0526 0.5079 0.4394 
        D997 12 0.2610 0.2640 0.4749 
        D998 12 0.1611 0.4625 0.3764 
        D999 12 0.2061 0.1582 0.6357 
