        D174  1 0.7617 0.2383 
        D199  1 0.7379 0.2621 
        D203  1 0.5323 0.4677 
        D204  1 0.3893 0.6107 
     D237366  1 0.2667 0.7333 
     D237367  1 0.1543 0.8457 
     D237368  1 0.2154 0.7846 
     D244101  1 0.5805 0.4195 
     D244102  1 0.6612 0.3388 
     D244103  1 0.1289 0.8711 
     D244104  1 0.6531 0.3469 
     D244105  1 0.1034 0.8966 
     D244106  1 0.8163 0.1837 
     D244107  1 0.0522 0.9478 
     D244108  1 0.7857 0.2143 
     D244113  1 0.8951 0.1049 
     D244114  1 0.5122 0.4878 
     D244115  1 0.5984 0.4016 
     D267365  1 0.8878 0.1122 
        D404  1 0.8536 0.1464 
        D405  1 0.7062 0.2938 
        D406  1 0.0944 0.9056 
        D407  1 0.0620 0.9380 
        D408  1 0.9440 0.0560 
        D409  1 0.1620 0.8380 
        D410  1 0.0874 0.9126 
        D421  1 0.3197 0.6803 
        D422  1 0.0321 0.9679 
        D423  1 0.0365 0.9635 
        D424  1 0.1438 0.8562 
        D425  1 0.8256 0.1744 
        D426  1 0.1100 0.8900 
        D427  1 0.2346 0.7654 
        D428  1 0.4200 0.5800 
        D429  1 0.6900 0.3100 
        D430  1 0.6794 0.3206 
        D491  1 0.9243 0.0757 
        D492  1 0.4041 0.5959 
        D537  1 0.2752 0.7248 
        D538  1 0.5002 0.4998 
        D539  1 0.7936 0.2064 
        D540  1 0.4452 0.5548 
        D541  1 0.3910 0.6090 
        D551  1 0.1710 0.8290 
        D552  1 0.5793 0.4207 
        D553  1 0.3731 0.6269 
        D615  1 0.5421 0.4579 
        D616  1 0.3441 0.6559 
        D621  1 0.2450 0.7550 
        D622  1 0.1329 0.8671 
        D623  1 0.8322 0.1678 
        D624  1 0.7894 0.2106 
        D625  1 0.5579 0.4421 
        D626  1 0.7335 0.2665 
        D627  1 0.1716 0.8284 
        D690  1 0.6119 0.3881 
        D691  1 0.1325 0.8675 
        D710  1 0.6974 0.3026 
        D711  1 0.5051 0.4949 
        D712  1 0.9051 0.0949 
        D713  1 0.7263 0.2737 
        D746  1 0.0575 0.9425 
        D747  1 0.4532 0.5468 
        D748  1 0.3372 0.6628 
        D749  1 0.2158 0.7842 
        D750  1 0.7888 0.2112 
        D763  1 0.3886 0.6114 
        D764  1 0.6596 0.3404 
        D765  1 0.4216 0.5784 
        D766  1 0.2593 0.7407 
        D767  1 0.4043 0.5957 
        D768  1 0.1827 0.8173 
        D811  1 0.8688 0.1312 
        D816  1 0.7440 0.2560 
        D825  1 0.7746 0.2254 
        D866  1 0.8341 0.1659 
        D867  1 0.0570 0.9430 
        D871  1 0.1618 0.8382 
        D872  1 0.4896 0.5104 
        D873  1 0.0397 0.9603 
        D874  1 0.8907 0.1093 
        D875  1 0.0823 0.9177 
        D876  1 0.7870 0.2130 
        D877  1 0.8731 0.1269 
        D892  1 0.6706 0.3294 
        D893  1 0.5093 0.4907 
        D894  1 0.5800 0.4200 
        D915  1 0.4619 0.5381 
        D916  1 0.4322 0.5678 
        D917  1 0.8646 0.1354 
        D925  1 0.2079 0.7921 
        D926  1 0.5255 0.4745 
        D927  1 0.6308 0.3692 
        D928  1 0.9511 0.0489 
        D929  1 0.7405 0.2595 
        D936  1 0.7296 0.2704 
        D938  1 0.0655 0.9345 
        D956  1 0.8284 0.1716 
        D957  1 0.4627 0.5373 
        D958  1 0.5649 0.4351 
        D959  1 0.0487 0.9513 
        D960  1 0.0924 0.9076 
        D989  1 0.9305 0.0695 
        D990  1 0.1279 0.8721 
        D023  2 0.0668 0.9332 
        D130  2 0.0569 0.9431 
        D131  2 0.2919 0.7081 
        D163  2 0.0891 0.9109 
        D164  2 0.0288 0.9712 
        D165  2 0.0471 0.9529 
        D166  2 0.5868 0.4132 
        D167  2 0.1953 0.8047 
        D192  2 0.1157 0.8843 
        D193  2 0.7919 0.2081 
        D206  2 0.1571 0.8429 
        D207  2 0.4139 0.5861 
        D208  2 0.8680 0.1320 
        D209  2 0.1823 0.8177 
        D210  2 0.8307 0.1693 
     D229599  2 0.7117 0.2883 
     D229600  2 0.0652 0.9348 
     D237227  2 0.8005 0.1995 
     D237228  2 0.4702 0.5298 
     D237258  2 0.5241 0.4759 
     D237310  2 0.2683 0.7317 
     D237311  2 0.1338 0.8662 
     D237312  2 0.5100 0.4900 
     D237313  2 0.6960 0.3040 
     D237322  2 0.7072 0.2928 
     D237323  2 0.5265 0.4735 
     D237324  2 0.0721 0.9279 
     D237325  2 0.4009 0.5991 
     D237326  2 0.2712 0.7288 
     D237327  2 0.5659 0.4341 
     D237337  2 0.2956 0.7044 
     D237338  2 0.4980 0.5020 
     D237339  2 0.3845 0.6155 
     D237340  2 0.4879 0.5121 
     D237389  2 0.1330 0.8670 
     D237390  2 0.6603 0.3397 
     D244017  2 0.8499 0.1501 
     D244112  2 0.1120 0.8880 
     D244118  2 0.0788 0.9212 
     D244119  2 0.7214 0.2786 
     D244120  2 0.7324 0.2676 
     D244122  2 0.2450 0.7550 
        D291  2 0.6812 0.3188 
        D292  2 0.7986 0.2014 
        D293  2 0.1778 0.8222 
        D322  2 0.1691 0.8309 
        D323  2 0.5965 0.4035 
        D324  2 0.6453 0.3547 
        D325  2 0.0443 0.9557 
        D326  2 0.6700 0.3300 
        D340  2 0.0406 0.9594 
        D341  2 0.1059 0.8941 
        D342  2 0.1148 0.8852 
        D343  2 0.0281 0.9719 
        D344  2 0.4706 0.5294 
        D345  2 0.4402 0.5598 
        D346  2 0.8510 0.1490 
        D351  2 0.5401 0.4599 
        D352  2 0.6339 0.3661 
        D353  2 0.2207 0.7793 
        D354  2 0.7478 0.2522 
        D362  2 0.5580 0.4420 
        D363  2 0.7330 0.2670 
        D364  2 0.6296 0.3704 
        D365  2 0.0509 0.9491 
        D369  2 0.6993 0.3007 
        D374  2 0.9047 0.0953 
        D375  2 0.5493 0.4507 
        D376  2 0.8631 0.1369 
        D377  2 0.6157 0.3843 
        D378  2 0.2637 0.7363 
        D379  2 0.4605 0.5395 
        D384  2 0.5276 0.4724 
        D385  2 0.0912 0.9088 
        D386  2 0.3052 0.6948 
        D391  2 0.0867 0.9133 
        D392  2 0.1349 0.8651 
        D393  2 0.4351 0.5649 
        D394  2 0.4126 0.5874 
        D395  2 0.2549 0.7451 
        D401  2 0.1129 0.8871 
        D402  2 0.0985 0.9015 
        D403  2 0.1569 0.8431 
        D415  2 0.0965 0.9035 
        D435  2 0.1272 0.8728 
        D436  2 0.6562 0.3438 
        D438  2 0.0486 0.9514 
        D439  2 0.2539 0.7461 
        D449  2 0.0862 0.9138 
        D450  2 0.8298 0.1702 
        D456  2 0.3417 0.6583 
        D462  2 0.0610 0.9390 
        D463  2 0.4827 0.5173 
        D464  2 0.3627 0.6373 
        D465  2 0.1035 0.8965 
        D473  2 0.8102 0.1898 
        D474  2 0.6430 0.3570 
        D476  2 0.0779 0.9221 
        D477  2 0.8107 0.1893 
        D478  2 0.6623 0.3377 
        D480  2 0.6984 0.3016 
        D481  2 0.6886 0.3114 
        D482  2 0.8728 0.1272 
        D483  2 0.1834 0.8166 
        D484  2 0.6592 0.3408 
        D510  2 0.9379 0.0621 
        D511  2 0.4414 0.5586 
        D512  2 0.0798 0.9202 
        D513  2 0.2198 0.7802 
        D635  2 0.1468 0.8532 
        D636  2 0.0556 0.9444 
        D637  2 0.4478 0.5522 
        D658  2 0.4139 0.5861 
        D659  2 0.3529 0.6471 
        D677  2 0.3676 0.6324 
        D678  2 0.1370 0.8630 
        D679  2 0.5911 0.4089 
        D719  2 0.8796 0.1204 
        D720  2 0.6001 0.3999 
        D721  2 0.0859 0.9141 
        D722  2 0.8340 0.1660 
        D734  2 0.8994 0.1006 
        D735  2 0.4845 0.5155 
        D736  2 0.7926 0.2074 
        D737  2 0.5534 0.4466 
        D807  2 0.8496 0.1504 
        D808  2 0.3545 0.6455 
        D817  2 0.7729 0.2271 
        D818  2 0.2044 0.7956 
        D819  2 0.5641 0.4359 
        D820  2 0.5636 0.4364 
        D895  2 0.2421 0.7579 
        D896  2 0.1410 0.8590 
        D897  2 0.1748 0.8252 
        D898  2 0.7949 0.2051 
        D918  2 0.2653 0.7347 
        D919  2 0.4566 0.5434 
        D920  2 0.0708 0.9292 
        D923  2 0.5716 0.4284 
        D930  2 0.6869 0.3131 
        D931  2 0.6519 0.3481 
        D968  2 0.1321 0.8679 
        D969  2 0.7075 0.2925 
        D977  2 0.0697 0.9303 
        D978  2 0.6718 0.3282 
        D211  3 0.2015 0.7985 
     D229639  3 0.9030 0.0970 
     D237212  3 0.5459 0.4541 
     D237213  3 0.3275 0.6725 
     D237214  3 0.1115 0.8885 
     D237215  3 0.7441 0.2559 
     D237216  3 0.1058 0.8942 
     D237217  3 0.0867 0.9133 
     D237218  3 0.5157 0.4843 
     D237219  3 0.6689 0.3311 
     D237382  3 0.5879 0.4121 
     D244127  3 0.1281 0.8719 
     D244129  3 0.4854 0.5146 
     D244133  3 0.4334 0.5666 
     D244134  3 0.8616 0.1384 
     D244135  3 0.0647 0.9353 
     D244136  3 0.7151 0.2849 
        D416  3 0.2250 0.7750 
        D417  3 0.3006 0.6994 
        D419  3 0.5901 0.4099 
        D565  3 0.9346 0.0654 
        D566  3 0.9020 0.0980 
        D567  3 0.3475 0.6525 
        D568  3 0.2157 0.7843 
        D569  3 0.3188 0.6812 
        D573  3 0.5696 0.4304 
        D574  3 0.8534 0.1466 
        D575  3 0.4799 0.5201 
        D576  3 0.4021 0.5979 
        D577  3 0.5800 0.4200 
        D578  3 0.0385 0.9615 
        D579  3 0.6602 0.3398 
        D660  3 0.1846 0.8154 
        D661  3 0.3245 0.6755 
        D663  3 0.7385 0.2615 
        D664  3 0.4422 0.5578 
        D665  3 0.1274 0.8726 
        D666  3 0.7040 0.2960 
        D009  4 0.1983 0.8017 
        D057  4 0.2909 0.7091 
        D109  4 0.3416 0.6584 
     D237222  4 0.2460 0.7540 
     D237223  4 0.2440 0.7560 
     D237224  4 0.6638 0.3362 
     D237225  4 0.2397 0.7603 
     D237299  4 0.1567 0.8433 
     D237300  4 0.9034 0.0966 
     D237306  4 0.7584 0.2416 
     D237307  4 0.6855 0.3145 
     D237308  4 0.3094 0.6906 
     D237309  4 0.2097 0.7903 
     D237317  4 0.7291 0.2709 
     D237318  4 0.9035 0.0965 
     D237319  4 0.4341 0.5659 
     D237320  4 0.2859 0.7141 
     D237321  4 0.7789 0.2211 
     D237397  4 0.5850 0.4150 
     D237398  4 0.6444 0.3556 
     D237399  4 0.7867 0.2133 
     D244001  4 0.0708 0.9292 
        D289  4 0.7282 0.2718 
        D290  4 0.7688 0.2312 
        D294  4 0.5075 0.4925 
        D295  4 0.6456 0.3544 
        D301  4 0.1966 0.8034 
        D302  4 0.4700 0.5300 
        D303  4 0.7973 0.2027 
        D304  4 0.9088 0.0912 
        D305  4 0.0706 0.9294 
        D306  4 0.7713 0.2287 
        D307  4 0.1626 0.8374 
        D327  4 0.6481 0.3519 
        D328  4 0.8537 0.1463 
        D329  4 0.3628 0.6372 
        D330  4 0.1652 0.8348 
        D331  4 0.7841 0.2159 
        D333  4 0.6138 0.3862 
        D334  4 0.8555 0.1445 
        D335  4 0.6020 0.3980 
        D370  4 0.6882 0.3118 
        D371  4 0.8515 0.1485 
        D372  4 0.7777 0.2223 
        D373  4 0.0889 0.9111 
        D455  4 0.1057 0.8943 
        D490  4 0.0652 0.9348 
        D497  4 0.0710 0.9290 
        D498  4 0.7854 0.2146 
        D499  4 0.7197 0.2803 
        D514  4 0.5255 0.4745 
        D515  4 0.1588 0.8412 
        D516  4 0.4717 0.5283 
        D517  4 0.0875 0.9125 
        D518  4 0.3532 0.6468 
        D519  4 0.1202 0.8798 
        D560  4 0.1400 0.8600 
        D561  4 0.0607 0.9393 
        D562  4 0.6070 0.3930 
        D563  4 0.1757 0.8243 
        D572  4 0.4679 0.5321 
        D629  4 0.4969 0.5031 
        D630  4 0.6246 0.3754 
        D631  4 0.5367 0.4633 
        D632  4 0.0968 0.9032 
        D646  4 0.1292 0.8708 
        D647  4 0.2825 0.7175 
        D648  4 0.7947 0.2053 
        D649  4 0.3677 0.6323 
        D650  4 0.6917 0.3083 
        D708  4 0.8362 0.1638 
        D709  4 0.8392 0.1608 
        D738  4 0.7768 0.2232 
        D739  4 0.3964 0.6036 
        D740  4 0.5256 0.4744 
        D741  4 0.0900 0.9100 
        D742  4 0.5896 0.4104 
        D743  4 0.6254 0.3746 
        D744  4 0.4329 0.5671 
        D745  4 0.0996 0.9004 
        D814  4 0.1292 0.8708 
        D815  4 0.7586 0.2414 
        D828  4 0.8501 0.1499 
        D845  4 0.8920 0.1080 
        D846  4 0.2394 0.7606 
        D847  4 0.6116 0.3884 
        D848  4 0.1057 0.8943 
        D849  4 0.1106 0.8894 
        D850  4 0.5249 0.4751 
        D856  4 0.5821 0.4179 
        D857  4 0.0833 0.9167 
        D859  4 0.7439 0.2561 
        D860  4 0.8908 0.1092 
        D883  4 0.6450 0.3550 
        D884  4 0.5758 0.4242 
        D885  4 0.2193 0.7807 
        D886  4 0.3672 0.6328 
        D887  4 0.6880 0.3120 
        D889  4 0.9504 0.0496 
        D890  4 0.7272 0.2728 
        D891  4 0.9238 0.0762 
        D899  4 0.7860 0.2140 
        D900  4 0.5395 0.4605 
        D970  4 0.6396 0.3604 
        D971  4 0.1349 0.8651 
        D979  4 0.6994 0.3006 
        D093  5 0.8577 0.1423 
        D154  5 0.3977 0.6023 
        D168  5 0.2003 0.7997 
        D189  5 0.8953 0.1047 
        D190  5 0.9111 0.0889 
     D237220  5 0.5816 0.4184 
     D237221  5 0.8101 0.1899 
     D237274  5 0.3949 0.6051 
     D237275  5 0.3770 0.6230 
     D237276  5 0.6175 0.3825 
     D237277  5 0.8927 0.1073 
     D237278  5 0.3834 0.6166 
     D237279  5 0.0722 0.9278 
     D237280  5 0.3943 0.6057 
     D237281  5 0.5722 0.4278 
     D237351  5 0.2654 0.7346 
     D237352  5 0.2267 0.7733 
     D237353  5 0.9446 0.0554 
     D237359  5 0.5583 0.4417 
     D237361  5 0.9218 0.0782 
     D237362  5 0.6628 0.3372 
     D237363  5 0.2149 0.7851 
     D237364  5 0.2606 0.7394 
     D237376  5 0.8889 0.1111 
     D237377  5 0.3132 0.6868 
     D237378  5 0.8980 0.1020 
     D237379  5 0.8510 0.1490 
     D237380  5 0.2900 0.7100 
     D237381  5 0.2321 0.7679 
     D237391  5 0.8890 0.1110 
     D237392  5 0.3297 0.6703 
     D237393  5 0.7133 0.2867 
     D237394  5 0.9030 0.0970 
     D237395  5 0.6650 0.3350 
     D237396  5 0.3730 0.6270 
     D244016  5 0.7324 0.2676 
     D244018  5 0.2651 0.7349 
     D244019  5 0.6365 0.3635 
        D279  5 0.4999 0.5001 
        D280  5 0.8166 0.1834 
        D281  5 0.8220 0.1780 
        D283  5 0.8730 0.1270 
        D284  5 0.2893 0.7107 
        D285  5 0.9189 0.0811 
        D286  5 0.8263 0.1737 
        D287  5 0.8562 0.1438 
        D288  5 0.8776 0.1224 
        D308  5 0.1000 0.9000 
        D309  5 0.1672 0.8328 
        D310  5 0.8919 0.1081 
        D311  5 0.7922 0.2078 
        D312  5 0.8252 0.1748 
        D313  5 0.0501 0.9499 
        D314  5 0.5170 0.4830 
        D315  5 0.7921 0.2079 
        D317  5 0.9196 0.0804 
        D318  5 0.4898 0.5102 
        D319  5 0.9256 0.0744 
        D320  5 0.9342 0.0658 
        D321  5 0.3071 0.6929 
        D336  5 0.9204 0.0796 
        D337  5 0.9506 0.0494 
        D338  5 0.6109 0.3891 
        D339  5 0.8063 0.1937 
        D347  5 0.8247 0.1753 
        D348  5 0.9313 0.0687 
        D349  5 0.1866 0.8134 
        D350  5 0.2531 0.7469 
        D355  5 0.6094 0.3906 
        D356  5 0.8566 0.1434 
        D357  5 0.7719 0.2281 
        D358  5 0.7117 0.2883 
        D359  5 0.9063 0.0937 
        D360  5 0.8912 0.1088 
        D361  5 0.0804 0.9196 
        D366  5 0.1050 0.8950 
        D367  5 0.8858 0.1142 
        D368  5 0.7205 0.2795 
        D380  5 0.2590 0.7410 
        D381  5 0.8759 0.1241 
        D400  5 0.8461 0.1539 
        D411  5 0.0546 0.9454 
        D412  5 0.5900 0.4100 
        D413  5 0.0777 0.9223 
        D414  5 0.4638 0.5362 
        D420  5 0.7133 0.2867 
        D431  5 0.8180 0.1820 
        D432  5 0.7552 0.2448 
        D433  5 0.9082 0.0918 
        D434  5 0.8471 0.1529 
        D440  5 0.1734 0.8266 
        D447  5 0.1564 0.8436 
        D448  5 0.9397 0.0603 
        D459  5 0.6830 0.3170 
        D460  5 0.1521 0.8479 
        D461  5 0.4016 0.5984 
        D468  5 0.5661 0.4339 
        D469  5 0.6380 0.3620 
        D470  5 0.4429 0.5571 
        D471  5 0.9370 0.0630 
        D472  5 0.5111 0.4889 
        D479  5 0.1184 0.8816 
        D485  5 0.7192 0.2808 
        D486  5 0.4247 0.5753 
        D487  5 0.8317 0.1683 
        D555  5 0.9180 0.0820 
        D556  5 0.9075 0.0925 
        D557  5 0.9403 0.0597 
        D564  5 0.7768 0.2232 
        D594  5 0.4690 0.5310 
        D595  5 0.7601 0.2399 
        D596  5 0.9389 0.0611 
        D597  5 0.7737 0.2263 
        D598  5 0.7209 0.2791 
        D617  5 0.0853 0.9147 
        D618  5 0.8531 0.1469 
        D619  5 0.4931 0.5069 
        D620  5 0.1199 0.8801 
        D628  5 0.5230 0.4770 
        D714  5 0.9201 0.0799 
        D715  5 0.9053 0.0947 
        D716  5 0.8195 0.1805 
        D717  5 0.7075 0.2925 
        D718  5 0.5971 0.4029 
        D769  5 0.0964 0.9036 
        D770  5 0.6403 0.3597 
        D771  5 0.5859 0.4141 
        D772  5 0.8744 0.1256 
        D782  5 0.1216 0.8784 
        D783  5 0.5867 0.4133 
        D784  5 0.6994 0.3006 
        D785  5 0.8577 0.1423 
        D786  5 0.1230 0.8770 
        D821  5 0.9589 0.0411 
        D822  5 0.6640 0.3360 
        D826  5 0.8519 0.1481 
        D827  5 0.3823 0.6177 
        D851  5 0.5312 0.4688 
        D852  5 0.7982 0.2018 
        D853  5 0.8481 0.1519 
        D854  5 0.5076 0.4924 
        D861  5 0.5785 0.4215 
        D862  5 0.8511 0.1489 
        D865  5 0.9222 0.0778 
        D868  5 0.7272 0.2728 
        D869  5 0.0542 0.9458 
        D870  5 0.0563 0.9437 
        D907  5 0.8358 0.1642 
        D908  5 0.8563 0.1437 
        D910  5 0.8834 0.1166 
        D911  5 0.7751 0.2249 
        D934  5 0.7435 0.2565 
        D946  5 0.8041 0.1959 
        D947  5 0.7052 0.2948 
        D948  5 0.2241 0.7759 
        D949  5 0.1901 0.8099 
        D950  5 0.7234 0.2766 
        D951  5 0.3380 0.6620 
        D952  5 0.8166 0.1834 
        D953  5 0.9147 0.0853 
        D954  5 0.8311 0.1689 
        D961  5 0.7849 0.2151 
        D962  5 0.9202 0.0798 
        D963  5 0.7982 0.2018 
        D964  5 0.5565 0.4435 
        D965  5 0.6533 0.3467 
        D966  5 0.8569 0.1431 
        D967  5 0.6971 0.3029 
        D991  5 0.6164 0.3836 
        D502  6 0.1828 0.8172 
        D503  6 0.2032 0.7968 
        D504  6 0.6159 0.3841 
        D505  6 0.6962 0.3038 
        D506  6 0.9060 0.0940 
        D507  6 0.3865 0.6135 
        D508  6 0.7328 0.2672 
        D529  6 0.6490 0.3510 
        D530  6 0.6069 0.3931 
        D531  6 0.7200 0.2800 
        D532  6 0.6809 0.3191 
        D534  6 0.1292 0.8708 
        D535  6 0.7596 0.2404 
        D536  6 0.0479 0.9521 
        D554  6 0.6552 0.3448 
        D587  6 0.8340 0.1660 
        D588  6 0.6488 0.3512 
        D589  6 0.5093 0.4907 
        D590  6 0.0729 0.9271 
        D591  6 0.6534 0.3466 
        D592  6 0.1797 0.8203 
        D593  6 0.7461 0.2539 
        D682  6 0.8594 0.1406 
        D683  6 0.7925 0.2075 
        D684  6 0.1187 0.8813 
        D685  6 0.3278 0.6722 
        D686  6 0.7474 0.2526 
        D724  6 0.4409 0.5591 
        D725  6 0.6193 0.3807 
        D726  6 0.9026 0.0974 
        D727  6 0.2003 0.7997 
        D728  6 0.8036 0.1964 
        D729  6 0.0470 0.9530 
        D730  6 0.3671 0.6329 
        D731  6 0.9205 0.0795 
        D732  6 0.5910 0.4090 
        D733  6 0.6404 0.3596 
     D237251  7 0.8748 0.1252 
     D237252  7 0.2144 0.7856 
     D237253  7 0.8180 0.1820 
     D237254  7 0.0484 0.9516 
     D237255  7 0.8387 0.1613 
     D237256  7 0.7098 0.2902 
     D237257  7 0.2846 0.7154 
     D237282  7 0.2384 0.7616 
     D237283  7 0.0687 0.9313 
     D237284  7 0.0610 0.9390 
     D237285  7 0.6873 0.3127 
     D237286  7 0.7627 0.2373 
     D237287  7 0.4649 0.5351 
     D244006  7 0.0565 0.9435 
     D244007  7 0.0884 0.9116 
     D244008  7 0.1296 0.8704 
     D244009  7 0.4634 0.5366 
     D244010  7 0.4092 0.5908 
     D244011  7 0.6886 0.3114 
     D244012  7 0.3769 0.6231 
     D244013  7 0.7941 0.2059 
     D244014  7 0.3102 0.6898 
     D244015  7 0.0861 0.9139 
     D244125  7 0.8606 0.1394 
     D244126  7 0.0478 0.9522 
     D244130  7 0.4203 0.5797 
     D244131  7 0.5415 0.4585 
     D244132  7 0.8734 0.1266 
        D520  7 0.6170 0.3830 
        D521  7 0.5372 0.4628 
        D522  7 0.1877 0.8123 
        D523  7 0.6287 0.3713 
        D524  7 0.7879 0.2121 
        D525  7 0.2587 0.7413 
        D526  7 0.0549 0.9451 
        D527  7 0.6640 0.3360 
        D528  7 0.0345 0.9655 
        D558  7 0.2109 0.7891 
        D559  7 0.2540 0.7460 
        D640  7 0.8598 0.1402 
        D641  7 0.7428 0.2572 
        D642  7 0.1605 0.8395 
        D644  7 0.6986 0.3014 
        D645  7 0.6131 0.3869 
        D662  7 0.3607 0.6393 
        D687  7 0.6527 0.3473 
        D688  7 0.2549 0.7451 
        D689  7 0.8288 0.1712 
        D700  7 0.0296 0.9704 
        D797  7 0.7333 0.2667 
        D798  7 0.2292 0.7708 
        D799  7 0.6346 0.3654 
        D800  7 0.1922 0.8078 
        D132  8 0.0870 0.9130 
        D133  8 0.0678 0.9322 
        D200  8 0.7949 0.2051 
        D500  8 0.0793 0.9207 
        D614  8 0.8471 0.1529 
        D723  8 0.3046 0.6954 
        D888  8 0.8981 0.1019 
        D901  8 0.2436 0.7564 
        D902  8 0.8141 0.1859 
        D903  8 0.7484 0.2516 
        D904  8 0.5188 0.4812 
        D905  8 0.9420 0.0580 
        D906  8 0.2975 0.7025 
        D937  8 0.9046 0.0954 
        D943  8 0.3286 0.6714 
        D972  8 0.2087 0.7913 
        D973  8 0.4011 0.5989 
        D974  8 0.5150 0.4850 
        D975  8 0.7821 0.2179 
        D976  8 0.5662 0.4338 
        D201  9 0.3151 0.6849 
        D202  9 0.5623 0.4377 
     D237259  9 0.0803 0.9197 
     D237260  9 0.3542 0.6458 
     D237262  9 0.1332 0.8668 
     D237263  9 0.2977 0.7023 
     D237264  9 0.3952 0.6048 
     D237265  9 0.5744 0.4256 
     D237266  9 0.0927 0.9073 
     D237267  9 0.4007 0.5993 
     D237268  9 0.4928 0.5072 
     D237289  9 0.5801 0.4199 
     D237290  9 0.5600 0.4400 
     D237291  9 0.3276 0.6724 
     D237292  9 0.0741 0.9259 
     D237293  9 0.5217 0.4783 
     D237294  9 0.2742 0.7258 
     D237295  9 0.6898 0.3102 
     D237296  9 0.6867 0.3133 
     D237297  9 0.8251 0.1749 
     D237298  9 0.5057 0.4943 
     D237341  9 0.5793 0.4207 
     D237342  9 0.3384 0.6616 
     D237343  9 0.2751 0.7249 
     D237344  9 0.7389 0.2611 
     D237345  9 0.0499 0.9501 
     D237346  9 0.5441 0.4559 
     D237347  9 0.8548 0.1452 
     D237348  9 0.4737 0.5263 
     D237349  9 0.0572 0.9428 
     D244109  9 0.0668 0.9332 
     D244110  9 0.2632 0.7368 
     D244111  9 0.5129 0.4871 
     D244128  9 0.1347 0.8653 
     D244137  9 0.2711 0.7289 
     D244138  9 0.5956 0.4044 
        D580  9 0.1420 0.8580 
        D581  9 0.2745 0.7255 
        D582  9 0.1303 0.8697 
        D583  9 0.1108 0.8892 
        D584  9 0.5084 0.4916 
        D585  9 0.2556 0.7444 
        D586  9 0.8908 0.1092 
        D651  9 0.5650 0.4350 
        D652  9 0.0794 0.9206 
        D653  9 0.6051 0.3949 
        D654  9 0.0948 0.9052 
        D655  9 0.8447 0.1553 
        D656  9 0.0606 0.9394 
        D657  9 0.3275 0.6725 
        D667  9 0.8967 0.1033 
        D668  9 0.6094 0.3906 
        D669  9 0.5619 0.4381 
        D670  9 0.2143 0.7857 
        D671  9 0.2779 0.7221 
        D672  9 0.1708 0.8292 
        D673  9 0.7209 0.2791 
        D692  9 0.0633 0.9367 
        D693  9 0.6200 0.3800 
        D694  9 0.1864 0.8136 
        D695  9 0.4673 0.5327 
        D696  9 0.9463 0.0537 
        D697  9 0.7295 0.2705 
        D698  9 0.4413 0.5587 
        D699  9 0.7904 0.2096 
        D787  9 0.2059 0.7941 
        D788  9 0.7040 0.2960 
        D789  9 0.4665 0.5335 
        D790  9 0.2465 0.7535 
        D791  9 0.7254 0.2746 
        D792  9 0.2061 0.7939 
        D793  9 0.8338 0.1662 
        D794  9 0.6337 0.3663 
        D795  9 0.3960 0.6040 
        D796  9 0.7457 0.2543 
        D142 10 0.8348 0.1652 
        D143 10 0.1030 0.8970 
        D144 10 0.6305 0.3695 
        D145 10 0.7886 0.2114 
        D146 10 0.2909 0.7091 
        D147 10 0.2542 0.7458 
        D148 10 0.1979 0.8021 
        D149 10 0.2511 0.7489 
        D151 10 0.2206 0.7794 
        D152 10 0.2087 0.7913 
        D153 10 0.7286 0.2714 
        D156 10 0.5853 0.4147 
        D157 10 0.7129 0.2871 
        D158 10 0.7250 0.2750 
        D159 10 0.1134 0.8866 
        D160 10 0.9577 0.0423 
        D161 10 0.5521 0.4479 
        D162 10 0.7548 0.2452 
        D169 10 0.1111 0.8889 
        D170 10 0.1915 0.8085 
        D171 10 0.6656 0.3344 
        D172 10 0.4505 0.5495 
        D173 10 0.0461 0.9539 
        D181 10 0.8665 0.1335 
        D182 10 0.1960 0.8040 
        D183 10 0.9053 0.0947 
        D184 10 0.0404 0.9596 
        D185 10 0.4941 0.5059 
        D186 10 0.0670 0.9330 
        D194 10 0.2717 0.7283 
        D195 10 0.7459 0.2541 
        D196 10 0.7788 0.2212 
        D197 10 0.0772 0.9228 
        D198 10 0.5734 0.4266 
     D237226 10 0.6304 0.3696 
     D237232 10 0.8501 0.1499 
     D237233 10 0.6627 0.3373 
     D237234 10 0.8491 0.1509 
     D237354 10 0.9220 0.0780 
     D237355 10 0.9032 0.0968 
     D237356 10 0.6799 0.3201 
     D237357 10 0.1454 0.8546 
     D237358 10 0.0953 0.9047 
     D237369 10 0.0444 0.9556 
     D237370 10 0.7881 0.2119 
     D237371 10 0.4834 0.5166 
     D237372 10 0.0750 0.9250 
     D237373 10 0.8740 0.1260 
     D237374 10 0.9332 0.0668 
     D237375 10 0.3033 0.6967 
     D237400 10 0.2571 0.7429 
     D244002 10 0.0639 0.9361 
     D244003 10 0.8999 0.1001 
     D244004 10 0.9363 0.0637 
     D244005 10 0.5009 0.4991 
     D244020 10 0.7786 0.2214 
     D244021 10 0.1175 0.8825 
     D244116 10 0.2380 0.7620 
     D244117 10 0.8860 0.1140 
     D244121 10 0.7510 0.2490 
     D244123 10 0.8642 0.1358 
     D244124 10 0.1911 0.8089 
        D332 10 0.4960 0.5040 
        D570 10 0.8915 0.1085 
        D602 10 0.2212 0.7788 
        D603 10 0.6598 0.3402 
        D604 10 0.4373 0.5627 
        D605 10 0.6745 0.3255 
        D606 10 0.3213 0.6787 
        D607 10 0.3381 0.6619 
        D608 10 0.0594 0.9406 
        D609 10 0.8689 0.1311 
        D610 10 0.7647 0.2353 
        D611 10 0.9622 0.0378 
        D613 10 0.7864 0.2136 
        D633 10 0.3970 0.6030 
        D634 10 0.6717 0.3283 
        D638 10 0.3882 0.6118 
        D681 10 0.6024 0.3976 
        D754 10 0.5655 0.4345 
        D755 10 0.7563 0.2437 
        D756 10 0.7484 0.2516 
        D757 10 0.5078 0.4922 
        D758 10 0.5180 0.4820 
        D759 10 0.8246 0.1754 
        D760 10 0.7493 0.2507 
        D761 10 0.8940 0.1060 
        D762 10 0.5043 0.4957 
        D775 10 0.8985 0.1015 
        D776 10 0.7969 0.2031 
        D777 10 0.8392 0.1608 
        D778 10 0.3960 0.6040 
        D779 10 0.6617 0.3383 
        D780 10 0.7636 0.2364 
        D781 10 0.2554 0.7446 
        D858 10 0.0542 0.9458 
        D933 10 0.7493 0.2507 
        D038 11 0.8660 0.1340 
        D063 11 0.8298 0.1702 
        D155 11 0.8164 0.1836 
        D175 11 0.6113 0.3887 
        D176 11 0.4252 0.5748 
        D205 11 0.8178 0.1822 
     D237229 11 0.1307 0.8693 
     D237230 11 0.0716 0.9284 
     D237231 11 0.5286 0.4714 
     D237269 11 0.4896 0.5104 
     D237270 11 0.1645 0.8355 
     D237271 11 0.7904 0.2096 
     D237272 11 0.1506 0.8494 
     D237273 11 0.8946 0.1054 
     D237301 11 0.7751 0.2249 
     D237302 11 0.2624 0.7376 
     D237303 11 0.0592 0.9408 
     D237304 11 0.5626 0.4374 
     D237305 11 0.1886 0.8114 
     D237314 11 0.8603 0.1397 
     D237315 11 0.2607 0.7393 
     D237316 11 0.6593 0.3407 
     D237328 11 0.4266 0.5734 
     D237329 11 0.3225 0.6775 
     D237330 11 0.8976 0.1024 
     D237331 11 0.8457 0.1543 
     D237332 11 0.7118 0.2882 
     D237333 11 0.8849 0.1151 
     D237334 11 0.5703 0.4297 
     D237335 11 0.7053 0.2947 
     D237336 11 0.7860 0.2140 
     D237350 11 0.7653 0.2347 
     D237383 11 0.5361 0.4639 
     D237384 11 0.5541 0.4459 
     D237385 11 0.5837 0.4163 
     D237386 11 0.6015 0.3985 
     D237387 11 0.4732 0.5268 
     D237388 11 0.8889 0.1111 
        D239 11 0.8713 0.1287 
        D240 11 0.3696 0.6304 
        D241 11 0.2174 0.7826 
        D242 11 0.6246 0.3754 
        D243 11 0.8221 0.1779 
        D244 11 0.8933 0.1067 
        D245 11 0.1844 0.8156 
        D246 11 0.7549 0.2451 
        D247 11 0.2874 0.7126 
        D248 11 0.5650 0.4350 
        D249 11 0.5544 0.4456 
        D250 11 0.7509 0.2491 
        D251 11 0.7849 0.2151 
        D252 11 0.4573 0.5427 
        D253 11 0.8352 0.1648 
        D254 11 0.0480 0.9520 
        D255 11 0.6974 0.3026 
        D256 11 0.7494 0.2506 
        D257 11 0.1035 0.8965 
        D258 11 0.1972 0.8028 
        D259 11 0.1364 0.8636 
        D260 11 0.3667 0.6333 
        D261 11 0.7993 0.2007 
        D262 11 0.2631 0.7369 
        D263 11 0.7724 0.2276 
        D264 11 0.1704 0.8296 
        D265 11 0.2198 0.7802 
        D266 11 0.8126 0.1874 
        D267 11 0.8115 0.1885 
        D268 11 0.9119 0.0881 
        D269 11 0.7937 0.2063 
        D270 11 0.5768 0.4232 
        D271 11 0.6387 0.3613 
        D272 11 0.7716 0.2284 
        D273 11 0.0603 0.9397 
        D274 11 0.7981 0.2019 
        D275 11 0.7306 0.2694 
        D276 11 0.8972 0.1028 
        D277 11 0.6267 0.3733 
        D278 11 0.6563 0.3437 
        D282 11 0.1217 0.8783 
        D296 11 0.8294 0.1706 
        D297 11 0.7473 0.2527 
        D298 11 0.8065 0.1935 
        D299 11 0.8492 0.1508 
        D300 11 0.6428 0.3572 
        D382 11 0.7841 0.2159 
        D383 11 0.7211 0.2789 
        D387 11 0.6916 0.3084 
        D388 11 0.6466 0.3534 
        D389 11 0.8561 0.1439 
        D390 11 0.7440 0.2560 
        D396 11 0.5265 0.4735 
        D397 11 0.1801 0.8199 
        D398 11 0.7911 0.2089 
        D399 11 0.2712 0.7288 
        D437 11 0.1135 0.8865 
        D441 11 0.9000 0.1000 
        D442 11 0.6804 0.3196 
        D443 11 0.9249 0.0751 
        D444 11 0.5661 0.4339 
        D445 11 0.4048 0.5952 
        D446 11 0.0972 0.9028 
        D451 11 0.6156 0.3844 
        D452 11 0.5846 0.4154 
        D453 11 0.6189 0.3811 
        D454 11 0.2286 0.7714 
        D457 11 0.6764 0.3236 
        D458 11 0.8729 0.1271 
        D466 11 0.1205 0.8795 
        D467 11 0.8363 0.1637 
        D475 11 0.0971 0.9029 
        D488 11 0.6018 0.3982 
        D489 11 0.2163 0.7837 
        D493 11 0.1744 0.8256 
        D494 11 0.6382 0.3618 
        D495 11 0.2230 0.7770 
        D496 11 0.8558 0.1442 
        D674 11 0.7860 0.2140 
        D675 11 0.9193 0.0807 
        D676 11 0.6226 0.3774 
        D680 11 0.8307 0.1693 
        D701 11 0.5105 0.4895 
        D702 11 0.1585 0.8415 
        D703 11 0.6003 0.3997 
        D704 11 0.6333 0.3667 
        D705 11 0.0453 0.9547 
        D706 11 0.4053 0.5947 
        D707 11 0.5103 0.4897 
        D751 11 0.6837 0.3163 
        D752 11 0.8029 0.1971 
        D753 11 0.1623 0.8377 
        D773 11 0.0364 0.9636 
        D774 11 0.5687 0.4313 
        D801 11 0.6376 0.3624 
        D802 11 0.1978 0.8022 
        D803 11 0.9241 0.0759 
        D804 11 0.4190 0.5810 
        D805 11 0.5638 0.4362 
        D806 11 0.0769 0.9231 
        D809 11 0.7133 0.2867 
        D810 11 0.9164 0.0836 
        D812 11 0.4063 0.5937 
        D813 11 0.7601 0.2399 
        D823 11 0.7600 0.2400 
        D824 11 0.5203 0.4797 
        D829 11 0.5442 0.4558 
        D830 11 0.1812 0.8188 
        D831 11 0.5243 0.4757 
        D832 11 0.2547 0.7453 
        D833 11 0.9110 0.0890 
        D834 11 0.8312 0.1688 
        D835 11 0.5107 0.4893 
        D855 11 0.6940 0.3060 
        D863 11 0.8743 0.1257 
        D864 11 0.7794 0.2206 
        D878 11 0.8541 0.1459 
        D879 11 0.2677 0.7323 
        D880 11 0.7699 0.2301 
        D881 11 0.9422 0.0578 
        D882 11 0.3992 0.6008 
        D909 11 0.6856 0.3144 
        D921 11 0.8894 0.1106 
        D924 11 0.8003 0.1997 
        D935 11 0.6842 0.3158 
        D940 11 0.7984 0.2016 
        D941 11 0.8670 0.1330 
        D942 11 0.0835 0.9165 
        D980 11 0.5711 0.4289 
        D981 11 0.2874 0.7126 
        D982 11 0.1836 0.8164 
        D983 11 0.9026 0.0974 
        D984 11 0.7397 0.2603 
        D992 11 0.2027 0.7973 
        D993 11 0.7550 0.2450 
        D994 11 0.7421 0.2579 
        D995 11 0.3303 0.6697 
        H354 11 0.1372 0.8628 
        D005 12 0.2623 0.7377 
        D035 12 0.5228 0.4772 
        D067 12 0.7423 0.2577 
        D134 12 0.7076 0.2924 
        D135 12 0.3148 0.6852 
        D136 12 0.2673 0.7327 
        D137 12 0.3522 0.6478 
        D138 12 0.5785 0.4215 
        D139 12 0.7619 0.2381 
        D140 12 0.3792 0.6208 
        D141 12 0.0423 0.9577 
        D150 12 0.1509 0.8491 
        D177 12 0.4514 0.5486 
        D178 12 0.2932 0.7068 
        D179 12 0.1909 0.8091 
        D180 12 0.2195 0.7805 
        D187 12 0.6959 0.3041 
        D188 12 0.0458 0.9542 
        D191 12 0.0802 0.9198 
        D418 12 0.0796 0.9204 
        D601 12 0.1521 0.8479 
        D836 12 0.1458 0.8542 
        D837 12 0.6367 0.3633 
        D838 12 0.9066 0.0934 
        D839 12 0.3104 0.6896 
        D840 12 0.6772 0.3228 
        D841 12 0.4943 0.5057 
        D842 12 0.0406 0.9594 
        D843 12 0.7772 0.2228 
        D844 12 0.0995 0.9005 
        D912 12 0.8464 0.1536 
        D913 12 0.1545 0.8455 
        D914 12 0.8504 0.1496 
        D922 12 0.8403 0.1597 
        D939 12 0.4470 0.5530 
        D944 12 0.0595 0.9405 
        D945 12 0.7216 0.2784 
        D985 12 0.1513 0.8487 
        D986 12 0.2110 0.7890 
        D987 12 0.8407 0.1593 
        D988 12 0.8018 0.1982 
        D996 12 0.8060 0.1940 
        D997 12 0.7904 0.2096 
        D998 12 0.2420 0.7580 
        D999 12 0.6025 0.3975 
