        D174  1 0.1108 0.1028 0.0823 0.6016 0.0385 0.0639 
        D199  1 0.0412 0.0386 0.1193 0.2322 0.2430 0.3257 
        D203  1 0.1235 0.1808 0.0893 0.0737 0.2079 0.3247 
        D204  1 0.0237 0.0372 0.0240 0.0185 0.0269 0.8697 
     D237366  1 0.3770 0.2761 0.1186 0.0857 0.0698 0.0727 
     D237367  1 0.2068 0.0732 0.2407 0.0395 0.0634 0.3764 
     D237368  1 0.5965 0.0340 0.0904 0.0675 0.0570 0.1545 
     D244101  1 0.0244 0.1178 0.1325 0.0273 0.2154 0.4827 
     D244102  1 0.1287 0.4094 0.1898 0.0986 0.0633 0.1102 
     D244103  1 0.1054 0.1614 0.4766 0.0583 0.0435 0.1549 
     D244104  1 0.0626 0.0386 0.0324 0.1417 0.0497 0.6750 
     D244105  1 0.4346 0.1384 0.2383 0.0235 0.0276 0.1377 
     D244106  1 0.0292 0.0694 0.0835 0.6582 0.1109 0.0489 
     D244107  1 0.6532 0.0412 0.1227 0.0184 0.0750 0.0894 
     D244108  1 0.1749 0.0680 0.0644 0.5136 0.0494 0.1299 
     D244113  1 0.0591 0.1635 0.1199 0.5938 0.0370 0.0267 
     D244114  1 0.0465 0.3850 0.2804 0.1106 0.0737 0.1038 
     D244115  1 0.1858 0.0604 0.1358 0.4327 0.0356 0.1498 
     D267365  1 0.0565 0.0500 0.0649 0.3435 0.0530 0.4321 
        D404  1 0.0269 0.2759 0.1001 0.5274 0.0429 0.0267 
        D405  1 0.0853 0.3204 0.1452 0.1759 0.1293 0.1439 
        D406  1 0.8342 0.0271 0.0227 0.0307 0.0129 0.0724 
        D407  1 0.1368 0.0239 0.2559 0.0256 0.1000 0.4578 
        D408  1 0.0264 0.0616 0.1266 0.6805 0.0513 0.0537 
        D409  1 0.0449 0.1272 0.6562 0.0531 0.0422 0.0764 
        D410  1 0.8149 0.0279 0.0428 0.0327 0.0110 0.0707 
        D421  1 0.0187 0.0096 0.0243 0.0280 0.0491 0.8703 
        D422  1 0.8637 0.0188 0.0391 0.0124 0.0334 0.0326 
        D423  1 0.8239 0.0245 0.0314 0.0154 0.0496 0.0553 
        D424  1 0.0654 0.0230 0.2098 0.0545 0.0215 0.6258 
        D425  1 0.0400 0.0587 0.1633 0.1934 0.0305 0.5141 
        D426  1 0.0224 0.0194 0.8092 0.0235 0.0793 0.0462 
        D427  1 0.0410 0.0186 0.0353 0.1836 0.5208 0.2007 
        D428  1 0.1610 0.0694 0.1154 0.2079 0.0655 0.3807 
        D429  1 0.0477 0.1251 0.0975 0.3236 0.0387 0.3674 
        D430  1 0.0621 0.1653 0.3672 0.2055 0.1143 0.0856 
        D491  1 0.0235 0.0263 0.0512 0.7925 0.0168 0.0898 
        D492  1 0.1885 0.0809 0.1843 0.2197 0.0622 0.2644 
        D537  1 0.0692 0.0401 0.0762 0.0240 0.0269 0.7636 
        D538  1 0.2707 0.1382 0.2826 0.1157 0.1142 0.0787 
        D539  1 0.1271 0.2690 0.0829 0.3169 0.1377 0.0664 
        D540  1 0.0808 0.0459 0.4135 0.0770 0.0564 0.3264 
        D541  1 0.0162 0.0144 0.0166 0.0168 0.0208 0.9151 
        D551  1 0.0389 0.0596 0.4918 0.0356 0.3045 0.0696 
        D552  1 0.3247 0.0411 0.0870 0.2332 0.0485 0.2655 
        D553  1 0.0167 0.0131 0.0206 0.0161 0.0134 0.9201 
        D615  1 0.1574 0.0837 0.1256 0.0983 0.1185 0.4166 
        D616  1 0.1973 0.0333 0.2064 0.0833 0.1729 0.3068 
        D621  1 0.6918 0.0944 0.0661 0.0941 0.0251 0.0285 
        D622  1 0.7645 0.0538 0.0645 0.0407 0.0247 0.0518 
        D623  1 0.0432 0.1768 0.0943 0.4169 0.2108 0.0581 
        D624  1 0.0212 0.0198 0.0374 0.8551 0.0167 0.0498 
        D625  1 0.0571 0.0334 0.0605 0.0791 0.0164 0.7535 
        D626  1 0.2070 0.1279 0.0868 0.4100 0.0488 0.1195 
        D627  1 0.0266 0.0519 0.7236 0.0657 0.0581 0.0741 
        D690  1 0.0634 0.0310 0.0251 0.0569 0.0113 0.8124 
        D691  1 0.7714 0.0468 0.0369 0.0310 0.0259 0.0881 
        D710  1 0.1374 0.0856 0.1666 0.1913 0.0404 0.3788 
        D711  1 0.0617 0.0568 0.0368 0.0443 0.0299 0.7706 
        D712  1 0.0550 0.0652 0.0565 0.7161 0.0613 0.0460 
        D713  1 0.1025 0.2542 0.1375 0.2624 0.0283 0.2151 
        D746  1 0.8566 0.0188 0.0226 0.0205 0.0188 0.0627 
        D747  1 0.0331 0.0184 0.0155 0.0221 0.0316 0.8792 
        D748  1 0.2516 0.2629 0.0703 0.0556 0.0173 0.3424 
        D749  1 0.5340 0.0753 0.1965 0.1123 0.0524 0.0294 
        D750  1 0.0676 0.0452 0.0401 0.6837 0.0181 0.1453 
        D763  1 0.0878 0.2264 0.2202 0.0514 0.1934 0.2207 
        D764  1 0.1388 0.0206 0.0464 0.1838 0.0187 0.5917 
        D765  1 0.5834 0.0482 0.1158 0.1796 0.0226 0.0504 
        D766  1 0.5132 0.0906 0.1025 0.0545 0.0291 0.2100 
        D767  1 0.1444 0.4280 0.1276 0.0418 0.0840 0.1742 
        D768  1 0.0232 0.0149 0.0375 0.0130 0.0184 0.8930 
        D811  1 0.0539 0.2544 0.2435 0.3769 0.0291 0.0422 
        D816  1 0.0246 0.0181 0.0237 0.0556 0.0171 0.8609 
        D825  1 0.1958 0.0706 0.1765 0.3680 0.0230 0.1660 
        D866  1 0.0457 0.0403 0.0913 0.4002 0.3631 0.0595 
        D867  1 0.7928 0.0528 0.0593 0.0309 0.0376 0.0266 
        D871  1 0.0226 0.1465 0.7110 0.0416 0.0278 0.0505 
        D872  1 0.2140 0.0591 0.0849 0.0385 0.0348 0.5688 
        D873  1 0.9300 0.0171 0.0171 0.0143 0.0133 0.0081 
        D874  1 0.0167 0.3826 0.0757 0.1755 0.0451 0.3043 
        D875  1 0.0636 0.1387 0.7289 0.0232 0.0145 0.0311 
        D876  1 0.0587 0.0570 0.0592 0.0936 0.0197 0.7117 
        D877  1 0.0211 0.2438 0.2408 0.4002 0.0434 0.0508 
        D892  1 0.0898 0.2173 0.1059 0.1784 0.0215 0.3871 
        D893  1 0.0470 0.0934 0.0712 0.0220 0.0548 0.7115 
        D894  1 0.0481 0.1015 0.1516 0.1076 0.0538 0.5375 
        D915  1 0.1309 0.0647 0.0805 0.0629 0.0343 0.6267 
        D916  1 0.0198 0.0164 0.0148 0.0237 0.0164 0.9089 
        D917  1 0.0457 0.0636 0.1489 0.3646 0.1268 0.2505 
        D925  1 0.7240 0.0226 0.0328 0.0793 0.0183 0.1229 
        D926  1 0.0792 0.0934 0.1620 0.1290 0.0241 0.5123 
        D927  1 0.0371 0.0653 0.1038 0.0962 0.2448 0.4528 
        D928  1 0.0198 0.0225 0.0299 0.8000 0.0154 0.1123 
        D929  1 0.0485 0.7239 0.0739 0.0843 0.0264 0.0430 
        D936  1 0.0255 0.1013 0.0742 0.0455 0.0625 0.6910 
        D938  1 0.8821 0.0328 0.0196 0.0228 0.0126 0.0301 
        D956  1 0.0361 0.1065 0.0923 0.6986 0.0374 0.0291 
        D957  1 0.4288 0.0792 0.0774 0.0586 0.0369 0.3191 
        D958  1 0.2570 0.0495 0.0714 0.1340 0.0205 0.4677 
        D959  1 0.1348 0.0148 0.2887 0.0221 0.0715 0.4681 
        D960  1 0.8827 0.0305 0.0173 0.0260 0.0160 0.0276 
        D989  1 0.0232 0.0391 0.0500 0.7628 0.0743 0.0506 
        D990  1 0.8379 0.0145 0.0428 0.0439 0.0402 0.0207 
        D023  2 0.7481 0.0160 0.0582 0.0209 0.0191 0.1377 
        D130  2 0.7480 0.0630 0.0592 0.0134 0.0259 0.0904 
        D131  2 0.0438 0.0758 0.4302 0.0477 0.0750 0.3275 
        D163  2 0.7975 0.0249 0.0417 0.0340 0.0178 0.0841 
        D164  2 0.5187 0.0119 0.0150 0.0104 0.4284 0.0156 
        D165  2 0.8378 0.0242 0.0463 0.0223 0.0237 0.0457 
        D166  2 0.0446 0.5061 0.3516 0.0225 0.0305 0.0448 
        D167  2 0.0139 0.0168 0.0342 0.0309 0.8915 0.0127 
        D192  2 0.0148 0.0149 0.0164 0.0217 0.9234 0.0089 
        D193  2 0.0644 0.3785 0.1414 0.3519 0.0369 0.0268 
        D206  2 0.1203 0.0842 0.2440 0.0376 0.2723 0.2416 
        D207  2 0.0197 0.0536 0.1469 0.0255 0.7049 0.0495 
        D208  2 0.0422 0.1411 0.0780 0.4385 0.2373 0.0629 
        D209  2 0.0846 0.1228 0.3293 0.0412 0.3399 0.0823 
        D210  2 0.0437 0.0511 0.0424 0.5473 0.2183 0.0972 
     D229599  2 0.1027 0.2077 0.1918 0.1382 0.0682 0.2913 
     D229600  2 0.5708 0.0443 0.0857 0.0211 0.2368 0.0413 
     D237227  2 0.2108 0.0277 0.0647 0.5938 0.0524 0.0507 
     D237228  2 0.4285 0.0405 0.1312 0.3019 0.0837 0.0142 
     D237258  2 0.2540 0.0908 0.1847 0.1275 0.2340 0.1091 
     D237310  2 0.5490 0.1319 0.1904 0.0518 0.0585 0.0184 
     D237311  2 0.6363 0.0737 0.0672 0.0449 0.1640 0.0139 
     D237312  2 0.2132 0.4832 0.1691 0.0749 0.0302 0.0294 
     D237313  2 0.1375 0.0908 0.1616 0.1230 0.0453 0.4418 
     D237322  2 0.0621 0.2479 0.2583 0.1454 0.2390 0.0472 
     D237323  2 0.7266 0.0465 0.0609 0.1220 0.0240 0.0200 
     D237324  2 0.4568 0.0423 0.2117 0.0204 0.2128 0.0559 
     D237325  2 0.5061 0.1797 0.1032 0.0927 0.0596 0.0587 
     D237326  2 0.6678 0.0331 0.0562 0.0831 0.0343 0.1256 
     D237327  2 0.0593 0.1778 0.2025 0.0658 0.3946 0.1000 
     D237337  2 0.8120 0.0427 0.0493 0.0371 0.0170 0.0418 
     D237338  2 0.3369 0.1777 0.1251 0.1759 0.1089 0.0753 
     D237339  2 0.0239 0.4178 0.1517 0.0278 0.2563 0.1224 
     D237340  2 0.3264 0.1428 0.0723 0.2292 0.1997 0.0296 
     D237389  2 0.6302 0.1103 0.1241 0.0428 0.0709 0.0217 
     D237390  2 0.1868 0.4631 0.1044 0.1316 0.0313 0.0829 
     D244017  2 0.0444 0.0604 0.1138 0.4468 0.3015 0.0331 
     D244112  2 0.0507 0.0446 0.0430 0.0206 0.8260 0.0151 
     D244118  2 0.4733 0.0270 0.0220 0.0256 0.4365 0.0156 
     D244119  2 0.0264 0.0150 0.0231 0.6549 0.2564 0.0242 
     D244120  2 0.0387 0.2529 0.1047 0.1382 0.4504 0.0151 
     D244122  2 0.0824 0.0752 0.0660 0.0635 0.6794 0.0334 
        D291  2 0.0799 0.0628 0.3215 0.0526 0.3761 0.1071 
        D292  2 0.0482 0.0481 0.0482 0.1341 0.3955 0.3259 
        D293  2 0.0110 0.0747 0.0632 0.0153 0.6585 0.1773 
        D322  2 0.0460 0.0923 0.0708 0.0217 0.5451 0.2241 
        D323  2 0.0584 0.1635 0.3379 0.0880 0.1438 0.2083 
        D324  2 0.1504 0.0480 0.2673 0.1222 0.1767 0.2353 
        D325  2 0.0153 0.0170 0.0327 0.0100 0.9002 0.0248 
        D326  2 0.0133 0.0149 0.0292 0.0217 0.0149 0.9059 
        D340  2 0.0147 0.0134 0.0185 0.0182 0.9117 0.0235 
        D341  2 0.0378 0.0871 0.0512 0.0363 0.7528 0.0349 
        D342  2 0.1128 0.0598 0.1473 0.0260 0.6272 0.0269 
        D343  2 0.0104 0.0134 0.0155 0.0078 0.9382 0.0147 
        D344  2 0.0356 0.3234 0.2558 0.0361 0.0500 0.2991 
        D345  2 0.2422 0.0625 0.1610 0.0401 0.0636 0.4306 
        D346  2 0.0360 0.0527 0.0998 0.6463 0.0914 0.0738 
        D351  2 0.0621 0.1401 0.2576 0.0347 0.1249 0.3807 
        D352  2 0.0515 0.3730 0.2945 0.0965 0.1041 0.0804 
        D353  2 0.0156 0.0743 0.4640 0.0230 0.0370 0.3861 
        D354  2 0.0652 0.2885 0.1966 0.1335 0.0170 0.2991 
        D362  2 0.0548 0.0207 0.0269 0.0434 0.0316 0.8226 
        D363  2 0.0294 0.0214 0.0486 0.0751 0.0216 0.8040 
        D364  2 0.0629 0.1790 0.1067 0.0702 0.0269 0.5543 
        D365  2 0.0147 0.0167 0.0141 0.0187 0.9107 0.0251 
        D369  2 0.0952 0.0404 0.1085 0.2346 0.2602 0.2610 
        D374  2 0.0225 0.1001 0.0665 0.7763 0.0151 0.0196 
        D375  2 0.0440 0.5289 0.2828 0.0324 0.0162 0.0957 
        D376  2 0.0284 0.1058 0.0509 0.7657 0.0285 0.0207 
        D377  2 0.1526 0.2333 0.2728 0.1851 0.0999 0.0563 
        D378  2 0.0480 0.1908 0.1060 0.0270 0.2409 0.3874 
        D379  2 0.0187 0.0317 0.0831 0.0315 0.0158 0.8192 
        D384  2 0.0134 0.0133 0.0181 0.0283 0.0188 0.9081 
        D385  2 0.0163 0.0732 0.0352 0.0354 0.8168 0.0231 
        D386  2 0.0588 0.2473 0.1712 0.0263 0.0630 0.4334 
        D391  2 0.0209 0.0499 0.0285 0.0157 0.8402 0.0447 
        D392  2 0.0827 0.0247 0.0635 0.0578 0.7006 0.0707 
        D393  2 0.0521 0.1544 0.0717 0.0205 0.1256 0.5758 
        D394  2 0.3364 0.1977 0.1589 0.0681 0.0946 0.1444 
        D395  2 0.0252 0.3274 0.2415 0.0295 0.3384 0.0380 
        D401  2 0.8423 0.0192 0.0512 0.0416 0.0270 0.0187 
        D402  2 0.0144 0.0280 0.0184 0.0155 0.9041 0.0197 
        D403  2 0.0708 0.1248 0.2637 0.0336 0.0385 0.4685 
        D415  2 0.0702 0.0375 0.2086 0.0168 0.0198 0.6472 
        D435  2 0.0682 0.0500 0.0625 0.0181 0.2136 0.5875 
        D436  2 0.0423 0.4756 0.1193 0.0798 0.0507 0.2323 
        D438  2 0.0163 0.0154 0.0231 0.0169 0.9154 0.0130 
        D439  2 0.0682 0.3017 0.2412 0.0232 0.1541 0.2116 
        D449  2 0.0325 0.0190 0.2272 0.0274 0.5495 0.1443 
        D450  2 0.0545 0.2113 0.2657 0.2691 0.0286 0.1710 
        D456  2 0.0120 0.0172 0.0290 0.0159 0.0111 0.9147 
        D462  2 0.0149 0.0383 0.0259 0.0123 0.8640 0.0446 
        D463  2 0.0133 0.0156 0.0176 0.0246 0.0130 0.9159 
        D464  2 0.0266 0.2041 0.4723 0.0536 0.0812 0.1622 
        D465  2 0.0849 0.0354 0.1613 0.0290 0.4561 0.2334 
        D473  2 0.1017 0.1005 0.0669 0.6499 0.0412 0.0398 
        D474  2 0.0586 0.0248 0.0426 0.0776 0.0935 0.7030 
        D476  2 0.4505 0.2227 0.0796 0.0184 0.1559 0.0729 
        D477  2 0.0599 0.1159 0.1178 0.0960 0.0438 0.5666 
        D478  2 0.1611 0.1225 0.3382 0.2216 0.0657 0.0909 
        D480  2 0.0197 0.2031 0.1154 0.0854 0.1321 0.4443 
        D481  2 0.1553 0.0973 0.1164 0.1620 0.0847 0.3843 
        D482  2 0.0868 0.4110 0.1505 0.2233 0.0858 0.0426 
        D483  2 0.0374 0.0170 0.0200 0.0682 0.8415 0.0159 
        D484  2 0.0288 0.6295 0.1472 0.0482 0.1201 0.0262 
        D510  2 0.0231 0.0873 0.0371 0.7827 0.0474 0.0225 
        D511  2 0.0443 0.2968 0.1303 0.0218 0.1389 0.3679 
        D512  2 0.5219 0.0487 0.2751 0.0166 0.1052 0.0324 
        D513  2 0.0444 0.0255 0.1430 0.0595 0.6279 0.0997 
        D635  2 0.2629 0.0162 0.1290 0.0433 0.0363 0.5122 
        D636  2 0.9051 0.0131 0.0220 0.0155 0.0155 0.0288 
        D637  2 0.0380 0.4887 0.1530 0.0832 0.1789 0.0581 
        D658  2 0.0551 0.2607 0.0731 0.1536 0.4237 0.0338 
        D659  2 0.0368 0.0437 0.0987 0.0496 0.0361 0.7351 
        D677  2 0.1203 0.2234 0.1510 0.0296 0.0904 0.3853 
        D678  2 0.0588 0.0736 0.2156 0.0256 0.5991 0.0273 
        D679  2 0.0463 0.0495 0.1793 0.0626 0.0783 0.5841 
        D719  2 0.0199 0.0333 0.0321 0.3673 0.2286 0.3188 
        D720  2 0.0365 0.0233 0.0342 0.0702 0.0451 0.7906 
        D721  2 0.6619 0.0524 0.0953 0.0449 0.0541 0.0914 
        D722  2 0.0581 0.1079 0.1245 0.5921 0.0804 0.0370 
        D734  2 0.0142 0.3147 0.0613 0.4166 0.1193 0.0739 
        D735  2 0.0964 0.0767 0.2123 0.0828 0.0888 0.4430 
        D736  2 0.0743 0.0515 0.0969 0.4980 0.1625 0.1168 
        D737  2 0.1270 0.2031 0.0559 0.0718 0.5106 0.0316 
        D807  2 0.0537 0.1214 0.0744 0.3263 0.1251 0.2992 
        D808  2 0.1895 0.1454 0.2859 0.0381 0.2090 0.1321 
        D817  2 0.0426 0.1087 0.1544 0.0783 0.0322 0.5838 
        D818  2 0.0519 0.1982 0.3122 0.0334 0.3300 0.0743 
        D819  2 0.1720 0.1025 0.3177 0.0717 0.0502 0.2858 
        D820  2 0.0143 0.0623 0.0324 0.0204 0.0428 0.8278 
        D895  2 0.1758 0.0435 0.1855 0.0532 0.0388 0.5032 
        D896  2 0.8616 0.0311 0.0279 0.0410 0.0179 0.0205 
        D897  2 0.0380 0.0988 0.1905 0.0360 0.6034 0.0332 
        D898  2 0.0869 0.2275 0.3683 0.1275 0.0707 0.1190 
        D918  2 0.1738 0.3385 0.2416 0.0799 0.1123 0.0540 
        D919  2 0.0357 0.1937 0.1846 0.0238 0.2536 0.3085 
        D920  2 0.8015 0.0759 0.0325 0.0378 0.0259 0.0266 
        D923  2 0.0315 0.0605 0.0738 0.0272 0.0265 0.7804 
        D930  2 0.0508 0.1301 0.2698 0.1377 0.0548 0.3567 
        D931  2 0.0430 0.1568 0.1152 0.0700 0.1481 0.4670 
        D968  2 0.0125 0.0156 0.0180 0.0142 0.9181 0.0216 
        D969  2 0.0343 0.0543 0.1064 0.0768 0.3278 0.4004 
        D977  2 0.0278 0.0685 0.1150 0.0231 0.7279 0.0378 
        D978  2 0.0249 0.1607 0.4074 0.0416 0.3166 0.0489 
        D211  3 0.2364 0.3369 0.2240 0.0341 0.0446 0.1240 
     D229639  3 0.0434 0.0607 0.0806 0.2862 0.4526 0.0764 
     D237212  3 0.0845 0.3331 0.1858 0.0568 0.1925 0.1474 
     D237213  3 0.1554 0.3487 0.2834 0.0295 0.0612 0.1219 
     D237214  3 0.5116 0.0384 0.3487 0.0355 0.0202 0.0456 
     D237215  3 0.0282 0.0415 0.0368 0.1531 0.7238 0.0167 
     D237216  3 0.0966 0.0972 0.6709 0.0269 0.0612 0.0471 
     D237217  3 0.3267 0.1133 0.2722 0.0208 0.0872 0.1798 
     D237218  3 0.0590 0.3722 0.1604 0.1214 0.1313 0.1558 
     D237219  3 0.4009 0.0934 0.1577 0.2377 0.0649 0.0453 
     D237382  3 0.0862 0.3497 0.2570 0.1171 0.0635 0.1264 
     D244127  3 0.6416 0.0700 0.1038 0.0289 0.1271 0.0287 
     D244129  3 0.1979 0.1693 0.2600 0.0705 0.1094 0.1929 
     D244133  3 0.1449 0.0467 0.2838 0.2242 0.2042 0.0962 
     D244134  3 0.1597 0.0363 0.0733 0.5109 0.1563 0.0636 
     D244135  3 0.6925 0.0508 0.1060 0.0250 0.0643 0.0615 
     D244136  3 0.0710 0.0683 0.1800 0.3270 0.1395 0.2142 
        D416  3 0.1475 0.0916 0.3027 0.0421 0.2323 0.1838 
        D417  3 0.0433 0.1376 0.0662 0.0363 0.0218 0.6947 
        D419  3 0.2346 0.0831 0.1388 0.1669 0.1578 0.2190 
        D565  3 0.0181 0.0180 0.0255 0.8790 0.0171 0.0422 
        D566  3 0.0386 0.0267 0.0924 0.5226 0.2675 0.0522 
        D567  3 0.1029 0.0510 0.0515 0.0285 0.0367 0.7294 
        D568  3 0.1983 0.1952 0.1169 0.0219 0.1624 0.3053 
        D569  3 0.0619 0.4289 0.2114 0.0472 0.2029 0.0478 
        D573  3 0.0240 0.0240 0.0537 0.0328 0.7455 0.1201 
        D574  3 0.0563 0.0660 0.1543 0.6182 0.0599 0.0452 
        D575  3 0.2163 0.0761 0.1843 0.2627 0.0918 0.1689 
        D576  3 0.0214 0.0303 0.0602 0.0372 0.8423 0.0086 
        D577  3 0.0532 0.1214 0.0863 0.0568 0.0411 0.6413 
        D578  3 0.8040 0.0202 0.0965 0.0164 0.0460 0.0168 
        D579  3 0.1072 0.1140 0.1190 0.2605 0.1629 0.2363 
        D660  3 0.1184 0.0831 0.2833 0.0226 0.4664 0.0263 
        D661  3 0.0405 0.3077 0.1669 0.0299 0.4159 0.0391 
        D663  3 0.0175 0.0425 0.1535 0.0504 0.6871 0.0491 
        D664  3 0.2848 0.1696 0.2012 0.1697 0.1514 0.0233 
        D665  3 0.1214 0.1974 0.6005 0.0135 0.0478 0.0195 
        D666  3 0.2574 0.1511 0.1280 0.2321 0.0526 0.1788 
        D009  4 0.2656 0.3182 0.1869 0.0449 0.0243 0.1600 
        D057  4 0.2552 0.3381 0.0389 0.0526 0.2130 0.1022 
        D109  4 0.5172 0.1093 0.2331 0.0648 0.0230 0.0527 
     D237222  4 0.6949 0.0636 0.0677 0.0857 0.0409 0.0471 
     D237223  4 0.2175 0.3404 0.1368 0.1364 0.1067 0.0621 
     D237224  4 0.0543 0.1913 0.1150 0.0635 0.2897 0.2862 
     D237225  4 0.1782 0.2107 0.2937 0.0520 0.0324 0.2330 
     D237299  4 0.0347 0.3844 0.4965 0.0443 0.0249 0.0152 
     D237300  4 0.0343 0.0689 0.0660 0.1643 0.6487 0.0178 
     D237306  4 0.0680 0.1592 0.0590 0.6164 0.0344 0.0629 
     D237307  4 0.0536 0.0645 0.0888 0.2581 0.0775 0.4575 
     D237308  4 0.2083 0.1058 0.0846 0.0773 0.4409 0.0831 
     D237309  4 0.1782 0.1580 0.2731 0.0306 0.0682 0.2919 
     D237317  4 0.0738 0.0430 0.0983 0.4924 0.0371 0.2554 
     D237318  4 0.0131 0.0219 0.0657 0.0933 0.7816 0.0243 
     D237319  4 0.2495 0.1957 0.2847 0.0585 0.0767 0.1349 
     D237320  4 0.2314 0.2924 0.1364 0.0571 0.1698 0.1130 
     D237321  4 0.0618 0.0474 0.1299 0.1469 0.5590 0.0551 
     D237397  4 0.1241 0.2242 0.1208 0.2600 0.1853 0.0856 
     D237398  4 0.0388 0.1207 0.2777 0.0421 0.4299 0.0908 
     D237399  4 0.1049 0.1648 0.1068 0.3364 0.1135 0.1735 
     D244001  4 0.5829 0.1081 0.1176 0.0323 0.1014 0.0576 
        D289  4 0.0488 0.1807 0.1163 0.3205 0.1549 0.1788 
        D290  4 0.0436 0.5117 0.2705 0.0434 0.0414 0.0893 
        D294  4 0.0212 0.4931 0.2355 0.0502 0.0464 0.1535 
        D295  4 0.0619 0.3185 0.0942 0.0715 0.0398 0.4142 
        D301  4 0.7436 0.0593 0.0519 0.0640 0.0539 0.0274 
        D302  4 0.0344 0.4351 0.1109 0.0245 0.0178 0.3772 
        D303  4 0.0685 0.0768 0.0543 0.6955 0.0508 0.0540 
        D304  4 0.0326 0.3934 0.2607 0.1126 0.0979 0.1028 
        D305  4 0.0359 0.3545 0.4167 0.0177 0.1335 0.0417 
        D306  4 0.0317 0.2952 0.5461 0.0391 0.0206 0.0674 
        D307  4 0.8087 0.0495 0.0304 0.0685 0.0243 0.0185 
        D327  4 0.0309 0.0761 0.1212 0.0830 0.0652 0.6236 
        D328  4 0.0493 0.4781 0.1000 0.2799 0.0389 0.0538 
        D329  4 0.1041 0.3240 0.1640 0.0749 0.1479 0.1851 
        D330  4 0.1592 0.1898 0.1742 0.0243 0.0531 0.3995 
        D331  4 0.1151 0.1579 0.2021 0.1639 0.0990 0.2619 
        D333  4 0.1331 0.3827 0.1064 0.1577 0.1115 0.1085 
        D334  4 0.0560 0.0803 0.0735 0.6547 0.0226 0.1128 
        D335  4 0.0259 0.2216 0.0902 0.0251 0.0480 0.5894 
        D370  4 0.2570 0.2327 0.1401 0.2609 0.0437 0.0656 
        D371  4 0.0258 0.0322 0.0378 0.7648 0.0358 0.1036 
        D372  4 0.0171 0.0916 0.2377 0.0965 0.5394 0.0176 
        D373  4 0.7340 0.0448 0.0668 0.0410 0.0720 0.0414 
        D455  4 0.8015 0.0513 0.0334 0.0337 0.0398 0.0402 
        D490  4 0.8312 0.0824 0.0291 0.0218 0.0132 0.0223 
        D497  4 0.7585 0.0998 0.0675 0.0290 0.0216 0.0236 
        D498  4 0.1261 0.2015 0.2683 0.2041 0.0874 0.1126 
        D499  4 0.0294 0.1917 0.2576 0.1850 0.2937 0.0426 
        D514  4 0.0453 0.2652 0.2483 0.0312 0.0385 0.3714 
        D515  4 0.1060 0.5813 0.2236 0.0297 0.0264 0.0330 
        D516  4 0.2388 0.1018 0.1574 0.1085 0.1128 0.2807 
        D517  4 0.6620 0.0712 0.1044 0.0262 0.0636 0.0726 
        D518  4 0.2273 0.4265 0.0810 0.0945 0.0652 0.1056 
        D519  4 0.2069 0.4741 0.1737 0.0365 0.0536 0.0552 
        D560  4 0.1002 0.5478 0.1575 0.0228 0.0682 0.1035 
        D561  4 0.1421 0.1149 0.5619 0.0159 0.0412 0.1241 
        D562  4 0.1185 0.3350 0.2333 0.1111 0.1247 0.0774 
        D563  4 0.0661 0.2001 0.2103 0.0223 0.4553 0.0460 
        D572  4 0.0567 0.5847 0.0797 0.0466 0.0641 0.1682 
        D629  4 0.1721 0.1330 0.1808 0.0504 0.0486 0.4150 
        D630  4 0.0693 0.4910 0.1594 0.0806 0.0499 0.1499 
        D631  4 0.0339 0.6018 0.0707 0.0508 0.1626 0.0802 
        D632  4 0.6907 0.0583 0.0458 0.0257 0.1088 0.0707 
        D646  4 0.2266 0.2042 0.1343 0.0457 0.0697 0.3195 
        D647  4 0.1082 0.2223 0.0755 0.0168 0.0566 0.5206 
        D648  4 0.0203 0.6983 0.0829 0.1564 0.0216 0.0205 
        D649  4 0.2094 0.1138 0.0722 0.0223 0.0247 0.5577 
        D650  4 0.1371 0.2289 0.1232 0.1474 0.0533 0.3101 
        D708  4 0.0639 0.2809 0.1995 0.3487 0.0465 0.0605 
        D709  4 0.1014 0.4091 0.3081 0.0639 0.0302 0.0874 
        D738  4 0.1573 0.1050 0.0450 0.5640 0.0229 0.1057 
        D739  4 0.1529 0.5246 0.2072 0.0376 0.0414 0.0364 
        D740  4 0.1569 0.1655 0.3195 0.2019 0.1126 0.0436 
        D741  4 0.0795 0.2874 0.2669 0.0210 0.1831 0.1621 
        D742  4 0.0467 0.1594 0.1084 0.1695 0.4628 0.0531 
        D743  4 0.0250 0.1714 0.0655 0.0356 0.0561 0.6465 
        D744  4 0.0398 0.4166 0.2109 0.0362 0.1396 0.1569 
        D745  4 0.1692 0.5296 0.2113 0.0296 0.0221 0.0382 
        D814  4 0.0345 0.1773 0.4071 0.0223 0.3157 0.0430 
        D815  4 0.0606 0.3403 0.1350 0.0689 0.0633 0.3320 
        D828  4 0.0434 0.4667 0.1525 0.2159 0.1047 0.0169 
        D845  4 0.0121 0.0230 0.0317 0.2155 0.6840 0.0337 
        D846  4 0.0869 0.2511 0.1762 0.0155 0.1651 0.3052 
        D847  4 0.1097 0.2464 0.2009 0.1437 0.1139 0.1853 
        D848  4 0.6955 0.0251 0.0588 0.0411 0.1606 0.0189 
        D849  4 0.2097 0.3872 0.2804 0.0226 0.0438 0.0565 
        D850  4 0.1307 0.0627 0.2426 0.1569 0.1664 0.2406 
        D856  4 0.1523 0.2624 0.4440 0.0481 0.0306 0.0627 
        D857  4 0.8316 0.0396 0.0274 0.0360 0.0539 0.0116 
        D859  4 0.0320 0.5845 0.0687 0.0558 0.0863 0.1727 
        D860  4 0.0253 0.0519 0.0398 0.5616 0.1781 0.1433 
        D883  4 0.2057 0.2046 0.0821 0.1120 0.0489 0.3466 
        D884  4 0.1013 0.5126 0.1062 0.1359 0.0237 0.1202 
        D885  4 0.0662 0.1829 0.4197 0.0481 0.1656 0.1175 
        D886  4 0.3203 0.2629 0.1143 0.0270 0.0534 0.2221 
        D887  4 0.0874 0.2463 0.1296 0.1259 0.2674 0.1435 
        D889  4 0.0150 0.4600 0.2943 0.0420 0.1332 0.0555 
        D890  4 0.1600 0.2239 0.2104 0.2279 0.0701 0.1078 
        D891  4 0.0104 0.0180 0.0557 0.1098 0.7911 0.0151 
        D899  4 0.0301 0.0957 0.0695 0.1862 0.5731 0.0454 
        D900  4 0.0920 0.1931 0.2568 0.1020 0.0878 0.2682 
        D970  4 0.0608 0.3115 0.1632 0.0780 0.0961 0.2905 
        D971  4 0.0776 0.0561 0.1434 0.0658 0.4889 0.1682 
        D979  4 0.0161 0.1685 0.0587 0.0298 0.0442 0.6827 
        D093  5 0.0288 0.0646 0.0462 0.7974 0.0268 0.0362 
        D154  5 0.0247 0.2203 0.3166 0.0848 0.3233 0.0303 
        D168  5 0.1616 0.0878 0.3219 0.0330 0.2955 0.1002 
        D189  5 0.0282 0.1612 0.1022 0.5413 0.1239 0.0432 
        D190  5 0.0287 0.0762 0.0364 0.7755 0.0371 0.0462 
     D237220  5 0.2281 0.2767 0.1839 0.1915 0.0560 0.0638 
     D237221  5 0.0492 0.1034 0.0965 0.4612 0.1658 0.1239 
     D237274  5 0.0328 0.0559 0.0936 0.0223 0.0287 0.7667 
     D237275  5 0.0279 0.0391 0.0769 0.0305 0.8092 0.0164 
     D237276  5 0.1232 0.3604 0.0930 0.2350 0.0365 0.1519 
     D237277  5 0.0270 0.0531 0.0712 0.6712 0.1325 0.0450 
     D237278  5 0.1681 0.1244 0.1191 0.2243 0.3164 0.0476 
     D237279  5 0.4907 0.0305 0.3864 0.0196 0.0350 0.0379 
     D237280  5 0.5034 0.0557 0.1247 0.0609 0.0223 0.2329 
     D237281  5 0.0136 0.0232 0.0687 0.0307 0.8233 0.0404 
     D237351  5 0.7527 0.0551 0.0568 0.0826 0.0249 0.0279 
     D237352  5 0.4015 0.1309 0.1282 0.0664 0.0959 0.1771 
     D237353  5 0.0252 0.0297 0.0452 0.8398 0.0318 0.0284 
     D237359  5 0.1152 0.3295 0.2921 0.1246 0.0640 0.0745 
     D237361  5 0.0271 0.0201 0.0243 0.8888 0.0206 0.0192 
     D237362  5 0.0698 0.1054 0.2171 0.1971 0.0867 0.3238 
     D237363  5 0.0520 0.0374 0.6157 0.0824 0.1554 0.0571 
     D237364  5 0.0738 0.4338 0.2286 0.0210 0.1427 0.1001 
     D237376  5 0.0205 0.4825 0.0972 0.3349 0.0485 0.0163 
     D237377  5 0.3330 0.0394 0.1233 0.1121 0.0441 0.3481 
     D237378  5 0.0308 0.2157 0.0554 0.5928 0.0804 0.0249 
     D237379  5 0.0400 0.2899 0.1831 0.3981 0.0425 0.0464 
     D237380  5 0.7297 0.0960 0.0466 0.0721 0.0145 0.0411 
     D237381  5 0.6259 0.0862 0.0949 0.0696 0.0574 0.0660 
     D237391  5 0.0295 0.0385 0.0390 0.7942 0.0294 0.0694 
     D237392  5 0.0748 0.0599 0.1747 0.0376 0.1764 0.4765 
     D237393  5 0.1286 0.0452 0.0467 0.2551 0.0941 0.4303 
     D237394  5 0.0276 0.0235 0.0334 0.8637 0.0126 0.0392 
     D237395  5 0.1054 0.1639 0.2377 0.3565 0.0872 0.0494 
     D237396  5 0.1384 0.0271 0.0820 0.1397 0.0730 0.5398 
     D244016  5 0.0280 0.0800 0.4697 0.2681 0.1021 0.0521 
     D244018  5 0.0962 0.0324 0.1198 0.2740 0.3970 0.0806 
     D244019  5 0.0369 0.1043 0.3222 0.0635 0.1525 0.3205 
        D279  5 0.0521 0.2669 0.2435 0.1512 0.2217 0.0646 
        D280  5 0.0730 0.0543 0.2201 0.3626 0.1509 0.1392 
        D281  5 0.0128 0.0754 0.1479 0.0961 0.6480 0.0198 
        D283  5 0.0340 0.0258 0.0527 0.5640 0.0528 0.2706 
        D284  5 0.1740 0.2211 0.4002 0.0501 0.0709 0.0838 
        D285  5 0.0322 0.1065 0.1379 0.5694 0.0494 0.1046 
        D286  5 0.0491 0.4554 0.1542 0.2122 0.0355 0.0936 
        D287  5 0.0391 0.4865 0.1487 0.2779 0.0276 0.0203 
        D288  5 0.0353 0.0451 0.1851 0.1931 0.1798 0.3617 
        D308  5 0.7727 0.0230 0.0448 0.0333 0.0180 0.1081 
        D309  5 0.0320 0.4867 0.1175 0.0235 0.0238 0.3165 
        D310  5 0.0123 0.0343 0.1327 0.7799 0.0200 0.0207 
        D311  5 0.0400 0.2893 0.2588 0.1695 0.0513 0.1912 
        D312  5 0.0791 0.2427 0.1327 0.2863 0.0641 0.1951 
        D313  5 0.9176 0.0117 0.0215 0.0241 0.0108 0.0144 
        D314  5 0.0714 0.3661 0.2830 0.1150 0.1282 0.0363 
        D315  5 0.0926 0.0758 0.1153 0.4435 0.0549 0.2179 
        D317  5 0.0255 0.0311 0.0360 0.8330 0.0219 0.0526 
        D318  5 0.0779 0.1587 0.3647 0.1234 0.1508 0.1246 
        D319  5 0.0187 0.0381 0.0296 0.8614 0.0278 0.0244 
        D320  5 0.0300 0.0717 0.0447 0.8030 0.0205 0.0301 
        D321  5 0.6918 0.0202 0.0538 0.1093 0.0466 0.0784 
        D336  5 0.0236 0.1329 0.1121 0.6769 0.0243 0.0301 
        D337  5 0.0121 0.0213 0.0219 0.8848 0.0319 0.0280 
        D338  5 0.0979 0.2488 0.1738 0.1842 0.0841 0.2113 
        D339  5 0.0583 0.0460 0.0771 0.6948 0.0661 0.0577 
        D347  5 0.0370 0.1999 0.2100 0.1246 0.1464 0.2821 
        D348  5 0.0202 0.0799 0.0592 0.7815 0.0290 0.0301 
        D349  5 0.8256 0.0285 0.0314 0.0666 0.0227 0.0251 
        D350  5 0.0257 0.6280 0.1055 0.0218 0.0332 0.1858 
        D355  5 0.0168 0.0789 0.2978 0.0297 0.4973 0.0795 
        D356  5 0.0981 0.0791 0.1067 0.4082 0.0393 0.2687 
        D357  5 0.0544 0.2300 0.3274 0.2266 0.0908 0.0708 
        D358  5 0.1130 0.1279 0.1498 0.4826 0.0529 0.0738 
        D359  5 0.0282 0.0456 0.0491 0.4239 0.0270 0.4262 
        D360  5 0.0795 0.0612 0.0670 0.6419 0.0246 0.1259 
        D361  5 0.8738 0.0234 0.0263 0.0270 0.0185 0.0309 
        D366  5 0.0471 0.0222 0.0735 0.0229 0.2970 0.5373 
        D367  5 0.0541 0.1781 0.1386 0.5847 0.0216 0.0229 
        D368  5 0.1573 0.0777 0.2686 0.3074 0.0361 0.1527 
        D380  5 0.0855 0.2016 0.3151 0.0484 0.0850 0.2644 
        D381  5 0.0351 0.0526 0.1318 0.6390 0.0489 0.0926 
        D400  5 0.0417 0.3258 0.0996 0.2700 0.1366 0.1262 
        D411  5 0.7602 0.0614 0.1152 0.0167 0.0270 0.0195 
        D412  5 0.1320 0.0932 0.2938 0.1385 0.1904 0.1520 
        D413  5 0.0402 0.0584 0.0761 0.0288 0.7351 0.0615 
        D414  5 0.0226 0.5894 0.1267 0.0207 0.1896 0.0510 
        D420  5 0.1556 0.1328 0.4647 0.1101 0.1009 0.0360 
        D431  5 0.0494 0.4564 0.2440 0.1178 0.1135 0.0189 
        D432  5 0.1468 0.0632 0.0675 0.5681 0.0704 0.0839 
        D433  5 0.0372 0.0563 0.0440 0.7407 0.0570 0.0648 
        D434  5 0.0833 0.0578 0.0964 0.5502 0.0353 0.1771 
        D440  5 0.0218 0.5942 0.1656 0.0267 0.0240 0.1676 
        D447  5 0.0828 0.1005 0.3958 0.0294 0.0735 0.3180 
        D448  5 0.0184 0.1837 0.0899 0.5863 0.0617 0.0599 
        D459  5 0.0186 0.0432 0.0612 0.0453 0.7593 0.0725 
        D460  5 0.7332 0.0260 0.0333 0.0712 0.0389 0.0974 
        D461  5 0.0232 0.4874 0.0465 0.0289 0.0257 0.3883 
        D468  5 0.0786 0.1135 0.3897 0.1662 0.0588 0.1931 
        D469  5 0.0823 0.1216 0.0956 0.0969 0.0403 0.5634 
        D470  5 0.0846 0.4725 0.2096 0.1080 0.0425 0.0828 
        D471  5 0.0158 0.1748 0.0798 0.5742 0.0798 0.0756 
        D472  5 0.0163 0.0178 0.0320 0.0199 0.1554 0.7585 
        D479  5 0.0295 0.0981 0.0721 0.0252 0.7390 0.0361 
        D485  5 0.0449 0.5517 0.2059 0.0944 0.0530 0.0501 
        D486  5 0.1604 0.1922 0.3555 0.0973 0.0418 0.1528 
        D487  5 0.0399 0.2877 0.1001 0.3554 0.1853 0.0317 
        D555  5 0.0334 0.0285 0.0235 0.8235 0.0572 0.0338 
        D556  5 0.0734 0.3667 0.1467 0.2356 0.1096 0.0680 
        D557  5 0.0227 0.0317 0.0286 0.8253 0.0433 0.0484 
        D564  5 0.1452 0.1923 0.1539 0.3884 0.0361 0.0841 
        D594  5 0.0781 0.1127 0.3107 0.1338 0.1396 0.2251 
        D595  5 0.0696 0.0761 0.1188 0.4545 0.1041 0.1768 
        D596  5 0.0285 0.0267 0.0356 0.8430 0.0320 0.0343 
        D597  5 0.0284 0.0665 0.0629 0.3221 0.3551 0.1650 
        D598  5 0.1845 0.1339 0.0835 0.4113 0.0708 0.1160 
        D617  5 0.5681 0.0670 0.1318 0.0214 0.1841 0.0275 
        D618  5 0.0389 0.0857 0.0558 0.5884 0.1022 0.1291 
        D619  5 0.3379 0.0374 0.1315 0.1779 0.0772 0.2382 
        D620  5 0.0217 0.0242 0.0223 0.0274 0.8594 0.0451 
        D628  5 0.1907 0.4206 0.1416 0.0954 0.0429 0.1088 
        D714  5 0.0317 0.2464 0.1509 0.3662 0.1835 0.0213 
        D715  5 0.0207 0.0260 0.0376 0.6956 0.0726 0.1476 
        D716  5 0.0227 0.3563 0.2564 0.0949 0.1657 0.1040 
        D717  5 0.1275 0.0966 0.1048 0.1653 0.0545 0.4514 
        D718  5 0.0715 0.4164 0.3462 0.0955 0.0453 0.0251 
        D769  5 0.5179 0.1348 0.1813 0.0280 0.1017 0.0363 
        D770  5 0.0420 0.2714 0.1986 0.1422 0.2917 0.0542 
        D771  5 0.1007 0.2284 0.1839 0.1367 0.2840 0.0664 
        D772  5 0.0554 0.4048 0.1043 0.2764 0.0517 0.1074 
        D782  5 0.2563 0.0300 0.4207 0.0387 0.2135 0.0409 
        D783  5 0.0310 0.2783 0.1895 0.1490 0.3165 0.0355 
        D784  5 0.0509 0.1299 0.1370 0.0983 0.0555 0.5285 
        D785  5 0.0793 0.1095 0.0686 0.6743 0.0230 0.0453 
        D786  5 0.5597 0.1063 0.0813 0.0207 0.0606 0.1713 
        D821  5 0.0117 0.0170 0.0141 0.9219 0.0136 0.0217 
        D822  5 0.0374 0.1124 0.2391 0.1292 0.0996 0.3823 
        D826  5 0.0373 0.1072 0.1094 0.4452 0.2289 0.0719 
        D827  5 0.0342 0.1612 0.2619 0.0455 0.0878 0.4095 
        D851  5 0.0953 0.0920 0.4519 0.1908 0.0671 0.1029 
        D852  5 0.0674 0.3292 0.0813 0.3069 0.1732 0.0420 
        D853  5 0.0544 0.2045 0.1959 0.3704 0.0785 0.0963 
        D854  5 0.0582 0.2391 0.3697 0.0227 0.1673 0.1429 
        D861  5 0.0833 0.1434 0.3568 0.1683 0.1568 0.0914 
        D862  5 0.0396 0.0944 0.1391 0.3606 0.0354 0.3309 
        D865  5 0.0394 0.0374 0.0486 0.7736 0.0695 0.0316 
        D868  5 0.0353 0.0656 0.0350 0.1020 0.0326 0.7295 
        D869  5 0.7856 0.0227 0.0857 0.0372 0.0329 0.0358 
        D870  5 0.0294 0.0526 0.8042 0.0131 0.0431 0.0577 
        D907  5 0.0501 0.0559 0.0830 0.7483 0.0275 0.0352 
        D908  5 0.0798 0.1914 0.0573 0.3384 0.3014 0.0316 
        D910  5 0.0290 0.1012 0.0827 0.3696 0.2994 0.1180 
        D911  5 0.0138 0.0502 0.2230 0.0519 0.5911 0.0700 
        D934  5 0.0292 0.2436 0.3536 0.0822 0.2301 0.0613 
        D946  5 0.0384 0.6370 0.1352 0.0723 0.0978 0.0194 
        D947  5 0.0506 0.4363 0.2068 0.0612 0.0581 0.1870 
        D948  5 0.8020 0.0166 0.0210 0.0924 0.0223 0.0457 
        D949  5 0.7967 0.0301 0.0284 0.0583 0.0176 0.0688 
        D950  5 0.0203 0.0452 0.1782 0.0605 0.6161 0.0798 
        D951  5 0.0437 0.0606 0.4040 0.0282 0.0368 0.4266 
        D952  5 0.0296 0.0529 0.0506 0.0820 0.0420 0.7429 
        D953  5 0.0435 0.0433 0.0449 0.6993 0.0376 0.1313 
        D954  5 0.0329 0.0226 0.1178 0.2564 0.0266 0.5437 
        D961  5 0.0574 0.5270 0.2110 0.1338 0.0414 0.0294 
        D962  5 0.0340 0.2764 0.0616 0.5411 0.0151 0.0717 
        D963  5 0.0396 0.1515 0.1020 0.2958 0.0544 0.3567 
        D964  5 0.0908 0.3985 0.2869 0.0686 0.1030 0.0521 
        D965  5 0.0417 0.5389 0.1521 0.0754 0.1198 0.0720 
        D966  5 0.0487 0.1538 0.1394 0.2732 0.1777 0.2071 
        D967  5 0.1544 0.0474 0.1185 0.2991 0.3253 0.0553 
        D991  5 0.2135 0.4015 0.0857 0.1403 0.0368 0.1221 
        D502  6 0.0500 0.2135 0.5946 0.0138 0.1080 0.0201 
        D503  6 0.2580 0.1013 0.2193 0.1042 0.2929 0.0242 
        D504  6 0.0934 0.1887 0.1233 0.1051 0.0879 0.4016 
        D505  6 0.0888 0.1192 0.1729 0.3800 0.1437 0.0955 
        D506  6 0.0161 0.0176 0.0285 0.9018 0.0143 0.0217 
        D507  6 0.1137 0.3649 0.2596 0.0433 0.1392 0.0793 
        D508  6 0.0421 0.3663 0.2943 0.0326 0.0956 0.1690 
        D529  6 0.1878 0.1535 0.2491 0.1828 0.0549 0.1719 
        D530  6 0.1380 0.3335 0.2363 0.1918 0.0789 0.0215 
        D531  6 0.0619 0.3248 0.1940 0.1242 0.0587 0.2363 
        D532  6 0.0472 0.1386 0.2533 0.2258 0.1154 0.2195 
        D534  6 0.8073 0.0375 0.0494 0.0195 0.0335 0.0529 
        D535  6 0.1288 0.0595 0.1881 0.4098 0.0439 0.1700 
        D536  6 0.0870 0.0519 0.1419 0.0175 0.6786 0.0232 
        D554  6 0.1222 0.3001 0.2154 0.2772 0.0467 0.0383 
        D587  6 0.0375 0.0487 0.0589 0.7137 0.0481 0.0931 
        D588  6 0.0555 0.0299 0.2982 0.4084 0.0452 0.1627 
        D589  6 0.0731 0.0940 0.3597 0.1603 0.2681 0.0447 
        D590  6 0.0612 0.0307 0.0655 0.0403 0.7644 0.0379 
        D591  6 0.1177 0.0527 0.4177 0.2085 0.1374 0.0660 
        D592  6 0.8135 0.0184 0.0462 0.0506 0.0349 0.0363 
        D593  6 0.0452 0.4806 0.2369 0.1734 0.0452 0.0187 
        D682  6 0.0225 0.0362 0.0338 0.8561 0.0265 0.0249 
        D683  6 0.0392 0.0441 0.0859 0.2641 0.0286 0.5381 
        D684  6 0.2596 0.1048 0.3790 0.0198 0.2002 0.0365 
        D685  6 0.0365 0.0756 0.7719 0.0322 0.0694 0.0145 
        D686  6 0.0609 0.1302 0.2672 0.4619 0.0317 0.0480 
        D724  6 0.0817 0.4245 0.2243 0.0233 0.0827 0.1634 
        D725  6 0.0699 0.2929 0.2631 0.1232 0.1841 0.0668 
        D726  6 0.0307 0.0402 0.0257 0.8569 0.0214 0.0251 
        D727  6 0.0734 0.0385 0.1407 0.1224 0.4617 0.1634 
        D728  6 0.0596 0.1116 0.1882 0.5292 0.0358 0.0755 
        D729  6 0.4108 0.0181 0.1399 0.0227 0.2234 0.1851 
        D730  6 0.2024 0.2814 0.1774 0.0300 0.1407 0.1681 
        D731  6 0.0162 0.0248 0.0222 0.7860 0.1366 0.0141 
        D732  6 0.0593 0.3041 0.1644 0.0433 0.0707 0.3582 
        D733  6 0.1215 0.5540 0.1139 0.0719 0.0534 0.0852 
     D237251  7 0.0326 0.4729 0.1024 0.0606 0.2886 0.0430 
     D237252  7 0.2585 0.2751 0.1936 0.0238 0.2059 0.0431 
     D237253  7 0.0416 0.1707 0.2704 0.2055 0.2586 0.0532 
     D237254  7 0.7687 0.0222 0.1282 0.0217 0.0365 0.0227 
     D237255  7 0.0201 0.1029 0.0925 0.0612 0.6954 0.0278 
     D237256  7 0.0179 0.1720 0.3295 0.0423 0.3746 0.0637 
     D237257  7 0.0716 0.2229 0.5662 0.0321 0.0720 0.0352 
     D237282  7 0.1229 0.0606 0.0827 0.0175 0.1175 0.5989 
     D237283  7 0.5642 0.0389 0.3325 0.0238 0.0271 0.0136 
     D237284  7 0.8100 0.0346 0.0666 0.0209 0.0243 0.0437 
     D237285  7 0.0479 0.2924 0.2556 0.1514 0.1872 0.0656 
     D237286  7 0.0858 0.1216 0.2914 0.2019 0.1351 0.1642 
     D237287  7 0.0539 0.0960 0.2021 0.0598 0.4576 0.1305 
     D244006  7 0.8419 0.0252 0.0668 0.0164 0.0248 0.0249 
     D244007  7 0.0736 0.0326 0.1918 0.0366 0.5409 0.1244 
     D244008  7 0.4798 0.0705 0.3604 0.0431 0.0218 0.0245 
     D244009  7 0.3529 0.3245 0.0980 0.0971 0.0223 0.1053 
     D244010  7 0.0593 0.2862 0.5341 0.0441 0.0439 0.0324 
     D244011  7 0.0657 0.3953 0.2413 0.1835 0.0865 0.0277 
     D244012  7 0.0529 0.2150 0.4114 0.0296 0.2246 0.0666 
     D244013  7 0.0403 0.3172 0.0540 0.1652 0.2867 0.1366 
     D244014  7 0.3084 0.2180 0.2541 0.0540 0.1188 0.0467 
     D244015  7 0.2750 0.0883 0.3984 0.0299 0.0889 0.1195 
     D244125  7 0.0500 0.0718 0.1332 0.3683 0.1881 0.1885 
     D244126  7 0.5426 0.1307 0.2726 0.0145 0.0213 0.0183 
     D244130  7 0.2891 0.1322 0.3264 0.0720 0.1040 0.0763 
     D244131  7 0.1823 0.0764 0.1326 0.3401 0.0776 0.1909 
     D244132  7 0.0743 0.2586 0.1377 0.1930 0.0352 0.3012 
        D520  7 0.1100 0.1176 0.6065 0.0958 0.0211 0.0490 
        D521  7 0.0913 0.4771 0.1769 0.0518 0.0995 0.1034 
        D522  7 0.6683 0.0509 0.0855 0.0714 0.0463 0.0776 
        D523  7 0.0331 0.1913 0.1405 0.1160 0.4821 0.0370 
        D524  7 0.1159 0.1672 0.1294 0.2290 0.2687 0.0898 
        D525  7 0.5996 0.0598 0.1093 0.0601 0.1420 0.0291 
        D526  7 0.7959 0.0212 0.1026 0.0158 0.0192 0.0454 
        D527  7 0.0992 0.3333 0.1312 0.1198 0.0515 0.2650 
        D528  7 0.0125 0.0175 0.9371 0.0108 0.0097 0.0125 
        D558  7 0.1491 0.4387 0.1015 0.0157 0.1407 0.1543 
        D559  7 0.0612 0.5367 0.1527 0.0187 0.0814 0.1493 
        D640  7 0.0839 0.2323 0.1628 0.2561 0.1218 0.1430 
        D641  7 0.1813 0.1520 0.1745 0.3313 0.1366 0.0243 
        D642  7 0.6018 0.0489 0.1238 0.0449 0.1299 0.0507 
        D644  7 0.2198 0.1939 0.1519 0.2392 0.0929 0.1024 
        D645  7 0.0743 0.3883 0.1784 0.1546 0.1199 0.0846 
        D662  7 0.6521 0.0284 0.0390 0.0942 0.0149 0.1714 
        D687  7 0.0457 0.3868 0.3249 0.1192 0.0607 0.0628 
        D688  7 0.1201 0.2517 0.1763 0.0236 0.0856 0.3426 
        D689  7 0.0714 0.1640 0.1912 0.2293 0.1278 0.2163 
        D700  7 0.0143 0.0128 0.9410 0.0100 0.0098 0.0120 
        D797  7 0.1043 0.2707 0.1515 0.1734 0.0987 0.2015 
        D798  7 0.5892 0.0892 0.1842 0.0339 0.0278 0.0757 
        D799  7 0.1310 0.2351 0.2970 0.0476 0.2433 0.0460 
        D800  7 0.0857 0.1487 0.1795 0.0283 0.0754 0.4824 
        D132  8 0.8107 0.0518 0.0376 0.0460 0.0207 0.0332 
        D133  8 0.0332 0.0347 0.0299 0.0179 0.8695 0.0147 
        D200  8 0.0197 0.6042 0.2906 0.0161 0.0398 0.0297 
        D500  8 0.8872 0.0257 0.0170 0.0245 0.0131 0.0326 
        D614  8 0.0997 0.2680 0.1138 0.3988 0.0312 0.0885 
        D723  8 0.1916 0.1452 0.0861 0.0496 0.1171 0.4104 
        D888  8 0.0236 0.1087 0.1003 0.1299 0.5916 0.0459 
        D901  8 0.0366 0.5849 0.3140 0.0310 0.0179 0.0156 
        D902  8 0.0516 0.1538 0.0783 0.6521 0.0311 0.0330 
        D903  8 0.0273 0.1385 0.2340 0.0617 0.0390 0.4994 
        D904  8 0.1226 0.3390 0.1241 0.0693 0.0582 0.2868 
        D905  8 0.0164 0.1012 0.0682 0.3347 0.4638 0.0157 
        D906  8 0.0450 0.0942 0.2075 0.0426 0.5295 0.0811 
        D937  8 0.0214 0.0550 0.0431 0.8443 0.0239 0.0124 
        D943  8 0.1446 0.3258 0.3664 0.0404 0.0651 0.0577 
        D972  8 0.1906 0.2846 0.1282 0.0425 0.0793 0.2748 
        D973  8 0.0930 0.0711 0.0475 0.0293 0.0355 0.7235 
        D974  8 0.1272 0.2225 0.2530 0.0894 0.1428 0.1651 
        D975  8 0.0315 0.5344 0.2661 0.0719 0.0564 0.0397 
        D976  8 0.0865 0.2106 0.4446 0.1562 0.0723 0.0299 
        D201  9 0.0486 0.4621 0.2212 0.0412 0.1497 0.0771 
        D202  9 0.0434 0.3930 0.4136 0.0344 0.0911 0.0245 
     D237259  9 0.0760 0.0349 0.7685 0.0145 0.0624 0.0437 
     D237260  9 0.1219 0.1816 0.2333 0.0721 0.3732 0.0179 
     D237262  9 0.8645 0.0196 0.0561 0.0195 0.0164 0.0239 
     D237263  9 0.4607 0.1037 0.1300 0.0373 0.1906 0.0776 
     D237264  9 0.2427 0.1401 0.1854 0.1742 0.1639 0.0937 
     D237265  9 0.0693 0.0875 0.3155 0.1061 0.3956 0.0260 
     D237266  9 0.2834 0.0121 0.0418 0.0217 0.5798 0.0611 
     D237267  9 0.0483 0.0691 0.7939 0.0377 0.0319 0.0192 
     D237268  9 0.2539 0.3087 0.2442 0.0388 0.0324 0.1220 
     D237289  9 0.0705 0.2077 0.1230 0.2574 0.3204 0.0210 
     D237290  9 0.0438 0.0540 0.1022 0.0399 0.7339 0.0262 
     D237291  9 0.0503 0.0737 0.1535 0.0640 0.6300 0.0284 
     D237292  9 0.1108 0.1434 0.3321 0.0276 0.3544 0.0319 
     D237293  9 0.2301 0.1303 0.3524 0.0958 0.0818 0.1097 
     D237294  9 0.2522 0.3807 0.2051 0.0459 0.1002 0.0158 
     D237295  9 0.2125 0.2116 0.1585 0.1327 0.0202 0.2643 
     D237296  9 0.0651 0.3489 0.3772 0.0668 0.0976 0.0444 
     D237297  9 0.0402 0.5078 0.1088 0.2741 0.0392 0.0299 
     D237298  9 0.1115 0.3609 0.1646 0.0664 0.0722 0.2245 
     D237341  9 0.0666 0.1877 0.3004 0.0668 0.3028 0.0757 
     D237342  9 0.3233 0.2354 0.3002 0.0612 0.0547 0.0252 
     D237343  9 0.3636 0.0643 0.1700 0.0594 0.2850 0.0577 
     D237344  9 0.1395 0.1191 0.1921 0.2661 0.2227 0.0604 
     D237345  9 0.6470 0.1916 0.0811 0.0132 0.0410 0.0261 
     D237346  9 0.1511 0.0726 0.1221 0.1474 0.4630 0.0439 
     D237347  9 0.0446 0.0869 0.1000 0.6022 0.1055 0.0608 
     D237348  9 0.3071 0.1223 0.1797 0.0827 0.2087 0.0995 
     D237349  9 0.2274 0.0339 0.0664 0.0204 0.4688 0.1830 
     D244109  9 0.0982 0.0300 0.1067 0.0125 0.7020 0.0506 
     D244110  9 0.0461 0.0232 0.1098 0.0222 0.7666 0.0321 
     D244111  9 0.0872 0.2441 0.3067 0.0550 0.2224 0.0845 
     D244128  9 0.2739 0.3177 0.3125 0.0202 0.0518 0.0239 
     D244137  9 0.1795 0.0566 0.0857 0.0630 0.1039 0.5114 
     D244138  9 0.1045 0.1765 0.3159 0.0936 0.2871 0.0224 
        D580  9 0.2346 0.1482 0.5301 0.0274 0.0248 0.0350 
        D581  9 0.0543 0.1121 0.1540 0.0242 0.6374 0.0180 
        D582  9 0.4428 0.2742 0.2300 0.0167 0.0162 0.0200 
        D583  9 0.1138 0.0504 0.0475 0.0171 0.7506 0.0206 
        D584  9 0.1890 0.0853 0.4207 0.2365 0.0475 0.0208 
        D585  9 0.2474 0.2893 0.2647 0.0260 0.1433 0.0294 
        D586  9 0.0323 0.0224 0.0632 0.2720 0.5786 0.0316 
        D651  9 0.0744 0.0368 0.0749 0.1232 0.1153 0.5753 
        D652  9 0.5422 0.0703 0.0902 0.0237 0.1465 0.1270 
        D653  9 0.0466 0.0700 0.2999 0.0727 0.3780 0.1328 
        D654  9 0.2553 0.0805 0.0865 0.0383 0.3055 0.2339 
        D655  9 0.0627 0.0913 0.2652 0.2069 0.2610 0.1129 
        D656  9 0.6955 0.0494 0.1355 0.0272 0.0596 0.0328 
        D657  9 0.2512 0.3407 0.1488 0.0633 0.1426 0.0534 
        D667  9 0.0577 0.0845 0.1549 0.4004 0.2278 0.0748 
        D668  9 0.5317 0.0465 0.1968 0.0825 0.1059 0.0366 
        D669  9 0.0690 0.3391 0.2980 0.0585 0.1812 0.0543 
        D670  9 0.0451 0.0293 0.3351 0.0398 0.0323 0.5183 
        D671  9 0.0622 0.2216 0.1299 0.0718 0.4703 0.0442 
        D672  9 0.1963 0.4284 0.2327 0.0295 0.0684 0.0448 
        D673  9 0.1895 0.2412 0.2893 0.1467 0.0453 0.0879 
        D692  9 0.2566 0.0964 0.2633 0.0237 0.3202 0.0398 
        D693  9 0.1891 0.1517 0.2923 0.1365 0.0901 0.1403 
        D694  9 0.4633 0.1204 0.3275 0.0339 0.0358 0.0191 
        D695  9 0.4558 0.0499 0.1586 0.0663 0.0466 0.2227 
        D696  9 0.0146 0.0594 0.0283 0.8576 0.0157 0.0245 
        D697  9 0.1247 0.0663 0.1239 0.4244 0.1586 0.1023 
        D698  9 0.0711 0.0833 0.1554 0.2473 0.4050 0.0378 
        D699  9 0.0891 0.1705 0.2687 0.3515 0.0954 0.0248 
        D787  9 0.2910 0.0315 0.0709 0.0319 0.1569 0.4180 
        D788  9 0.0510 0.3653 0.2716 0.2362 0.0233 0.0525 
        D789  9 0.1431 0.2750 0.3669 0.0733 0.1198 0.0219 
        D790  9 0.2949 0.0409 0.1463 0.1237 0.2550 0.1392 
        D791  9 0.0359 0.4632 0.1486 0.0917 0.2377 0.0229 
        D792  9 0.3093 0.0371 0.0629 0.0644 0.2349 0.2913 
        D793  9 0.0441 0.0247 0.0501 0.6271 0.0693 0.1847 
        D794  9 0.1010 0.0722 0.0995 0.3271 0.1819 0.2182 
        D795  9 0.3815 0.1513 0.3356 0.0707 0.0432 0.0177 
        D796  9 0.0384 0.1713 0.4125 0.0949 0.2578 0.0250 
        D142 10 0.0414 0.2922 0.2798 0.1618 0.1366 0.0881 
        D143 10 0.0466 0.0319 0.0341 0.0552 0.8030 0.0293 
        D144 10 0.1700 0.1713 0.2340 0.2011 0.0975 0.1261 
        D145 10 0.0340 0.3364 0.1550 0.1136 0.3186 0.0424 
        D146 10 0.2461 0.3272 0.3141 0.0434 0.0268 0.0425 
        D147 10 0.0408 0.2112 0.6461 0.0233 0.0333 0.0454 
        D148 10 0.0230 0.1731 0.6647 0.0531 0.0286 0.0574 
        D149 10 0.0401 0.0599 0.1543 0.0394 0.6452 0.0612 
        D151 10 0.0321 0.0577 0.7521 0.0738 0.0657 0.0187 
        D152 10 0.0194 0.0398 0.0406 0.0160 0.8706 0.0136 
        D153 10 0.0665 0.2368 0.1230 0.1378 0.0292 0.4067 
        D156 10 0.0267 0.5490 0.1276 0.0273 0.0580 0.2114 
        D157 10 0.2022 0.2238 0.0968 0.3657 0.0525 0.0590 
        D158 10 0.0225 0.5330 0.3078 0.0740 0.0458 0.0169 
        D159 10 0.0159 0.0386 0.0243 0.0349 0.8508 0.0356 
        D160 10 0.0176 0.0162 0.0334 0.6369 0.2853 0.0106 
        D161 10 0.1148 0.1327 0.1773 0.1254 0.1041 0.3457 
        D162 10 0.0233 0.4804 0.0916 0.0593 0.1027 0.2427 
        D169 10 0.7900 0.0179 0.0596 0.0371 0.0553 0.0401 
        D170 10 0.6164 0.1377 0.0871 0.0532 0.0364 0.0692 
        D171 10 0.0342 0.6633 0.1728 0.0713 0.0223 0.0361 
        D172 10 0.0251 0.8148 0.0546 0.0271 0.0278 0.0506 
        D173 10 0.0261 0.0691 0.0316 0.0149 0.8038 0.0545 
        D181 10 0.0372 0.3259 0.1459 0.3118 0.0760 0.1032 
        D182 10 0.1006 0.1595 0.3128 0.0639 0.2632 0.0999 
        D183 10 0.0366 0.0485 0.0982 0.7429 0.0144 0.0594 
        D184 10 0.8475 0.0288 0.0301 0.0103 0.0097 0.0736 
        D185 10 0.0856 0.2110 0.2293 0.0638 0.0398 0.3705 
        D186 10 0.5197 0.2543 0.1336 0.0234 0.0431 0.0260 
        D194 10 0.3165 0.1594 0.2310 0.0794 0.0717 0.1419 
        D195 10 0.0675 0.1912 0.1638 0.1874 0.2488 0.1412 
        D196 10 0.0270 0.1465 0.0869 0.1177 0.2959 0.3261 
        D197 10 0.7231 0.0309 0.0464 0.0624 0.1148 0.0224 
        D198 10 0.1054 0.0513 0.3875 0.1439 0.0214 0.2906 
     D237226 10 0.1394 0.0229 0.1841 0.0609 0.5548 0.0380 
     D237232 10 0.0862 0.0572 0.2027 0.3188 0.2912 0.0439 
     D237233 10 0.0830 0.2204 0.0627 0.1408 0.4665 0.0266 
     D237234 10 0.0425 0.6052 0.0934 0.1438 0.0577 0.0574 
     D237354 10 0.0119 0.0307 0.0252 0.1141 0.7975 0.0206 
     D237355 10 0.0445 0.0282 0.0778 0.3720 0.4403 0.0372 
     D237356 10 0.0873 0.0568 0.1018 0.3585 0.0177 0.3778 
     D237357 10 0.2587 0.1150 0.2416 0.0281 0.3078 0.0488 
     D237358 10 0.4793 0.0161 0.2099 0.0707 0.1126 0.1114 
     D237369 10 0.2027 0.4588 0.2519 0.0143 0.0359 0.0364 
     D237370 10 0.0653 0.1121 0.1288 0.5214 0.1363 0.0361 
     D237371 10 0.1071 0.0770 0.2039 0.0432 0.0527 0.5161 
     D237372 10 0.1974 0.0474 0.2799 0.0401 0.3859 0.0493 
     D237373 10 0.0227 0.4582 0.3116 0.0783 0.0920 0.0373 
     D237374 10 0.0245 0.0722 0.0846 0.3847 0.4113 0.0227 
     D237375 10 0.0936 0.0910 0.3441 0.0673 0.3049 0.0991 
     D237400 10 0.0193 0.0504 0.0326 0.0300 0.8501 0.0177 
     D244002 10 0.0772 0.3393 0.4836 0.0174 0.0366 0.0460 
     D244003 10 0.0468 0.0655 0.0301 0.6333 0.2120 0.0124 
     D244004 10 0.0208 0.0180 0.0152 0.9268 0.0093 0.0098 
     D244005 10 0.2954 0.0204 0.0835 0.1401 0.4242 0.0364 
     D244020 10 0.0687 0.2056 0.2272 0.1880 0.0549 0.2556 
     D244021 10 0.0479 0.6494 0.1742 0.0430 0.0587 0.0269 
     D244116 10 0.4415 0.3062 0.0929 0.0405 0.0664 0.0526 
     D244117 10 0.0354 0.0530 0.0638 0.6627 0.1502 0.0350 
     D244121 10 0.1086 0.0674 0.0563 0.6630 0.0787 0.0260 
     D244123 10 0.0476 0.2977 0.1731 0.2535 0.1921 0.0359 
     D244124 10 0.4771 0.1163 0.0754 0.0969 0.2081 0.0263 
        D332 10 0.0337 0.0972 0.1346 0.0691 0.0571 0.6083 
        D570 10 0.0398 0.1629 0.0735 0.6234 0.0332 0.0672 
        D602 10 0.0419 0.4363 0.0838 0.0323 0.0464 0.3593 
        D603 10 0.0983 0.1870 0.2881 0.1591 0.2234 0.0442 
        D604 10 0.0442 0.2358 0.2702 0.0540 0.2519 0.1439 
        D605 10 0.1020 0.0856 0.1099 0.0562 0.1268 0.5196 
        D606 10 0.6294 0.0227 0.0306 0.2553 0.0227 0.0393 
        D607 10 0.0247 0.0490 0.1416 0.0196 0.0317 0.7335 
        D608 10 0.0106 0.0143 0.0324 0.0113 0.8979 0.0335 
        D609 10 0.0506 0.1224 0.0607 0.5969 0.0164 0.1531 
        D610 10 0.0456 0.0311 0.3799 0.3754 0.0906 0.0775 
        D611 10 0.0160 0.0538 0.0200 0.8861 0.0100 0.0141 
        D613 10 0.0404 0.3864 0.1021 0.0993 0.0428 0.3291 
        D633 10 0.1334 0.2240 0.0754 0.0271 0.1376 0.4025 
        D634 10 0.0701 0.3707 0.2814 0.1692 0.0583 0.0503 
        D638 10 0.0287 0.0383 0.0204 0.0572 0.8361 0.0194 
        D681 10 0.0524 0.7762 0.0874 0.0395 0.0225 0.0220 
        D754 10 0.0611 0.5030 0.3125 0.0825 0.0233 0.0176 
        D755 10 0.0326 0.0475 0.0199 0.5818 0.3080 0.0102 
        D756 10 0.0663 0.2998 0.1617 0.3750 0.0666 0.0306 
        D757 10 0.2737 0.0372 0.0736 0.1283 0.3196 0.1675 
        D758 10 0.1317 0.4390 0.1554 0.0957 0.0703 0.1079 
        D759 10 0.0741 0.0470 0.0553 0.6186 0.1699 0.0352 
        D760 10 0.0690 0.2319 0.1684 0.2700 0.1910 0.0696 
        D761 10 0.0184 0.0603 0.0500 0.1379 0.7211 0.0123 
        D762 10 0.0426 0.1100 0.2463 0.0385 0.0463 0.5163 
        D775 10 0.0496 0.0302 0.0350 0.8227 0.0417 0.0207 
        D776 10 0.0287 0.0291 0.0762 0.1229 0.7278 0.0153 
        D777 10 0.1085 0.0299 0.0951 0.6227 0.1120 0.0319 
        D778 10 0.1915 0.0273 0.0752 0.0824 0.5991 0.0245 
        D779 10 0.0681 0.6647 0.1190 0.0824 0.0439 0.0220 
        D780 10 0.0382 0.5422 0.0781 0.0991 0.1728 0.0696 
        D781 10 0.0477 0.5568 0.1397 0.0317 0.0776 0.1464 
        D858 10 0.8647 0.0272 0.0386 0.0153 0.0371 0.0170 
        D933 10 0.0384 0.0323 0.3359 0.1850 0.1682 0.2403 
        D038 11 0.1180 0.1452 0.2314 0.1399 0.2819 0.0836 
        D063 11 0.0361 0.6123 0.0705 0.1395 0.1088 0.0328 
        D155 11 0.0497 0.0479 0.1655 0.4735 0.1492 0.1142 
        D175 11 0.0722 0.5304 0.2423 0.1014 0.0275 0.0262 
        D176 11 0.0376 0.1605 0.1767 0.1170 0.4872 0.0210 
        D205 11 0.1735 0.0826 0.0853 0.6015 0.0206 0.0366 
     D237229 11 0.2656 0.1762 0.2169 0.0271 0.2086 0.1056 
     D237230 11 0.0798 0.0391 0.1583 0.0199 0.1784 0.5245 
     D237231 11 0.0258 0.0898 0.0589 0.0250 0.0497 0.7508 
     D237269 11 0.0756 0.2534 0.1658 0.0817 0.2515 0.1720 
     D237270 11 0.7388 0.0239 0.0407 0.0290 0.0595 0.1081 
     D237271 11 0.0697 0.5595 0.1390 0.1084 0.0440 0.0794 
     D237272 11 0.2129 0.0521 0.1235 0.0236 0.1403 0.4476 
     D237273 11 0.0269 0.4344 0.2100 0.2064 0.0824 0.0398 
     D237301 11 0.0306 0.1355 0.0520 0.0755 0.0445 0.6619 
     D237302 11 0.4572 0.2377 0.0893 0.0505 0.0790 0.0863 
     D237303 11 0.3612 0.0884 0.2105 0.0219 0.2006 0.1174 
     D237304 11 0.1224 0.2944 0.2309 0.1018 0.0708 0.1798 
     D237305 11 0.6926 0.0488 0.0748 0.1066 0.0514 0.0257 
     D237314 11 0.1854 0.2539 0.1131 0.2848 0.0817 0.0811 
     D237315 11 0.3390 0.2101 0.2840 0.0438 0.0458 0.0773 
     D237316 11 0.0198 0.1508 0.0864 0.0438 0.0227 0.6766 
     D237328 11 0.1909 0.1561 0.1965 0.1250 0.0283 0.3032 
     D237329 11 0.2618 0.0423 0.1080 0.1169 0.3981 0.0729 
     D237330 11 0.0420 0.2585 0.0449 0.5290 0.0993 0.0263 
     D237331 11 0.0647 0.1545 0.2922 0.2924 0.1028 0.0934 
     D237332 11 0.0473 0.3251 0.1199 0.1075 0.0440 0.3562 
     D237333 11 0.0272 0.1504 0.1176 0.3656 0.2994 0.0398 
     D237334 11 0.0286 0.0425 0.0643 0.0376 0.0302 0.7968 
     D237335 11 0.1517 0.2298 0.1006 0.2452 0.0438 0.2288 
     D237336 11 0.0695 0.2573 0.2787 0.1391 0.1757 0.0797 
     D237350 11 0.0598 0.3921 0.0994 0.2595 0.0891 0.1000 
     D237383 11 0.1898 0.2541 0.2481 0.0925 0.1858 0.0296 
     D237384 11 0.2382 0.0646 0.1198 0.0553 0.0514 0.4707 
     D237385 11 0.1177 0.3377 0.1373 0.1241 0.1243 0.1589 
     D237386 11 0.0798 0.0617 0.0738 0.1197 0.1957 0.4693 
     D237387 11 0.1045 0.3222 0.0718 0.0343 0.0216 0.4456 
     D237388 11 0.0250 0.3090 0.2170 0.3301 0.0259 0.0929 
        D239 11 0.0397 0.2794 0.1804 0.2775 0.1230 0.1000 
        D240 11 0.0751 0.0556 0.2499 0.1066 0.4931 0.0196 
        D241 11 0.0137 0.0624 0.8118 0.0167 0.0418 0.0535 
        D242 11 0.0721 0.1981 0.2521 0.0739 0.1618 0.2419 
        D243 11 0.0535 0.0534 0.1057 0.6499 0.0646 0.0728 
        D244 11 0.0951 0.0188 0.0235 0.8031 0.0246 0.0349 
        D245 11 0.1524 0.6086 0.1406 0.0205 0.0383 0.0396 
        D246 11 0.0595 0.4308 0.1951 0.1640 0.0372 0.1133 
        D247 11 0.1712 0.2140 0.2627 0.0937 0.1785 0.0799 
        D248 11 0.0385 0.0687 0.1768 0.0887 0.2169 0.4103 
        D249 11 0.1419 0.3450 0.2846 0.1652 0.0224 0.0409 
        D250 11 0.0260 0.1316 0.1833 0.2549 0.1821 0.2221 
        D251 11 0.1062 0.3175 0.1294 0.3222 0.0459 0.0788 
        D252 11 0.0925 0.1702 0.2611 0.0761 0.0309 0.3691 
        D253 11 0.0586 0.3676 0.2172 0.2294 0.0940 0.0332 
        D254 11 0.1013 0.2398 0.3668 0.0201 0.1899 0.0821 
        D255 11 0.0287 0.2611 0.4934 0.0716 0.0495 0.0957 
        D256 11 0.0615 0.1066 0.2351 0.3244 0.1053 0.1672 
        D257 11 0.7317 0.0402 0.0736 0.0707 0.0515 0.0323 
        D258 11 0.6739 0.0304 0.0491 0.0811 0.0197 0.1458 
        D259 11 0.2747 0.3369 0.2548 0.0289 0.0537 0.0511 
        D260 11 0.0743 0.4350 0.2345 0.0887 0.0847 0.0829 
        D261 11 0.0203 0.6939 0.0841 0.0621 0.0411 0.0985 
        D262 11 0.1081 0.3216 0.4218 0.0335 0.0820 0.0329 
        D263 11 0.1271 0.1306 0.1465 0.4139 0.0320 0.1499 
        D264 11 0.0396 0.6460 0.2051 0.0271 0.0259 0.0562 
        D265 11 0.0535 0.3005 0.3057 0.0801 0.2022 0.0580 
        D266 11 0.0341 0.0994 0.2082 0.2258 0.2127 0.2197 
        D267 11 0.1569 0.1383 0.0914 0.4296 0.0318 0.1520 
        D268 11 0.0279 0.0646 0.0391 0.6968 0.0426 0.1290 
        D269 11 0.0253 0.0706 0.0529 0.1098 0.0122 0.7291 
        D270 11 0.0418 0.1512 0.1528 0.0851 0.0467 0.5225 
        D271 11 0.1271 0.2024 0.4503 0.0761 0.0683 0.0758 
        D272 11 0.0886 0.3082 0.1747 0.1379 0.1099 0.1807 
        D273 11 0.8326 0.0698 0.0364 0.0146 0.0128 0.0338 
        D274 11 0.2206 0.0606 0.1622 0.3454 0.0805 0.1307 
        D275 11 0.0571 0.0529 0.1232 0.1606 0.0460 0.5603 
        D276 11 0.0324 0.0441 0.0499 0.4613 0.0175 0.3948 
        D277 11 0.0778 0.0704 0.1424 0.3546 0.0715 0.2833 
        D278 11 0.0702 0.5687 0.2089 0.0718 0.0522 0.0282 
        D282 11 0.7738 0.0233 0.0300 0.0881 0.0277 0.0571 
        D296 11 0.0356 0.1316 0.1064 0.2336 0.0784 0.4144 
        D297 11 0.0860 0.0569 0.0798 0.3739 0.0289 0.3745 
        D298 11 0.0406 0.2627 0.1796 0.2515 0.1469 0.1186 
        D299 11 0.0194 0.6995 0.0471 0.1789 0.0296 0.0256 
        D300 11 0.0523 0.1647 0.2607 0.0552 0.4134 0.0537 
        D382 11 0.0950 0.0183 0.0289 0.3219 0.0181 0.5177 
        D383 11 0.2216 0.0367 0.0436 0.6492 0.0215 0.0274 
        D387 11 0.0594 0.3229 0.2018 0.1671 0.2170 0.0317 
        D388 11 0.0201 0.0209 0.0357 0.0268 0.0288 0.8677 
        D389 11 0.0134 0.7439 0.0596 0.0812 0.0336 0.0683 
        D390 11 0.0242 0.0789 0.0853 0.0707 0.0787 0.6622 
        D396 11 0.0416 0.1919 0.1932 0.0895 0.3057 0.1781 
        D397 11 0.4657 0.2026 0.1309 0.0468 0.0335 0.1205 
        D398 11 0.3564 0.0379 0.0945 0.2714 0.0546 0.1852 
        D399 11 0.0740 0.4276 0.1979 0.0245 0.0890 0.1870 
        D437 11 0.0416 0.5367 0.3271 0.0236 0.0571 0.0139 
        D441 11 0.0198 0.0779 0.0423 0.7252 0.0705 0.0644 
        D442 11 0.0587 0.5957 0.1233 0.0715 0.1056 0.0451 
        D443 11 0.0196 0.0280 0.0426 0.6130 0.2607 0.0359 
        D444 11 0.0543 0.2241 0.1205 0.0720 0.0915 0.4376 
        D445 11 0.0783 0.2869 0.0874 0.0237 0.0168 0.5070 
        D446 11 0.0633 0.0762 0.6990 0.0217 0.0607 0.0792 
        D451 11 0.0768 0.1823 0.2802 0.1429 0.0433 0.2745 
        D452 11 0.0593 0.4495 0.0655 0.0383 0.2890 0.0984 
        D453 11 0.0236 0.0531 0.0917 0.0428 0.0366 0.7523 
        D454 11 0.0961 0.0960 0.6277 0.0279 0.1130 0.0393 
        D457 11 0.0615 0.4559 0.2092 0.1884 0.0353 0.0497 
        D458 11 0.0541 0.0771 0.0929 0.2750 0.0397 0.4612 
        D466 11 0.0356 0.0664 0.0660 0.0317 0.7785 0.0217 
        D467 11 0.0567 0.4158 0.1808 0.2302 0.0670 0.0494 
        D475 11 0.7635 0.0498 0.0719 0.0534 0.0237 0.0378 
        D488 11 0.0515 0.2265 0.2404 0.0651 0.2202 0.1963 
        D489 11 0.0433 0.4948 0.2944 0.0633 0.0696 0.0347 
        D493 11 0.0231 0.1048 0.7032 0.0913 0.0418 0.0358 
        D494 11 0.0668 0.1672 0.1521 0.1300 0.0922 0.3917 
        D495 11 0.1639 0.3408 0.2247 0.0309 0.1840 0.0557 
        D496 11 0.0132 0.1275 0.1215 0.1924 0.5119 0.0335 
        D674 11 0.0315 0.0764 0.1637 0.1482 0.5530 0.0272 
        D675 11 0.0237 0.0402 0.0415 0.1840 0.6618 0.0488 
        D676 11 0.1401 0.6179 0.0573 0.1210 0.0171 0.0467 
        D680 11 0.1789 0.0685 0.1433 0.3878 0.1762 0.0454 
        D701 11 0.0346 0.5009 0.2999 0.0293 0.0852 0.0501 
        D702 11 0.2883 0.0899 0.2927 0.0264 0.0804 0.2223 
        D703 11 0.1631 0.0894 0.1185 0.0962 0.3631 0.1696 
        D704 11 0.0774 0.3381 0.2655 0.1562 0.0915 0.0713 
        D705 11 0.3696 0.0322 0.1601 0.0185 0.0594 0.3602 
        D706 11 0.2045 0.2266 0.1298 0.0594 0.3568 0.0228 
        D707 11 0.0988 0.2746 0.1210 0.0445 0.0294 0.4317 
        D751 11 0.0577 0.0739 0.1038 0.0470 0.0196 0.6980 
        D752 11 0.0592 0.5235 0.1044 0.1483 0.1044 0.0602 
        D753 11 0.0668 0.0996 0.1431 0.0427 0.1275 0.5203 
        D773 11 0.6894 0.1038 0.1582 0.0127 0.0158 0.0202 
        D774 11 0.0574 0.1630 0.1525 0.0468 0.2860 0.2942 
        D801 11 0.0369 0.0534 0.3355 0.3188 0.2205 0.0349 
        D802 11 0.0588 0.0442 0.6932 0.0390 0.0512 0.1136 
        D803 11 0.0246 0.3624 0.3257 0.1425 0.0954 0.0495 
        D804 11 0.0919 0.3477 0.2995 0.0741 0.0660 0.1209 
        D805 11 0.0879 0.1142 0.3550 0.1822 0.0642 0.1964 
        D806 11 0.7676 0.1184 0.0345 0.0276 0.0187 0.0332 
        D809 11 0.0537 0.1921 0.1014 0.4637 0.0651 0.1240 
        D810 11 0.0232 0.1533 0.1376 0.5508 0.0766 0.0585 
        D812 11 0.1891 0.2604 0.2198 0.1161 0.0674 0.1472 
        D813 11 0.0592 0.3247 0.1272 0.0747 0.3310 0.0832 
        D823 11 0.0310 0.6128 0.1606 0.0664 0.0389 0.0903 
        D824 11 0.0310 0.1462 0.2144 0.3690 0.2005 0.0390 
        D829 11 0.0401 0.2102 0.2268 0.0965 0.1379 0.2885 
        D830 11 0.2966 0.0852 0.1926 0.0619 0.0231 0.3406 
        D831 11 0.0590 0.5626 0.1886 0.0512 0.1107 0.0279 
        D832 11 0.0674 0.1020 0.4836 0.1694 0.1534 0.0242 
        D833 11 0.0388 0.0555 0.0475 0.1939 0.0307 0.6335 
        D834 11 0.0820 0.0588 0.0558 0.2267 0.0525 0.5242 
        D835 11 0.1223 0.4712 0.2493 0.0816 0.0284 0.0473 
        D855 11 0.0680 0.2830 0.2423 0.2007 0.0500 0.1561 
        D863 11 0.0219 0.0408 0.0804 0.1849 0.6559 0.0162 
        D864 11 0.0688 0.3235 0.2235 0.2663 0.0513 0.0666 
        D878 11 0.0412 0.1857 0.1167 0.4846 0.0547 0.1171 
        D879 11 0.3507 0.2627 0.2361 0.0668 0.0258 0.0579 
        D880 11 0.0232 0.0610 0.0589 0.1092 0.3469 0.4010 
        D881 11 0.0406 0.0149 0.0283 0.8571 0.0300 0.0292 
        D882 11 0.0265 0.1043 0.2485 0.0965 0.4556 0.0687 
        D909 11 0.0409 0.2088 0.1283 0.1884 0.1211 0.3125 
        D921 11 0.0348 0.6137 0.0772 0.1406 0.0304 0.1032 
        D924 11 0.0256 0.2007 0.1316 0.1839 0.3650 0.0932 
        D935 11 0.0517 0.0519 0.0383 0.0470 0.0198 0.7913 
        D940 11 0.0220 0.0577 0.1770 0.1878 0.5259 0.0295 
        D941 11 0.0485 0.1036 0.1756 0.2298 0.0974 0.3451 
        D942 11 0.8277 0.0478 0.0383 0.0338 0.0193 0.0331 
        D980 11 0.0733 0.2674 0.1268 0.0362 0.0461 0.4502 
        D981 11 0.3623 0.3226 0.1286 0.0349 0.0421 0.1095 
        D982 11 0.0417 0.1145 0.0552 0.0602 0.6285 0.0999 
        D983 11 0.0280 0.1162 0.0533 0.5541 0.0249 0.2235 
        D984 11 0.0407 0.2222 0.0740 0.1196 0.2133 0.3303 
        D992 11 0.1207 0.6857 0.1015 0.0221 0.0329 0.0370 
        D993 11 0.0830 0.0559 0.1376 0.5539 0.0358 0.1339 
        D994 11 0.0214 0.5853 0.2652 0.0408 0.0496 0.0377 
        D995 11 0.2602 0.0520 0.5558 0.0681 0.0203 0.0435 
        H354 11 0.4442 0.0310 0.0977 0.0280 0.0516 0.3474 
        D005 12 0.1538 0.1956 0.3851 0.0257 0.1999 0.0397 
        D035 12 0.1123 0.0579 0.4294 0.1511 0.1995 0.0498 
        D067 12 0.0393 0.2952 0.2832 0.0959 0.0480 0.2384 
        D134 12 0.0688 0.1322 0.3184 0.1158 0.3183 0.0464 
        D135 12 0.0321 0.0392 0.5664 0.1267 0.1230 0.1126 
        D136 12 0.0938 0.0480 0.1758 0.0223 0.0235 0.6366 
        D137 12 0.0637 0.0602 0.3421 0.0349 0.3091 0.1900 
        D138 12 0.1677 0.1874 0.1335 0.1733 0.1748 0.1633 
        D139 12 0.0327 0.3282 0.1554 0.0564 0.1255 0.3018 
        D140 12 0.1620 0.0347 0.5069 0.0949 0.0997 0.1019 
        D141 12 0.9074 0.0243 0.0222 0.0142 0.0128 0.0191 
        D150 12 0.6999 0.0345 0.0740 0.0999 0.0713 0.0204 
        D177 12 0.0212 0.0718 0.2078 0.0682 0.6025 0.0286 
        D178 12 0.0251 0.0524 0.0393 0.0138 0.0466 0.8228 
        D179 12 0.1154 0.1342 0.3368 0.0501 0.0916 0.2718 
        D180 12 0.0784 0.0450 0.1338 0.0367 0.0911 0.6149 
        D187 12 0.1031 0.1688 0.2396 0.2106 0.2305 0.0475 
        D188 12 0.8414 0.0291 0.0718 0.0181 0.0213 0.0184 
        D191 12 0.7589 0.0709 0.0542 0.0436 0.0517 0.0208 
        D418 12 0.6887 0.0979 0.0856 0.0198 0.0380 0.0700 
        D601 12 0.4472 0.0597 0.2275 0.0302 0.0620 0.1734 
        D836 12 0.1739 0.2693 0.4708 0.0193 0.0259 0.0407 
        D837 12 0.1345 0.1419 0.1115 0.1288 0.1385 0.3449 
        D838 12 0.0279 0.2297 0.1701 0.3722 0.1309 0.0692 
        D839 12 0.0352 0.0826 0.1374 0.0297 0.6671 0.0478 
        D840 12 0.0751 0.1532 0.1470 0.1768 0.1866 0.2613 
        D841 12 0.0739 0.1725 0.5493 0.1018 0.0632 0.0393 
        D842 12 0.9176 0.0163 0.0107 0.0161 0.0249 0.0143 
        D843 12 0.0621 0.2067 0.2014 0.2033 0.1140 0.2125 
        D844 12 0.1768 0.2755 0.3111 0.0246 0.1450 0.0670 
        D912 12 0.0278 0.2889 0.0606 0.1590 0.0378 0.4259 
        D913 12 0.0179 0.0254 0.0226 0.0397 0.8572 0.0372 
        D914 12 0.0356 0.0901 0.1042 0.3672 0.2509 0.1521 
        D922 12 0.1363 0.2556 0.1624 0.1947 0.0562 0.1948 
        D939 12 0.4426 0.2020 0.1656 0.1029 0.0319 0.0550 
        D944 12 0.2387 0.0119 0.0331 0.0214 0.6628 0.0322 
        D945 12 0.0671 0.2664 0.3492 0.0556 0.0744 0.1873 
        D985 12 0.1473 0.1216 0.2600 0.0362 0.1402 0.2947 
        D986 12 0.0225 0.5652 0.1051 0.0167 0.0488 0.2418 
        D987 12 0.0457 0.1023 0.0635 0.4638 0.1869 0.1377 
        D988 12 0.0212 0.5039 0.0854 0.1800 0.1601 0.0494 
        D996 12 0.0260 0.0356 0.0590 0.2672 0.3807 0.2315 
        D997 12 0.1024 0.0946 0.1504 0.2776 0.0975 0.2774 
        D998 12 0.0520 0.0307 0.5252 0.0947 0.2258 0.0716 
        D999 12 0.0423 0.1030 0.1663 0.0793 0.5680 0.0411 
