        D174  1 0.0807 0.1598 0.0683 0.1032 0.5435 0.0444 
        D199  1 0.2978 0.0665 0.0639 0.0683 0.2535 0.2500 
        D203  1 0.3047 0.1346 0.1006 0.1464 0.0748 0.2391 
        D204  1 0.8512 0.0238 0.0520 0.0252 0.0220 0.0258 
     D237366  1 0.1012 0.2232 0.1926 0.3343 0.0815 0.0672 
     D237367  1 0.4721 0.2189 0.0762 0.1362 0.0481 0.0485 
     D237368  1 0.1349 0.0629 0.0408 0.5683 0.1253 0.0677 
     D244101  1 0.4076 0.0606 0.2842 0.0301 0.0395 0.1781 
     D244102  1 0.1200 0.1745 0.3777 0.1437 0.1069 0.0772 
     D244103  1 0.2407 0.4957 0.0694 0.1001 0.0586 0.0356 
     D244104  1 0.6605 0.0326 0.0193 0.0550 0.1894 0.0431 
     D244105  1 0.2867 0.2813 0.0668 0.3085 0.0233 0.0333 
     D244106  1 0.0571 0.1094 0.0541 0.0326 0.6407 0.1061 
     D244107  1 0.1388 0.0759 0.0422 0.6472 0.0191 0.0768 
     D244108  1 0.1307 0.0476 0.0826 0.1889 0.4981 0.0520 
     D244113  1 0.0313 0.0562 0.2396 0.0504 0.5790 0.0435 
     D244114  1 0.1312 0.3905 0.1315 0.0556 0.1460 0.1452 
     D244115  1 0.1325 0.1151 0.0525 0.1652 0.4971 0.0375 
     D267365  1 0.3332 0.0623 0.0594 0.0895 0.3792 0.0764 
        D404  1 0.0280 0.1099 0.3559 0.0282 0.4285 0.0495 
        D405  1 0.1444 0.1396 0.3856 0.0926 0.1291 0.1086 
        D406  1 0.0685 0.0237 0.0358 0.8156 0.0388 0.0176 
        D407  1 0.6669 0.1238 0.0186 0.0828 0.0395 0.0685 
        D408  1 0.0658 0.0758 0.0525 0.0275 0.7019 0.0766 
        D409  1 0.1466 0.5976 0.0720 0.0648 0.0678 0.0512 
        D410  1 0.0810 0.0448 0.0366 0.7916 0.0329 0.0131 
        D421  1 0.9104 0.0169 0.0111 0.0124 0.0283 0.0209 
        D422  1 0.0656 0.0455 0.0175 0.8313 0.0173 0.0229 
        D423  1 0.0861 0.0318 0.0194 0.8067 0.0184 0.0376 
        D424  1 0.7304 0.1088 0.0293 0.0667 0.0476 0.0172 
        D425  1 0.5603 0.0603 0.0613 0.0424 0.2406 0.0351 
        D426  1 0.1580 0.5669 0.0211 0.0524 0.0411 0.1605 
        D427  1 0.1845 0.0309 0.0212 0.0522 0.2092 0.5019 
        D428  1 0.4097 0.0749 0.1120 0.1322 0.2151 0.0562 
        D429  1 0.3907 0.0896 0.0792 0.0581 0.3255 0.0568 
        D430  1 0.0985 0.4176 0.1032 0.0484 0.2097 0.1226 
        D491  1 0.0949 0.0335 0.0238 0.0273 0.8020 0.0186 
        D492  1 0.2898 0.1269 0.1036 0.1912 0.2263 0.0621 
        D537  1 0.7873 0.0510 0.0495 0.0578 0.0329 0.0215 
        D538  1 0.0765 0.3077 0.1394 0.2461 0.1487 0.0815 
        D539  1 0.0640 0.1873 0.1887 0.1398 0.2843 0.1360 
        D540  1 0.3931 0.3065 0.0394 0.1094 0.1036 0.0480 
        D541  1 0.8692 0.0270 0.0193 0.0362 0.0208 0.0275 
        D551  1 0.1512 0.2939 0.0308 0.0482 0.0486 0.4273 
        D552  1 0.1916 0.0788 0.0590 0.3037 0.3193 0.0476 
        D553  1 0.8925 0.0275 0.0149 0.0233 0.0245 0.0174 
        D615  1 0.3857 0.1581 0.0591 0.1630 0.1177 0.1164 
        D616  1 0.2488 0.1628 0.0288 0.2995 0.0967 0.1635 
        D621  1 0.0273 0.0380 0.1736 0.6170 0.1194 0.0247 
        D622  1 0.0571 0.0612 0.0673 0.7338 0.0543 0.0262 
        D623  1 0.0480 0.0763 0.3845 0.0413 0.3251 0.1248 
        D624  1 0.0237 0.0286 0.0169 0.0261 0.8847 0.0200 
        D625  1 0.6326 0.0766 0.0513 0.1091 0.1111 0.0193 
        D626  1 0.1412 0.1058 0.0730 0.1898 0.4462 0.0439 
        D627  1 0.1150 0.7096 0.0233 0.0288 0.0416 0.0817 
        D690  1 0.7194 0.0347 0.0246 0.1092 0.0970 0.0151 
        D691  1 0.1126 0.0787 0.0249 0.7168 0.0383 0.0287 
        D710  1 0.3742 0.0995 0.1117 0.1372 0.2280 0.0493 
        D711  1 0.7038 0.0538 0.0730 0.0839 0.0543 0.0312 
        D712  1 0.0399 0.0593 0.0475 0.0666 0.7178 0.0688 
        D713  1 0.1935 0.0927 0.3529 0.1016 0.2322 0.0270 
        D746  1 0.0644 0.0240 0.0229 0.8370 0.0248 0.0269 
        D747  1 0.8631 0.0211 0.0254 0.0267 0.0297 0.0340 
        D748  1 0.4479 0.1473 0.1069 0.2143 0.0580 0.0256 
        D749  1 0.0375 0.0699 0.1121 0.6108 0.1273 0.0424 
        D750  1 0.1038 0.0362 0.0370 0.0879 0.7086 0.0265 
        D763  1 0.2403 0.1546 0.2798 0.0917 0.0333 0.2003 
        D764  1 0.4225 0.0511 0.0241 0.1620 0.3135 0.0268 
        D765  1 0.0640 0.1378 0.0432 0.5129 0.2185 0.0235 
        D766  1 0.2614 0.0650 0.1054 0.4795 0.0667 0.0219 
        D767  1 0.1344 0.1650 0.4563 0.1316 0.0414 0.0712 
        D768  1 0.8934 0.0296 0.0162 0.0248 0.0161 0.0198 
        D811  1 0.0565 0.1975 0.1843 0.0732 0.4552 0.0334 
        D816  1 0.8183 0.0285 0.0301 0.0290 0.0743 0.0198 
        D825  1 0.1648 0.1424 0.0976 0.1476 0.4226 0.0249 
        D866  1 0.0516 0.1020 0.0493 0.0788 0.3775 0.3409 
        D867  1 0.0345 0.0485 0.0779 0.7762 0.0338 0.0291 
        D871  1 0.1252 0.7187 0.0446 0.0284 0.0551 0.0280 
        D872  1 0.4504 0.0868 0.1349 0.2223 0.0589 0.0467 
        D873  1 0.0097 0.0167 0.0385 0.9033 0.0181 0.0136 
        D874  1 0.1677 0.0718 0.5336 0.0172 0.1735 0.0362 
        D875  1 0.0918 0.7311 0.0471 0.0799 0.0302 0.0200 
        D876  1 0.5391 0.0842 0.0966 0.0814 0.1699 0.0289 
        D877  1 0.0594 0.1612 0.4265 0.0224 0.2981 0.0324 
        D892  1 0.4191 0.1378 0.1109 0.1157 0.1986 0.0178 
        D893  1 0.6826 0.0911 0.0649 0.0721 0.0327 0.0566 
        D894  1 0.4874 0.1928 0.0628 0.0727 0.1299 0.0544 
        D915  1 0.6710 0.0701 0.0349 0.1056 0.0818 0.0365 
        D916  1 0.8411 0.0271 0.0210 0.0525 0.0366 0.0217 
        D917  1 0.1926 0.1167 0.1372 0.0443 0.4006 0.1086 
        D925  1 0.1269 0.0256 0.0229 0.7117 0.0871 0.0257 
        D926  1 0.5781 0.1083 0.0664 0.0519 0.1573 0.0380 
        D927  1 0.3826 0.0973 0.0992 0.0432 0.0756 0.3021 
        D928  1 0.0744 0.0197 0.0269 0.0191 0.8414 0.0184 
        D929  1 0.0379 0.1341 0.7218 0.0438 0.0443 0.0181 
        D936  1 0.6514 0.0550 0.1346 0.0364 0.0421 0.0805 
        D938  1 0.0373 0.0211 0.0367 0.8658 0.0218 0.0172 
        D956  1 0.0300 0.1356 0.0897 0.0351 0.6631 0.0463 
        D957  1 0.2419 0.0707 0.1439 0.4537 0.0546 0.0353 
        D958  1 0.3869 0.0719 0.1054 0.2557 0.1540 0.0261 
        D959  1 0.7282 0.1058 0.0158 0.0651 0.0210 0.0640 
        D960  1 0.0331 0.0290 0.0382 0.8498 0.0317 0.0181 
        D989  1 0.0698 0.0497 0.0553 0.0330 0.6771 0.1152 
        D990  1 0.0149 0.0582 0.0194 0.7811 0.0643 0.0622 
        D023  2 0.0692 0.0317 0.0176 0.8403 0.0222 0.0190 
        D130  2 0.1037 0.0763 0.0443 0.7307 0.0178 0.0272 
        D131  2 0.3196 0.3751 0.0875 0.0524 0.0665 0.0990 
        D163  2 0.1011 0.0375 0.0302 0.7624 0.0496 0.0192 
        D164  2 0.0168 0.0149 0.0185 0.5239 0.0128 0.4131 
        D165  2 0.0352 0.0379 0.0200 0.8482 0.0260 0.0326 
        D166  2 0.0584 0.4591 0.3595 0.0513 0.0239 0.0478 
        D167  2 0.0189 0.0244 0.0245 0.0201 0.0438 0.8684 
        D192  2 0.0124 0.0154 0.0274 0.0188 0.0189 0.9070 
        D193  2 0.0345 0.1429 0.4040 0.0703 0.2906 0.0578 
        D206  2 0.4214 0.1406 0.0709 0.1091 0.0338 0.2241 
        D207  2 0.0637 0.0859 0.0731 0.0264 0.0250 0.7259 
        D208  2 0.0734 0.0927 0.1151 0.0677 0.3030 0.3482 
        D209  2 0.1166 0.1178 0.2328 0.1418 0.0513 0.3396 
        D210  2 0.0751 0.0507 0.0434 0.0438 0.5818 0.2052 
     D229599  2 0.2735 0.1328 0.2320 0.1547 0.1119 0.0951 
     D229600  2 0.0481 0.0700 0.0545 0.5760 0.0276 0.2238 
     D237227  2 0.0483 0.0602 0.0466 0.2224 0.5505 0.0720 
     D237228  2 0.0278 0.0917 0.0498 0.4184 0.3318 0.0805 
     D237258  2 0.0849 0.1305 0.1249 0.2600 0.1214 0.2783 
     D237310  2 0.0182 0.2893 0.1339 0.4500 0.0562 0.0525 
     D237311  2 0.0209 0.0747 0.0696 0.6510 0.0421 0.1417 
     D237312  2 0.0337 0.3554 0.2934 0.2216 0.0724 0.0235 
     D237313  2 0.3573 0.1902 0.1104 0.1258 0.1708 0.0455 
     D237322  2 0.0440 0.3094 0.2792 0.0666 0.1146 0.1863 
     D237323  2 0.0173 0.1130 0.0634 0.6102 0.1635 0.0327 
     D237324  2 0.0894 0.1099 0.0514 0.4217 0.0228 0.3048 
     D237325  2 0.0511 0.1642 0.1712 0.4545 0.1003 0.0587 
     D237326  2 0.0796 0.0374 0.0399 0.7213 0.0880 0.0337 
     D237327  2 0.0940 0.1634 0.1638 0.0707 0.0865 0.4215 
     D237337  2 0.0452 0.1015 0.0440 0.7168 0.0699 0.0225 
     D237338  2 0.0885 0.1322 0.1929 0.3262 0.1338 0.1264 
     D237339  2 0.0968 0.0693 0.5616 0.0316 0.0315 0.2094 
     D237340  2 0.0274 0.0883 0.1476 0.3408 0.2245 0.1714 
     D237389  2 0.0290 0.1484 0.1283 0.5789 0.0386 0.0768 
     D237390  2 0.0991 0.2010 0.2869 0.2506 0.1209 0.0415 
     D244017  2 0.0363 0.1179 0.1113 0.0605 0.3769 0.2972 
     D244112  2 0.0157 0.0804 0.0462 0.0494 0.0303 0.7780 
     D244118  2 0.0141 0.0248 0.0448 0.5196 0.0292 0.3676 
     D244119  2 0.0233 0.0269 0.0195 0.0298 0.6634 0.2372 
     D244120  2 0.0149 0.1294 0.3026 0.0359 0.0880 0.4292 
     D244122  2 0.0367 0.0565 0.0831 0.0916 0.0535 0.6787 
        D291  2 0.0947 0.2802 0.0607 0.0711 0.0490 0.4442 
        D292  2 0.2677 0.0540 0.0954 0.0639 0.1336 0.3853 
        D293  2 0.1400 0.0291 0.0605 0.0120 0.0192 0.7392 
        D322  2 0.1556 0.0604 0.1543 0.0542 0.0243 0.5511 
        D323  2 0.2290 0.2078 0.2714 0.0564 0.0969 0.1385 
        D324  2 0.2247 0.1747 0.0487 0.1806 0.1540 0.2173 
        D325  2 0.0595 0.0429 0.0205 0.0184 0.0124 0.8463 
        D326  2 0.8885 0.0236 0.0197 0.0145 0.0289 0.0249 
        D340  2 0.0226 0.0233 0.0197 0.0219 0.0184 0.8940 
        D341  2 0.0642 0.0736 0.0481 0.0425 0.0512 0.7204 
        D342  2 0.0275 0.1275 0.0393 0.1580 0.0284 0.6193 
        D343  2 0.0192 0.0155 0.0152 0.0101 0.0098 0.9302 
        D344  2 0.2706 0.1396 0.4608 0.0497 0.0402 0.0391 
        D345  2 0.3214 0.0893 0.1642 0.2777 0.0848 0.0626 
        D346  2 0.0589 0.0542 0.0504 0.0378 0.7240 0.0746 
        D351  2 0.3533 0.2633 0.1372 0.0818 0.0387 0.1257 
        D352  2 0.0447 0.1483 0.6355 0.0514 0.0668 0.0534 
        D353  2 0.4774 0.1717 0.2509 0.0209 0.0309 0.0482 
        D354  2 0.1615 0.0869 0.5675 0.0602 0.1030 0.0209 
        D362  2 0.8145 0.0303 0.0242 0.0540 0.0558 0.0212 
        D363  2 0.7675 0.0408 0.0243 0.0472 0.0924 0.0277 
        D364  2 0.5202 0.0574 0.2479 0.0669 0.0834 0.0241 
        D365  2 0.0299 0.0196 0.0241 0.0156 0.0184 0.8924 
        D369  2 0.2278 0.0821 0.0423 0.1006 0.2222 0.3250 
        D374  2 0.0236 0.0318 0.1899 0.0314 0.7018 0.0215 
        D375  2 0.0469 0.0822 0.7980 0.0317 0.0259 0.0153 
        D376  2 0.0204 0.0469 0.1921 0.0361 0.6734 0.0311 
        D377  2 0.0844 0.2391 0.2155 0.1878 0.1832 0.0900 
        D378  2 0.2912 0.0993 0.2007 0.0751 0.0361 0.2976 
        D379  2 0.8572 0.0357 0.0365 0.0173 0.0292 0.0241 
        D384  2 0.8984 0.0177 0.0173 0.0164 0.0344 0.0157 
        D385  2 0.0198 0.0375 0.1237 0.0191 0.0439 0.7560 
        D386  2 0.3018 0.1135 0.4330 0.0697 0.0269 0.0550 
        D391  2 0.0401 0.0266 0.0869 0.0271 0.0190 0.8002 
        D392  2 0.0742 0.0530 0.0431 0.0927 0.0643 0.6727 
        D393  2 0.3784 0.1105 0.1596 0.0637 0.0429 0.2448 
        D394  2 0.1204 0.1483 0.2524 0.3326 0.0636 0.0828 
        D395  2 0.0334 0.1266 0.5710 0.0238 0.0290 0.2163 
        D401  2 0.0271 0.0684 0.0307 0.7864 0.0519 0.0355 
        D402  2 0.0232 0.0354 0.0462 0.0217 0.0176 0.8560 
        D403  2 0.4913 0.2185 0.1418 0.0811 0.0291 0.0382 
        D415  2 0.7210 0.1380 0.0287 0.0670 0.0231 0.0222 
        D435  2 0.6553 0.0453 0.0358 0.0602 0.0211 0.1823 
        D436  2 0.2456 0.1076 0.5160 0.0362 0.0597 0.0349 
        D438  2 0.0166 0.0204 0.0186 0.0161 0.0255 0.9028 
        D439  2 0.1593 0.1370 0.4844 0.1095 0.0234 0.0864 
        D449  2 0.3154 0.1238 0.0249 0.0334 0.0296 0.4729 
        D450  2 0.1257 0.2950 0.2409 0.0648 0.2436 0.0299 
        D456  2 0.8795 0.0497 0.0166 0.0131 0.0269 0.0142 
        D462  2 0.0572 0.0259 0.0750 0.0230 0.0151 0.8037 
        D463  2 0.8942 0.0207 0.0252 0.0151 0.0305 0.0142 
        D464  2 0.1689 0.1775 0.5417 0.0237 0.0440 0.0442 
        D465  2 0.2923 0.1377 0.0409 0.0693 0.0394 0.4204 
        D473  2 0.0313 0.0822 0.1347 0.1236 0.5841 0.0439 
        D474  2 0.5824 0.0449 0.0320 0.0818 0.1220 0.1369 
        D476  2 0.0623 0.0613 0.3425 0.4236 0.0172 0.0932 
        D477  2 0.3921 0.1124 0.2601 0.0687 0.1179 0.0489 
        D478  2 0.0716 0.2692 0.1975 0.1897 0.2037 0.0683 
        D480  2 0.3171 0.1153 0.2108 0.0342 0.1422 0.1804 
        D481  2 0.2836 0.1038 0.1898 0.1701 0.1736 0.0791 
        D482  2 0.0371 0.1177 0.5177 0.0740 0.1716 0.0820 
        D483  2 0.0204 0.0191 0.0222 0.0344 0.0614 0.8426 
        D484  2 0.0222 0.0523 0.8491 0.0172 0.0266 0.0326 
        D510  2 0.0269 0.0467 0.0711 0.0246 0.7830 0.0476 
        D511  2 0.2245 0.0840 0.4927 0.0585 0.0316 0.1086 
        D512  2 0.0285 0.2409 0.0719 0.5022 0.0185 0.1379 
        D513  2 0.1318 0.0698 0.0312 0.0391 0.0772 0.6509 
        D635  2 0.3529 0.1174 0.0265 0.3856 0.0623 0.0553 
        D636  2 0.0315 0.0237 0.0158 0.8941 0.0219 0.0129 
        D637  2 0.0583 0.2029 0.3296 0.0613 0.1122 0.2357 
        D658  2 0.0304 0.0535 0.2979 0.0969 0.1169 0.4045 
        D659  2 0.7886 0.0455 0.0352 0.0495 0.0439 0.0372 
        D677  2 0.5372 0.1613 0.0864 0.0923 0.0324 0.0903 
        D678  2 0.0348 0.1024 0.0852 0.0938 0.0307 0.6530 
        D679  2 0.6204 0.0994 0.0660 0.0420 0.0673 0.1049 
        D719  2 0.1777 0.0255 0.0413 0.0333 0.4385 0.2837 
        D720  2 0.7059 0.0341 0.0347 0.0501 0.1254 0.0497 
        D721  2 0.0660 0.0501 0.0446 0.7255 0.0649 0.0489 
        D722  2 0.0361 0.0560 0.1848 0.0710 0.5758 0.0762 
        D734  2 0.0406 0.0492 0.4578 0.0172 0.2935 0.1417 
        D735  2 0.2952 0.2172 0.1053 0.1273 0.1492 0.1059 
        D736  2 0.0849 0.0615 0.0515 0.0821 0.5735 0.1466 
        D737  2 0.0266 0.0560 0.3006 0.1111 0.0529 0.4529 
        D807  2 0.2130 0.0835 0.1154 0.0845 0.3648 0.1388 
        D808  2 0.0968 0.3102 0.1136 0.2292 0.0439 0.2063 
        D817  2 0.5908 0.1022 0.1373 0.0551 0.0857 0.0288 
        D818  2 0.0854 0.4102 0.0890 0.0385 0.0409 0.3360 
        D819  2 0.2983 0.2578 0.0848 0.2284 0.0718 0.0589 
        D820  2 0.7749 0.0291 0.0938 0.0166 0.0356 0.0500 
        D895  2 0.6441 0.0751 0.0573 0.1417 0.0465 0.0352 
        D896  2 0.0259 0.0477 0.0437 0.8175 0.0481 0.0171 
        D897  2 0.0485 0.1650 0.0750 0.0349 0.0422 0.6343 
        D898  2 0.0940 0.3940 0.1640 0.1040 0.1568 0.0872 
        D918  2 0.0629 0.3538 0.1732 0.1928 0.0921 0.1252 
        D919  2 0.1984 0.1332 0.4257 0.0424 0.0316 0.1686 
        D920  2 0.0289 0.0550 0.0491 0.7841 0.0493 0.0336 
        D923  2 0.8121 0.0396 0.0689 0.0245 0.0302 0.0246 
        D930  2 0.2771 0.2362 0.1830 0.0722 0.1700 0.0615 
        D931  2 0.3874 0.0762 0.2466 0.0632 0.0710 0.1557 
        D968  2 0.0196 0.0164 0.0210 0.0118 0.0149 0.9163 
        D969  2 0.2988 0.0920 0.0656 0.0454 0.0827 0.4155 
        D977  2 0.0472 0.1498 0.0486 0.0228 0.0254 0.7062 
        D978  2 0.0426 0.5127 0.0718 0.0241 0.0657 0.2831 
        D211  3 0.1317 0.4905 0.0712 0.2209 0.0393 0.0465 
     D229639  3 0.0931 0.0554 0.0559 0.0452 0.2270 0.5233 
     D237212  3 0.1417 0.2664 0.2483 0.0992 0.0463 0.1980 
     D237213  3 0.1447 0.3696 0.1732 0.2281 0.0344 0.0500 
     D237214  3 0.0743 0.3844 0.0368 0.4368 0.0441 0.0235 
     D237215  3 0.0208 0.0347 0.0491 0.0295 0.1260 0.7400 
     D237216  3 0.1434 0.6026 0.1127 0.0602 0.0419 0.0392 
     D237217  3 0.2704 0.2706 0.0426 0.3287 0.0220 0.0658 
     D237218  3 0.1167 0.3110 0.2810 0.0522 0.0860 0.1530 
     D237219  3 0.1001 0.1730 0.0526 0.4209 0.1697 0.0838 
     D237382  3 0.1254 0.4140 0.1877 0.0788 0.1259 0.0683 
     D244127  3 0.0397 0.1196 0.0562 0.6285 0.0327 0.1235 
     D244129  3 0.1770 0.2923 0.1194 0.2152 0.0661 0.1300 
     D244133  3 0.1456 0.1994 0.0285 0.1093 0.2869 0.2302 
     D244134  3 0.0589 0.0559 0.0387 0.1134 0.5168 0.2162 
     D244135  3 0.1047 0.1227 0.0383 0.6286 0.0246 0.0812 
     D244136  3 0.2827 0.1188 0.0557 0.0705 0.3348 0.1375 
        D416  3 0.2587 0.2358 0.0610 0.1780 0.0583 0.2082 
        D417  3 0.7946 0.0618 0.0517 0.0345 0.0350 0.0224 
        D419  3 0.2769 0.1288 0.0725 0.2137 0.1062 0.2019 
        D565  3 0.0341 0.0209 0.0188 0.0269 0.8793 0.0200 
        D566  3 0.0677 0.0591 0.0340 0.0529 0.4652 0.3211 
        D567  3 0.6977 0.0503 0.0561 0.1290 0.0353 0.0316 
        D568  3 0.3996 0.0798 0.1886 0.1837 0.0301 0.1183 
        D569  3 0.0313 0.1668 0.5799 0.0627 0.0525 0.1068 
        D573  3 0.1867 0.0571 0.0368 0.0309 0.0336 0.6549 
        D574  3 0.0503 0.1648 0.0571 0.0580 0.6058 0.0641 
        D575  3 0.2526 0.1413 0.0537 0.1651 0.2935 0.0939 
        D576  3 0.0098 0.0579 0.0405 0.0211 0.0491 0.8216 
        D577  3 0.6489 0.1208 0.0709 0.0640 0.0552 0.0401 
        D578  3 0.0228 0.3276 0.0226 0.5699 0.0193 0.0378 
        D579  3 0.2064 0.1032 0.1063 0.0966 0.2979 0.1897 
        D660  3 0.0314 0.2254 0.1101 0.1213 0.0236 0.4882 
        D661  3 0.0482 0.1656 0.1527 0.0617 0.0295 0.5423 
        D663  3 0.0667 0.0916 0.0573 0.0232 0.0338 0.7274 
        D664  3 0.0334 0.1872 0.0981 0.3518 0.1245 0.2050 
        D665  3 0.0217 0.6364 0.1693 0.1046 0.0183 0.0498 
        D666  3 0.2054 0.1425 0.0804 0.2428 0.2745 0.0544 
        D009  4 0.1450 0.2930 0.2294 0.2604 0.0448 0.0274 
        D057  4 0.0451 0.0370 0.4170 0.2141 0.0317 0.2550 
        D109  4 0.0585 0.2853 0.0473 0.5000 0.0765 0.0324 
     D237222  4 0.0466 0.1124 0.0938 0.5851 0.1158 0.0463 
     D237223  4 0.0856 0.2711 0.1430 0.2399 0.1484 0.1121 
     D237224  4 0.2338 0.0818 0.2586 0.0542 0.0568 0.3149 
     D237225  4 0.2500 0.3293 0.1480 0.1410 0.0840 0.0477 
     D237299  4 0.0211 0.8239 0.0633 0.0303 0.0313 0.0301 
     D237300  4 0.0346 0.0821 0.0450 0.0288 0.0858 0.7236 
     D237306  4 0.1114 0.0890 0.1229 0.0714 0.5623 0.0430 
     D237307  4 0.4241 0.1546 0.0534 0.0430 0.2539 0.0710 
     D237308  4 0.0702 0.0445 0.2412 0.1836 0.1082 0.3524 
     D237309  4 0.3353 0.1956 0.1708 0.1897 0.0469 0.0616 
     D237317  4 0.1635 0.0743 0.0459 0.0632 0.6185 0.0345 
     D237318  4 0.0215 0.0359 0.0195 0.0163 0.0309 0.8758 
     D237319  4 0.2113 0.3817 0.1111 0.1599 0.0676 0.0683 
     D237320  4 0.1251 0.2627 0.0631 0.2550 0.0573 0.2368 
     D237321  4 0.0682 0.0793 0.0540 0.0534 0.0944 0.6507 
     D237397  4 0.1335 0.1364 0.0828 0.1418 0.2907 0.2148 
     D237398  4 0.1303 0.2769 0.0580 0.0420 0.0319 0.4610 
     D237399  4 0.1529 0.1909 0.1084 0.1066 0.3186 0.1227 
     D244001  4 0.1041 0.0592 0.1422 0.5721 0.0390 0.0833 
        D289  4 0.1148 0.1399 0.2053 0.0535 0.3246 0.1620 
        D290  4 0.0967 0.4735 0.3000 0.0372 0.0370 0.0556 
        D294  4 0.1344 0.3253 0.3792 0.0363 0.0572 0.0676 
        D295  4 0.4799 0.1295 0.1928 0.0653 0.0861 0.0465 
        D301  4 0.0331 0.0501 0.0609 0.7083 0.0755 0.0720 
        D302  4 0.2140 0.0588 0.6569 0.0313 0.0194 0.0196 
        D303  4 0.0413 0.0618 0.1336 0.0836 0.6009 0.0788 
        D304  4 0.0945 0.4185 0.2460 0.0363 0.0993 0.1054 
        D305  4 0.0321 0.2497 0.5659 0.0539 0.0150 0.0833 
        D306  4 0.0716 0.5580 0.2536 0.0410 0.0442 0.0316 
        D307  4 0.0211 0.0428 0.0620 0.7848 0.0577 0.0317 
        D327  4 0.6980 0.0948 0.0473 0.0296 0.0757 0.0546 
        D328  4 0.0370 0.0854 0.5881 0.0599 0.1893 0.0403 
        D329  4 0.1294 0.1451 0.3328 0.1377 0.0565 0.1985 
        D330  4 0.4793 0.1724 0.1386 0.1372 0.0219 0.0506 
        D331  4 0.2065 0.2652 0.1436 0.1090 0.1730 0.1027 
        D333  4 0.1181 0.1395 0.3694 0.1166 0.1576 0.0989 
        D334  4 0.0799 0.1135 0.0839 0.0547 0.6355 0.0325 
        D335  4 0.3481 0.0355 0.4999 0.0381 0.0425 0.0357 
        D370  4 0.0709 0.0768 0.3323 0.2646 0.2044 0.0509 
        D371  4 0.1114 0.0360 0.0328 0.0310 0.7431 0.0456 
        D372  4 0.0180 0.2300 0.0717 0.0299 0.0498 0.6006 
        D373  4 0.0401 0.0607 0.0598 0.7036 0.0342 0.1017 
        D455  4 0.0356 0.0498 0.1177 0.6981 0.0390 0.0600 
        D490  4 0.0345 0.0639 0.0606 0.7960 0.0273 0.0178 
        D497  4 0.0262 0.0763 0.0822 0.7384 0.0450 0.0319 
        D498  4 0.0937 0.2583 0.1680 0.1446 0.2271 0.1084 
        D499  4 0.0273 0.1879 0.2055 0.0357 0.1698 0.3738 
        D514  4 0.3735 0.2460 0.2570 0.0494 0.0301 0.0440 
        D515  4 0.0778 0.5159 0.1690 0.1545 0.0437 0.0392 
        D516  4 0.3483 0.1441 0.0716 0.2075 0.1204 0.1081 
        D517  4 0.1122 0.0906 0.0503 0.6354 0.0267 0.0848 
        D518  4 0.0633 0.0509 0.5940 0.1634 0.0837 0.0447 
        D519  4 0.1193 0.4661 0.0669 0.2059 0.0403 0.1015 
        D560  4 0.1581 0.4761 0.1396 0.0888 0.0303 0.1071 
        D561  4 0.1623 0.4829 0.0957 0.1738 0.0186 0.0668 
        D562  4 0.0758 0.3389 0.2941 0.1036 0.0886 0.0991 
        D563  4 0.0532 0.1378 0.2038 0.0913 0.0300 0.4840 
        D572  4 0.1075 0.0916 0.6963 0.0391 0.0309 0.0345 
        D629  4 0.4287 0.1598 0.1046 0.2052 0.0494 0.0522 
        D630  4 0.1720 0.2798 0.2956 0.0825 0.0967 0.0733 
        D631  4 0.0294 0.0447 0.6696 0.0373 0.0358 0.1831 
        D632  4 0.0617 0.0299 0.1008 0.6818 0.0270 0.0987 
        D646  4 0.4519 0.1262 0.0663 0.2136 0.0492 0.0928 
        D647  4 0.5720 0.0862 0.1353 0.1089 0.0211 0.0765 
        D648  4 0.0236 0.0557 0.8122 0.0271 0.0609 0.0206 
        D649  4 0.4111 0.0924 0.2090 0.2213 0.0376 0.0286 
        D650  4 0.2369 0.2630 0.1702 0.1220 0.1535 0.0545 
        D708  4 0.0664 0.2086 0.3007 0.0570 0.3202 0.0470 
        D709  4 0.0830 0.3481 0.4040 0.0689 0.0536 0.0425 
        D738  4 0.1294 0.0596 0.0537 0.1326 0.5915 0.0332 
        D739  4 0.0499 0.4304 0.2575 0.1664 0.0543 0.0414 
        D740  4 0.0299 0.4027 0.1206 0.1683 0.1830 0.0954 
        D741  4 0.2635 0.3893 0.0737 0.0637 0.0223 0.1874 
        D742  4 0.0442 0.1480 0.1203 0.0662 0.1391 0.4822 
        D743  4 0.5376 0.0637 0.2805 0.0262 0.0359 0.0561 
        D744  4 0.0894 0.1362 0.6041 0.0450 0.0325 0.0928 
        D745  4 0.0607 0.5542 0.1067 0.2127 0.0335 0.0322 
        D814  4 0.1136 0.3264 0.1433 0.0440 0.0299 0.3428 
        D815  4 0.2120 0.0844 0.5627 0.0496 0.0446 0.0468 
        D828  4 0.0172 0.2304 0.4701 0.0432 0.1544 0.0847 
        D845  4 0.0342 0.0345 0.0425 0.0172 0.1094 0.7623 
        D846  4 0.2505 0.1282 0.4027 0.0606 0.0144 0.1437 
        D847  4 0.1197 0.4250 0.1109 0.1053 0.1304 0.1089 
        D848  4 0.0224 0.0367 0.0491 0.6575 0.0307 0.2037 
        D849  4 0.0788 0.4606 0.1529 0.2273 0.0329 0.0475 
        D850  4 0.3079 0.1680 0.0531 0.1422 0.1456 0.1832 
        D856  4 0.0721 0.5380 0.1652 0.1261 0.0517 0.0468 
        D857  4 0.0138 0.0412 0.0755 0.7869 0.0415 0.0410 
        D859  4 0.1310 0.1072 0.6332 0.0309 0.0356 0.0621 
        D860  4 0.1120 0.0479 0.0730 0.0392 0.5250 0.2028 
        D883  4 0.3318 0.1156 0.1377 0.2028 0.1645 0.0477 
        D884  4 0.2395 0.2248 0.2513 0.1369 0.1174 0.0301 
        D885  4 0.1827 0.3912 0.1508 0.0656 0.0637 0.1461 
        D886  4 0.1942 0.1951 0.1835 0.3293 0.0376 0.0603 
        D887  4 0.1205 0.1791 0.2561 0.1086 0.0862 0.2496 
        D889  4 0.0636 0.3896 0.3151 0.0203 0.0460 0.1653 
        D890  4 0.0905 0.1328 0.2809 0.1665 0.2404 0.0888 
        D891  4 0.0197 0.0419 0.0166 0.0121 0.0262 0.8835 
        D899  4 0.0357 0.0477 0.1202 0.0330 0.1431 0.6204 
        D900  4 0.2096 0.3473 0.1812 0.0926 0.0915 0.0778 
        D970  4 0.2031 0.1394 0.4007 0.0649 0.0822 0.1097 
        D971  4 0.1064 0.1030 0.1997 0.0832 0.0759 0.4317 
        D979  4 0.5696 0.0402 0.2805 0.0253 0.0386 0.0458 
        D093  5 0.0641 0.0479 0.0542 0.0471 0.7376 0.0491 
        D154  5 0.0806 0.3541 0.0968 0.0382 0.0737 0.3566 
        D168  5 0.1925 0.2403 0.0807 0.1516 0.0287 0.3061 
        D189  5 0.0638 0.1374 0.1257 0.0389 0.4874 0.1469 
        D190  5 0.0446 0.0381 0.0574 0.0317 0.7831 0.0451 
     D237220  5 0.0523 0.4004 0.2014 0.1697 0.1356 0.0406 
     D237221  5 0.1063 0.1184 0.0961 0.0539 0.3864 0.2388 
     D237274  5 0.7023 0.0415 0.1384 0.0428 0.0293 0.0457 
     D237275  5 0.0235 0.1173 0.0521 0.0271 0.0356 0.7444 
     D237276  5 0.2243 0.1723 0.1552 0.1276 0.2636 0.0569 
     D237277  5 0.0402 0.0573 0.0666 0.0335 0.6887 0.1138 
     D237278  5 0.0468 0.1396 0.1052 0.1359 0.2718 0.3007 
     D237279  5 0.0629 0.2336 0.0501 0.5489 0.0278 0.0767 
     D237280  5 0.2244 0.1338 0.0778 0.4290 0.1151 0.0199 
     D237281  5 0.0589 0.0431 0.0275 0.0232 0.0276 0.8196 
     D237351  5 0.0617 0.1012 0.0408 0.6306 0.1349 0.0308 
     D237352  5 0.1529 0.0860 0.2122 0.3929 0.0884 0.0676 
     D237353  5 0.0255 0.0219 0.0449 0.0236 0.8507 0.0334 
     D237359  5 0.0775 0.4873 0.1720 0.0963 0.0956 0.0713 
     D237361  5 0.0268 0.0208 0.0216 0.0229 0.8861 0.0217 
     D237362  5 0.3642 0.1449 0.0941 0.0591 0.2526 0.0851 
     D237363  5 0.0836 0.4566 0.0612 0.0533 0.1336 0.2118 
     D237364  5 0.1582 0.2982 0.2748 0.0895 0.0267 0.1526 
     D237376  5 0.0162 0.1471 0.5574 0.0173 0.2157 0.0463 
     D237377  5 0.2715 0.0635 0.0585 0.3757 0.1708 0.0600 
     D237378  5 0.0282 0.0630 0.2472 0.0454 0.5102 0.1060 
     D237379  5 0.0366 0.2135 0.4039 0.0327 0.2670 0.0461 
     D237380  5 0.0410 0.0412 0.1881 0.6326 0.0809 0.0163 
     D237381  5 0.0633 0.0688 0.1321 0.5834 0.0929 0.0595 
     D237391  5 0.0421 0.0348 0.0225 0.0210 0.8570 0.0226 
     D237392  5 0.5522 0.0754 0.1055 0.0664 0.0429 0.1575 
     D237393  5 0.3335 0.0457 0.0572 0.1269 0.3550 0.0818 
     D237394  5 0.0299 0.0292 0.0311 0.0322 0.8617 0.0159 
     D237395  5 0.0443 0.3086 0.0712 0.1005 0.3875 0.0879 
     D237396  5 0.3854 0.0623 0.0427 0.1875 0.2242 0.0980 
     D244016  5 0.0450 0.2260 0.1680 0.0402 0.3456 0.1753 
     D244018  5 0.1071 0.0791 0.0437 0.1075 0.2590 0.4034 
     D244019  5 0.3052 0.2313 0.1602 0.0449 0.1138 0.1445 
        D279  5 0.0632 0.3680 0.1883 0.0632 0.1248 0.1926 
        D280  5 0.1025 0.2321 0.0429 0.0710 0.3943 0.1572 
        D281  5 0.0359 0.1205 0.0482 0.0158 0.0817 0.6978 
        D283  5 0.1451 0.0448 0.0367 0.0320 0.6606 0.0808 
        D284  5 0.0795 0.5859 0.0825 0.1421 0.0437 0.0662 
        D285  5 0.1047 0.1559 0.1107 0.0427 0.5119 0.0739 
        D286  5 0.1347 0.2097 0.3050 0.0692 0.2368 0.0446 
        D287  5 0.0226 0.2065 0.5111 0.0557 0.1736 0.0305 
        D288  5 0.2654 0.1337 0.0494 0.0517 0.2974 0.2025 
        D308  5 0.1120 0.0446 0.0240 0.7432 0.0486 0.0275 
        D309  5 0.1178 0.0896 0.6981 0.0457 0.0278 0.0210 
        D310  5 0.0189 0.0815 0.0334 0.0172 0.8231 0.0260 
        D311  5 0.2589 0.1587 0.3883 0.0273 0.1272 0.0397 
        D312  5 0.1329 0.1384 0.2505 0.0932 0.3173 0.0676 
        D313  5 0.0165 0.0231 0.0151 0.8991 0.0329 0.0134 
        D314  5 0.0547 0.3606 0.2347 0.0982 0.1058 0.1460 
        D315  5 0.1870 0.0948 0.0841 0.1012 0.4534 0.0794 
        D317  5 0.0437 0.0273 0.0236 0.0194 0.8611 0.0249 
        D318  5 0.1403 0.3479 0.1756 0.0790 0.1000 0.1571 
        D319  5 0.0350 0.0424 0.0301 0.0238 0.8444 0.0243 
        D320  5 0.0340 0.0530 0.0807 0.0383 0.7722 0.0218 
        D321  5 0.1063 0.0524 0.0197 0.6025 0.1501 0.0691 
        D336  5 0.0398 0.1020 0.2402 0.0262 0.5699 0.0219 
        D337  5 0.0242 0.0206 0.0269 0.0175 0.8827 0.0281 
        D338  5 0.1450 0.4158 0.1040 0.0757 0.1783 0.0812 
        D339  5 0.0509 0.0885 0.0407 0.0437 0.7231 0.0532 
        D347  5 0.2512 0.1423 0.3338 0.0320 0.1143 0.1264 
        D348  5 0.0269 0.0501 0.0956 0.0208 0.7763 0.0303 
        D349  5 0.0322 0.0385 0.0339 0.7703 0.0894 0.0356 
        D350  5 0.0630 0.0833 0.7638 0.0280 0.0289 0.0331 
        D355  5 0.1658 0.1478 0.1033 0.0212 0.0401 0.5218 
        D356  5 0.2068 0.1100 0.1065 0.1240 0.4128 0.0398 
        D357  5 0.0715 0.3448 0.2449 0.0694 0.1839 0.0854 
        D358  5 0.0567 0.1283 0.1787 0.1559 0.4137 0.0668 
        D359  5 0.2259 0.0568 0.0615 0.0313 0.5993 0.0252 
        D360  5 0.0953 0.0832 0.0570 0.0933 0.6374 0.0337 
        D361  5 0.0382 0.0469 0.0249 0.8272 0.0396 0.0232 
        D366  5 0.6326 0.0469 0.0250 0.0347 0.0279 0.2330 
        D367  5 0.0281 0.1337 0.1663 0.0575 0.5890 0.0254 
        D368  5 0.1385 0.2460 0.0777 0.1741 0.3156 0.0481 
        D380  5 0.1401 0.2366 0.3835 0.1022 0.0565 0.0810 
        D381  5 0.0706 0.0897 0.0633 0.0450 0.6714 0.0601 
        D400  5 0.1177 0.1197 0.3325 0.0406 0.2494 0.1401 
        D411  5 0.0304 0.1547 0.0514 0.7185 0.0159 0.0292 
        D412  5 0.1186 0.2050 0.1743 0.1686 0.1622 0.1712 
        D413  5 0.0922 0.0918 0.0536 0.0377 0.0389 0.6859 
        D414  5 0.0553 0.0933 0.6967 0.0258 0.0221 0.1068 
        D420  5 0.0402 0.5600 0.0726 0.1459 0.0779 0.1034 
        D431  5 0.0247 0.3111 0.3968 0.0702 0.1005 0.0967 
        D432  5 0.0655 0.0592 0.0725 0.1650 0.5344 0.1033 
        D433  5 0.1034 0.0536 0.0764 0.0412 0.6484 0.0770 
        D434  5 0.0947 0.0472 0.0772 0.0525 0.6826 0.0457 
        D440  5 0.0634 0.1136 0.7456 0.0352 0.0241 0.0181 
        D447  5 0.4506 0.1945 0.1223 0.1245 0.0451 0.0630 
        D448  5 0.0979 0.0845 0.2509 0.0218 0.4676 0.0774 
        D459  5 0.0788 0.0387 0.0500 0.0202 0.0294 0.7828 
        D460  5 0.0944 0.0434 0.0265 0.6883 0.1133 0.0342 
        D461  5 0.1878 0.0533 0.6817 0.0256 0.0280 0.0236 
        D468  5 0.2778 0.2974 0.0892 0.0617 0.2164 0.0573 
        D469  5 0.4492 0.1589 0.1037 0.1143 0.1158 0.0583 
        D470  5 0.1517 0.3347 0.2821 0.1053 0.0827 0.0436 
        D471  5 0.0810 0.0652 0.1310 0.0217 0.6306 0.0704 
        D472  5 0.7434 0.0281 0.0217 0.0136 0.0352 0.1580 
        D479  5 0.0509 0.0539 0.1945 0.0411 0.0313 0.6283 
        D485  5 0.0401 0.2005 0.6210 0.0417 0.0558 0.0409 
        D486  5 0.1801 0.3854 0.1636 0.1130 0.1116 0.0464 
        D487  5 0.0396 0.0924 0.2977 0.0576 0.2302 0.2825 
        D555  5 0.0285 0.0239 0.0375 0.0307 0.8152 0.0643 
        D556  5 0.0533 0.2020 0.3090 0.0753 0.2401 0.1204 
        D557  5 0.0451 0.0221 0.0622 0.0237 0.7999 0.0470 
        D564  5 0.0562 0.0810 0.3598 0.1307 0.3407 0.0316 
        D594  5 0.2983 0.1419 0.2214 0.0879 0.1386 0.1119 
        D595  5 0.1963 0.1135 0.0977 0.0736 0.3903 0.1286 
        D596  5 0.0244 0.0241 0.0273 0.0255 0.8528 0.0458 
        D597  5 0.1409 0.0494 0.0790 0.0393 0.3090 0.3824 
        D598  5 0.0985 0.0617 0.1537 0.1950 0.4234 0.0676 
        D617  5 0.0380 0.1466 0.0590 0.5591 0.0245 0.1728 
        D618  5 0.0952 0.0673 0.1004 0.0642 0.5762 0.0967 
        D619  5 0.2113 0.0485 0.1021 0.3839 0.1838 0.0705 
        D620  5 0.0558 0.0266 0.0191 0.0298 0.0284 0.8403 
        D628  5 0.0549 0.0632 0.6754 0.1042 0.0624 0.0399 
        D714  5 0.0271 0.0861 0.3475 0.0433 0.2723 0.2237 
        D715  5 0.0747 0.0302 0.0423 0.0292 0.7476 0.0761 
        D716  5 0.1504 0.2005 0.4055 0.0264 0.0723 0.1449 
        D717  5 0.3105 0.1204 0.1508 0.1204 0.2357 0.0623 
        D718  5 0.0360 0.5099 0.2698 0.0549 0.0910 0.0384 
        D769  5 0.0733 0.1250 0.1322 0.5130 0.0359 0.1205 
        D770  5 0.0501 0.1526 0.3566 0.0490 0.1207 0.2710 
        D771  5 0.0740 0.2043 0.2171 0.1251 0.0946 0.2848 
        D772  5 0.0556 0.0861 0.4845 0.0527 0.2769 0.0441 
        D782  5 0.0629 0.2170 0.0344 0.3124 0.0590 0.3143 
        D783  5 0.0366 0.1539 0.4181 0.0347 0.1262 0.2304 
        D784  5 0.3225 0.1353 0.2428 0.0646 0.1452 0.0897 
        D785  5 0.0595 0.0603 0.1350 0.0694 0.6495 0.0263 
        D786  5 0.1818 0.0800 0.1939 0.4859 0.0252 0.0331 
        D821  5 0.0144 0.0200 0.0342 0.0144 0.9040 0.0129 
        D822  5 0.3473 0.1718 0.1518 0.0546 0.1873 0.0873 
        D826  5 0.0884 0.1459 0.0933 0.0570 0.3602 0.2552 
        D827  5 0.5548 0.1574 0.1116 0.0489 0.0520 0.0754 
        D851  5 0.1007 0.2893 0.1301 0.1529 0.2438 0.0832 
        D852  5 0.0367 0.0826 0.4363 0.1051 0.1621 0.1773 
        D853  5 0.0932 0.2703 0.1238 0.0612 0.3629 0.0887 
        D854  5 0.1906 0.4088 0.1545 0.0569 0.0305 0.1587 
        D861  5 0.1111 0.2958 0.0971 0.1113 0.2203 0.1645 
        D862  5 0.3767 0.1141 0.1168 0.0437 0.2930 0.0557 
        D865  5 0.0275 0.0341 0.0611 0.0516 0.7477 0.0780 
        D868  5 0.7183 0.0599 0.0408 0.0383 0.1042 0.0384 
        D869  5 0.0704 0.0553 0.0287 0.7485 0.0600 0.0370 
        D870  5 0.1236 0.6404 0.0450 0.1030 0.0173 0.0708 
        D907  5 0.0417 0.0929 0.0581 0.0666 0.7032 0.0376 
        D908  5 0.0301 0.0491 0.2756 0.1040 0.2424 0.2988 
        D910  5 0.1331 0.0786 0.1117 0.0326 0.3582 0.2859 
        D911  5 0.1240 0.1496 0.0493 0.0202 0.0321 0.6248 
        D934  5 0.0694 0.2233 0.3200 0.0424 0.0597 0.2851 
        D946  5 0.0270 0.1356 0.6030 0.0640 0.0662 0.1043 
        D947  5 0.1708 0.3059 0.3446 0.0610 0.0451 0.0726 
        D948  5 0.0592 0.0227 0.0169 0.7207 0.1578 0.0227 
        D949  5 0.0718 0.0324 0.0255 0.7589 0.0855 0.0258 
        D950  5 0.1313 0.1259 0.0559 0.0210 0.0651 0.6008 
        D951  5 0.3715 0.2213 0.2335 0.0878 0.0379 0.0480 
        D952  5 0.6896 0.0594 0.0526 0.0318 0.1073 0.0594 
        D953  5 0.0760 0.0437 0.0537 0.0601 0.7217 0.0447 
        D954  5 0.4666 0.0638 0.0417 0.0449 0.3522 0.0307 
        D961  5 0.0281 0.2582 0.4958 0.0549 0.1071 0.0559 
        D962  5 0.0538 0.0612 0.4397 0.0346 0.3903 0.0204 
        D963  5 0.3267 0.0615 0.1978 0.0292 0.3126 0.0723 
        D964  5 0.0493 0.4753 0.2311 0.0801 0.0806 0.0837 
        D965  5 0.0374 0.1103 0.6996 0.0454 0.0442 0.0631 
        D966  5 0.1838 0.0687 0.2359 0.0568 0.2824 0.1724 
        D967  5 0.0455 0.1098 0.0646 0.1399 0.2827 0.3574 
        D991  5 0.0863 0.1110 0.4920 0.1912 0.0860 0.0335 
        D502  6 0.0228 0.5396 0.2385 0.0674 0.0169 0.1147 
        D503  6 0.0383 0.2420 0.0519 0.2808 0.0820 0.3050 
        D504  6 0.3472 0.1280 0.1538 0.1241 0.1614 0.0855 
        D505  6 0.0910 0.1859 0.1477 0.1076 0.3235 0.1442 
        D506  6 0.0226 0.0304 0.0209 0.0215 0.8887 0.0159 
        D507  6 0.0670 0.1891 0.4754 0.1058 0.0462 0.1165 
        D508  6 0.2146 0.3105 0.2797 0.0536 0.0371 0.1045 
        D529  6 0.1377 0.3502 0.1127 0.1788 0.1432 0.0775 
        D530  6 0.0291 0.2674 0.3898 0.1578 0.1117 0.0442 
        D531  6 0.2270 0.2960 0.1883 0.0617 0.1459 0.0811 
        D532  6 0.2911 0.1372 0.1738 0.0399 0.2652 0.0928 
        D534  6 0.0541 0.0541 0.0597 0.7608 0.0291 0.0422 
        D535  6 0.1729 0.0670 0.0653 0.1428 0.5150 0.0370 
        D536  6 0.0318 0.1766 0.0528 0.0863 0.0201 0.6323 
        D554  6 0.0583 0.2441 0.3330 0.1239 0.1957 0.0450 
        D587  6 0.0867 0.0459 0.0513 0.0468 0.7181 0.0512 
        D588  6 0.1589 0.1495 0.0554 0.1049 0.4655 0.0657 
        D589  6 0.0534 0.2896 0.0806 0.1050 0.1622 0.3092 
        D590  6 0.0598 0.0529 0.0373 0.0852 0.0397 0.7251 
        D591  6 0.0827 0.2866 0.0600 0.1056 0.2495 0.2155 
        D592  6 0.0366 0.0291 0.0212 0.8296 0.0475 0.0360 
        D593  6 0.0194 0.2836 0.5129 0.0377 0.1059 0.0405 
        D682  6 0.0203 0.0369 0.0273 0.0213 0.8752 0.0189 
        D683  6 0.4287 0.1300 0.0333 0.0455 0.3309 0.0316 
        D684  6 0.0476 0.4447 0.0644 0.1945 0.0233 0.2254 
        D685  6 0.0212 0.6041 0.1159 0.0635 0.0594 0.1359 
        D686  6 0.0731 0.1470 0.2713 0.0636 0.4000 0.0450 
        D724  6 0.2072 0.2698 0.3094 0.0905 0.0331 0.0901 
        D725  6 0.0560 0.1823 0.4073 0.0710 0.1001 0.1833 
        D726  6 0.0307 0.0301 0.0464 0.0317 0.8407 0.0203 
        D727  6 0.2635 0.0757 0.0421 0.0696 0.0997 0.4493 
        D728  6 0.0641 0.1675 0.1506 0.0561 0.5269 0.0349 
        D729  6 0.2715 0.0884 0.0259 0.3748 0.0252 0.2142 
        D730  6 0.1990 0.1979 0.3043 0.1296 0.0378 0.1313 
        D731  6 0.0170 0.0342 0.0224 0.0215 0.7326 0.1723 
        D732  6 0.3323 0.1238 0.4052 0.0509 0.0335 0.0543 
        D733  6 0.0577 0.0996 0.6375 0.1244 0.0447 0.0361 
     D237251  7 0.0416 0.1421 0.3972 0.0378 0.0656 0.3157 
     D237252  7 0.0466 0.3442 0.1591 0.2690 0.0355 0.1457 
     D237253  7 0.0789 0.2897 0.1266 0.0456 0.2022 0.2569 
     D237254  7 0.0273 0.2831 0.0230 0.6054 0.0192 0.0420 
     D237255  7 0.0316 0.0516 0.0668 0.0222 0.0514 0.7764 
     D237256  7 0.0817 0.2428 0.2463 0.0221 0.0508 0.3563 
     D237257  7 0.0591 0.6173 0.1140 0.1202 0.0295 0.0599 
     D237282  7 0.5688 0.0557 0.1182 0.1360 0.0260 0.0953 
     D237283  7 0.0186 0.3739 0.0209 0.5308 0.0279 0.0278 
     D237284  7 0.0583 0.1260 0.0494 0.7052 0.0276 0.0335 
     D237285  7 0.0595 0.2572 0.3451 0.0537 0.1339 0.1506 
     D237286  7 0.1288 0.1907 0.2061 0.0862 0.2447 0.1436 
     D237287  7 0.1869 0.1433 0.1123 0.0629 0.0781 0.4166 
     D244006  7 0.0261 0.0904 0.0328 0.7982 0.0213 0.0312 
     D244007  7 0.1664 0.1318 0.0570 0.0518 0.0551 0.5379 
     D244008  7 0.0209 0.3994 0.0246 0.4640 0.0609 0.0302 
     D244009  7 0.1277 0.2306 0.2258 0.3003 0.0843 0.0313 
     D244010  7 0.0255 0.7019 0.0761 0.1033 0.0407 0.0525 
     D244011  7 0.0279 0.2894 0.3074 0.0715 0.2113 0.0925 
     D244012  7 0.0716 0.4937 0.1414 0.0746 0.0352 0.1835 
     D244013  7 0.0821 0.0818 0.2727 0.0614 0.1692 0.3328 
     D244014  7 0.0620 0.2057 0.2391 0.3078 0.0641 0.1213 
     D244015  7 0.1548 0.2706 0.0817 0.3717 0.0343 0.0870 
     D244125  7 0.1448 0.1009 0.0826 0.0513 0.4252 0.1952 
     D244126  7 0.0230 0.3732 0.0421 0.5317 0.0145 0.0156 
     D244130  7 0.0668 0.1657 0.2640 0.3490 0.0558 0.0987 
     D244131  7 0.1305 0.0875 0.1105 0.2153 0.3697 0.0866 
     D244132  7 0.1459 0.0724 0.5064 0.0571 0.1865 0.0317 
        D520  7 0.0422 0.6528 0.0813 0.1241 0.0722 0.0274 
        D521  7 0.1298 0.3267 0.2941 0.0941 0.0628 0.0926 
        D522  7 0.0628 0.0449 0.0997 0.6442 0.1011 0.0472 
        D523  7 0.0295 0.1550 0.1371 0.0362 0.1028 0.5394 
        D524  7 0.0887 0.1650 0.1856 0.1037 0.1927 0.2642 
        D525  7 0.0403 0.0790 0.0497 0.5812 0.0402 0.2095 
        D526  7 0.0740 0.1891 0.0201 0.6557 0.0188 0.0424 
        D527  7 0.2055 0.2300 0.3043 0.1079 0.1015 0.0509 
        D528  7 0.0176 0.9234 0.0171 0.0185 0.0134 0.0100 
        D558  7 0.0785 0.0566 0.6822 0.1008 0.0195 0.0626 
        D559  7 0.0662 0.1207 0.7024 0.0462 0.0164 0.0481 
        D640  7 0.1147 0.1538 0.3451 0.0632 0.2000 0.1233 
        D641  7 0.0233 0.1493 0.1982 0.2038 0.2224 0.2031 
        D642  7 0.0540 0.0712 0.0821 0.5943 0.0585 0.1399 
        D644  7 0.0956 0.1531 0.1888 0.2375 0.2295 0.0955 
        D645  7 0.2072 0.2710 0.1325 0.0915 0.1355 0.1623 
        D662  7 0.1278 0.0298 0.0395 0.6518 0.1317 0.0194 
        D687  7 0.0695 0.3622 0.3369 0.0488 0.1056 0.0770 
        D688  7 0.3194 0.1557 0.2624 0.1519 0.0237 0.0870 
        D689  7 0.2061 0.1682 0.0674 0.1008 0.3247 0.1327 
        D700  7 0.0181 0.9068 0.0191 0.0231 0.0151 0.0178 
        D797  7 0.1813 0.1747 0.2814 0.1042 0.1651 0.0934 
        D798  7 0.0728 0.1617 0.0918 0.5836 0.0609 0.0292 
        D799  7 0.0430 0.2215 0.2953 0.1487 0.0416 0.2498 
        D800  7 0.5362 0.1661 0.0669 0.1054 0.0325 0.0929 
        D132  8 0.0442 0.0782 0.0436 0.7694 0.0387 0.0259 
        D133  8 0.0166 0.0726 0.0240 0.0504 0.0166 0.8198 
        D200  8 0.0305 0.5058 0.3719 0.0225 0.0222 0.0470 
        D500  8 0.0347 0.0252 0.0270 0.8567 0.0385 0.0178 
        D614  8 0.0771 0.2210 0.1883 0.1028 0.3673 0.0435 
        D723  8 0.4996 0.1230 0.0686 0.1598 0.0451 0.1040 
        D888  8 0.0450 0.0717 0.0766 0.0290 0.0469 0.7309 
        D901  8 0.0180 0.7464 0.1229 0.0289 0.0459 0.0379 
        D902  8 0.0328 0.0875 0.1210 0.0533 0.6751 0.0303 
        D903  8 0.4063 0.1239 0.2773 0.0384 0.1102 0.0439 
        D904  8 0.2028 0.1554 0.4037 0.1141 0.0745 0.0494 
        D905  8 0.0192 0.0823 0.0918 0.0227 0.1698 0.6142 
        D906  8 0.0846 0.1965 0.1518 0.0823 0.0538 0.4310 
        D937  8 0.0128 0.0493 0.0533 0.0212 0.8301 0.0332 
        D943  8 0.0603 0.5128 0.1307 0.1769 0.0445 0.0748 
        D972  8 0.4130 0.2218 0.0938 0.1784 0.0342 0.0587 
        D973  8 0.6800 0.0698 0.0671 0.1052 0.0448 0.0331 
        D974  8 0.2013 0.2909 0.1926 0.1013 0.0926 0.1212 
        D975  8 0.0291 0.5181 0.3148 0.0301 0.0511 0.0568 
        D976  8 0.0335 0.4554 0.2092 0.0775 0.1467 0.0777 
        D201  9 0.0804 0.2870 0.2627 0.1046 0.0456 0.2197 
        D202  9 0.0206 0.5016 0.3477 0.0415 0.0286 0.0599 
     D237259  9 0.0644 0.4804 0.1237 0.1604 0.0268 0.1443 
     D237260  9 0.0185 0.3859 0.1519 0.1366 0.0642 0.2428 
     D237262  9 0.0255 0.0667 0.0189 0.8413 0.0294 0.0181 
     D237263  9 0.0706 0.2172 0.0732 0.4125 0.0421 0.1844 
     D237264  9 0.0950 0.2224 0.0915 0.2444 0.1919 0.1548 
     D237265  9 0.0234 0.2889 0.0570 0.0687 0.0510 0.5111 
     D237266  9 0.0663 0.0306 0.0191 0.2910 0.0298 0.5634 
     D237267  9 0.0419 0.6953 0.1052 0.0583 0.0594 0.0399 
     D237268  9 0.0825 0.4729 0.1276 0.2296 0.0494 0.0380 
     D237289  9 0.0264 0.1540 0.1390 0.0818 0.2261 0.3726 
     D237290  9 0.0287 0.0934 0.0339 0.0384 0.0216 0.7839 
     D237291  9 0.0460 0.1255 0.0491 0.0693 0.0675 0.6426 
     D237292  9 0.0460 0.3866 0.0576 0.1305 0.0249 0.3545 
     D237293  9 0.1074 0.4041 0.1279 0.1654 0.1306 0.0646 
     D237294  9 0.0266 0.3812 0.2225 0.2425 0.0482 0.0790 
     D237295  9 0.2074 0.2215 0.1842 0.2022 0.1544 0.0302 
     D237296  9 0.0847 0.4599 0.1828 0.0823 0.0895 0.1008 
     D237297  9 0.0346 0.0636 0.6709 0.0389 0.1490 0.0429 
     D237298  9 0.1837 0.2596 0.2802 0.1030 0.0684 0.1050 
     D237341  9 0.0561 0.2399 0.2206 0.1118 0.0680 0.3035 
     D237342  9 0.0287 0.4216 0.1793 0.2594 0.0502 0.0608 
     D237343  9 0.0377 0.1232 0.1202 0.4557 0.0568 0.2065 
     D237344  9 0.0760 0.1391 0.1461 0.1550 0.2276 0.2562 
     D237345  9 0.0348 0.1399 0.1050 0.6555 0.0150 0.0498 
     D237346  9 0.0291 0.1013 0.0906 0.2053 0.1878 0.3861 
     D237347  9 0.0372 0.0940 0.0983 0.0576 0.6192 0.0937 
     D237348  9 0.0883 0.1534 0.1179 0.3521 0.0861 0.2022 
     D237349  9 0.2274 0.0590 0.0618 0.2299 0.0270 0.3949 
     D244109  9 0.0596 0.1348 0.0441 0.1102 0.0170 0.6344 
     D244110  9 0.0390 0.0819 0.0245 0.0488 0.0277 0.7782 
     D244111  9 0.0900 0.2949 0.2681 0.0922 0.0491 0.2058 
     D244128  9 0.0257 0.5214 0.1587 0.2219 0.0268 0.0455 
     D244137  9 0.3853 0.0982 0.0666 0.2357 0.1045 0.1097 
     D244138  9 0.0266 0.2661 0.2386 0.1352 0.0900 0.2434 
        D580  9 0.0786 0.5552 0.1571 0.1539 0.0315 0.0236 
        D581  9 0.0235 0.1546 0.0808 0.0623 0.0254 0.6535 
        D582  9 0.0190 0.4595 0.0628 0.4133 0.0208 0.0247 
        D583  9 0.0208 0.0370 0.0660 0.1629 0.0196 0.6937 
        D584  9 0.0289 0.3425 0.0957 0.2361 0.2471 0.0497 
        D585  9 0.0424 0.4519 0.0901 0.2221 0.0262 0.1672 
        D586  9 0.0361 0.0589 0.0221 0.0535 0.2036 0.6258 
        D651  9 0.5253 0.0573 0.0346 0.0644 0.1893 0.1292 
        D652  9 0.0882 0.0582 0.0945 0.6062 0.0285 0.1245 
        D653  9 0.1124 0.2208 0.1060 0.0517 0.0848 0.4243 
        D654  9 0.2250 0.0553 0.1230 0.2889 0.0359 0.2719 
        D655  9 0.0980 0.1792 0.0668 0.0733 0.3539 0.2288 
        D656  9 0.0419 0.0755 0.0761 0.7490 0.0293 0.0282 
        D657  9 0.0450 0.2025 0.4272 0.1933 0.0466 0.0853 
        D667  9 0.0840 0.1264 0.0399 0.0523 0.4996 0.1978 
        D668  9 0.0479 0.1193 0.0909 0.5088 0.1205 0.1127 
        D669  9 0.0391 0.4283 0.2391 0.0908 0.0411 0.1617 
        D670  9 0.7486 0.0816 0.0392 0.0508 0.0463 0.0336 
        D671  9 0.0430 0.1699 0.1974 0.0669 0.0435 0.4794 
        D672  9 0.0595 0.4972 0.1087 0.2234 0.0298 0.0814 
        D673  9 0.0965 0.2462 0.2971 0.1642 0.1518 0.0443 
        D692  9 0.0722 0.3368 0.0561 0.2227 0.0281 0.2842 
        D693  9 0.1640 0.2383 0.1303 0.2064 0.1766 0.0845 
        D694  9 0.0181 0.3483 0.0980 0.4673 0.0306 0.0377 
        D695  9 0.1953 0.0992 0.0733 0.5077 0.0721 0.0524 
        D696  9 0.0187 0.0388 0.0709 0.0148 0.8352 0.0216 
        D697  9 0.0879 0.0573 0.0625 0.1160 0.5186 0.1577 
        D698  9 0.0462 0.1201 0.0944 0.0752 0.3375 0.3266 
        D699  9 0.0296 0.2512 0.1287 0.0959 0.4108 0.0838 
        D787  9 0.4047 0.0645 0.0377 0.2813 0.0322 0.1797 
        D788  9 0.0597 0.3066 0.2349 0.0635 0.3095 0.0258 
        D789  9 0.0369 0.5128 0.1508 0.1174 0.0695 0.1127 
        D790  9 0.1910 0.0711 0.0495 0.2579 0.1412 0.2894 
        D791  9 0.0180 0.1334 0.5760 0.0327 0.0419 0.1980 
        D792  9 0.2802 0.0273 0.0536 0.3155 0.0933 0.2300 
        D793  9 0.1490 0.0366 0.0199 0.0363 0.6999 0.0583 
        D794  9 0.2348 0.0723 0.0649 0.1051 0.3034 0.2197 
        D795  9 0.0165 0.3781 0.1148 0.3653 0.0858 0.0396 
        D796  9 0.0304 0.4629 0.0569 0.0551 0.1118 0.2829 
        D142 10 0.1188 0.2242 0.2916 0.0454 0.1810 0.1390 
        D143 10 0.0404 0.0304 0.0553 0.0590 0.0659 0.7491 
        D144 10 0.0938 0.2053 0.1725 0.2115 0.2318 0.0851 
        D145 10 0.0306 0.2118 0.3011 0.0378 0.0428 0.3759 
        D146 10 0.0676 0.3249 0.2218 0.2950 0.0523 0.0384 
        D147 10 0.0485 0.4983 0.3159 0.0551 0.0299 0.0523 
        D148 10 0.1005 0.5883 0.1577 0.0371 0.0709 0.0454 
        D149 10 0.0841 0.1550 0.0392 0.0538 0.0412 0.6266 
        D151 10 0.0447 0.7224 0.0407 0.0400 0.0627 0.0895 
        D152 10 0.0188 0.0482 0.0358 0.0224 0.0196 0.8552 
        D153 10 0.3145 0.1520 0.2858 0.0866 0.1290 0.0321 
        D156 10 0.1129 0.0585 0.7539 0.0246 0.0229 0.0273 
        D157 10 0.0589 0.1165 0.2126 0.2462 0.3146 0.0512 
        D158 10 0.0189 0.6365 0.1775 0.0291 0.0728 0.0652 
        D159 10 0.0372 0.0324 0.0419 0.0375 0.0457 0.8053 
        D160 10 0.0181 0.0369 0.0175 0.0275 0.5667 0.3333 
        D161 10 0.3792 0.1423 0.1254 0.1056 0.1406 0.1069 
        D162 10 0.1075 0.0522 0.7234 0.0272 0.0400 0.0497 
        D169 10 0.0425 0.0497 0.0225 0.7841 0.0458 0.0553 
        D170 10 0.0653 0.0705 0.1737 0.5941 0.0693 0.0271 
        D171 10 0.0434 0.1444 0.6554 0.0587 0.0707 0.0274 
        D172 10 0.0473 0.0766 0.7669 0.0430 0.0237 0.0424 
        D173 10 0.0858 0.0527 0.0349 0.0340 0.0132 0.7793 
        D181 10 0.0813 0.1292 0.4903 0.0363 0.1809 0.0820 
        D182 10 0.1294 0.2671 0.0887 0.1029 0.0561 0.3559 
        D183 10 0.0536 0.1108 0.0335 0.0297 0.7504 0.0220 
        D184 10 0.1209 0.0270 0.0299 0.7931 0.0145 0.0146 
        D185 10 0.3353 0.2268 0.2174 0.0940 0.0660 0.0605 
        D186 10 0.0328 0.3429 0.0428 0.4893 0.0360 0.0561 
        D194 10 0.1308 0.2595 0.1054 0.3409 0.0775 0.0859 
        D195 10 0.1203 0.0901 0.2575 0.0691 0.1515 0.3115 
        D196 10 0.2128 0.0790 0.1850 0.0328 0.1177 0.3726 
        D197 10 0.0263 0.0729 0.0249 0.6876 0.0725 0.1160 
        D198 10 0.3298 0.2803 0.0387 0.1309 0.1857 0.0346 
     D237226 10 0.0447 0.1128 0.0305 0.1671 0.0577 0.5872 
     D237232 10 0.0374 0.1884 0.0642 0.1013 0.3068 0.3018 
     D237233 10 0.0334 0.0816 0.1973 0.1179 0.1117 0.4582 
     D237234 10 0.0486 0.1109 0.6289 0.0435 0.1158 0.0523 
     D237354 10 0.0232 0.0303 0.0286 0.0141 0.0299 0.8739 
     D237355 10 0.0402 0.1063 0.0306 0.0520 0.2634 0.5075 
     D237356 10 0.3262 0.0698 0.0306 0.0799 0.4734 0.0202 
     D237357 10 0.0601 0.1642 0.1557 0.2591 0.0397 0.3212 
     D237358 10 0.0958 0.0643 0.0369 0.6128 0.0854 0.1048 
     D237369 10 0.0916 0.5003 0.0980 0.2500 0.0176 0.0424 
     D237370 10 0.0549 0.0752 0.1369 0.0828 0.4738 0.1763 
     D237371 10 0.5733 0.1794 0.0430 0.1000 0.0536 0.0507 
     D237372 10 0.1306 0.1798 0.0471 0.2225 0.0389 0.3811 
     D237373 10 0.0330 0.5370 0.1844 0.0236 0.1038 0.1181 
     D237374 10 0.0434 0.1205 0.0968 0.0284 0.2245 0.4864 
     D237375 10 0.1508 0.2319 0.1289 0.1270 0.0744 0.2870 
     D237400 10 0.0219 0.0246 0.0704 0.0192 0.0247 0.8391 
     D244002 10 0.0530 0.4961 0.3214 0.0741 0.0186 0.0368 
     D244003 10 0.0153 0.0425 0.0899 0.0661 0.4894 0.2967 
     D244004 10 0.0119 0.0196 0.0149 0.0408 0.8977 0.0152 
     D244005 10 0.0389 0.0780 0.0192 0.2610 0.1042 0.4987 
     D244020 10 0.2076 0.1355 0.2420 0.0987 0.2315 0.0847 
     D244021 10 0.0489 0.5484 0.1481 0.0650 0.0607 0.1290 
     D244116 10 0.0593 0.0577 0.3696 0.4056 0.0439 0.0640 
     D244117 10 0.0461 0.0445 0.0821 0.0464 0.6193 0.1616 
     D244121 10 0.0344 0.0578 0.0789 0.1460 0.5946 0.0883 
     D244123 10 0.0383 0.2481 0.2044 0.0568 0.2177 0.2348 
     D244124 10 0.0308 0.0942 0.1302 0.4391 0.1137 0.1920 
        D332 10 0.6021 0.0820 0.1301 0.0458 0.0711 0.0689 
        D570 10 0.0504 0.0736 0.2601 0.0579 0.5224 0.0357 
        D602 10 0.1943 0.0746 0.5962 0.0501 0.0315 0.0533 
        D603 10 0.0450 0.3142 0.1568 0.1085 0.1734 0.2020 
        D604 10 0.1371 0.0964 0.4831 0.0491 0.0603 0.1739 
        D605 10 0.3912 0.1054 0.1209 0.1540 0.0688 0.1598 
        D606 10 0.0362 0.0275 0.0261 0.5602 0.3302 0.0198 
        D607 10 0.7693 0.0711 0.0713 0.0303 0.0264 0.0316 
        D608 10 0.0429 0.0260 0.0344 0.0194 0.0196 0.8578 
        D609 10 0.1332 0.0961 0.0814 0.0667 0.6031 0.0194 
        D610 10 0.0899 0.2579 0.0424 0.0730 0.4143 0.1225 
        D611 10 0.0182 0.0202 0.0612 0.0185 0.8669 0.0150 
        D613 10 0.2398 0.0666 0.5200 0.0345 0.0814 0.0577 
        D633 10 0.2177 0.0365 0.4987 0.1477 0.0231 0.0763 
        D634 10 0.0644 0.2775 0.3606 0.0810 0.1508 0.0657 
        D638 10 0.0239 0.0305 0.0525 0.0335 0.0520 0.8077 
        D681 10 0.0270 0.0890 0.7757 0.0504 0.0370 0.0209 
        D754 10 0.0255 0.6192 0.1862 0.0557 0.0846 0.0288 
        D755 10 0.0152 0.0296 0.0433 0.0509 0.5546 0.3065 
        D756 10 0.0390 0.2902 0.2181 0.0712 0.3000 0.0815 
        D757 10 0.1385 0.1054 0.0329 0.2097 0.1656 0.3479 
        D758 10 0.1781 0.1741 0.3594 0.1426 0.0839 0.0619 
        D759 10 0.0307 0.0391 0.0619 0.0761 0.6069 0.1852 
        D760 10 0.0816 0.1391 0.3405 0.0690 0.1812 0.1886 
        D761 10 0.0162 0.0272 0.0543 0.0206 0.0405 0.8411 
        D762 10 0.4272 0.1578 0.2437 0.0697 0.0473 0.0543 
        D775 10 0.0225 0.0448 0.0274 0.0438 0.7797 0.0817 
        D776 10 0.0261 0.0715 0.0228 0.0256 0.0512 0.8027 
        D777 10 0.0403 0.1044 0.0437 0.1100 0.6081 0.0935 
        D778 10 0.0266 0.0557 0.0220 0.1939 0.0502 0.6516 
        D779 10 0.0351 0.1688 0.5966 0.0868 0.0669 0.0458 
        D780 10 0.0379 0.0614 0.6299 0.0399 0.0613 0.1696 
        D781 10 0.0486 0.0984 0.6939 0.0465 0.0311 0.0815 
        D858 10 0.0185 0.0493 0.0214 0.8486 0.0207 0.0415 
        D933 10 0.3386 0.1277 0.0302 0.0440 0.2121 0.2474 
        D038 11 0.0932 0.0886 0.1753 0.1398 0.0819 0.4212 
        D063 11 0.0315 0.0986 0.6461 0.0349 0.0804 0.1085 
        D155 11 0.1106 0.1025 0.0709 0.0756 0.4220 0.2184 
        D175 11 0.0278 0.5724 0.2041 0.0708 0.1015 0.0235 
        D176 11 0.0320 0.1997 0.1730 0.0392 0.0895 0.4667 
        D205 11 0.0430 0.1404 0.0665 0.1426 0.5875 0.0201 
     D237229 11 0.1556 0.1934 0.1732 0.2138 0.0288 0.2353 
     D237230 11 0.7549 0.0777 0.0314 0.0471 0.0194 0.0696 
     D237231 11 0.6580 0.0810 0.1411 0.0247 0.0325 0.0629 
     D237269 11 0.1702 0.1594 0.1599 0.1076 0.0945 0.3084 
     D237270 11 0.0645 0.0442 0.0198 0.8049 0.0279 0.0387 
     D237271 11 0.0559 0.1300 0.6149 0.0570 0.1043 0.0378 
     D237272 11 0.6406 0.0527 0.0387 0.1324 0.0232 0.1125 
     D237273 11 0.0422 0.2068 0.5304 0.0284 0.1110 0.0811 
     D237301 11 0.6493 0.0454 0.1585 0.0314 0.0704 0.0450 
     D237302 11 0.0896 0.0612 0.3094 0.4359 0.0410 0.0629 
     D237303 11 0.1609 0.2539 0.0720 0.3433 0.0228 0.1471 
     D237304 11 0.1089 0.2620 0.3203 0.1314 0.1263 0.0511 
     D237305 11 0.0397 0.1708 0.0603 0.5574 0.1130 0.0588 
     D237314 11 0.0863 0.0959 0.3685 0.1437 0.2212 0.0844 
     D237315 11 0.0588 0.4189 0.1066 0.3418 0.0343 0.0396 
     D237316 11 0.5638 0.0377 0.2905 0.0282 0.0557 0.0241 
     D237328 11 0.4424 0.1993 0.0809 0.1336 0.1176 0.0262 
     D237329 11 0.0856 0.0962 0.0310 0.2622 0.1187 0.4062 
     D237330 11 0.0264 0.0480 0.4520 0.0499 0.3299 0.0937 
     D237331 11 0.1239 0.1782 0.2212 0.0814 0.2232 0.1722 
     D237332 11 0.4135 0.1698 0.1877 0.0413 0.1291 0.0585 
     D237333 11 0.0420 0.0773 0.2061 0.0302 0.2628 0.3818 
     D237334 11 0.8038 0.0546 0.0442 0.0282 0.0430 0.0263 
     D237335 11 0.2174 0.1266 0.2280 0.1622 0.2169 0.0490 
     D237336 11 0.0753 0.3728 0.1880 0.0814 0.1121 0.1704 
     D237350 11 0.0477 0.0418 0.6546 0.0386 0.1499 0.0674 
     D237383 11 0.0315 0.3666 0.2062 0.1572 0.0719 0.1667 
     D237384 11 0.5047 0.0928 0.0580 0.2339 0.0467 0.0639 
     D237385 11 0.1869 0.1311 0.3135 0.1432 0.0860 0.1395 
     D237386 11 0.3487 0.0907 0.0811 0.1099 0.1768 0.1926 
     D237387 11 0.6521 0.0644 0.1725 0.0539 0.0341 0.0230 
     D237388 11 0.0888 0.1620 0.3450 0.0236 0.3485 0.0321 
        D239 11 0.0937 0.2410 0.1539 0.0505 0.3153 0.1456 
        D240 11 0.0351 0.1256 0.0459 0.0723 0.0663 0.6548 
        D241 11 0.0552 0.8255 0.0373 0.0169 0.0316 0.0334 
        D242 11 0.2070 0.1892 0.2364 0.1078 0.0708 0.1889 
        D243 11 0.0706 0.1733 0.0376 0.0506 0.5975 0.0704 
        D244 11 0.0314 0.0348 0.0255 0.0810 0.7998 0.0274 
        D245 11 0.0516 0.4537 0.3312 0.1035 0.0208 0.0393 
        D246 11 0.1250 0.2272 0.3802 0.0743 0.1528 0.0405 
        D247 11 0.0969 0.2620 0.1792 0.1656 0.0810 0.2152 
        D248 11 0.4920 0.0858 0.0991 0.0372 0.0806 0.2053 
        D249 11 0.0475 0.4046 0.2715 0.1429 0.1032 0.0303 
        D250 11 0.2196 0.0774 0.2146 0.0319 0.2767 0.1798 
        D251 11 0.0880 0.1480 0.3043 0.1126 0.3044 0.0427 
        D252 11 0.4138 0.2328 0.1443 0.1004 0.0770 0.0317 
        D253 11 0.0434 0.3029 0.2641 0.0823 0.1552 0.1521 
        D254 11 0.0909 0.5671 0.0391 0.0770 0.0279 0.1980 
        D255 11 0.1059 0.2916 0.4216 0.0371 0.0959 0.0480 
        D256 11 0.1573 0.3339 0.0761 0.0687 0.2479 0.1162 
        D257 11 0.0374 0.0798 0.0454 0.6828 0.0886 0.0661 
        D258 11 0.1913 0.0470 0.0385 0.6103 0.0871 0.0258 
        D259 11 0.0457 0.4838 0.1213 0.2762 0.0274 0.0455 
        D260 11 0.0810 0.2902 0.3732 0.1014 0.0574 0.0968 
        D261 11 0.0534 0.0912 0.7647 0.0245 0.0328 0.0334 
        D262 11 0.0390 0.5181 0.2622 0.0886 0.0319 0.0602 
        D263 11 0.1320 0.0814 0.1936 0.1408 0.4212 0.0310 
        D264 11 0.0862 0.5355 0.2532 0.0430 0.0394 0.0427 
        D265 11 0.0613 0.4414 0.0843 0.0377 0.1192 0.2561 
        D266 11 0.2831 0.1113 0.1310 0.0477 0.2290 0.1980 
        D267 11 0.1100 0.1310 0.2439 0.1370 0.3362 0.0418 
        D268 11 0.1039 0.0417 0.0835 0.0286 0.6931 0.0492 
        D269 11 0.6095 0.0652 0.0845 0.0401 0.1816 0.0190 
        D270 11 0.7028 0.0932 0.0719 0.0409 0.0571 0.0340 
        D271 11 0.0678 0.5087 0.1282 0.1142 0.0897 0.0914 
        D272 11 0.1033 0.1051 0.5221 0.0715 0.0924 0.1055 
        D273 11 0.0351 0.0536 0.0725 0.8012 0.0206 0.0170 
        D274 11 0.0914 0.1353 0.0755 0.2454 0.3790 0.0735 
        D275 11 0.4168 0.1374 0.0681 0.0840 0.2257 0.0679 
        D276 11 0.2266 0.0509 0.0631 0.0343 0.5987 0.0264 
        D277 11 0.2694 0.0713 0.0575 0.0964 0.4252 0.0802 
        D278 11 0.0193 0.1938 0.6177 0.0696 0.0516 0.0479 
        D282 11 0.0668 0.0455 0.0298 0.6912 0.1393 0.0274 
        D296 11 0.3883 0.1309 0.1046 0.0440 0.2441 0.0882 
        D297 11 0.2415 0.1048 0.0646 0.0852 0.4692 0.0346 
        D298 11 0.1070 0.1674 0.2838 0.0604 0.2109 0.1704 
        D299 11 0.0274 0.0444 0.8305 0.0150 0.0601 0.0225 
        D300 11 0.0600 0.1919 0.1932 0.0479 0.0626 0.4443 
        D382 11 0.4259 0.0300 0.0343 0.1256 0.3624 0.0217 
        D383 11 0.0267 0.0615 0.0359 0.2481 0.6015 0.0263 
        D387 11 0.0336 0.3023 0.2753 0.0647 0.1371 0.1871 
        D388 11 0.8532 0.0408 0.0271 0.0217 0.0357 0.0215 
        D389 11 0.0403 0.0565 0.8128 0.0144 0.0503 0.0258 
        D390 11 0.6538 0.0654 0.0753 0.0251 0.1032 0.0773 
        D396 11 0.2061 0.1587 0.1904 0.0408 0.0809 0.3231 
        D397 11 0.1635 0.1950 0.1663 0.3797 0.0626 0.0329 
        D398 11 0.1475 0.0614 0.0379 0.4064 0.2731 0.0736 
        D399 11 0.1659 0.1606 0.4839 0.0951 0.0229 0.0714 
        D437 11 0.0225 0.3215 0.5508 0.0411 0.0229 0.0413 
        D441 11 0.0716 0.0586 0.0769 0.0278 0.6881 0.0771 
        D442 11 0.0465 0.1807 0.5291 0.0603 0.0562 0.1273 
        D443 11 0.0437 0.0562 0.0369 0.0252 0.5308 0.3071 
        D444 11 0.3844 0.0777 0.3357 0.0592 0.0660 0.0771 
        D445 11 0.7521 0.0635 0.0941 0.0516 0.0202 0.0185 
        D446 11 0.1134 0.5262 0.0804 0.1200 0.0448 0.1151 
        D451 11 0.3862 0.2840 0.0749 0.0732 0.1411 0.0406 
        D452 11 0.0711 0.0593 0.6200 0.0484 0.0279 0.1733 
        D453 11 0.7610 0.0669 0.0540 0.0334 0.0550 0.0296 
        D454 11 0.0362 0.6014 0.1120 0.1645 0.0240 0.0620 
        D457 11 0.0678 0.4145 0.2519 0.0712 0.1639 0.0306 
        D458 11 0.3446 0.1400 0.0963 0.0489 0.3250 0.0452 
        D466 11 0.0262 0.1233 0.0351 0.0352 0.0344 0.7457 
        D467 11 0.0301 0.0848 0.5909 0.0590 0.1604 0.0748 
        D475 11 0.0424 0.0605 0.0813 0.7288 0.0595 0.0275 
        D488 11 0.2274 0.2677 0.1992 0.0474 0.0700 0.1883 
        D489 11 0.0592 0.5391 0.1336 0.0477 0.1022 0.1181 
        D493 11 0.0934 0.6401 0.0386 0.0406 0.1165 0.0708 
        D494 11 0.3629 0.1591 0.1800 0.0679 0.1404 0.0898 
        D495 11 0.0443 0.4137 0.1760 0.1670 0.0263 0.1726 
        D496 11 0.0371 0.0872 0.1060 0.0176 0.1197 0.6324 
        D674 11 0.0388 0.0473 0.0798 0.0540 0.0800 0.7001 
        D675 11 0.0442 0.0356 0.0486 0.0317 0.0711 0.7688 
        D676 11 0.0624 0.0890 0.5140 0.1727 0.1363 0.0255 
        D680 11 0.0481 0.1389 0.0603 0.2002 0.3705 0.1820 
        D701 11 0.0547 0.4409 0.3495 0.0455 0.0269 0.0825 
        D702 11 0.2712 0.2139 0.0964 0.3033 0.0302 0.0850 
        D703 11 0.1502 0.1390 0.0860 0.1289 0.0824 0.4136 
        D704 11 0.0831 0.2849 0.3116 0.1194 0.1110 0.0900 
        D705 11 0.6348 0.0425 0.0235 0.2310 0.0218 0.0464 
        D706 11 0.0284 0.1011 0.2490 0.2419 0.0455 0.3341 
        D707 11 0.5839 0.1455 0.0930 0.0660 0.0774 0.0341 
        D751 11 0.7536 0.0583 0.0562 0.0613 0.0475 0.0231 
        D752 11 0.0563 0.1330 0.5821 0.0409 0.1026 0.0853 
        D753 11 0.7291 0.0610 0.0350 0.0380 0.0546 0.0823 
        D773 11 0.0292 0.2943 0.0334 0.6116 0.0151 0.0165 
        D774 11 0.2813 0.1746 0.1183 0.0674 0.0561 0.3023 
        D801 11 0.0914 0.1521 0.0798 0.0280 0.4565 0.1922 
        D802 11 0.3235 0.4307 0.0578 0.0647 0.0530 0.0703 
        D803 11 0.0501 0.5189 0.1520 0.0263 0.1246 0.1282 
        D804 11 0.1244 0.3627 0.3170 0.0905 0.0571 0.0483 
        D805 11 0.1756 0.4804 0.0575 0.0750 0.1535 0.0580 
        D806 11 0.0468 0.0874 0.1661 0.6495 0.0303 0.0199 
        D809 11 0.1155 0.0871 0.2465 0.0677 0.4038 0.0794 
        D810 11 0.0870 0.1018 0.2740 0.0271 0.4253 0.0850 
        D812 11 0.1729 0.2950 0.2017 0.1824 0.0969 0.0512 
        D813 11 0.0790 0.1445 0.2853 0.0851 0.0512 0.3549 
        D823 11 0.1069 0.1475 0.6282 0.0268 0.0603 0.0303 
        D824 11 0.0570 0.1276 0.2359 0.0486 0.2973 0.2337 
        D829 11 0.2926 0.0958 0.3360 0.0614 0.0934 0.1206 
        D830 11 0.4752 0.0906 0.0857 0.2637 0.0604 0.0244 
        D831 11 0.0392 0.2477 0.5303 0.0481 0.0360 0.0987 
        D832 11 0.0330 0.4724 0.0622 0.0866 0.1498 0.1961 
        D833 11 0.5152 0.0510 0.1061 0.0385 0.2476 0.0416 
        D834 11 0.3784 0.0485 0.0934 0.0963 0.3285 0.0549 
        D835 11 0.0690 0.5825 0.1227 0.1461 0.0488 0.0308 
        D855 11 0.1962 0.2589 0.1843 0.0621 0.2414 0.0572 
        D863 11 0.0159 0.0348 0.0458 0.0334 0.0613 0.8088 
        D864 11 0.0641 0.2662 0.3565 0.0583 0.1898 0.0651 
        D878 11 0.1534 0.1644 0.1860 0.0420 0.3895 0.0647 
        D879 11 0.0602 0.2547 0.1334 0.4675 0.0588 0.0253 
        D880 11 0.2686 0.0498 0.1019 0.0268 0.1396 0.4134 
        D881 11 0.0276 0.0248 0.0204 0.0290 0.8695 0.0288 
        D882 11 0.1325 0.2627 0.0716 0.0272 0.0759 0.4302 
        D909 11 0.4058 0.1576 0.0989 0.0566 0.1728 0.1082 
        D921 11 0.0741 0.0839 0.6730 0.0318 0.1025 0.0348 
        D924 11 0.0761 0.0911 0.1979 0.0350 0.1157 0.4843 
        D935 11 0.6946 0.0613 0.0968 0.0666 0.0513 0.0292 
        D940 11 0.0276 0.1092 0.0334 0.0247 0.0857 0.7195 
        D941 11 0.2232 0.2467 0.1034 0.0580 0.2630 0.1058 
        D942 11 0.0502 0.0469 0.0586 0.7817 0.0388 0.0239 
        D980 11 0.4006 0.1839 0.2186 0.0867 0.0448 0.0654 
        D981 11 0.1301 0.2237 0.1619 0.3960 0.0463 0.0420 
        D982 11 0.0745 0.0347 0.2655 0.0510 0.0609 0.5134 
        D983 11 0.1296 0.0423 0.1047 0.0386 0.6573 0.0276 
        D984 11 0.2821 0.0492 0.3026 0.0473 0.1424 0.1765 
        D992 11 0.0619 0.2645 0.3685 0.2366 0.0325 0.0360 
        D993 11 0.1900 0.0913 0.0501 0.0724 0.5487 0.0475 
        D994 11 0.0305 0.4549 0.4125 0.0174 0.0468 0.0380 
        D995 11 0.0593 0.6076 0.0628 0.1647 0.0845 0.0211 
        H354 11 0.3437 0.0792 0.0508 0.4498 0.0357 0.0408 
        D005 12 0.0482 0.4881 0.1658 0.1607 0.0256 0.1115 
        D035 12 0.0765 0.2092 0.0613 0.1196 0.2479 0.2855 
        D067 12 0.3556 0.1519 0.3139 0.0335 0.0910 0.0540 
        D134 12 0.0587 0.3660 0.1226 0.0757 0.1078 0.2692 
        D135 12 0.1303 0.4307 0.0722 0.0414 0.2051 0.1202 
        D136 12 0.7259 0.0661 0.0699 0.0777 0.0374 0.0231 
        D137 12 0.2605 0.1641 0.0796 0.0883 0.0342 0.3734 
        D138 12 0.2489 0.1000 0.1804 0.1333 0.1394 0.1981 
        D139 12 0.3135 0.1094 0.3819 0.0349 0.0378 0.1224 
        D140 12 0.1625 0.2618 0.0413 0.1145 0.2349 0.1850 
        D141 12 0.0283 0.0279 0.0203 0.8942 0.0146 0.0146 
        D150 12 0.0208 0.0465 0.0532 0.7419 0.0792 0.0585 
        D177 12 0.0391 0.1757 0.0616 0.0307 0.1115 0.5813 
        D178 12 0.7765 0.0422 0.0782 0.0319 0.0235 0.0477 
        D179 12 0.5118 0.2092 0.0834 0.0762 0.0402 0.0792 
        D180 12 0.7042 0.0610 0.0342 0.0920 0.0380 0.0705 
        D187 12 0.0816 0.2506 0.0895 0.1050 0.1979 0.2754 
        D188 12 0.0296 0.0798 0.0454 0.8026 0.0185 0.0242 
        D191 12 0.0348 0.0619 0.0471 0.7310 0.0576 0.0676 
        D418 12 0.0949 0.0927 0.0921 0.6488 0.0256 0.0458 
        D601 12 0.2098 0.2150 0.0363 0.4182 0.0526 0.0681 
        D836 12 0.0457 0.7316 0.0529 0.1263 0.0201 0.0235 
        D837 12 0.2033 0.1013 0.2007 0.1921 0.1232 0.1794 
        D838 12 0.0895 0.0983 0.2858 0.0329 0.3075 0.1860 
        D839 12 0.0759 0.1603 0.0468 0.0339 0.0270 0.6562 
        D840 12 0.1425 0.1134 0.2737 0.0830 0.1698 0.2176 
        D841 12 0.0826 0.5080 0.1196 0.0656 0.1569 0.0674 
        D842 12 0.0141 0.0183 0.0194 0.9066 0.0164 0.0253 
        D843 12 0.2389 0.1644 0.1869 0.0757 0.2134 0.1208 
        D844 12 0.0879 0.4273 0.1226 0.1422 0.0218 0.1982 
        D912 12 0.2493 0.0541 0.4948 0.0281 0.1351 0.0385 
        D913 12 0.0363 0.0236 0.0223 0.0208 0.0315 0.8653 
        D914 12 0.1069 0.0742 0.0676 0.0349 0.4141 0.3023 
        D922 12 0.1693 0.1978 0.1471 0.1255 0.3002 0.0601 
        D939 12 0.0690 0.2515 0.1370 0.4049 0.0958 0.0418 
        D944 12 0.0423 0.0217 0.0166 0.2311 0.0275 0.6608 
        D945 12 0.2707 0.3196 0.1861 0.0633 0.0671 0.0933 
        D985 12 0.4144 0.2271 0.0838 0.1406 0.0378 0.0963 
        D986 12 0.0809 0.1581 0.6706 0.0246 0.0165 0.0494 
        D987 12 0.0769 0.0913 0.1069 0.0481 0.4432 0.2336 
        D988 12 0.0403 0.0633 0.6434 0.0247 0.0979 0.1303 
        D996 12 0.1075 0.0442 0.0263 0.0274 0.2845 0.5100 
        D997 12 0.1516 0.2317 0.0838 0.1121 0.3196 0.1012 
        D998 12 0.1709 0.2220 0.0564 0.0818 0.1158 0.3531 
        D999 12 0.0426 0.0988 0.1347 0.0565 0.0754 0.5919 
