1653040474
1653040476
1653040476
1653040478
1653040479
1653040480
1653040480
1653040482
1653040484
1653040484
1653040484
1653040486
1653040488
1653040488
1653040490
1653040490
1653040492
1653040492
1653040494
1653040496
1653040496
1653040496
1653040498
1653040500
1653040501
1653040502
1653040502
1653040504
1653040504
1653040506
1653040508
1653040508
1653040509
1653040510
1653040512
1653040512
1653040514
1653040515
1653040516
1653040516
1653040518
1653040520
1653040520
1653040520
1653040522
1653040524
1653040524
1653040526
1653040527
1653040528
1653040528
1653040530
1653040532
1653040532
1653040533
1653040534
1653040536
1653040536
1653040538
1653040539
1653040540
1653040541
1653040542
1653040544
1653040545
1653040545
1653040546
1653040548
1653040549
1653040550
1653040551
1653040552
1653040553
1653040554
1653040556
1653040557
1653040557
1653040558
1653040560
1653040561
1653040562
1653040563
1653040565
1653040569
1653040569
1653040573
1653040575
1653040577
1653040581
1653040581
1653040585
1653040587
1653040589
1653040593
1653040593
1653040597
1653040599
1653040601
1653040605
1653040605
1653040609
1653040611
1653040613
1653040617
1653040617
1653040621
1653040623
1653040625
1653040629
1653040629
1653040633
1653040635
1653040637
1653040641
1653040641
1653040645
1653040647
1653040649
1653040653
1653040653
1653042328
1653042330
1653042332
1653042334
1653042336
1653042338
1653042339
1653042341
1653042342
1653042343
1653042345
1653042346
1653042347
1653042349
1653042351
1653042351
1653042353
1653042354
1653042355
1653042357
1653042358
1653042359
1653042361
1653042361
1653042362
1653042363
1653042365
1653042365
1653042366
1653042367
1653042369
1653042370
1653042371
1653042372
1653042373
1653042374
1653042375
1653042377
1653042378
1653042379
1653042381
1653042382
1653042383
1653042383
1653042385
1653042386
1653042387
1653042389
1653042390
1653042391
1653042392
1653042393
1653042394
1653042395
1653042397
1653042398
1653042398
1653042399
1653042401
1653042402
1653042403
1653042404
1653042405
1653042406
1653042407
1653042409
1653042410
1653042410
1653042411
1653042413
1653042413
1653042415
1653042416
1653042417
1653042418
1653042425
1653042427
1653042428
1653042432
1653042433
1653042437
1653042438
1653042441
1653042444
1653042444
1653042448
1653042450
1653042453
1653042458
1653042458
1653042461
1653042464
1653042467
1653042470
1653042472
1653042475
1653042476
1653042479
1653042482
1653042483
1653042487
1653042491
1653042492
1653042495
1653042497
1653042499
1653042503
1653042503
1653042510
1653042510
1653042514
1653042515
1653042518
1653042522
1653042524
1653042526
1653042529
1653042536
1653042543
1653042549
1653045834
1653045836
1653045838
1653045840
1653045842
1653045844
1653045846
1653045848
1653045850
1653045850
1653045852
1653045854
1653045854
1653045856
1653045858
1653045858
1653045860
1653045862
1653045862
1653045865
1653045866
1653045867
1653045869
1653045871
1653045872
1653045873
1653045874
1653045875
1653045877
1653045879
1653045879
1653045881
1653045882
1653045883
1653045885
1653045885
1653045887
1653045887
1653045889
1653045891
1653045892
1653045893
1653045895
1653045896
1653045897
1653045897
1653045899
1653045900
1653045901
1653045903
1653045903
1653045904
1653045905
1653045907
1653045908
1653045909
1653045910
1653045911
1653045912
1653045913
1653045915
1653045916
1653045917
1653045919
1653045920
1653045921
1653045921
1653045923
1653045926
1653045927
1653045928
1653045932
1653045932
1653045938
1653045940
1653045944
1653045946
1653045948
1653045952
1653045955
1653045956
1653045961
1653045962
1653045965
1653045968
1653045970
1653045973
1653045974
1653045977
1653045981
1653045985
1653045990
1653045991
1653045993
1653045996
1653045997
1653046001
1653046004
1653046006
1653046010
1653046011
1653046013
1653046015
1653046020
1653046023
1653046024
1653046030
1653046031
1653046034
1653046036
1653046038
1653046042
1653046043
1653046046
1653046048
1653046059
1653046065
1653046072
1653046077
1653046083
1653046240
1653046242
1653046244
1653046247
1653046248
1653046249
1653046251
1653046252
1653046253
1653046255
1653046256
1653046257
1653046259
1653046260
1653046261
1653046263
1653046264
1653046264
1653046265
1653046267
1653046268
1653046269
1653046270
1653046271
1653046272
1653046273
1653046275
1653046275
1653046276
1653046277
1653046279
1653046280
1653046281
1653046282
1653046283
1653046284
1653046285
1653046287
1653046288
1653046289
1653046291
1653046291
1653046293
1653046294
1653046295
1653046295
1653046297
1653046298
1653046299
1653046301
1653046302
1653046302
1653046303
1653046305
1653046307
1653046307
1653046308
1653046309
1653046311
1653046311
1653046313
1653046313
1653046314
1653046315
1653046317
1653046318
1653046319
1653046319
1653046321
1653046323
1653046323
1653046325
1653046326
1653046327
1653046328
1653046329
1653046333
1653046334
1653046337
1653046340
1653046341
1653046344
1653046346
1653046349
1653046352
1653046352
1653046357
1653046360
1653046361
1653046365
1653046366
1653046369
1653046372
1653046375
1653046378
1653046379
1653046383
1653046384
1653046387
1653046390
1653046392
1653046395
1653046399
1653046399
1653046403
1653046404
1653046407
1653046410
1653046411
1653046416
1653046416
1653046420
1653046424
1653046424
1653046429
1653046430
1653046432
1653046436
1653046442
1653046449
1653046801
1653046803
1653046805
1653046807
1653046809
1653046811
1653046813
1653046815
1653046815
1653046817
1653046819
1653046819
1653046821
1653046823
1653046823
1653046825
1653046827
1653046828
1653046829
1653046831
1653046831
1653046833
1653046835
1653046835
1653046837
1653046839
1653046839
1653046841
1653046843
1653046844
1653046845
1653046846
1653046847
1653046848
1653046850
1653046852
1653046852
1653046853
1653046854
1653046856
1653046858
1653046858
1653046860
1653046860
1653046862
1653046864
1653046864
1653046865
1653046866
1653046868
1653046869
1653046869
1653046870
1653046872
1653046872
1653046874
1653046876
1653046878
1653046878
1653046879
1653046880
1653046881
1653046882
1653046884
1653046885
1653046886
1653046886
1653046888
1653046889
1653046890
1653046892
1653046892
1653046897
1653046899
1653046904
1653046906
1653046908
1653046914
1653046914
1653046916
1653046920
1653046921
1653046924
1653046928
1653046930
1653046933
1653046934
1653046936
1653046940
1653046942
1653046949
1653046951
1653046952
1653046956
1653046956
1653046961
1653046961
1653046965
1653046966
1653046968
1653046973
1653046973
1653046977
1653046981
1653046982
1653046984
1653046988
1653046992
1653046996
1653046996
1653047001
1653047001
1653047005
1653047006
1653047011
1653047016
1653047023
1653047030
1653047035
1653047042
1653047402
1653047404
1653047406
1653047408
1653047409
1653047410
1653047412
1653047413
1653047414
1653047416
1653047417
1653047418
1653047420
1653047421
1653047422
1653047423
1653047424
1653047425
1653047426
1653047428
1653047429
1653047430
1653047430
1653047432
1653047433
1653047434
1653047435
1653047436
1653047437
1653047438
1653047440
1653047441
1653047442
1653047442
1653047444
1653047445
1653047446
1653047447
1653047447
1653047448
1653047450
1653047451
1653047452
1653047454
1653047455
1653047455
1653047455
1653047456
1653047458
1653047459
1653047460
1653047461
1653047462
1653047463
1653047463
1653047464
1653047466
1653047467
1653047467
1653047468
1653047470
1653047471
1653047471
1653047472
1653047473
1653047474
1653047475
1653047476
1653047478
1653047478
1653047479
1653047479
1653047480
1653047480
1653047482
1653047483
1653047484
1653047486
1653047487
1653047488
1653047488
1653047488
1653047489
1653047490
1653047493
1653047493
1653047497
1653047497
1653047498
1653047500
1653047501
1653047505
1653047505
1653047505
1653047508
1653047509
1653047511
1653047513
1653047513
1653047517
1653047518
1653047518
1653047519
1653047521
1653047522
1653047525
1653047525
1653047529
1653047530
1653047531
1653047532
1653047533
1653047535
1653047537
1653047539
1653047541
1653047542
1653047542
1653047543
1653047543
1653047547
1653047549
1653047551
1653047551
1653047552
1653047554
1653047555
1653047557
1653047557
1653047559
1653047562
1653047563
1653047563
1653047565
1653047565
1653047565
1653047567
1653047569
1653047571
1653047572
1653047575
1653047575
1653047577
1653047579
1653047581
1653047582
1653047583
1653047583
1653047585
1653047586
1653047589
1653047589
1653047591
1653047593
1653047593
1653047594
1653047595
1653047596
1653047599
1653047601
1653047606
1653047606
1653047607
1653047607
1653047607
1653047615
1653047616
1653047617
1653047618
1653047620
1653047621
1653047621
1653047626
1653047627
1653047627
1653047630
1653047633
1653047635
1653047637
1653047639
1653047639
1653047640
1653047643
1653047647
1653047647
1653047649
1653047651
1653047652
1653047653
1653047654
1653047659
1653047659
1653047659
1653047660
1653047665
1653047668
1653047669
1653047669
1653047670
1653047671
1653047671
1653047677
1653047679
1653047679
1653047679
1653047682
1653047684
1653047684
1653047685
1653047685
1653047691
1653047693
1653047694
1653047696
1653047696
1653047697
1653047697
1653047703
1653047703
1653047704
1653047706
1653047711
1653047712
1653047713
1653047716
1653047718
1653047720
1653047722
1653047723
1653047723
1653047728
1653047730
1653047733
1653047735
1653047736
1653047737
1653047738
1653047744
1653047746
1653047747
1653047747
1653047751
1653047753
1653047754
1653047754
1653047757
1653047758
1653047758
1653047762
1653047768
1653047770
1653047770
1653047770
1653047773
1653047776
1653047777
1653047778
1653047780
1653047787
1653047788
1653047788
1653047790
1653047791
1653047793
1653047799
1653047799
1653047800
1653047801
1653047805
1653047806
1653047810
1653047810
1653047812
1653047814
1653047816
1653047817
1653047820
1653047820
1653047822
1653047824
1653047826
1653047831
1653047832
1653047833
1653047834
1653047834
1653047840
1653047841
1653047842
1653047847
1653047852
1653047852
1653047853
1653047854
1653047859
1653047862
1653047865
1653047865
1653047866
1653047868
1653047874
1653047877
1653047877
1653047879
1653047880
1653047884
1653047884
1653047890
1653047894
1653047895
1653047896
1653047896
1653047902
1653047902
1653047906
1653047908
1653047909
1653047911
1653047915
1653047916
1653047918
1653047919
1653047920
1653047920
1653047923
1653047927
1653047928
1653047929
1653047934
1653047935
1653047937
1653047938
1653047942
1653047943
1653047943
1653047948
1653047951
1653047951
1653047954
1653047956
1653047959
1653047965
1653047970
1653047971
1653047971
1653047974
1653047976
1653047980
1653047982
1653047985
1653047991
1653047991
1653047993
1653047996
1653047999
1653047999
1653048000
1653048005
1653048011
1653048013
1653048014
1653048014
1653048015
1653048017
1653048018
1653048020
1653048025
1653048028
1653048030
1653048034
1653048036
1653048037
1653048037
1653048045
1653048046
1653048049
1653048052
1653048053
1653048053
1653048055
1653048059
1653048064
1653048067
1653048068
1653048072
1653048073
1653048074
1653048075
1653048078
1653048085
1653048086
1653048087
1653048092
1653048094
1653048094
1653048098
1653048098
1653048102
1653048108
1653048110
1653048111
1653048111
1653048111
1653048117
1653048119
1653048121
1653048121
1653048123
1653048131
1653048134
1653048136
1653048141
1653048146
1653048147
1653048150
1653048152
1653048158
1653048159
1653048162
1653048162
1653048165
1653048171
1653048173
1653048175
1653048176
1653048184
1653048186
1653048190
1653048192
1653048193
1653048193
1653048198
1653048198
1653048199
1653048206
1653048208
1653048209
1653048212
1653048214
1653048215
1653048218
1653048226
1653048227
1653048228
1653048229
1653048231
1653048233
1653048236
1653048237
1653048240
1653048245
1653048245
1653048248
1653048257
1653048259
1653048268
1653048268
1653048270
1653048272
1653048276
1653048277
1653048282
1653048284
1653048287
1653048290
1653048295
1653048298
1653048298
1653048306
1653048309
1653048309
1653048310
1653048312
1653048318
1653048318
1653048319
1653048323
1653048329
1653048330
1653048333
1653048340
1653048342
1653048344
1653048347
1653048348
1653048353
1653048356
1653048356
1653048361
1653048363
1653048364
1653048365
1653048371
1653048373
1653048374
1653048378
1653048388
1653048388
1653048389
1653048389
1653048391
1653048396
1653048400
1653048401
1653048406
1653048409
1653048411
1653048414
1653048422
1653048423
1653048426
1653048438
1653048439
1653048439
1653048440
1653048440
1653048441
1653048442
1653048455
1653048456
1653048461
1653048461
1653048462
1653048464
1653048469
1653048477
1653048482
1653048489
1653048491
1653048492
1653048493
1653048498
1653048498
1653048504
1653048508
1653048511
1653048513
1653048515
1653048524
1653048526
1653048531
1653048532
1653048533
1653048534
1653048537
1653048537
1653048540
1653048542
1653048547
1653048547
1653048556
1653048558
1653048560
1653048562
1653048566
1653048571
1653048577
1653048578
1653048584
1653048585
1653048588
1653048598
1653048601
1653048602
1653048604
1653048606
1653048608
1653048611
1653048620
1653048624
1653048625
1653048631
1653048634
1653048641
1653048645
1653048649
1653048650
1653048651
1653048657
1653048667
1653048669
1653048670
1653048670
1653048670
1653048671
1653048677
1653048680
1653048683
1653048686
1653048688
1653048692
1653048693
1653048703
1653048706
1653048706
1653048712
1653048713
1653048716
1653048717
1653048728
1653048729
1653048732
1653048733
1653048743
1653048745
1653048748
1653048750
1653048757
1653048758
1653048763
1653048764
1653048769
1653048769
1653048774
1653048776
1653048777
1653048779
1653048800
1653048803
1653048803
1653048806
1653048809
1653048814
1653048818
1653048819
1653048832
1653048833
1653048833
1653048836
1653048839
1653048842
1653048847
1653048848
1653048850
1653048857
1653048857
1653048861
1653048865
1653048865
1653048871
1653048874
1653048879
1653048882
1653048893
1653048896
1653048901
1653048905
1653048907
1653048913
1653048915
1653048919
1653048919
1653048919
1653048921
1653048927
1653048928
1653048929
1653048934
1653048936
1653048946
1653048947
1653048954
1653048958
1653048971
1653048977
1653048980
1653048980
1653048985
1653048989
1653048994
1653049000
1653049000
1653049002
1653049008
1653049010
1653049014
1653049017
1653049017
1653049020
1653049028
1653049033
1653049041
1653049045
1653049047
1653049050
1653049054
1653049063
1653049066
1653049067
1653049070
1653049074
1653049085
1653049086
1653049089
1653049093
1653049095
1653049100
1653049102
1653049103
1653049111
1653049111
1653049114
1653049114
1653049115
1653049116
1653049126
1653049129
1653049132
1653049134
1653049135
1653049153
1653049156
1653049160
1653049174
1653049174
1653049175
1653049177
1653049188
1653049190
1653049195
1653049196
1653049198
1653049199
1653049201
1653049204
1653049204
1653049218
1653049222
1653049228
1653049235
1653049237
1653049240
1653049244
1653049251
1653049264
1653049266
1653049268
1653049269
1653049273
1653049278
1653049285
1653049286
1653049287
1653049291
1653049300
1653049302
1653049307
1653049310
1653049312
1653049313
1653049314
1653049317
1653049318
1653049319
1653049327
1653049331
1653049332
1653049352
1653049354
1653049361
1653049362
1653049369
1653049371
1653049375
1653049376
1653049376
1653049386
1653049401
1653049404
1653049405
1653049408
1653049411
1653049411
1653049424
1653049424
1653049426
1653049427
1653049440
1653049446
1653049446
1653049448
1653049456
1653049477
1653049477
1653049480
1653049481
1653049484
1653049486
1653049496
1653049501
1653049503
1653049504
1653049508
1653049508
1653049509
1653049521
1653049522
1653049524
1653049526
1653049531
1653049535
1653049539
1653049543
1653049550
1653049556
1653049562
1653049563
1653049563
1653049563
1653049568
1653049574
1653049580
1653049592
1653049599
1653049607
1653049607
1653049608
1653049614
1653049620
1653049621
1653049625
1653049638
1653049649
1653049651
1653049655
1653049657
1653049673
1653049677
1653049683
1653049683
1653049684
1653049694
1653049702
1653049703
1653049705
1653049706
1653049708
1653049711
1653049713
1653049716
1653049724
1653049725
1653049727
1653049728
1653049731
1653049733
1653049745
1653049762
1653049766
1653049766
1653049771
1653049771
1653049771
1653049777
1653049783
1653049787
1653049788
1653049797
1653049798
1653049799
1653049802
1653049818
1653049823
1653049825
1653049835
1653049845
1653049848
1653049849
1653049871
1653049874
1653049881
1653049884
1653049884
1653049888
1653049890
1653049894
1653049895
1653049914
1653049920
1653049921
1653049932
1653049936
1653049939
1653049946
1653049946
1653049947
1653049951
1653049953
1653049954
1653049956
1653049960
1653049962
1653049965
1653049975
1653049989
1653049992
1653049995
1653049999
1653050003
1653050005
1653050009
1653050010
1653050017
1653050025
1653050026
1653050027
1653050033
1653050038
1653050049
1653050055
1653050064
1653050070
1653050071
1653050089
1653050093
1653050109
1653050109
1653050113
1653050120
1653050125
1653050126
1653050131
1653050135
1653050144
1653050160
1653050167
1653050169
1653050172
1653050174
1653050175
1653050176
1653050179
1653050179
1653050185
1653050191
1653050193
1653050205
1653050211
1653050213
1653050218
1653050220
1653050221
1653050228
1653050228
1653050231
1653050241
1653050242
1653050243
1653050244
1653050261
1653050265
1653050268
1653050271
1653050273
1653050284
1653050292
1653050298
1653050306
1653050326
1653050333
1653050333
1653050347
1653050349
1653050357
1653050359
1653050368
1653050376
1653050379
1653050386
1653050387
1653050387
1653050389
1653050393
1653050411
1653050413
1653050417
1653050418
1653050424
1653050428
1653050432
1653050439
1653050449
1653050450
1653050451
1653050452
1653050458
1653050458
1653050465
1653050478
1653050492
1653050493
1653050493
1653050498
1653050499
1653050499
1653050501
1653050503
1653050507
1653050523
1653050524
1653050534
1653050554
1653050557
1653050559
1653050591
1653050592
1653050601
1653050604
1653050610
1653050612
1653050618
1653050623
1653050625
1653050629
1653050630
1653050634
1653050638
1653050638
1653050654
1653050656
1653050663
1653050665
1653050673
1653050682
1653050688
1653050689
1653050702
1653050702
1653050703
1653050711
1653050715
1653050716
1653050727
1653050729
1653050730
1653050732
1653050734
1653050735
1653050742
1653050746
1653050748
1653050749
1653050764
1653050776
1653050782
1653050785
1653050816
1653050818
1653050842
1653050845
1653050845
1653050847
1653050855
1653050859
1653050866
1653050871
1653050874
1653050876
1653050876
1653050890
1653050898
1653050898
1653050905
1653050912
1653050918
1653050920
1653050934
1653050940
1653050943
1653050945
1653050946
1653050949
1653050950
1653050970
1653050970
1653050973
1653050976
1653050984
1653050986
1653050996
1653051001
1653051005
1653051006
1653051009
1653051014
1653051016
1653051016
1653051018
1653051029
1653051034
1653051067
1653051089
1653051095
1653051099
1653051100
1653051107
1653051113
1653051113
1653051113
1653051121
1653051136
1653051137
1653051142
1653051152
1653051155
1653051163
1653051167
1653051167
1653051172
1653051177
1653051180
1653051203
1653051205
1653051208
1653051211
1653051227
1653051231
1653051237
1653051239
1653051241
1653051242
1653051242
1653051245
1653051251
1653051257
1653051265
1653051273
1653051273
1653051276
1653051282
1653051285
1653051286
1653051290
1653051330
1653051334
1653051343
1653051347
1653051357
1653051379
1653051379
1653051383
1653051387
1653051389
1653051396
1653051405
1653051414
1653051414
1653051425
1653051428
1653051434
1653051445
1653051458
1653051464
1653051468
1653051477
1653051478
1653051480
1653051483
1653051489
1653051491
1653051494
1653051494
1653051498
1653051502
1653051517
1653051520
1653051525
1653051544
1653051549
1653051551
1653051551
1653051555
1653051555
1653051565
1653051567
1653051567
1653051572
1653051576
1653051600
1653051625
1653051629
1653051633
1653051635
1653051644
1653051644
1653051645
1653051666
1653051667
1653051698
1653051703
1653051703
1653051712
1653051714
1653051724
1653051730
1653051734
1653051745
1653051749
1653051752
1653051771
1653051771
1653051772
1653051774
1653051779
1653051784
1653051786
1653051795
1653051804
1653051805
1653051807
1653051811
1653051827
1653051832
1653051832
1653051837
1653051847
1653051848
1653051855
1653051855
1653051865
1653051867
1653051874
1653051883
1653051884
1653051911
1653051926
1653051928
1653051929
1653051931
1653051934
1653051941
1653051964
1653051965
1653051987
1653051990
1653051990
1653051999
1653052031
1653052037
1653052039
1653052041
1653052048
1653052072
1653052076
1653052078
1653052087
1653052088
1653052091
1653052094
1653052099
1653052101
1653052107
1653052112
1653052114
1653052116
1653052117
1653052120
1653052133
1653052137
1653052141
1653052146
1653052147
1653052153
1653052155
1653052160
1653052162
1653052177
1653052187
1653052189
1653052197
1653052197
1653052227
1653052229
1653052245
1653052247
1653052251
1653052253
1653052268
1653052275
1653052284
1653052308
1653052322
1653052323
1653052338
1653052339
1653052341
1653052365
1653052367
1653052386
1653052387
1653052397
1653052406
1653052407
1653052407
1653052407
1653052408
1653052412
1653052421
1653052422
1653052422
1653052434
1653052438
1653052452
1653052455
1653052470
1653052479
1653052484
1653052484
1653052486
1653052486
1653052504
1653052504
1653052510
1653052511
1653052514
1653052532
1653052537
1653052538
1653052540
1653052548
1653052562
1653052565
1653052573
1653052574
1653052588
1653052624
1653052635
1653052636
1653052643
1653052670
1653052681
1653052686
1653052699
1653052706
1653052711
1653052717
1653052718
1653052728
1653052734
1653052742
1653052744
1653052745
1653052745
1653052747
1653052756
1653052761
1653052764
1653052773
1653052781
1653052785
1653052791
1653052793
1653052806
1653052812
1653052815
1653052820
1653052837
1653052845
1653052849
1653052853
1653052853
1653052859
1653052867
1653052871
1653052893
1653052901
1653052917
1653052921
1653052929
1653052933
1653052962
1653052972
1653052985
1653052995
1653052999
1653053009
1653053019
1653053025
1653053033
1653053042
1653053043
1653053048
1653053052
1653053061
1653053063
1653053066
1653053068
1653053079
1653053086
1653053095
1653053104
1653053112
1653053116
1653053116
1653053117
1653053125
1653053134
1653053137
1653053155
1653053160
1653053162
1653053169
1653053173
1653053179
1653053193
1653053194
1653053203
1653053210
1653053216
1653053235
1653053242
1653053249
1653053256
1653053290
1653053305
1653053315
1653053327
1653053337
1653053338
1653053344
1653053351
1653053355
1653053358
1653053360
1653053382
1653053382
1653053401
1653053402
1653053420
1653053423
1653053427
1653053435
1653053447
1653053455
1653053456
1653053456
1653053463
1653053468
1653053468
1653053472
1653053481
1653053484
1653053497
1653053499
1653053519
1653053522
1653053523
1653053528
1653053529
1653053535
1653053540
1653053551
1653053552
1653053558
1653053560
1653053603
1653053614
1653053616
1653053639
1653053646
1653053650
1653053663
1653053673
1653053686
1653053691
1653053706
1653053709
1653053711
1653053717
1653053737
1653053744
1653053747
1653053751
1653053763
1653053776
1653053784
1653053799
1653053810
1653053811
1653053817
1653053817
1653053825
1653053825
1653053831
1653053840
1653053850
1653053851
1653053852
1653053862
1653053870
1653053876
1653053887
1653053903
1653053905
1653053907
1653053926
1653053927
1653053931
1653053938
1653053944
1653053950
1653053960
1653053960
1653053978
1653054016
1653054024
1653054024
1653054025
1653054033
1653054050
1653054080
1653054089
1653054089
1653054093
1653054098
1653054110
1653054129
1653054130
1653054132
1653054137
1653054160
1653054162
1653054168
1653054171
1653054172
1653054182
1653054190
1653054196
1653054219
1653054220
1653054223
1653054234
1653054258
1653054259
1653054260
1653054263
1653054264
1653054277
1653054284
1653054284
1653054293
1653054302
1653054310
1653054312
1653054315
1653054315
1653054318
1653054331
1653054335
1653054380
1653054388
1653054391
1653054409
1653054412
1653054413
1653054417
1653054440
1653054474
1653054477
1653054489
1653054489
1653054491
1653054491
1653054502
1653054515
1653054527
1653054536
1653054537
1653054551
1653054551
1653054552
1653054564
1653054578
1653054595
1653054612
1653054612
1653054614
1653054619
1653054624
1653054633
1653054645
1653054649
1653054658
1653054665
1653054672
1653054690
1653054693
1653054693
1653054698
1653054704
1653054717
1653054718
1653054738
1653054744
1653054745
1653054751
1653054758
1653054787
1653054793
1653054809
1653054823
1653054824
1653054834
1653054846
1653054861
1653054865
1653054872
1653054887
1653054889
1653054907
1653054914
1653054916
1653054930
1653054933
1653054950
1653054962
1653054967
1653054979
1653054987
1653054994
1653054998
1653055001
1653055005
1653055030
1653055030
1653055046
1653055062
1653055065
1653055073
1653055082
1653055084
1653055098
1653055101
1653055102
1653055108
1653055117
1653055126
1653055128
1653055130
1653055139
1653055147
1653055165
1653055186
1653055199
1653055200
1653055210
1653055221
1653055262
1653055266
1653055269
1653055280
1653055285
1653055288
1653055299
1653055311
1653055324
1653055338
1653055343
1653055346
1653055354
1653055361
1653055371
1653055387
1653055402
1653055408
1653055411
1653055422
1653055425
1653055429
1653055458
1653055459
1653055463
1653055472
1653055473
1653055480
1653055486
1653055486
1653055497
1653055497
1653055510
1653055518
1653055521
1653055528
1653055530
1653055538
1653055542
1653055567
1653055589
1653055601
1653055605
1653055608
1653055644
1653055650
1653055676
1653055683
1653055684
1653055696
1653055697
1653055702
1653055705
1653055726
1653055732
1653055751
1653055754
1653055760
1653055775
1653055777
1653055805
1653055814
1653055825
1653055827
1653055844
1653055847
1653055854
1653055876
1653055880
1653055889
1653055890
1653055890
1653055892
1653055916
1653055921
1653055922
1653055925
1653055936
1653055939
1653055945
1653055953
1653055959
1653055964
1653055965
1653055978
1653055998
1653056005
1653056025
1653056047
1653056054
1653056087
1653056087
1653056091
1653056099
1653056113
1653056115
1653056121
1653056131
1653056132
1653056134
1653056152
1653056154
1653056187
1653056192
1653056203
1653056227
1653056228
1653056229
1653056256
1653056264
1653056286
1653056294
1653056314
1653056317
1653056327
1653056332
1653056348
1653056357
1653056358
1653056370
1653056373
1653056374
1653056376
1653056377
1653056386
1653056386
1653056405
1653056415
1653056423
1653056441
1653056441
1653056444
1653056458
1653056473
1653056484
1653056507
1653056520
1653056535
1653056541
1653056547
1653056548
1653056553
1653056567
1653056580
1653056587
1653056606
1653056618
1653056633
1653056633
1653056645
1653056652
1653056653
1653056663
1653056683
1653056691
1653056693
1653056704
1653056748
1653056752
1653056763
1653056774
1653056778
1653056783
1653056791
1653056804
1653056809
1653056819
1653056835
1653056847
1653056854
1653056862
1653056872
1653056886
1653056894
1653056897
1653056904
1653056920
1653056926
1653056936
1653056945
1653056948
1653056974
1653056986
1653057011
1653057032
1653057041
1653057046
1653057062
1653057063
1653057070
1653057075
1653057078
1653057083
1653057088
1653057095
1653057117
1653057136
1653057168
1653057169
1653057170
1653057182
1653057223
1653057227
1653057233
1653057237
1653057252
1653057278
1653057293
1653057294
1653057296
1653057300
1653057324
1653057326
1653057329
1653057331
1653057343
1653057346
1653057348
1653057375
1653057398
1653057414
1653057434
1653057435
1653057443
1653057445
1653057452
1653057481
1653057496
1653057508
1653057515
1653057524
1653057544
1653057545
1653057574
1653057578
1653057593
1653057618
1653057653
1653057691
1653057692
1653057694
1653057697
1653057703
1653057726
1653057731
1653057736
1653057737
1653057741
1653057745
1653057747
1653057750
1653057751
1653057759
1653057780
1653057784
1653057834
1653057837
1653057845
1653057860
1653057879
1653057890
1653057903
1653057911
1653057922
1653057931
1653057971
1653057980
1653057991
1653058027
1653058029
1653058063
1653058080
1653058083
1653058083
1653058092
1653058093
1653058122
1653058139
1653058139
1653058160
1653058168
1653058174
1653058179
1653058194
1653058197
1653058203
1653058212
1653058242
1653058247
1653058284
1653058297
1653058327
1653058353
1653058359
1653058362
1653058392
1653058393
1653058415
1653058432
1653058457
1653058466
1653058468
1653058474
1653058514
1653058534
1653058562
1653058574
1653058583
1653058588
1653058592
1653058610
1653058639
1653058676
1653058684
1653058745
1653058777
1653058778
1653058779
1653058801
1653058811
1653058814
1653058872
1653058905
1653058969
1653058976
1653058986
1653058992
1653059019
1653059021
1653059042
1653059101
1653059126
1653059179
1653059189
1653059209
1653059232
1653059252
1653059325
1653059417
1653059435
1653059462
1653059504
1653059577
1653059584
1653059590
1653059648
1653059648
1653059737
1653059909
1653059968
1653059989
1653060007
1653060168
