        H008  2 0.2336 0.0765 0.2248 0.1481 0.1530 0.1640 
        H021  2 0.1316 0.2817 0.1430 0.1340 0.1713 0.1384 
        H023  2 0.1986 0.1715 0.1147 0.2377 0.1455 0.1320 
        H024  2 0.1478 0.0652 0.3340 0.0986 0.1805 0.1739 
        H025  2 0.0739 0.1016 0.1451 0.3450 0.1528 0.1816 
        H026  2 0.0932 0.1371 0.2045 0.0643 0.1549 0.3460 
        H027  2 0.2105 0.1617 0.1942 0.1243 0.1688 0.1404 
        H028  2 0.1541 0.1169 0.2000 0.1292 0.1619 0.2378 
        H029  2 0.1888 0.1573 0.2208 0.0858 0.1733 0.1740 
        H030  2 0.1548 0.0851 0.3046 0.0756 0.1816 0.1984 
        H038  2 0.1982 0.2397 0.0937 0.1821 0.1655 0.1208 
        H039  2 0.0591 0.1142 0.0811 0.5377 0.1311 0.0769 
        H040  2 0.1642 0.2046 0.1499 0.1543 0.1601 0.1669 
        H041  2 0.2176 0.0820 0.2202 0.1970 0.1610 0.1221 
        H042  2 0.1757 0.1236 0.1488 0.2253 0.1684 0.1583 
        H043  2 0.0881 0.2663 0.0979 0.2750 0.1559 0.1167 
        H044  2 0.1440 0.1378 0.2222 0.1119 0.1822 0.2020 
        H047  2 0.0899 0.1364 0.1869 0.2054 0.1829 0.1985 
        H050  2 0.1442 0.1135 0.3377 0.0634 0.1634 0.1778 
        H058  2 0.1041 0.2601 0.1336 0.1494 0.1819 0.1709 
        H062  2 0.1629 0.2009 0.1005 0.2438 0.1526 0.1394 
        H063  2 0.1245 0.1854 0.1299 0.2729 0.1764 0.1109 
        H065  2 0.1466 0.0933 0.1118 0.2231 0.1080 0.3172 
        H066  2 0.0808 0.2247 0.2028 0.0666 0.2567 0.1683 
        H067  2 0.3121 0.1151 0.1489 0.1271 0.1325 0.1643 
        H068  2 0.0792 0.1858 0.1669 0.2339 0.1864 0.1478 
        H069  2 0.1098 0.2206 0.1846 0.1211 0.1631 0.2009 
        H071  2 0.2048 0.1864 0.1148 0.1911 0.1626 0.1403 
        H072  2 0.0852 0.1266 0.1138 0.4281 0.1510 0.0953 
        H073  2 0.3024 0.1136 0.1162 0.1363 0.1146 0.2169 
        H081  2 0.2962 0.0720 0.1190 0.2758 0.1436 0.0934 
        H082  2 0.1256 0.0893 0.2838 0.1256 0.2213 0.1544 
        H083  2 0.1719 0.0953 0.2161 0.1281 0.1758 0.2127 
        H084  2 0.1180 0.2400 0.1731 0.1146 0.2141 0.1401 
        H085  2 0.2388 0.0979 0.1885 0.1904 0.1637 0.1207 
        H087  2 0.2737 0.1111 0.1427 0.1896 0.1691 0.1138 
        H088  2 0.1671 0.2102 0.1168 0.2219 0.1531 0.1310 
        H089  2 0.2732 0.1641 0.1304 0.1617 0.1253 0.1454 
        H090  2 0.1785 0.0724 0.3179 0.1158 0.1665 0.1489 
        H091  2 0.2184 0.1007 0.2581 0.1048 0.1719 0.1460 
        H098  2 0.1634 0.0725 0.2831 0.1676 0.1799 0.1335 
      H10001  2 0.0662 0.1497 0.0749 0.4940 0.1305 0.0846 
      H10002  2 0.2895 0.1433 0.1029 0.2092 0.1283 0.1268 
        H101  2 0.1239 0.1400 0.3397 0.0567 0.1955 0.1442 
        H108  2 0.1742 0.0752 0.0858 0.4284 0.1180 0.1184 
        H109  2 0.0817 0.2301 0.1857 0.1258 0.2296 0.1471 
        H110  2 0.4723 0.0584 0.1376 0.1326 0.1089 0.0902 
        H116  2 0.1926 0.1190 0.1818 0.1035 0.1500 0.2531 
        H117  2 0.1907 0.1076 0.2632 0.0851 0.2465 0.1068 
        H118  2 0.1880 0.0800 0.2368 0.1003 0.1603 0.2345 
        H119  2 0.2988 0.1448 0.1157 0.1404 0.1838 0.1165 
        H120  2 0.1208 0.0897 0.0687 0.5002 0.1351 0.0854 
        H121  2 0.1875 0.0861 0.3264 0.1111 0.1509 0.1380 
        H125  2 0.0824 0.2053 0.0833 0.3846 0.1623 0.0822 
        H126  2 0.1437 0.0660 0.1767 0.2385 0.1236 0.2515 
        H128  2 0.1813 0.0570 0.3826 0.0433 0.1646 0.1713 
        H129  2 0.1403 0.0972 0.1884 0.0974 0.1359 0.3408 
        H130  2 0.0734 0.2075 0.1120 0.2593 0.1678 0.1800 
        H133  2 0.0955 0.1659 0.1252 0.3273 0.1350 0.1512 
        H134  2 0.0858 0.0810 0.1619 0.0794 0.1014 0.4905 
        H135  2 0.2618 0.1256 0.1264 0.2026 0.1359 0.1477 
        H137  2 0.1392 0.1178 0.2850 0.0995 0.2267 0.1318 
        H138  2 0.1323 0.1701 0.1565 0.0744 0.1841 0.2825 
        H140  2 0.1467 0.1242 0.2318 0.1459 0.1800 0.1714 
        H146  2 0.1675 0.1104 0.2770 0.0994 0.1593 0.1864 
        H147  2 0.3388 0.0951 0.1756 0.1470 0.1352 0.1083 
        H148  2 0.2195 0.1762 0.1914 0.0956 0.1950 0.1223 
     H166022  2 0.2853 0.1127 0.1872 0.0925 0.1798 0.1425 
     H167359  2 0.1135 0.2466 0.1464 0.1205 0.1838 0.1893 
     H167397  2 0.2120 0.0817 0.3088 0.0557 0.1844 0.1574 
     H167428  2 0.1718 0.0733 0.2708 0.0956 0.1609 0.2274 
     H167496  2 0.1325 0.1255 0.1293 0.3437 0.1647 0.1044 
     H167513  2 0.0915 0.1545 0.2575 0.1287 0.2493 0.1186 
     H167545  2 0.1589 0.1362 0.1870 0.1024 0.1776 0.2378 
     H167547  2 0.1273 0.0963 0.3014 0.0633 0.2434 0.1682 
     H169621  2 0.1463 0.1184 0.2949 0.0776 0.2125 0.1503 
     H169622  2 0.2431 0.2263 0.1219 0.0844 0.1268 0.1975 
     H169750  2 0.1245 0.1582 0.1829 0.1515 0.1929 0.1899 
     H171806  2 0.1629 0.1491 0.1796 0.1417 0.1790 0.1876 
     H171808  2 0.1572 0.2019 0.1575 0.1312 0.1605 0.1917 
     H171809  2 0.2210 0.1528 0.1313 0.1946 0.1395 0.1608 
     H171813  2 0.1346 0.1506 0.1764 0.1389 0.1692 0.2303 
     H171815  2 0.1028 0.1617 0.0927 0.3661 0.1441 0.1327 
     H171824  2 0.2105 0.2650 0.1141 0.1465 0.1495 0.1144 
     H171825  2 0.2588 0.1891 0.1104 0.1287 0.1239 0.1891 
     H171826  2 0.1503 0.2006 0.1656 0.1274 0.1929 0.1631 
     H171827  2 0.2982 0.2416 0.1072 0.0925 0.1178 0.1428 
     H171828  2 0.1171 0.1241 0.0799 0.4590 0.1416 0.0784 
     H171829  2 0.1363 0.1674 0.1722 0.1318 0.1712 0.2211 
     H171830  2 0.1566 0.1037 0.2310 0.2195 0.1683 0.1208 
     H171831  2 0.1285 0.0979 0.2400 0.0824 0.1827 0.2684 
     H171832  2 0.1355 0.1315 0.1621 0.1442 0.1704 0.2563 
     H171863  2 0.1060 0.1307 0.2401 0.0709 0.1851 0.2672 
     H171864  2 0.1635 0.1384 0.2117 0.1506 0.2095 0.1264 
     H171865  2 0.0891 0.1217 0.1214 0.3978 0.1505 0.1195 
     H171879  2 0.1603 0.1533 0.2110 0.0930 0.2113 0.1710 
     H171880  2 0.1589 0.1485 0.2651 0.0736 0.2228 0.1311 
     H171881  2 0.1361 0.1611 0.2120 0.0992 0.2010 0.1906 
     H171882  2 0.0961 0.0646 0.0802 0.5439 0.1395 0.0756 
     H171929  2 0.1497 0.1107 0.2266 0.1870 0.1814 0.1445 
     H171930  2 0.1413 0.1265 0.2511 0.0727 0.2038 0.2046 
     H171933  2 0.1639 0.1656 0.2114 0.0920 0.2104 0.1568 
     H171934  2 0.2057 0.1720 0.1445 0.1392 0.2109 0.1277 
     H171937  2 0.1253 0.0992 0.2145 0.1294 0.1474 0.2842 
     H171962  2 0.1484 0.1857 0.1562 0.1454 0.1666 0.1976 
        H190  2 0.2074 0.1180 0.1911 0.1304 0.1765 0.1766 
        H191  2 0.1258 0.1117 0.1916 0.2120 0.1836 0.1753 
        H396  2 0.2500 0.1314 0.1005 0.2464 0.1506 0.1211 
        H397  2 0.1710 0.1573 0.1865 0.1364 0.1511 0.1976 
        H398  2 0.1102 0.1794 0.1332 0.1584 0.1677 0.2511 
        H400  2 0.1871 0.2022 0.1390 0.1551 0.1614 0.1552 
        H401  2 0.1451 0.0605 0.3693 0.0687 0.2483 0.1081 
        H402  2 0.2850 0.1199 0.2012 0.0723 0.1879 0.1338 
        H427  2 0.2934 0.1246 0.1415 0.1632 0.1417 0.1355 
        H428  2 0.1913 0.0764 0.2537 0.0958 0.1609 0.2220 
        H497  2 0.0996 0.1768 0.1648 0.2473 0.1899 0.1217 
        H512  2 0.1974 0.1224 0.2362 0.1031 0.2037 0.1373 
        H513  2 0.0890 0.1583 0.2599 0.1332 0.2428 0.1168 
        H514  2 0.1548 0.2102 0.1349 0.1209 0.1658 0.2134 
        H519  2 0.0996 0.1410 0.2732 0.1267 0.2413 0.1182 
        H532  2 0.2431 0.1890 0.1335 0.1096 0.1853 0.1394 
        H543  2 0.2792 0.2197 0.1701 0.0749 0.1377 0.1183 
        H544  2 0.0867 0.1384 0.1630 0.2112 0.1327 0.2680 
        H545  2 0.1509 0.1311 0.1971 0.1010 0.1685 0.2513 
        H546  2 0.0853 0.1250 0.1172 0.3426 0.1545 0.1754 
        H547  2 0.1249 0.0997 0.2942 0.0649 0.2485 0.1678 
        H548  2 0.2656 0.1518 0.1393 0.1689 0.1362 0.1381 
        H549  2 0.1232 0.2386 0.1733 0.1244 0.2031 0.1374 
        H620  2 0.1145 0.0757 0.0623 0.5480 0.1325 0.0671 
        H623  2 0.1140 0.0863 0.2426 0.1558 0.1678 0.2335 
        H624  2 0.0890 0.3621 0.0895 0.1764 0.1412 0.1418 
        H625  2 0.2034 0.1320 0.1500 0.2070 0.1556 0.1519 
        H626  2 0.1472 0.2761 0.1461 0.1221 0.1720 0.1364 
        H654  2 0.0666 0.1743 0.0672 0.4725 0.1356 0.0837 
        H655  2 0.1192 0.3559 0.1077 0.1341 0.1523 0.1308 
        H656  2 0.1242 0.0716 0.0568 0.5625 0.1126 0.0723 
        H666  2 0.0678 0.1778 0.1308 0.3576 0.1454 0.1205 
        H667  2 0.4256 0.1121 0.1044 0.1310 0.1137 0.1133 
        H677  2 0.2410 0.1819 0.1399 0.1170 0.1717 0.1485 
        H693  2 0.1772 0.1037 0.0889 0.4016 0.1378 0.0908 
        H694  2 0.1148 0.0926 0.2571 0.1338 0.1797 0.2221 
        H701  2 0.1578 0.1722 0.2184 0.0892 0.1857 0.1767 
        H702  2 0.1979 0.2132 0.1474 0.1184 0.1806 0.1425 
        H731  2 0.2166 0.1566 0.1262 0.2340 0.1420 0.1246 
       H7359  2 0.1077 0.2361 0.1585 0.1226 0.1770 0.1981 
       H7389  2 0.1505 0.1585 0.1823 0.1164 0.2108 0.1815 
       H7390  2 0.0668 0.4718 0.0858 0.1009 0.1654 0.1093 
       H7391  2 0.3238 0.1011 0.1340 0.1698 0.1690 0.1024 
       H7392  2 0.1069 0.2482 0.1522 0.1282 0.1495 0.2150 
       H7393  2 0.1158 0.1776 0.1805 0.1689 0.2282 0.1289 
       H7398  2 0.2236 0.0934 0.2162 0.1914 0.1619 0.1135 
       H7399  2 0.3300 0.1061 0.1546 0.0949 0.1325 0.1819 
       H7400  2 0.0729 0.0989 0.0603 0.5661 0.1262 0.0756 
        H745  2 0.0816 0.0943 0.1871 0.0930 0.1712 0.3729 
        H746  2 0.3913 0.1155 0.1109 0.1119 0.1232 0.1472 
        H747  2 0.1048 0.2108 0.1695 0.1971 0.1868 0.1309 
        H748  2 0.2023 0.2349 0.1438 0.1022 0.1691 0.1476 
       H7484  2 0.0973 0.0951 0.1239 0.4152 0.1528 0.1156 
       H7485  2 0.1184 0.1930 0.1544 0.1805 0.1692 0.1846 
        H749  2 0.2738 0.2129 0.1304 0.1040 0.1263 0.1526 
        H930  2 0.1564 0.1373 0.2395 0.0750 0.2097 0.1821 
        H931  2 0.1673 0.0995 0.1798 0.2427 0.1543 0.1563 
        H932  2 0.1543 0.2125 0.1536 0.0973 0.2086 0.1736 
        H002  4 0.1302 0.1112 0.1036 0.3332 0.1315 0.1903 
        H003  4 0.4991 0.0768 0.0793 0.1271 0.0933 0.1243 
        H009  4 0.1008 0.1695 0.1610 0.0910 0.1795 0.2981 
        H010  4 0.1919 0.2136 0.1486 0.0972 0.1735 0.1753 
        H011  4 0.1149 0.1201 0.0983 0.4099 0.1567 0.1000 
        H012  4 0.2823 0.1208 0.1769 0.1260 0.1578 0.1362 
        H013  4 0.2896 0.1165 0.0942 0.2817 0.1218 0.0962 
        H014  4 0.1520 0.1553 0.2096 0.1195 0.1816 0.1820 
        H045  4 0.1577 0.0848 0.1766 0.3080 0.1737 0.0992 
        H046  4 0.3252 0.0996 0.1199 0.1139 0.1186 0.2228 
        H051  4 0.1867 0.0859 0.1067 0.3690 0.1407 0.1110 
        H052  4 0.0794 0.1085 0.1693 0.2933 0.1524 0.1972 
        H053  4 0.1231 0.3287 0.1403 0.1072 0.1474 0.1534 
        H056  4 0.0913 0.0947 0.1306 0.3766 0.1628 0.1440 
        H076  4 0.1857 0.1357 0.1708 0.0954 0.1664 0.2460 
        H151  4 0.1016 0.3317 0.1036 0.1679 0.1506 0.1445 
        H152  4 0.1106 0.1318 0.1287 0.3023 0.1271 0.1995 
     H171803  4 0.1997 0.2733 0.1219 0.1115 0.1821 0.1115 
     H171804  4 0.1724 0.1681 0.1429 0.2046 0.1883 0.1237 
     H171833  4 0.1329 0.1246 0.1567 0.0991 0.1589 0.3278 
     H171855  4 0.0779 0.1980 0.1156 0.2639 0.1775 0.1671 
     H171856  4 0.1357 0.2235 0.1727 0.1126 0.2007 0.1547 
     H171857  4 0.1062 0.1446 0.1509 0.2201 0.1982 0.1800 
     H171858  4 0.1358 0.1717 0.1721 0.1550 0.1512 0.2142 
     H171859  4 0.1981 0.1435 0.1550 0.1569 0.1598 0.1868 
     H171961  4 0.1273 0.1838 0.1211 0.2762 0.1617 0.1300 
        H198  4 0.3113 0.1388 0.1421 0.0781 0.1342 0.1956 
      H20001  4 0.0908 0.1630 0.1779 0.0746 0.1925 0.3013 
        H403  4 0.1298 0.1613 0.1857 0.1454 0.1937 0.1840 
        H404  4 0.3003 0.1310 0.1363 0.1302 0.1240 0.1782 
        H405  4 0.2812 0.0987 0.1450 0.1141 0.1425 0.2184 
        H406  4 0.1016 0.0840 0.2648 0.1578 0.2153 0.1765 
        H407  4 0.1251 0.2902 0.1751 0.0853 0.1966 0.1277 
        H410  4 0.1722 0.0922 0.3016 0.0748 0.2523 0.1069 
        H411  4 0.1031 0.1100 0.2394 0.1054 0.1837 0.2584 
        H468  4 0.0902 0.1978 0.1687 0.0886 0.2196 0.2350 
        H476  4 0.1039 0.2735 0.1444 0.1471 0.1850 0.1462 
        H477  4 0.0977 0.2496 0.1649 0.0565 0.1602 0.2711 
        H478  4 0.3966 0.0998 0.1211 0.1282 0.1352 0.1192 
        H479  4 0.2071 0.0983 0.1025 0.3169 0.1297 0.1456 
        H480  4 0.1432 0.1468 0.2247 0.0741 0.1858 0.2253 
        H498  4 0.2530 0.1333 0.1298 0.1776 0.1343 0.1720 
        H499  4 0.1997 0.1467 0.1376 0.1735 0.1506 0.1919 
        H500  4 0.1860 0.2327 0.1049 0.2218 0.1404 0.1142 
        H515  4 0.1271 0.2088 0.1767 0.1455 0.1850 0.1569 
        H516  4 0.1294 0.1805 0.2032 0.0998 0.1719 0.2151 
        H517  4 0.2069 0.1143 0.2081 0.0989 0.2285 0.1432 
        H518  4 0.0746 0.1758 0.1620 0.2046 0.1699 0.2131 
        H520  4 0.1365 0.2007 0.1639 0.1405 0.1771 0.1813 
        H521  4 0.1891 0.1384 0.1775 0.1564 0.1694 0.1691 
        H522  4 0.1413 0.2849 0.1336 0.1029 0.1790 0.1582 
        H523  4 0.1573 0.1616 0.1860 0.1534 0.1782 0.1635 
        H536  4 0.3060 0.1114 0.1124 0.1492 0.1079 0.2131 
        H645  4 0.3083 0.0981 0.0966 0.2766 0.1252 0.0951 
        H646  4 0.1192 0.1519 0.2446 0.0654 0.1879 0.2309 
        H647  4 0.0848 0.3693 0.1371 0.0883 0.1491 0.1714 
        H657  4 0.2371 0.1326 0.1814 0.0909 0.1926 0.1655 
        H658  4 0.1022 0.3565 0.1425 0.0814 0.1676 0.1499 
        H659  4 0.1350 0.3480 0.0838 0.1873 0.1446 0.1013 
        H660  4 0.1207 0.1561 0.1899 0.1926 0.1683 0.1725 
        H661  4 0.0918 0.3433 0.1089 0.1462 0.1564 0.1534 
        H668  4 0.3394 0.1155 0.1561 0.1017 0.1390 0.1483 
        H669  4 0.1692 0.1620 0.1896 0.1635 0.1642 0.1515 
        H670  4 0.3369 0.1124 0.0953 0.2065 0.1309 0.1180 
        H678  4 0.1183 0.3204 0.1505 0.0786 0.1934 0.1388 
        H679  4 0.1616 0.1645 0.2219 0.1193 0.1687 0.1639 
        H680  4 0.1178 0.1859 0.1724 0.0926 0.2264 0.2047 
        H681  4 0.3017 0.1103 0.1282 0.2187 0.1156 0.1254 
        H682  4 0.2699 0.1480 0.1794 0.1059 0.1777 0.1191 
        H683  4 0.0839 0.1252 0.1845 0.2807 0.1444 0.1813 
        H718  4 0.1028 0.0902 0.1220 0.4250 0.1526 0.1074 
        H719  4 0.1558 0.1079 0.1818 0.2622 0.1637 0.1287 
        H720  4 0.1240 0.1231 0.1522 0.2519 0.1658 0.1830 
        H721  4 0.1104 0.1601 0.1455 0.1741 0.1605 0.2495 
        H722  4 0.0852 0.1271 0.1156 0.2835 0.1340 0.2546 
        H723  4 0.1692 0.1350 0.1320 0.2940 0.1627 0.1071 
        H724  4 0.0735 0.2404 0.1291 0.2361 0.1953 0.1256 
        H725  4 0.0894 0.1353 0.1186 0.3495 0.1612 0.1460 
        H726  4 0.1055 0.2195 0.1340 0.2286 0.1663 0.1460 
        H727  4 0.1429 0.2078 0.1557 0.1807 0.1773 0.1356 
        H910  4 0.1624 0.1359 0.1795 0.1988 0.1997 0.1237 
        H911  4 0.1624 0.0976 0.2245 0.1370 0.1958 0.1826 
        H912  4 0.1150 0.1969 0.1791 0.1356 0.1831 0.1902 
        H913  4 0.1070 0.4060 0.1193 0.1017 0.1405 0.1256 
        H914  4 0.2214 0.2852 0.0968 0.1658 0.1274 0.1034 
        H915  4 0.1504 0.2625 0.1647 0.1109 0.1676 0.1438 
        H916  4 0.1098 0.1863 0.2150 0.1091 0.1935 0.1862 
       H9572  4 0.1180 0.1617 0.2037 0.1295 0.2505 0.1365 
        H015  5 0.1110 0.1094 0.2669 0.1157 0.2066 0.1904 
        H016  5 0.1372 0.1701 0.1547 0.1171 0.1278 0.2932 
        H017  5 0.1241 0.2544 0.1563 0.1003 0.1596 0.2054 
        H019  5 0.1285 0.1140 0.1957 0.1985 0.1638 0.1995 
        H020  5 0.1382 0.1543 0.1795 0.2113 0.1359 0.1808 
        H032  5 0.1855 0.1473 0.1643 0.1524 0.1644 0.1860 
        H033  5 0.2502 0.1339 0.2090 0.1082 0.1334 0.1651 
        H034  5 0.2096 0.1717 0.1307 0.1899 0.1757 0.1224 
        H035  5 0.1227 0.2759 0.1582 0.0801 0.1920 0.1711 
        H036  5 0.1307 0.1192 0.2745 0.1169 0.1838 0.1748 
        H037  5 0.1251 0.4071 0.1049 0.0961 0.1494 0.1173 
        H048  5 0.1247 0.1858 0.1337 0.2385 0.2060 0.1113 
        H049  5 0.1217 0.1051 0.2092 0.1742 0.1457 0.2441 
        H054  5 0.1524 0.1464 0.1541 0.1378 0.1852 0.2242 
        H055  5 0.1581 0.1978 0.1263 0.1653 0.1573 0.1953 
        H057  5 0.1121 0.1904 0.1130 0.1367 0.1137 0.3342 
        H060  5 0.1546 0.2131 0.1071 0.1895 0.1338 0.2018 
        H061  5 0.2435 0.1735 0.1331 0.1054 0.1982 0.1463 
        H064  5 0.1670 0.0939 0.1418 0.2783 0.1421 0.1768 
        H070  5 0.2147 0.1301 0.1349 0.2350 0.1730 0.1123 
        H077  5 0.0960 0.1092 0.1300 0.3919 0.1656 0.1073 
        H078  5 0.0796 0.2827 0.1522 0.1127 0.1685 0.2044 
        H079  5 0.2703 0.1662 0.1602 0.1116 0.1437 0.1481 
        H097  5 0.0896 0.1777 0.1735 0.1660 0.1505 0.2427 
        H107  5 0.1841 0.2132 0.0873 0.2803 0.1334 0.1018 
        H122  5 0.1149 0.2937 0.1427 0.0736 0.2063 0.1689 
        H123  5 0.1766 0.1581 0.2313 0.0700 0.1825 0.1815 
        H124  5 0.1937 0.1897 0.1799 0.0994 0.1615 0.1758 
        H131  5 0.1797 0.1270 0.2829 0.0822 0.1668 0.1614 
        H132  5 0.1358 0.1412 0.1597 0.2111 0.1847 0.1674 
        H141  5 0.2161 0.2041 0.1419 0.1500 0.1408 0.1471 
        H142  5 0.3014 0.1486 0.1341 0.1079 0.1458 0.1622 
        H157  5 0.1150 0.2245 0.1315 0.1987 0.1770 0.1534 
        H158  5 0.1359 0.1373 0.1787 0.0764 0.1478 0.3238 
        H159  5 0.1932 0.1185 0.1881 0.1016 0.2264 0.1722 
        H160  5 0.1802 0.2101 0.1506 0.0917 0.1949 0.1725 
        H163  5 0.1677 0.1178 0.2293 0.1061 0.1816 0.1975 
        H164  5 0.2948 0.0798 0.1625 0.1871 0.1392 0.1367 
        H165  5 0.3126 0.0879 0.2346 0.0948 0.1323 0.1377 
        H166  5 0.1298 0.1196 0.2436 0.1396 0.1802 0.1872 
        H169  5 0.3048 0.1447 0.1430 0.1028 0.1329 0.1718 
     H169613  5 0.1960 0.1510 0.1515 0.1688 0.1654 0.1672 
     H169653  5 0.2137 0.1070 0.2264 0.1243 0.1538 0.1747 
     H169728  5 0.1632 0.1485 0.1822 0.0995 0.1906 0.2160 
     H169742  5 0.2950 0.1529 0.1061 0.2018 0.1071 0.1371 
        H170  5 0.0772 0.1495 0.1528 0.1284 0.1663 0.3258 
        H171  5 0.1282 0.1289 0.1577 0.1582 0.1409 0.2862 
     H171851  5 0.0945 0.1902 0.1817 0.1358 0.1617 0.2361 
     H171852  5 0.1131 0.2156 0.1198 0.2019 0.1532 0.1966 
     H171853  5 0.1858 0.1614 0.1905 0.1223 0.2147 0.1252 
     H171854  5 0.1171 0.1406 0.1983 0.1444 0.1938 0.2057 
     H171938  5 0.4019 0.1234 0.0910 0.1621 0.1136 0.1080 
     H171939  5 0.1297 0.1472 0.2129 0.1293 0.1675 0.2134 
     H171941  5 0.1106 0.1757 0.1173 0.3029 0.1698 0.1237 
     H171965  5 0.2498 0.1569 0.1325 0.1168 0.1318 0.2124 
     H171970  5 0.0789 0.1411 0.1130 0.3899 0.1721 0.1050 
     H171973  5 0.2827 0.1770 0.1328 0.1232 0.1353 0.1490 
     H171974  5 0.1627 0.2434 0.1525 0.1102 0.1834 0.1478 
     H171975  5 0.1368 0.1019 0.1831 0.2589 0.1804 0.1389 
     H171976  5 0.0803 0.1265 0.1587 0.1840 0.1470 0.3035 
        H175  5 0.1173 0.2335 0.1469 0.1677 0.1883 0.1462 
        H178  5 0.1876 0.1192 0.1321 0.2618 0.1555 0.1437 
        H189  5 0.2660 0.0833 0.2612 0.0887 0.1343 0.1665 
        H399  5 0.0859 0.1639 0.1441 0.0666 0.2137 0.3258 
        H416  5 0.1535 0.2577 0.1257 0.1698 0.1516 0.1416 
        H438  5 0.2162 0.1499 0.1869 0.1231 0.2045 0.1194 
        H450  5 0.1441 0.1816 0.0991 0.2759 0.1597 0.1396 
        H455  5 0.0937 0.0955 0.0873 0.4909 0.1458 0.0868 
        H456  5 0.2820 0.1603 0.1162 0.1446 0.1561 0.1409 
        H457  5 0.1042 0.1384 0.1363 0.2862 0.1507 0.1842 
        H458  5 0.2022 0.2037 0.1273 0.1483 0.1664 0.1522 
        H459  5 0.2039 0.2281 0.1449 0.0820 0.1767 0.1644 
        H460  5 0.2480 0.1782 0.1321 0.1529 0.1473 0.1415 
        H461  5 0.1102 0.1483 0.1653 0.1295 0.1697 0.2770 
        H462  5 0.1592 0.1260 0.2446 0.1172 0.2002 0.1529 
        H469  5 0.1642 0.1049 0.2823 0.1215 0.1856 0.1415 
        H470  5 0.1577 0.1639 0.1848 0.1221 0.1964 0.1751 
        H471  5 0.1094 0.2510 0.1629 0.0589 0.1844 0.2335 
        H481  5 0.0865 0.2272 0.1092 0.3128 0.1417 0.1226 
        H482  5 0.1496 0.1706 0.1514 0.2171 0.1489 0.1624 
        H501  5 0.1403 0.2530 0.1326 0.1596 0.1725 0.1420 
        H502  5 0.2160 0.1390 0.1645 0.0975 0.1514 0.2315 
        H503  5 0.1911 0.0907 0.2481 0.1073 0.1642 0.1986 
        H509  5 0.1106 0.1897 0.1810 0.1506 0.2560 0.1120 
        H510  5 0.1796 0.0753 0.1499 0.2757 0.1434 0.1761 
        H511  5 0.2401 0.1145 0.1645 0.1241 0.1472 0.2095 
        H530  5 0.2201 0.1887 0.1447 0.1705 0.1469 0.1292 
        H531  5 0.0655 0.3968 0.0956 0.1422 0.1522 0.1477 
        H564  5 0.1555 0.2023 0.0993 0.2355 0.1395 0.1679 
        H565  5 0.0870 0.2295 0.0879 0.3470 0.1426 0.1060 
        H567  5 0.1656 0.1020 0.3349 0.0723 0.1577 0.1675 
     H568???  5 0.1165 0.1508 0.1809 0.0797 0.1573 0.3148 
        H608  5 0.1593 0.1733 0.1110 0.2530 0.1483 0.1552 
        H609  5 0.2246 0.1227 0.1872 0.1544 0.1581 0.1531 
        H612  5 0.2470 0.1510 0.0823 0.2924 0.1346 0.0928 
        H614  5 0.0728 0.3458 0.1032 0.1761 0.1529 0.1492 
        H615  5 0.0779 0.3406 0.1042 0.1882 0.1600 0.1290 
        H616  5 0.1228 0.1590 0.0845 0.4017 0.1447 0.0872 
        H617  5 0.2915 0.1263 0.1685 0.0965 0.1797 0.1375 
        H618  5 0.0988 0.1393 0.1209 0.3457 0.1773 0.1180 
        H619  5 0.4041 0.0812 0.0991 0.2062 0.0923 0.1171 
        H635  5 0.1569 0.1249 0.1948 0.1684 0.1805 0.1745 
        H636  5 0.5017 0.0758 0.0880 0.1412 0.0911 0.1023 
        H637  5 0.1691 0.1414 0.1209 0.3102 0.1274 0.1311 
        H644  5 0.1219 0.0747 0.2775 0.0646 0.1671 0.2941 
        H711  5 0.1201 0.2204 0.1419 0.1104 0.1500 0.2571 
        H712  5 0.1847 0.1816 0.1059 0.2667 0.1429 0.1182 
       H7360  5 0.1391 0.1859 0.1395 0.1496 0.1507 0.2352 
       H7361  5 0.1188 0.1710 0.1224 0.2787 0.1629 0.1462 
       H7362  5 0.1315 0.0864 0.2520 0.0660 0.1353 0.3288 
       H7363  5 0.1058 0.1768 0.1802 0.1779 0.1884 0.1709 
       H7394  5 0.2602 0.1311 0.1859 0.0861 0.1714 0.1653 
       H7395  5 0.2728 0.1515 0.1059 0.1796 0.1268 0.1633 
       H7396  5 0.1337 0.3460 0.1546 0.0951 0.1575 0.1131 
        H742  5 0.3062 0.1498 0.0968 0.2044 0.1093 0.1335 
        H743  5 0.1206 0.1556 0.1603 0.2462 0.1599 0.1574 
        H744  5 0.0965 0.1996 0.1579 0.2491 0.1891 0.1077 
        H957  5 0.1307 0.2082 0.1246 0.1060 0.1631 0.2674 
        H958  5 0.1664 0.1715 0.1981 0.1208 0.1763 0.1670 
        H959  5 0.1658 0.1290 0.1013 0.3583 0.1318 0.1139 
        H960  5 0.1517 0.1515 0.1959 0.1524 0.1977 0.1508 
        H431  8 0.1434 0.2761 0.1467 0.1214 0.2008 0.1117 
        H432  8 0.1198 0.0750 0.3059 0.1189 0.1517 0.2287 
        H433  8 0.2771 0.0993 0.1851 0.1488 0.1473 0.1424 
        H434  8 0.1151 0.2091 0.2342 0.0926 0.1822 0.1668 
        H444  8 0.2228 0.0897 0.1658 0.2464 0.1462 0.1291 
        H454  8 0.1170 0.1108 0.1072 0.4118 0.1577 0.0954 
        H475  8 0.1156 0.1141 0.0913 0.4374 0.1478 0.0937 
        H491  8 0.1237 0.1318 0.1164 0.3209 0.1546 0.1525 
        H492  8 0.1123 0.2608 0.1211 0.2180 0.1673 0.1206 
        H493  8 0.1560 0.1622 0.1871 0.1022 0.1759 0.2166 
        H494  8 0.1343 0.1390 0.1932 0.2077 0.1797 0.1462 
        H495  8 0.0891 0.1993 0.0956 0.3059 0.1540 0.1560 
        H662  8 0.1004 0.2922 0.1485 0.0989 0.1439 0.2162 
        H663  8 0.1622 0.1264 0.1740 0.2148 0.1723 0.1503 
        H695  8 0.1629 0.1784 0.1581 0.1603 0.1918 0.1486 
       H7367  8 0.1695 0.1144 0.2953 0.0763 0.1896 0.1549 
       H7368  8 0.2116 0.1010 0.1908 0.1152 0.1401 0.2412 
       H7369  8 0.2391 0.0922 0.1506 0.2336 0.1677 0.1168 
       H7370  8 0.1440 0.2085 0.2407 0.0530 0.2230 0.1307 
       H7371  8 0.2311 0.1371 0.1858 0.1437 0.1634 0.1388 
     H169705 10 0.1424 0.1282 0.3060 0.0695 0.2175 0.1364 
     H171942 10 0.1149 0.0692 0.2947 0.1302 0.1496 0.2414 
     H171943 10 0.1551 0.2208 0.1559 0.0990 0.1587 0.2105 
     H171944 10 0.2094 0.2729 0.1268 0.0939 0.1695 0.1274 
     H171946 10 0.0820 0.3452 0.1310 0.1124 0.1654 0.1640 
     H171947 10 0.1285 0.1282 0.2402 0.1258 0.1812 0.1961 
     H229641 10 0.1285 0.1250 0.1855 0.2205 0.1888 0.1518 
      H30001 10 0.2032 0.1754 0.1479 0.1673 0.1602 0.1459 
      H30002 10 0.1933 0.2407 0.1635 0.1187 0.1483 0.1354 
      H30005 10 0.1902 0.1182 0.2137 0.0906 0.2392 0.1481 
      H30006 10 0.1409 0.0829 0.3418 0.1012 0.1527 0.1804 
      H30007 10 0.1032 0.2145 0.1690 0.0829 0.1706 0.2598 
        H451 10 0.2428 0.0659 0.2517 0.1419 0.1405 0.1571 
        H452 10 0.1396 0.0940 0.2658 0.1354 0.2480 0.1172 
        H453 10 0.0897 0.2441 0.1175 0.2392 0.1443 0.1652 
        H473 10 0.1252 0.1547 0.1262 0.2633 0.1385 0.1921 
        H474 10 0.0731 0.2705 0.1117 0.2497 0.1474 0.1476 
        H486 10 0.1480 0.0789 0.1567 0.3134 0.1727 0.1302 
        H487 10 0.0978 0.1936 0.1850 0.1780 0.1866 0.1589 
        H488 10 0.2493 0.0871 0.1464 0.2304 0.1623 0.1246 
        H489 10 0.0776 0.3149 0.1421 0.1552 0.1907 0.1196 
        H550 10 0.1109 0.3494 0.1372 0.0547 0.1832 0.1647 
        H551 10 0.1496 0.1293 0.2313 0.1598 0.2088 0.1212 
        H553 10 0.1164 0.1679 0.2095 0.1490 0.2166 0.1407 
        H554 10 0.2626 0.0954 0.1963 0.1341 0.1409 0.1707 
        H556 10 0.1081 0.2778 0.1803 0.1074 0.1504 0.1760 
        H580 10 0.1420 0.1879 0.1890 0.0883 0.2264 0.1663 
        H591 10 0.0834 0.1755 0.0923 0.3966 0.1530 0.0990 
        H592 10 0.1406 0.2426 0.1678 0.1190 0.1923 0.1377 
        H593 10 0.2069 0.1204 0.1673 0.1550 0.1581 0.1924 
        H594 10 0.1391 0.1318 0.2031 0.0742 0.1898 0.2619 
        H627 10 0.1010 0.2056 0.1580 0.1472 0.1795 0.2087 
        H628 10 0.2968 0.0844 0.1594 0.1202 0.1404 0.1987 
        H629 10 0.0772 0.1846 0.1893 0.1252 0.2035 0.2202 
        H630 10 0.1012 0.2531 0.2122 0.0723 0.2165 0.1447 
        H638 10 0.1144 0.1818 0.2264 0.0903 0.2320 0.1552 
        H639 10 0.0851 0.1193 0.1556 0.2849 0.1669 0.1882 
        H640 10 0.2017 0.1067 0.2514 0.0948 0.1557 0.1896 
        H704 10 0.1221 0.1221 0.1875 0.0956 0.1589 0.3138 
        H705 10 0.1455 0.1333 0.3013 0.0691 0.2073 0.1434 
        H706 10 0.1674 0.1570 0.1411 0.2571 0.1668 0.1107 
        H708 10 0.0865 0.4672 0.0793 0.1237 0.1466 0.0967 
       H7351 10 0.1469 0.1669 0.1801 0.0996 0.1578 0.2486 
       H7352 10 0.1384 0.2054 0.1622 0.1243 0.2032 0.1664 
       H7353 10 0.1058 0.0851 0.1662 0.0979 0.1225 0.4224 
       H7354 10 0.2049 0.1721 0.1112 0.2152 0.1382 0.1583 
       H7365 10 0.1505 0.2273 0.1252 0.2021 0.1754 0.1195 
       H7383 10 0.2231 0.1951 0.1156 0.1891 0.1395 0.1376 
       H7384 10 0.1562 0.1983 0.1651 0.1365 0.1611 0.1828 
       H7385 10 0.1425 0.1985 0.1435 0.2009 0.1790 0.1356 
       H7386 10 0.2381 0.0994 0.2019 0.1501 0.1489 0.1616 
       H7387 10 0.1952 0.2574 0.1430 0.0819 0.1549 0.1676 
       H7388 10 0.2108 0.0928 0.2309 0.1343 0.2206 0.1106 
        H906 10 0.1045 0.0951 0.1087 0.3834 0.1319 0.1764 
        H907 10 0.1471 0.1723 0.2123 0.0883 0.1795 0.2005 
        H908 10 0.2450 0.1107 0.1875 0.1520 0.1622 0.1426 
        H909 10 0.2943 0.1159 0.0998 0.2297 0.1330 0.1274 
       H9552 10 0.1495 0.1871 0.1772 0.1167 0.1407 0.2288 
       H9553 10 0.1505 0.1426 0.2322 0.1231 0.2190 0.1326 
       H9555 10 0.1969 0.1753 0.1968 0.0932 0.1926 0.1452 
       H9575 10 0.1388 0.3300 0.0889 0.1504 0.1356 0.1563 
       H9703 10 0.1319 0.2053 0.1349 0.2324 0.1526 0.1428 
       H9707 10 0.1439 0.1175 0.1559 0.2791 0.1730 0.1306 
       HSAA4 10 0.1416 0.1862 0.2041 0.0824 0.2325 0.1532 
        H001 11 0.2170 0.1672 0.1272 0.1523 0.1509 0.1854 
        H004 11 0.1379 0.2111 0.1627 0.1262 0.1917 0.1703 
        H005 11 0.1685 0.1189 0.1053 0.3626 0.1384 0.1063 
        H006 11 0.2687 0.1827 0.1348 0.1271 0.1386 0.1482 
        H007 11 0.1384 0.1114 0.0937 0.4111 0.1489 0.0965 
        H031 11 0.1287 0.2627 0.1017 0.2589 0.1574 0.0907 
        H074 11 0.0770 0.2358 0.1548 0.1611 0.2217 0.1496 
        H075 11 0.1812 0.2366 0.0849 0.2684 0.1283 0.1005 
        H080 11 0.1309 0.1846 0.1705 0.1913 0.1847 0.1380 
        H086 11 0.1538 0.1474 0.2392 0.1051 0.1879 0.1666 
        H092 11 0.1497 0.1636 0.1682 0.1958 0.1641 0.1587 
        H093 11 0.1866 0.0910 0.1939 0.1183 0.1336 0.2765 
        H094 11 0.1273 0.2629 0.1609 0.0709 0.2293 0.1487 
        H095 11 0.1796 0.1980 0.1328 0.1840 0.1400 0.1656 
        H096 11 0.2545 0.1192 0.1101 0.2475 0.1400 0.1287 
        H099 11 0.1276 0.2165 0.1607 0.1553 0.1917 0.1483 
        H100 11 0.1555 0.1392 0.2113 0.1044 0.1357 0.2538 
        H127 11 0.1320 0.1483 0.1976 0.1502 0.2233 0.1486 
        H136 11 0.0740 0.3086 0.1094 0.2534 0.1397 0.1149 
        H153 11 0.1566 0.1205 0.1865 0.1610 0.1816 0.1938 
        H154 11 0.1023 0.2750 0.1286 0.1452 0.2325 0.1164 
        H155 11 0.2668 0.0900 0.2082 0.1203 0.1898 0.1249 
        H156 11 0.2980 0.0867 0.2199 0.0859 0.1443 0.1653 
        H161 11 0.1346 0.1346 0.1756 0.1866 0.1808 0.1878 
        H162 11 0.1917 0.1107 0.2525 0.0776 0.2129 0.1546 
        H167 11 0.2488 0.1689 0.1339 0.1158 0.1717 0.1609 
        H168 11 0.2097 0.1290 0.1984 0.1300 0.1602 0.1728 
     H169586 11 0.0754 0.3443 0.1010 0.1329 0.1076 0.2388 
     H169738 11 0.2543 0.0716 0.2186 0.1580 0.1640 0.1336 
     H169741 11 0.0830 0.4779 0.0864 0.0949 0.1643 0.0934 
     H171801 11 0.1057 0.1006 0.2184 0.1166 0.1685 0.2902 
     H171810 11 0.0939 0.2753 0.1118 0.2192 0.1729 0.1268 
     H171811 11 0.0920 0.3929 0.0986 0.1195 0.1376 0.1594 
     H171812 11 0.1678 0.2454 0.1219 0.1760 0.1565 0.1325 
     H171820 11 0.1133 0.2355 0.1209 0.2176 0.1705 0.1422 
     H171821 11 0.2121 0.1227 0.1968 0.1163 0.1732 0.1789 
     H171822 11 0.1638 0.1804 0.2037 0.0942 0.1792 0.1788 
     H171823 11 0.0664 0.1090 0.1025 0.3909 0.1390 0.1922 
     H171866 11 0.1826 0.0729 0.2151 0.1826 0.1346 0.2122 
     H171867 11 0.2750 0.1030 0.2098 0.1257 0.1463 0.1402 
     H171967 11 0.1516 0.1839 0.1108 0.2700 0.1657 0.1179 
     H171969 11 0.1576 0.1663 0.1537 0.1850 0.1585 0.1789 
        H172 11 0.1967 0.2119 0.1613 0.1242 0.1484 0.1575 
        H173 11 0.2355 0.1543 0.1840 0.1217 0.1760 0.1284 
        H174 11 0.1085 0.1541 0.2206 0.0558 0.2466 0.2143 
        H196 11 0.1621 0.1062 0.2739 0.0761 0.2723 0.1095 
        H197 11 0.2322 0.1405 0.1956 0.0914 0.1685 0.1719 
        H346 11 0.2487 0.1481 0.1035 0.2448 0.1412 0.1136 
        H355 11 0.1712 0.1403 0.1386 0.2113 0.1361 0.2026 
        H356 11 0.1405 0.1614 0.1782 0.1929 0.1710 0.1559 
        H357 11 0.1240 0.1917 0.1502 0.2261 0.1672 0.1406 
        H358 11 0.3090 0.2150 0.1001 0.1394 0.1237 0.1128 
        H359 11 0.1571 0.2446 0.1416 0.1114 0.1752 0.1702 
        H360 11 0.1937 0.2159 0.1888 0.1075 0.1504 0.1437 
        H361 11 0.2547 0.1150 0.1879 0.1703 0.1193 0.1528 
        H362 11 0.2330 0.0929 0.2459 0.0815 0.1735 0.1732 
        H363 11 0.2234 0.2743 0.0919 0.1754 0.1312 0.1038 
        H364 11 0.1792 0.3394 0.1031 0.1038 0.1142 0.1603 
        H365 11 0.1511 0.1727 0.1882 0.1586 0.1760 0.1534 
        H366 11 0.2379 0.1088 0.1743 0.1210 0.1725 0.1856 
        H367 11 0.0982 0.1553 0.1684 0.2289 0.2523 0.0969 
        H368 11 0.1011 0.2917 0.1561 0.0691 0.1723 0.2098 
        H369 11 0.2122 0.1516 0.1101 0.2789 0.1542 0.0930 
        H370 11 0.2363 0.1540 0.1902 0.0913 0.1461 0.1821 
        H371 11 0.1178 0.1474 0.2397 0.1388 0.2099 0.1465 
        H372 11 0.2239 0.1817 0.1415 0.1357 0.1661 0.1511 
        H373 11 0.1845 0.1584 0.1715 0.1271 0.1813 0.1772 
        H374 11 0.1533 0.1995 0.1362 0.1853 0.1624 0.1633 
        H375 11 0.2349 0.1294 0.1372 0.2209 0.1498 0.1278 
        H376 11 0.1508 0.1509 0.1968 0.1086 0.1456 0.2473 
        H377 11 0.1750 0.2058 0.1638 0.1584 0.1532 0.1438 
        H378 11 0.1134 0.2396 0.1527 0.1217 0.1782 0.1944 
        H379 11 0.1765 0.1565 0.1696 0.1346 0.1689 0.1940 
        H380 11 0.3852 0.0905 0.1354 0.1309 0.1126 0.1454 
        H381 11 0.0754 0.3025 0.1041 0.2209 0.1574 0.1398 
        H382 11 0.2971 0.0726 0.2283 0.0721 0.1336 0.1963 
        H383 11 0.1804 0.1689 0.1661 0.0782 0.1490 0.2573 
        H384 11 0.0780 0.5083 0.0777 0.0925 0.1214 0.1222 
        H385 11 0.0982 0.2761 0.1670 0.1325 0.1964 0.1300 
        H386 11 0.4590 0.1024 0.1044 0.1266 0.1101 0.0974 
        H387 11 0.1341 0.1513 0.1190 0.1398 0.1379 0.3180 
        H388 11 0.2288 0.1149 0.1953 0.0982 0.1565 0.2063 
        H389 11 0.2639 0.1108 0.1117 0.2615 0.1458 0.1063 
        H390 11 0.2574 0.1434 0.1638 0.0977 0.1731 0.1646 
        H391 11 0.1070 0.2601 0.1653 0.0657 0.2181 0.1839 
        H392 11 0.2689 0.1580 0.0683 0.2690 0.1322 0.1037 
        H393 11 0.1134 0.0953 0.2170 0.1373 0.1684 0.2686 
        H394 11 0.1094 0.0971 0.1890 0.1359 0.1458 0.3228 
        H395 11 0.1934 0.1915 0.1327 0.2090 0.1470 0.1263 
        H408 11 0.3488 0.1166 0.1070 0.1849 0.1228 0.1199 
        H412 11 0.0616 0.2837 0.1464 0.1176 0.2370 0.1536 
        H417 11 0.1089 0.4048 0.1128 0.0997 0.1520 0.1218 
        H418 11 0.1123 0.1824 0.1925 0.1061 0.2324 0.1743 
        H429 11 0.3533 0.1207 0.0989 0.1671 0.1136 0.1465 
        H430 11 0.1714 0.1078 0.2504 0.1293 0.1871 0.1539 
        H439 11 0.1662 0.2232 0.1742 0.1172 0.1806 0.1387 
        H440 11 0.1539 0.1987 0.1117 0.2499 0.1429 0.1428 
        H441 11 0.2040 0.1116 0.2302 0.0886 0.2455 0.1200 
        H442 11 0.2789 0.1193 0.1481 0.1263 0.1449 0.1826 
        H446 11 0.1783 0.1647 0.1496 0.1066 0.1345 0.2663 
        H447 11 0.3886 0.1388 0.1032 0.1114 0.1275 0.1305 
        H448 11 0.2044 0.0925 0.2166 0.1546 0.2137 0.1182 
        H534 11 0.0860 0.2824 0.1110 0.1978 0.1695 0.1534 
        H537 11 0.1425 0.1437 0.1365 0.2251 0.1734 0.1787 
        H568 11 0.0704 0.1829 0.1197 0.3626 0.1642 0.1002 
        H569 11 0.1725 0.0707 0.3644 0.0730 0.1685 0.1509 
        H586 11 0.0689 0.3468 0.0975 0.1339 0.1121 0.2407 
        H587 11 0.1138 0.3092 0.1011 0.2287 0.1344 0.1128 
        H588 11 0.0981 0.1576 0.1577 0.0839 0.1405 0.3623 
        H589 11 0.1206 0.2737 0.0821 0.2827 0.1247 0.1163 
        H590 11 0.1426 0.0799 0.0950 0.4265 0.1328 0.1232 
        H601 11 0.1698 0.0885 0.2825 0.1384 0.1483 0.1724 
        H602 11 0.1510 0.1731 0.1694 0.1814 0.1990 0.1261 
        H603 11 0.3653 0.0673 0.1594 0.1466 0.1441 0.1174 
        H610 11 0.1250 0.1617 0.2043 0.1484 0.2014 0.1591 
        H611 11 0.0908 0.3226 0.1354 0.1522 0.1777 0.1214 
        H649 11 0.1227 0.1541 0.1825 0.1869 0.1707 0.1831 
        H650 11 0.1343 0.1615 0.2406 0.0878 0.1746 0.2012 
        H651 11 0.2830 0.1070 0.1718 0.1650 0.1388 0.1344 
        H652 11 0.1452 0.1447 0.1757 0.1306 0.1583 0.2456 
       H7364 11 0.1708 0.1548 0.1977 0.1306 0.1755 0.1705 
       H7366 11 0.2226 0.1110 0.1743 0.1916 0.1572 0.1433 
       H7378 11 0.1172 0.0694 0.2886 0.0615 0.1775 0.2858 
       H7379 11 0.1350 0.1753 0.2144 0.1059 0.1852 0.1842 
        H739 11 0.0877 0.2784 0.1512 0.1727 0.1720 0.1379 
        H740 11 0.1930 0.1149 0.2428 0.1032 0.1677 0.1784 
        H741 11 0.0875 0.4811 0.0843 0.0972 0.1604 0.0896 
        H926 11 0.1294 0.1042 0.2690 0.1250 0.1940 0.1784 
        H927 11 0.1920 0.1874 0.2077 0.0803 0.1999 0.1327 
        H928 11 0.1237 0.2350 0.2008 0.0941 0.1945 0.1519 
       H9560 11 0.1163 0.2837 0.1503 0.0814 0.1609 0.2073 
