        H008  2 0.1392 0.2081 0.1621 0.2161 0.1728 0.1017 
        H021  2 0.2189 0.1431 0.1470 0.1324 0.2457 0.1128 
        H023  2 0.1413 0.0736 0.1023 0.2831 0.1918 0.2080 
        H024  2 0.1246 0.4459 0.1515 0.1283 0.0686 0.0810 
        H025  2 0.1466 0.0915 0.1949 0.1133 0.0713 0.3823 
        H026  2 0.1796 0.2123 0.3632 0.1178 0.0764 0.0507 
        H027  2 0.1408 0.3017 0.1241 0.1404 0.2159 0.0771 
        H028  2 0.1704 0.2376 0.2208 0.1340 0.1202 0.1170 
        H029  2 0.1672 0.2404 0.1900 0.1596 0.1799 0.0629 
        H030  2 0.1456 0.3942 0.2097 0.0986 0.0897 0.0621 
        H038  2 0.1809 0.0705 0.1208 0.1207 0.3417 0.1654 
        H039  2 0.0591 0.0659 0.0537 0.0715 0.0500 0.6998 
        H040  2 0.1949 0.1289 0.1471 0.1266 0.2174 0.1850 
        H041  2 0.0981 0.2283 0.1168 0.2858 0.1319 0.1390 
        H042  2 0.1668 0.1271 0.1466 0.2085 0.1635 0.1877 
        H043  2 0.1896 0.0560 0.1039 0.0732 0.1961 0.3811 
        H044  2 0.2115 0.1715 0.2559 0.1100 0.1480 0.1031 
        H047  2 0.1879 0.1427 0.1902 0.1244 0.0810 0.2739 
        H050  2 0.1276 0.5058 0.1312 0.0917 0.0828 0.0609 
        H058  2 0.2337 0.1004 0.2257 0.1233 0.1678 0.1491 
        H062  2 0.1623 0.0608 0.1289 0.2219 0.2129 0.2133 
        H063  2 0.1429 0.1139 0.1185 0.1345 0.1325 0.3576 
        H065  2 0.1380 0.0638 0.3516 0.1283 0.1129 0.2054 
        H066  2 0.2326 0.2018 0.1989 0.1576 0.1250 0.0841 
        H067  2 0.1299 0.1231 0.1808 0.2577 0.2390 0.0696 
        H068  2 0.1546 0.1155 0.1170 0.1857 0.0828 0.3443 
        H069  2 0.2500 0.1488 0.1862 0.0992 0.1730 0.1427 
        H071  2 0.1694 0.1064 0.1415 0.1876 0.2218 0.1733 
        H072  2 0.0939 0.0907 0.0871 0.1149 0.0733 0.5401 
        H073  2 0.1727 0.1178 0.1869 0.1754 0.2734 0.0738 
        H081  2 0.0954 0.1170 0.0863 0.3106 0.1920 0.1986 
        H082  2 0.1672 0.3337 0.1731 0.1083 0.1002 0.1175 
        H083  2 0.1942 0.1913 0.2220 0.1277 0.1510 0.1138 
        H084  2 0.1878 0.1845 0.1661 0.1834 0.1661 0.1120 
        H085  2 0.0886 0.2743 0.1110 0.2287 0.1641 0.1333 
        H087  2 0.1103 0.1152 0.1083 0.3652 0.1992 0.1018 
        H088  2 0.1734 0.0989 0.1322 0.1596 0.1807 0.2553 
        H089  2 0.1606 0.1178 0.1494 0.1969 0.2617 0.1136 
        H090  2 0.0823 0.5341 0.0999 0.1136 0.0786 0.0915 
        H091  2 0.1061 0.4947 0.1027 0.0986 0.1449 0.0531 
        H098  2 0.1266 0.2489 0.1594 0.2199 0.1058 0.1394 
      H10001  2 0.0992 0.0572 0.0633 0.0676 0.0859 0.6268 
      H10002  2 0.1437 0.0997 0.1316 0.1262 0.2931 0.2057 
        H101  2 0.1377 0.4931 0.1264 0.0991 0.0799 0.0637 
        H108  2 0.0787 0.0547 0.0859 0.2989 0.1185 0.3634 
        H109  2 0.1763 0.2011 0.1773 0.1597 0.1045 0.1812 
        H110  2 0.0932 0.1129 0.1057 0.2570 0.3650 0.0662 
        H116  2 0.1883 0.1570 0.2620 0.1337 0.1722 0.0869 
        H117  2 0.0609 0.5163 0.0734 0.2122 0.0876 0.0496 
        H118  2 0.1136 0.4075 0.1719 0.1263 0.1152 0.0655 
        H119  2 0.1242 0.1550 0.1343 0.2608 0.2141 0.1115 
        H120  2 0.0857 0.0571 0.0777 0.1885 0.1307 0.4603 
        H121  2 0.0881 0.4855 0.1036 0.1514 0.0924 0.0791 
        H125  2 0.1146 0.0599 0.0823 0.1430 0.1034 0.4968 
        H126  2 0.1920 0.1027 0.2488 0.1517 0.1041 0.2008 
        H128  2 0.0791 0.6737 0.0956 0.0535 0.0685 0.0297 
        H129  2 0.1900 0.1028 0.3663 0.1550 0.1260 0.0598 
        H130  2 0.1780 0.0612 0.1399 0.0759 0.1207 0.4244 
        H133  2 0.1114 0.1131 0.1334 0.0809 0.1096 0.4517 
        H134  2 0.1960 0.0771 0.5049 0.0897 0.0706 0.0617 
        H135  2 0.1433 0.1290 0.1453 0.1781 0.2355 0.1688 
        H137  2 0.0984 0.4175 0.1215 0.2039 0.0735 0.0852 
        H138  2 0.2793 0.0837 0.2981 0.0901 0.1745 0.0743 
        H140  2 0.1141 0.3900 0.1389 0.1208 0.0892 0.1468 
        H146  2 0.0892 0.5772 0.1017 0.0719 0.0773 0.0828 
        H147  2 0.1149 0.1867 0.1051 0.2123 0.3009 0.0801 
        H148  2 0.1319 0.3244 0.1162 0.1879 0.1762 0.0634 
     H166022  2 0.1463 0.1916 0.1702 0.1785 0.2424 0.0710 
     H167359  2 0.2443 0.1696 0.1920 0.1041 0.1463 0.1437 
     H167397  2 0.1304 0.3656 0.1734 0.1322 0.1557 0.0427 
     H167428  2 0.1486 0.2459 0.2267 0.2288 0.0946 0.0554 
     H167496  2 0.0997 0.1330 0.0966 0.2130 0.1156 0.3420 
     H167513  2 0.1693 0.1949 0.1471 0.1524 0.1396 0.1966 
     H167545  2 0.2324 0.1191 0.2559 0.1374 0.1675 0.0878 
     H167547  2 0.1363 0.3050 0.2080 0.2177 0.0833 0.0498 
     H169621  2 0.1392 0.4386 0.1506 0.1039 0.1088 0.0588 
     H169622  2 0.2312 0.0976 0.2043 0.1033 0.2796 0.0840 
     H169750  2 0.1722 0.1817 0.1937 0.1276 0.1317 0.1930 
     H171806  2 0.1213 0.2876 0.1437 0.1875 0.1371 0.1228 
     H171808  2 0.2001 0.1149 0.1756 0.1572 0.2393 0.1129 
     H171809  2 0.1590 0.0892 0.1408 0.2579 0.2104 0.1427 
     H171813  2 0.1845 0.1616 0.2236 0.1559 0.1332 0.1413 
     H171815  2 0.1298 0.0727 0.1319 0.0842 0.1379 0.4435 
     H171824  2 0.1682 0.1732 0.1112 0.1992 0.2082 0.1400 
     H171825  2 0.2041 0.0807 0.2079 0.1427 0.2848 0.0797 
     H171826  2 0.1913 0.1314 0.1853 0.2136 0.1575 0.1209 
     H171827  2 0.1963 0.1049 0.1403 0.1248 0.3541 0.0796 
     H171828  2 0.0895 0.0723 0.0745 0.2357 0.1089 0.4191 
     H171829  2 0.2010 0.1275 0.2223 0.1388 0.1508 0.1595 
     H171830  2 0.1258 0.2040 0.1405 0.1760 0.1274 0.2262 
     H171831  2 0.2213 0.1814 0.2578 0.1711 0.1023 0.0661 
     H171832  2 0.2140 0.0979 0.2740 0.1372 0.1443 0.1326 
     H171863  2 0.2370 0.1574 0.3288 0.0978 0.1134 0.0656 
     H171864  2 0.1217 0.2334 0.1291 0.2267 0.1222 0.1669 
     H171865  2 0.1123 0.0886 0.1224 0.1166 0.0821 0.4781 
     H171879  2 0.1291 0.3683 0.1438 0.1585 0.1080 0.0923 
     H171880  2 0.1231 0.4315 0.1288 0.1455 0.1126 0.0585 
     H171881  2 0.1914 0.1985 0.1928 0.1920 0.1497 0.0756 
     H171882  2 0.0604 0.0684 0.0658 0.0682 0.0775 0.6597 
     H171929  2 0.1302 0.2404 0.1575 0.1542 0.1296 0.1880 
     H171930  2 0.1993 0.2430 0.2301 0.1573 0.1087 0.0616 
     H171933  2 0.1485 0.3090 0.1585 0.1542 0.1417 0.0881 
     H171934  2 0.1281 0.1797 0.1238 0.2817 0.1775 0.1092 
     H171937  2 0.2073 0.1467 0.3173 0.1199 0.0868 0.1220 
     H171962  2 0.2105 0.1156 0.2212 0.1911 0.1435 0.1180 
        H190  2 0.1875 0.1723 0.2081 0.1665 0.1705 0.0951 
        H191  2 0.1400 0.2103 0.1736 0.1951 0.1207 0.1602 
        H396  2 0.1193 0.0934 0.1171 0.2812 0.2478 0.1412 
        H397  2 0.2130 0.1737 0.1766 0.1435 0.1685 0.1246 
        H398  2 0.1941 0.0920 0.2816 0.1157 0.1574 0.1592 
        H400  2 0.2014 0.1236 0.1443 0.1438 0.2269 0.1600 
        H401  2 0.0871 0.5212 0.1072 0.1732 0.0583 0.0530 
        H402  2 0.1269 0.2845 0.1432 0.1475 0.2431 0.0548 
        H427  2 0.1234 0.0988 0.1312 0.2917 0.2582 0.0966 
        H428  2 0.1563 0.2600 0.2073 0.2181 0.1001 0.0581 
        H497  2 0.1609 0.1139 0.1337 0.1022 0.1515 0.3378 
        H512  2 0.1468 0.2922 0.1589 0.1478 0.1539 0.1004 
        H513  2 0.1693 0.1989 0.1364 0.1545 0.1390 0.2019 
        H514  2 0.2733 0.0781 0.2505 0.0888 0.1759 0.1334 
        H519  2 0.1643 0.2155 0.1454 0.1623 0.1290 0.1835 
        H532  2 0.1787 0.1395 0.1682 0.1420 0.3062 0.0653 
        H543  2 0.1818 0.2172 0.1514 0.1021 0.2976 0.0499 
        H544  2 0.2058 0.0961 0.2617 0.0764 0.1219 0.2382 
        H545  2 0.2653 0.1088 0.2699 0.1325 0.1510 0.0724 
        H546  2 0.1354 0.0870 0.1750 0.1241 0.0992 0.3793 
        H547  2 0.1288 0.3175 0.2031 0.2154 0.0802 0.0550 
        H548  2 0.1587 0.1611 0.1467 0.1656 0.2312 0.1367 
        H549  2 0.1981 0.1337 0.1156 0.1206 0.2664 0.1655 
        H620  2 0.0640 0.0503 0.0550 0.1027 0.0957 0.6325 
        H623  2 0.2066 0.1862 0.2430 0.1443 0.0992 0.1207 
        H624  2 0.2474 0.0509 0.1185 0.0521 0.2598 0.2713 
        H625  2 0.1469 0.1141 0.1258 0.3006 0.1862 0.1265 
        H626  2 0.2289 0.0988 0.1583 0.1548 0.2407 0.1185 
        H654  2 0.1174 0.0391 0.0698 0.0665 0.1148 0.5924 
        H655  2 0.2519 0.1145 0.1374 0.0930 0.1900 0.2132 
        H656  2 0.0583 0.0449 0.0678 0.1658 0.1054 0.5578 
        H666  2 0.0974 0.1720 0.0848 0.0707 0.0801 0.4950 
        H667  2 0.1131 0.0866 0.1200 0.1886 0.4271 0.0646 
        H677  2 0.1803 0.1674 0.1505 0.1177 0.2889 0.0952 
        H693  2 0.0888 0.0565 0.0817 0.3799 0.1381 0.2550 
        H694  2 0.1832 0.2274 0.2241 0.1559 0.0879 0.1216 
        H701  2 0.2178 0.2416 0.1840 0.1231 0.1509 0.0826 
        H702  2 0.1906 0.1462 0.1429 0.1573 0.2471 0.1159 
        H731  2 0.1460 0.1154 0.1320 0.1650 0.1978 0.2437 
       H7359  2 0.2294 0.1550 0.1955 0.1189 0.1495 0.1517 
       H7389  2 0.1822 0.2151 0.1802 0.1703 0.1629 0.0893 
       H7390  2 0.2593 0.0730 0.1390 0.1406 0.2227 0.1654 
       H7391  2 0.0900 0.1715 0.0906 0.3587 0.2023 0.0870 
       H7392  2 0.2123 0.1491 0.2265 0.1133 0.1705 0.1283 
       H7393  2 0.1620 0.1828 0.1468 0.1293 0.1615 0.2177 
       H7398  2 0.0955 0.2306 0.1100 0.2987 0.1464 0.1188 
       H7399  2 0.1538 0.1742 0.1789 0.1313 0.3070 0.0548 
       H7400  2 0.0745 0.0406 0.0581 0.0708 0.0784 0.6775 
        H745  2 0.2057 0.1279 0.3851 0.1351 0.0706 0.0755 
        H746  2 0.1468 0.0746 0.1453 0.1320 0.4448 0.0565 
        H747  2 0.1459 0.1857 0.1327 0.1407 0.1223 0.2728 
        H748  2 0.2066 0.1241 0.1681 0.1311 0.2566 0.1136 
       H7484  2 0.0874 0.1115 0.0933 0.1900 0.0719 0.4458 
       H7485  2 0.1970 0.1061 0.2248 0.1261 0.1770 0.1690 
        H749  2 0.2087 0.0791 0.1505 0.0969 0.3864 0.0783 
        H930  2 0.1846 0.2800 0.1943 0.1608 0.1177 0.0628 
        H931  2 0.1302 0.2083 0.1469 0.2066 0.1198 0.1883 
        H932  2 0.1756 0.2338 0.1695 0.1684 0.1584 0.0943 
        H002  4 0.1545 0.0568 0.1911 0.0954 0.1204 0.3818 
        H003  4 0.1226 0.0631 0.1402 0.1829 0.4345 0.0567 
        H009  4 0.2166 0.1476 0.2876 0.0943 0.1515 0.1024 
        H010  4 0.1683 0.2422 0.1971 0.1463 0.1672 0.0789 
        H011  4 0.1129 0.0688 0.0868 0.2982 0.1077 0.3255 
        H012  4 0.1391 0.1935 0.1437 0.1541 0.2649 0.1047 
        H013  4 0.1098 0.0764 0.1044 0.2556 0.2542 0.1995 
        H014  4 0.1958 0.1450 0.2138 0.2086 0.1205 0.1162 
        H045  4 0.0831 0.1691 0.1054 0.3042 0.0989 0.2394 
        H046  4 0.1851 0.0739 0.2369 0.1756 0.2636 0.0649 
        H051  4 0.1046 0.1023 0.1049 0.2751 0.1553 0.2578 
        H052  4 0.1397 0.1203 0.1734 0.1195 0.0813 0.3659 
        H053  4 0.2541 0.1262 0.1434 0.1470 0.2264 0.1030 
        H056  4 0.1261 0.0993 0.1439 0.1089 0.0951 0.4267 
        H076  4 0.1717 0.1762 0.2748 0.1771 0.1382 0.0620 
        H151  4 0.2026 0.0738 0.1617 0.1154 0.2035 0.2431 
        H152  4 0.1485 0.0714 0.1832 0.1496 0.0956 0.3517 
     H171803  4 0.1833 0.0867 0.1330 0.1858 0.3082 0.1031 
     H171804  4 0.1359 0.1322 0.1180 0.2273 0.2007 0.1859 
     H171833  4 0.2533 0.0782 0.3748 0.1052 0.1175 0.0711 
     H171855  4 0.1878 0.0532 0.2061 0.1700 0.1153 0.2675 
     H171856  4 0.1634 0.2422 0.1334 0.1377 0.2026 0.1207 
     H171857  4 0.1668 0.0879 0.1704 0.2128 0.0949 0.2673 
     H171858  4 0.1776 0.1713 0.2071 0.1300 0.1562 0.1578 
     H171859  4 0.1454 0.1842 0.1868 0.1599 0.1876 0.1361 
     H171961  4 0.1914 0.0856 0.1550 0.1614 0.1602 0.2464 
        H198  4 0.2012 0.0959 0.2484 0.1370 0.2689 0.0487 
      H20001  4 0.3142 0.0799 0.2935 0.1363 0.1087 0.0673 
        H403  4 0.1526 0.1680 0.1703 0.1734 0.1784 0.1573 
        H404  4 0.1761 0.1193 0.1986 0.1694 0.2449 0.0916 
        H405  4 0.1538 0.1344 0.2157 0.1687 0.2563 0.0711 
        H406  4 0.1457 0.2743 0.1984 0.1585 0.0603 0.1627 
        H407  4 0.1748 0.2826 0.1359 0.1695 0.1502 0.0869 
        H410  4 0.0737 0.4873 0.0879 0.2286 0.0748 0.0477 
        H411  4 0.2321 0.1189 0.3052 0.1314 0.1185 0.0939 
        H468  4 0.2395 0.1134 0.2657 0.1626 0.1211 0.0977 
        H476  4 0.2255 0.1280 0.1352 0.0934 0.1832 0.2347 
        H477  4 0.3119 0.0715 0.2660 0.1118 0.1913 0.0475 
        H478  4 0.1448 0.0912 0.1447 0.1235 0.4109 0.0848 
        H479  4 0.1102 0.0930 0.1170 0.1931 0.1964 0.2902 
        H480  4 0.2101 0.1718 0.2467 0.1091 0.1830 0.0794 
        H498  4 0.1543 0.1231 0.1730 0.1453 0.2492 0.1550 
        H499  4 0.2217 0.0854 0.2013 0.1910 0.1815 0.1191 
        H500  4 0.1659 0.1039 0.1111 0.1275 0.2152 0.2764 
        H515  4 0.2163 0.1359 0.1790 0.1329 0.1815 0.1544 
        H516  4 0.2061 0.2576 0.2150 0.1019 0.1072 0.1122 
        H517  4 0.1036 0.3554 0.1240 0.2156 0.1204 0.0810 
        H518  4 0.1725 0.1271 0.1898 0.1146 0.0867 0.3093 
        H520  4 0.1792 0.1497 0.1755 0.1502 0.1444 0.2010 
        H521  4 0.1285 0.1601 0.1549 0.3021 0.1464 0.1080 
        H522  4 0.2389 0.1252 0.2025 0.1298 0.1915 0.1121 
        H523  4 0.1529 0.2766 0.1423 0.1056 0.1346 0.1880 
        H536  4 0.1460 0.0817 0.2209 0.2263 0.2281 0.0971 
        H645  4 0.0943 0.0694 0.0904 0.3578 0.2022 0.1859 
        H646  4 0.1418 0.4594 0.1757 0.0900 0.0796 0.0535 
        H647  4 0.2897 0.1026 0.1786 0.0869 0.2391 0.1031 
        H657  4 0.1471 0.2277 0.1636 0.1715 0.2200 0.0702 
        H658  4 0.2369 0.1973 0.1576 0.0976 0.2019 0.1088 
        H659  4 0.2064 0.0525 0.1035 0.1139 0.2556 0.2680 
        H660  4 0.1892 0.1501 0.1696 0.1329 0.1416 0.2166 
        H661  4 0.2767 0.0569 0.2040 0.1122 0.1793 0.1710 
        H668  4 0.1816 0.1212 0.1990 0.1565 0.2802 0.0615 
        H669  4 0.1530 0.2334 0.1588 0.1592 0.1537 0.1420 
        H670  4 0.1125 0.0746 0.1127 0.2919 0.2548 0.1536 
        H678  4 0.2556 0.1088 0.1948 0.1387 0.2212 0.0809 
        H679  4 0.1594 0.2998 0.1785 0.1213 0.1391 0.1018 
        H680  4 0.2216 0.0922 0.2530 0.2364 0.1195 0.0773 
        H681  4 0.1407 0.1211 0.1250 0.1436 0.2608 0.2088 
        H682  4 0.1531 0.2472 0.1168 0.1685 0.2392 0.0752 
        H683  4 0.1326 0.1780 0.1763 0.0842 0.0811 0.3477 
        H718  4 0.0776 0.1601 0.0896 0.1174 0.0713 0.4840 
        H719  4 0.1064 0.1690 0.1040 0.3705 0.0935 0.1565 
        H720  4 0.1711 0.0919 0.1559 0.1906 0.1310 0.2595 
        H721  4 0.1736 0.0800 0.2595 0.1801 0.1369 0.1699 
        H722  4 0.1592 0.1011 0.2441 0.0836 0.1027 0.3093 
        H723  4 0.1086 0.1406 0.0963 0.1657 0.1944 0.2944 
        H724  4 0.1433 0.1307 0.1001 0.2022 0.1008 0.3228 
        H725  4 0.1157 0.0888 0.1308 0.1609 0.1057 0.3981 
        H726  4 0.1852 0.1110 0.1571 0.1169 0.1448 0.2850 
        H727  4 0.1558 0.1526 0.1172 0.3039 0.1218 0.1486 
        H910  4 0.1152 0.1678 0.1190 0.2693 0.1235 0.2051 
        H911  4 0.1279 0.3296 0.1767 0.1626 0.0962 0.1070 
        H912  4 0.2190 0.1495 0.1923 0.1661 0.1387 0.1344 
        H913  4 0.2725 0.1635 0.1243 0.0759 0.2407 0.1231 
        H914  4 0.1842 0.1212 0.0984 0.1344 0.2848 0.1770 
        H915  4 0.2314 0.1318 0.1693 0.1396 0.1999 0.1281 
        H916  4 0.2237 0.1695 0.2152 0.1333 0.1462 0.1121 
       H9572  4 0.1499 0.1845 0.1634 0.2413 0.1303 0.1306 
        H015  5 0.2251 0.1719 0.2047 0.2045 0.1126 0.0813 
        H016  5 0.2400 0.1115 0.3111 0.0865 0.1587 0.0922 
        H017  5 0.2207 0.1267 0.2146 0.0962 0.2293 0.1124 
        H019  5 0.1848 0.1355 0.2130 0.1384 0.1240 0.2043 
        H020  5 0.1474 0.1954 0.1469 0.1875 0.1341 0.1887 
        H032  5 0.1651 0.1819 0.1867 0.1330 0.1579 0.1755 
        H033  5 0.1871 0.1845 0.1562 0.1887 0.1946 0.0890 
        H034  5 0.1431 0.1500 0.1338 0.2017 0.1721 0.1992 
        H035  5 0.2403 0.1438 0.1983 0.1379 0.2015 0.0782 
        H036  5 0.1510 0.2438 0.1625 0.2618 0.0922 0.0887 
        H037  5 0.2829 0.0706 0.1222 0.1194 0.2997 0.1051 
        H048  5 0.1295 0.1097 0.1109 0.2808 0.1312 0.2379 
        H049  5 0.1859 0.1328 0.2425 0.2155 0.0950 0.1283 
        H054  5 0.1398 0.1579 0.2306 0.2324 0.1171 0.1222 
        H055  5 0.2005 0.0889 0.1921 0.1883 0.1643 0.1659 
        H057  5 0.2132 0.0634 0.3362 0.0937 0.1440 0.1496 
        H060  5 0.2110 0.0723 0.1895 0.0901 0.2451 0.1921 
        H061  5 0.1835 0.1277 0.1768 0.1533 0.2734 0.0852 
        H064  5 0.1151 0.1104 0.1689 0.1826 0.1540 0.2691 
        H070  5 0.1246 0.1349 0.1263 0.1509 0.2574 0.2060 
        H077  5 0.1220 0.0865 0.1077 0.0903 0.1113 0.4822 
        H078  5 0.2313 0.1369 0.2274 0.1024 0.1375 0.1644 
        H079  5 0.1458 0.2583 0.1213 0.1515 0.2540 0.0691 
        H097  5 0.2155 0.1438 0.2436 0.0742 0.1256 0.1973 
        H107  5 0.1209 0.0751 0.0979 0.2464 0.2028 0.2568 
        H122  5 0.2273 0.1203 0.2021 0.1296 0.2312 0.0895 
        H123  5 0.1738 0.3050 0.1707 0.1354 0.1650 0.0501 
        H124  5 0.1704 0.2640 0.1737 0.1344 0.1859 0.0716 
        H131  5 0.1190 0.4426 0.1229 0.1418 0.1166 0.0571 
        H132  5 0.1496 0.1544 0.1630 0.2145 0.1382 0.1803 
        H141  5 0.1828 0.1084 0.1422 0.1550 0.2586 0.1530 
        H142  5 0.2002 0.1128 0.1790 0.1406 0.2872 0.0801 
        H157  5 0.1726 0.1068 0.1571 0.2482 0.1510 0.1642 
        H158  5 0.2153 0.1880 0.2816 0.1138 0.1448 0.0564 
        H159  5 0.1634 0.1441 0.2110 0.2139 0.2000 0.0676 
        H160  5 0.1946 0.1504 0.1768 0.1883 0.2013 0.0886 
        H163  5 0.1781 0.2161 0.2032 0.1901 0.1261 0.0862 
        H164  5 0.1595 0.1395 0.1653 0.1459 0.2572 0.1326 
        H165  5 0.1163 0.3501 0.1333 0.1189 0.2204 0.0610 
        H166  5 0.1789 0.1966 0.1639 0.2581 0.1092 0.0933 
        H169  5 0.2053 0.1192 0.1899 0.1535 0.2602 0.0719 
     H169613  5 0.1823 0.1331 0.1789 0.1047 0.1951 0.2059 
     H169653  5 0.1504 0.1421 0.1686 0.3094 0.1436 0.0859 
     H169728  5 0.2264 0.1255 0.2449 0.1653 0.1361 0.1018 
     H169742  5 0.1434 0.0706 0.1042 0.2865 0.2339 0.1613 
        H170  5 0.1983 0.0912 0.3433 0.1076 0.1057 0.1540 
        H171  5 0.2069 0.0983 0.2923 0.1394 0.1389 0.1242 
     H171851  5 0.2460 0.1423 0.2458 0.1068 0.1262 0.1329 
     H171852  5 0.1744 0.0895 0.1820 0.1047 0.1455 0.3040 
     H171853  5 0.1316 0.1776 0.1383 0.2970 0.1554 0.1002 
     H171854  5 0.2134 0.1007 0.2419 0.1486 0.1173 0.1782 
     H171938  5 0.1366 0.0973 0.1200 0.2261 0.3052 0.1149 
     H171939  5 0.2026 0.1716 0.2496 0.1317 0.1474 0.0971 
     H171941  5 0.1260 0.0816 0.1218 0.2955 0.1091 0.2660 
     H171965  5 0.1962 0.0799 0.2495 0.1239 0.2522 0.0983 
     H171970  5 0.1121 0.0776 0.0960 0.2520 0.0798 0.3825 
     H171973  5 0.1549 0.1150 0.1487 0.2472 0.2418 0.0923 
     H171974  5 0.1652 0.1738 0.1569 0.1884 0.2102 0.1056 
     H171975  5 0.1075 0.1295 0.1152 0.3762 0.0908 0.1808 
     H171976  5 0.2070 0.0786 0.2957 0.1074 0.0932 0.2182 
        H175  5 0.1555 0.1593 0.1645 0.1940 0.1399 0.1867 
        H178  5 0.1489 0.1019 0.1288 0.2321 0.1998 0.1885 
        H189  5 0.1240 0.3604 0.1586 0.1006 0.1892 0.0673 
        H399  5 0.2101 0.1114 0.3368 0.1861 0.0847 0.0708 
        H416  5 0.2498 0.0840 0.1309 0.1440 0.2271 0.1642 
        H438  5 0.1255 0.2048 0.1265 0.3071 0.1567 0.0793 
        H450  5 0.1575 0.0616 0.1409 0.0805 0.2317 0.3279 
        H455  5 0.0784 0.0735 0.0692 0.3490 0.0821 0.3478 
        H456  5 0.1499 0.1118 0.1240 0.2190 0.3024 0.0930 
        H457  5 0.1504 0.0775 0.1701 0.1229 0.1079 0.3711 
        H458  5 0.1534 0.1232 0.1478 0.2455 0.2032 0.1270 
        H459  5 0.2176 0.1854 0.1734 0.1194 0.2527 0.0515 
        H460  5 0.1759 0.1167 0.1423 0.1059 0.3386 0.1207 
        H461  5 0.2397 0.0996 0.2771 0.1039 0.1448 0.1348 
        H462  5 0.1449 0.2910 0.1632 0.2179 0.0883 0.0948 
        H469  5 0.1551 0.2983 0.1602 0.1745 0.1092 0.1026 
        H470  5 0.2153 0.1353 0.1766 0.1949 0.1586 0.1194 
        H471  5 0.2247 0.2208 0.2193 0.1078 0.1648 0.0626 
        H481  5 0.1401 0.1155 0.0968 0.1117 0.1223 0.4136 
        H482  5 0.1672 0.1125 0.1586 0.1051 0.1680 0.2886 
        H501  5 0.2023 0.1157 0.1636 0.1533 0.1982 0.1668 
        H502  5 0.2005 0.1494 0.2451 0.1178 0.2035 0.0836 
        H503  5 0.1486 0.2211 0.1891 0.2375 0.1295 0.0742 
        H509  5 0.1196 0.1867 0.1230 0.3389 0.1006 0.1312 
        H510  5 0.1487 0.1014 0.1635 0.2498 0.1390 0.1977 
        H511  5 0.2080 0.1208 0.2020 0.1176 0.2464 0.1053 
        H530  5 0.1419 0.1706 0.1366 0.1905 0.2131 0.1472 
        H531  5 0.2552 0.0915 0.1688 0.0861 0.1969 0.2016 
        H564  5 0.2231 0.0538 0.2068 0.1298 0.1657 0.2208 
        H565  5 0.1864 0.0559 0.1074 0.1399 0.1484 0.3620 
        H567  5 0.1203 0.4863 0.1438 0.1068 0.0790 0.0637 
     H568???  5 0.2338 0.1194 0.3345 0.1352 0.1092 0.0680 
        H608  5 0.1614 0.0772 0.1454 0.1144 0.2126 0.2891 
        H609  5 0.1115 0.1632 0.1264 0.3496 0.1551 0.0942 
        H612  5 0.1253 0.0776 0.0972 0.1754 0.2374 0.2870 
        H614  5 0.2273 0.0776 0.1520 0.1035 0.1459 0.2937 
        H615  5 0.2246 0.0772 0.1321 0.0792 0.1744 0.3126 
        H616  5 0.1046 0.0759 0.0782 0.1872 0.1201 0.4340 
        H617  5 0.1458 0.2205 0.1518 0.1725 0.2598 0.0497 
        H618  5 0.1216 0.0761 0.1232 0.2751 0.0981 0.3059 
        H619  5 0.0903 0.0717 0.1095 0.3035 0.3025 0.1224 
        H635  5 0.1741 0.1420 0.1986 0.1977 0.1349 0.1527 
        H636  5 0.0981 0.1017 0.1086 0.2394 0.3706 0.0816 
        H637  5 0.1364 0.0904 0.1132 0.1467 0.1610 0.3524 
        H644  5 0.1598 0.3598 0.2455 0.0949 0.0835 0.0565 
        H711  5 0.2350 0.0855 0.2808 0.0782 0.1939 0.1267 
        H712  5 0.1229 0.1090 0.1035 0.2981 0.1814 0.1850 
       H7360  5 0.1924 0.1081 0.2525 0.0940 0.2129 0.1401 
       H7361  5 0.1709 0.0795 0.1468 0.1597 0.1398 0.3033 
       H7362  5 0.1572 0.2271 0.2902 0.1878 0.0952 0.0426 
       H7363  5 0.1855 0.1223 0.1869 0.2171 0.1110 0.1772 
       H7394  5 0.1899 0.2006 0.1880 0.1234 0.2191 0.0790 
       H7395  5 0.1532 0.0596 0.1351 0.2670 0.2785 0.1065 
       H7396  5 0.2774 0.1403 0.1317 0.1014 0.2346 0.1146 
        H742  5 0.1339 0.0701 0.1081 0.2995 0.2292 0.1592 
        H743  5 0.1525 0.1837 0.1270 0.1750 0.1221 0.2396 
        H744  5 0.1254 0.2190 0.0912 0.1785 0.0947 0.2912 
        H957  5 0.2485 0.0653 0.2987 0.0918 0.1651 0.1306 
        H958  5 0.1870 0.2448 0.1472 0.1179 0.1728 0.1303 
        H959  5 0.1241 0.0708 0.1128 0.1896 0.1443 0.3583 
        H960  5 0.1516 0.2310 0.1472 0.1973 0.1270 0.1459 
        H431  8 0.1467 0.2243 0.1109 0.2309 0.1458 0.1415 
        H432  8 0.1658 0.1797 0.1727 0.3500 0.0620 0.0698 
        H433  8 0.1145 0.2434 0.1355 0.1590 0.2409 0.1068 
        H434  8 0.1884 0.3140 0.1684 0.1265 0.1333 0.0694 
        H444  8 0.1140 0.1429 0.1134 0.2984 0.1642 0.1671 
        H454  8 0.0904 0.1001 0.0966 0.2470 0.0959 0.3700 
        H475  8 0.1016 0.0706 0.0850 0.0622 0.1384 0.5421 
        H491  8 0.1497 0.0726 0.1635 0.1889 0.1528 0.2725 
        H492  8 0.1974 0.1139 0.1306 0.1238 0.1510 0.2833 
        H493  8 0.2062 0.1418 0.2524 0.1349 0.1476 0.1171 
        H494  8 0.1294 0.1423 0.1278 0.3100 0.0957 0.1948 
        H495  8 0.1771 0.0495 0.1231 0.0760 0.1917 0.3825 
        H662  8 0.2530 0.0978 0.2403 0.1225 0.2040 0.0825 
        H663  8 0.1410 0.1569 0.1597 0.2078 0.1234 0.2112 
        H695  8 0.1601 0.2065 0.1490 0.1401 0.1524 0.1919 
       H7367  8 0.1018 0.5441 0.1098 0.1053 0.0849 0.0541 
       H7368  8 0.1711 0.1681 0.2628 0.1678 0.1490 0.0812 
       H7369  8 0.1338 0.1209 0.1363 0.2300 0.2157 0.1633 
       H7370  8 0.1715 0.3995 0.1432 0.1082 0.1276 0.0501 
       H7371  8 0.1424 0.1855 0.1404 0.1988 0.2012 0.1317 
     H169705 10 0.1188 0.5337 0.1074 0.1064 0.0800 0.0537 
     H171942 10 0.1716 0.1958 0.1593 0.3535 0.0561 0.0637 
     H171943 10 0.2375 0.1088 0.1943 0.1273 0.2526 0.0795 
     H171944 10 0.2076 0.1337 0.1414 0.1226 0.3179 0.0768 
     H171946 10 0.2380 0.0914 0.1795 0.1010 0.2353 0.1548 
     H171947 10 0.1679 0.2649 0.2021 0.0984 0.1110 0.1557 
     H229641 10 0.1523 0.2011 0.1436 0.1111 0.1319 0.2600 
      H30001 10 0.1617 0.1195 0.1702 0.2229 0.1943 0.1314 
      H30002 10 0.2000 0.1830 0.1305 0.1046 0.2714 0.1106 
      H30005 10 0.1276 0.3442 0.1436 0.2248 0.1039 0.0560 
      H30006 10 0.0841 0.5699 0.1126 0.0804 0.0668 0.0863 
      H30007 10 0.2765 0.0934 0.2678 0.0797 0.2001 0.0825 
        H451 10 0.1366 0.2175 0.1687 0.2259 0.1480 0.1032 
        H452 10 0.0765 0.4285 0.0997 0.2034 0.0700 0.1219 
        H453 10 0.1641 0.0704 0.1509 0.1680 0.1297 0.3169 
        H473 10 0.1753 0.0767 0.1559 0.1274 0.1537 0.3109 
        H474 10 0.1705 0.0976 0.1288 0.0743 0.1268 0.4021 
        H486 10 0.0899 0.2000 0.1205 0.1467 0.1277 0.3152 
        H487 10 0.1338 0.2691 0.1217 0.1341 0.0921 0.2492 
        H488 10 0.1137 0.1565 0.1298 0.2310 0.1655 0.2035 
        H489 10 0.1771 0.1909 0.1298 0.0987 0.1241 0.2793 
        H550 10 0.2940 0.1157 0.2146 0.0647 0.2471 0.0639 
        H551 10 0.1180 0.3315 0.1163 0.1795 0.0919 0.1628 
        H553 10 0.0878 0.4115 0.0954 0.1391 0.0819 0.1843 
        H554 10 0.1765 0.1619 0.1887 0.1274 0.2194 0.1261 
        H556 10 0.2034 0.2722 0.1616 0.1082 0.1553 0.0993 
        H580 10 0.1582 0.2252 0.1788 0.2385 0.1346 0.0647 
        H591 10 0.1154 0.0914 0.0757 0.0778 0.1065 0.5331 
        H592 10 0.1867 0.1880 0.1399 0.1661 0.1773 0.1420 
        H593 10 0.1883 0.1122 0.2384 0.1057 0.2052 0.1503 
        H594 10 0.2154 0.2031 0.2713 0.1317 0.1280 0.0505 
        H627 10 0.2404 0.1277 0.2136 0.1036 0.1274 0.1873 
        H628 10 0.1244 0.1934 0.1965 0.2302 0.1928 0.0626 
        H629 10 0.2090 0.0906 0.2644 0.1633 0.0994 0.1733 
        H630 10 0.2224 0.2169 0.1717 0.1338 0.1723 0.0829 
        H638 10 0.2072 0.1906 0.1819 0.1945 0.1432 0.0826 
        H639 10 0.1487 0.1172 0.1669 0.1720 0.0806 0.3145 
        H640 10 0.1654 0.2183 0.2165 0.1544 0.1718 0.0736 
        H704 10 0.1784 0.1652 0.3447 0.1146 0.1241 0.0730 
        H705 10 0.1124 0.5370 0.1126 0.1030 0.0789 0.0562 
        H706 10 0.1102 0.1676 0.1035 0.2588 0.1335 0.2263 
        H708 10 0.2617 0.0659 0.1111 0.0944 0.2548 0.2121 
       H7351 10 0.1993 0.1710 0.2399 0.1249 0.1738 0.0910 
       H7352 10 0.1976 0.1389 0.1946 0.1886 0.1517 0.1287 
       H7353 10 0.1874 0.1287 0.3924 0.1304 0.0804 0.0807 
       H7354 10 0.1751 0.0745 0.1366 0.1778 0.2216 0.2143 
       H7365 10 0.1529 0.1003 0.1223 0.2103 0.1830 0.2312 
       H7383 10 0.1682 0.1058 0.1392 0.2067 0.2195 0.1607 
       H7384 10 0.1593 0.3003 0.1675 0.1183 0.1324 0.1222 
       H7385 10 0.1697 0.1228 0.1423 0.1857 0.1744 0.2052 
       H7386 10 0.1228 0.2259 0.1591 0.2378 0.1690 0.0854 
       H7387 10 0.2528 0.1000 0.1968 0.1347 0.2433 0.0724 
       H7388 10 0.0832 0.3912 0.0953 0.2415 0.0887 0.1002 
        H906 10 0.1294 0.0660 0.1763 0.1940 0.1109 0.3234 
        H907 10 0.2207 0.1738 0.2352 0.1446 0.1440 0.0817 
        H908 10 0.1440 0.1764 0.1469 0.2090 0.2089 0.1148 
        H909 10 0.1234 0.0623 0.1042 0.2881 0.2532 0.1688 
       H9552 10 0.1859 0.1720 0.2259 0.1903 0.1338 0.0921 
       H9553 10 0.0818 0.4794 0.0913 0.1589 0.0711 0.1175 
       H9555 10 0.1971 0.2145 0.1496 0.1599 0.2041 0.0748 
       H9575 10 0.2465 0.0687 0.1559 0.1288 0.2294 0.1706 
       H9703 10 0.1095 0.2616 0.0943 0.1345 0.1306 0.2695 
       H9707 10 0.1093 0.1672 0.1068 0.1118 0.1097 0.3952 
       HSAA4 10 0.1654 0.2263 0.1948 0.2254 0.1251 0.0631 
        H001 11 0.1675 0.0810 0.1560 0.3132 0.1721 0.1102 
        H004 11 0.2281 0.1216 0.1844 0.1087 0.2013 0.1559 
        H005 11 0.1062 0.0612 0.1096 0.1643 0.1395 0.4191 
        H006 11 0.1788 0.1309 0.1681 0.1289 0.2837 0.1097 
        H007 11 0.0956 0.0779 0.0832 0.2654 0.1251 0.3529 
        H031 11 0.1576 0.1017 0.0945 0.1424 0.1657 0.3381 
        H074 11 0.1842 0.1161 0.1593 0.1984 0.1243 0.2177 
        H075 11 0.1801 0.0604 0.0844 0.1772 0.2423 0.2556 
        H080 11 0.1318 0.1205 0.1328 0.3268 0.1123 0.1758 
        H086 11 0.1265 0.3903 0.1334 0.1502 0.0987 0.1010 
        H092 11 0.1533 0.2201 0.1598 0.1275 0.1540 0.1852 
        H093 11 0.1707 0.1565 0.2700 0.1283 0.1863 0.0882 
        H094 11 0.2377 0.1456 0.1966 0.1416 0.1968 0.0818 
        H095 11 0.1647 0.0874 0.1491 0.2315 0.1665 0.2008 
        H096 11 0.1313 0.0914 0.1248 0.2016 0.2232 0.2277 
        H099 11 0.1948 0.1164 0.1704 0.1572 0.1690 0.1922 
        H100 11 0.1784 0.1352 0.1783 0.3137 0.1269 0.0676 
        H127 11 0.1193 0.2970 0.1371 0.1851 0.1065 0.1550 
        H136 11 0.1868 0.0868 0.1007 0.0771 0.1363 0.4123 
        H153 11 0.1891 0.1502 0.2235 0.1189 0.1433 0.1750 
        H154 11 0.1660 0.1113 0.1390 0.2072 0.1813 0.1953 
        H155 11 0.0923 0.2056 0.1205 0.3521 0.1815 0.0480 
        H156 11 0.1663 0.1844 0.2040 0.2047 0.1863 0.0543 
        H161 11 0.1977 0.1521 0.1714 0.1028 0.1756 0.2003 
        H162 11 0.1269 0.3438 0.1581 0.1750 0.1378 0.0584 
        H167 11 0.2036 0.1351 0.1918 0.1392 0.2566 0.0737 
        H168 11 0.1643 0.1535 0.1796 0.2448 0.1556 0.1022 
     H169586 11 0.2787 0.0588 0.2159 0.0506 0.2339 0.1620 
     H169738 11 0.1034 0.2494 0.1351 0.2316 0.1621 0.1184 
     H169741 11 0.2644 0.1146 0.1050 0.0790 0.2299 0.2072 
     H171801 11 0.2139 0.1629 0.2774 0.1726 0.0919 0.0813 
     H171810 11 0.2156 0.0718 0.1309 0.1100 0.1734 0.2983 
     H171811 11 0.2914 0.0627 0.1732 0.1092 0.2192 0.1444 
     H171812 11 0.2114 0.0789 0.1284 0.2676 0.2092 0.1045 
     H171820 11 0.2001 0.0875 0.1505 0.1615 0.1977 0.2028 
     H171821 11 0.1891 0.1464 0.2005 0.2212 0.1674 0.0754 
     H171822 11 0.1740 0.2266 0.1888 0.1965 0.1220 0.0922 
     H171823 11 0.1450 0.0532 0.1788 0.0953 0.0786 0.4492 
     H171866 11 0.1509 0.2140 0.2025 0.1635 0.1185 0.1505 
     H171867 11 0.1232 0.2853 0.1382 0.1759 0.1812 0.0962 
     H171967 11 0.1428 0.1020 0.1229 0.2112 0.1679 0.2532 
     H171969 11 0.2112 0.1192 0.1946 0.1588 0.1677 0.1486 
        H172 11 0.1918 0.1575 0.1681 0.1687 0.2142 0.0997 
        H173 11 0.1437 0.2345 0.1176 0.2557 0.1700 0.0785 
        H174 11 0.2236 0.1459 0.2941 0.1833 0.1107 0.0424 
        H196 11 0.0825 0.4481 0.0946 0.2620 0.0605 0.0523 
        H197 11 0.1995 0.1850 0.1948 0.1584 0.1894 0.0729 
        H346 11 0.1319 0.0939 0.1160 0.2251 0.2266 0.2065 
        H355 11 0.1485 0.1154 0.1655 0.2472 0.1417 0.1816 
        H356 11 0.1414 0.1912 0.1463 0.2007 0.1254 0.1951 
        H357 11 0.2047 0.1164 0.1392 0.1649 0.1362 0.2387 
        H358 11 0.1626 0.0819 0.1101 0.2141 0.3406 0.0907 
        H359 11 0.1950 0.1783 0.1711 0.1054 0.2324 0.1177 
        H360 11 0.1704 0.2852 0.1348 0.1172 0.2013 0.0912 
        H361 11 0.1120 0.2123 0.1344 0.2401 0.1843 0.1170 
        H362 11 0.1767 0.2790 0.1730 0.1500 0.1645 0.0569 
        H363 11 0.1779 0.0921 0.1102 0.1053 0.3090 0.2055 
        H364 11 0.2738 0.0646 0.1867 0.0904 0.2873 0.0973 
        H365 11 0.1718 0.2040 0.1694 0.1181 0.1749 0.1618 
        H366 11 0.1149 0.2604 0.1653 0.2143 0.1374 0.1076 
        H367 11 0.1131 0.1513 0.1183 0.2623 0.0991 0.2558 
        H368 11 0.3153 0.0802 0.2620 0.0895 0.1792 0.0737 
        H369 11 0.1027 0.1007 0.0845 0.2342 0.1926 0.2854 
        H370 11 0.1822 0.1971 0.2030 0.1210 0.2142 0.0825 
        H371 11 0.1665 0.2787 0.1642 0.1840 0.0950 0.1116 
        H372 11 0.1694 0.1393 0.1561 0.2355 0.2119 0.0878 
        H373 11 0.1973 0.1138 0.1882 0.2606 0.1562 0.0838 
        H374 11 0.1906 0.1158 0.1795 0.1722 0.1529 0.1889 
        H375 11 0.1300 0.1052 0.1153 0.3085 0.2113 0.1297 
        H376 11 0.2026 0.1459 0.2730 0.1707 0.1262 0.0816 
        H377 11 0.1866 0.1719 0.1396 0.1029 0.1766 0.2225 
        H378 11 0.2245 0.1070 0.2109 0.2107 0.1325 0.1144 
        H379 11 0.2166 0.1406 0.1879 0.1354 0.1857 0.1337 
        H380 11 0.1495 0.1180 0.1608 0.2019 0.2871 0.0827 
        H381 11 0.2004 0.0711 0.1616 0.0958 0.1666 0.3046 
        H382 11 0.1890 0.1898 0.2345 0.1554 0.1834 0.0479 
        H383 11 0.2350 0.1353 0.2618 0.1510 0.1579 0.0591 
        H384 11 0.3149 0.0849 0.1226 0.0656 0.2704 0.1416 
        H385 11 0.2194 0.1472 0.1523 0.1005 0.1993 0.1812 
        H386 11 0.0996 0.1003 0.1001 0.2960 0.3402 0.0637 
        H387 11 0.2336 0.0648 0.2991 0.0906 0.1691 0.1429 
        H388 11 0.1271 0.3440 0.1689 0.1186 0.1752 0.0662 
        H389 11 0.1063 0.1058 0.1114 0.2664 0.2103 0.1997 
        H390 11 0.1697 0.1463 0.1690 0.1762 0.2645 0.0744 
        H391 11 0.2583 0.1347 0.2195 0.1615 0.1739 0.0520 
        H392 11 0.1401 0.0494 0.0942 0.1911 0.3060 0.2192 
        H393 11 0.1698 0.1633 0.2288 0.2370 0.1006 0.1006 
        H394 11 0.1874 0.1420 0.3054 0.1193 0.1322 0.1138 
        H395 11 0.1631 0.1329 0.1224 0.1489 0.2077 0.2252 
        H408 11 0.1222 0.0857 0.1212 0.2654 0.2786 0.1269 
        H412 11 0.1953 0.0892 0.1411 0.1806 0.1661 0.2277 
        H417 11 0.2779 0.1214 0.1295 0.0847 0.2484 0.1381 
        H418 11 0.1645 0.1965 0.1825 0.2244 0.1044 0.1278 
        H429 11 0.1469 0.0680 0.1601 0.2060 0.3221 0.0969 
        H430 11 0.1567 0.1987 0.1609 0.2769 0.1261 0.0808 
        H439 11 0.2110 0.2096 0.1596 0.1373 0.1745 0.1080 
        H440 11 0.1692 0.0793 0.1263 0.0947 0.2175 0.3130 
        H441 11 0.1176 0.3238 0.1027 0.2642 0.1393 0.0523 
        H442 11 0.1435 0.2285 0.1770 0.1532 0.2043 0.0935 
        H446 11 0.1728 0.1846 0.2564 0.1172 0.1679 0.1011 
        H447 11 0.1511 0.0880 0.1300 0.2209 0.3498 0.0603 
        H448 11 0.0902 0.3524 0.1025 0.2295 0.1107 0.1146 
        H534 11 0.1950 0.0693 0.1620 0.1472 0.1759 0.2505 
        H537 11 0.1261 0.0930 0.1765 0.2659 0.1377 0.2008 
        H568 11 0.1144 0.0958 0.0924 0.0708 0.0852 0.5414 
        H569 11 0.1302 0.4556 0.1259 0.1568 0.0748 0.0567 
        H586 11 0.3153 0.0522 0.1884 0.0491 0.2416 0.1535 
        H587 11 0.1923 0.0855 0.1061 0.1574 0.1973 0.2614 
        H588 11 0.2448 0.0967 0.3554 0.1140 0.1035 0.0856 
        H589 11 0.1856 0.0518 0.1010 0.0983 0.2317 0.3316 
        H590 11 0.1083 0.0770 0.1121 0.1228 0.1288 0.4510 
        H601 11 0.1471 0.3001 0.1784 0.1455 0.1051 0.1238 
        H602 11 0.1377 0.1990 0.1262 0.2158 0.1317 0.1896 
        H603 11 0.1355 0.1337 0.1065 0.2183 0.3273 0.0787 
        H610 11 0.1264 0.3260 0.1544 0.1142 0.1072 0.1718 
        H611 11 0.2392 0.1218 0.1156 0.1082 0.1573 0.2578 
        H649 11 0.1880 0.1160 0.1709 0.2547 0.1282 0.1423 
        H650 11 0.2260 0.2402 0.1837 0.0873 0.1761 0.0867 
        H651 11 0.1045 0.2441 0.1243 0.2231 0.1894 0.1146 
        H652 11 0.1909 0.1570 0.2432 0.1319 0.1439 0.1331 
       H7364 11 0.1780 0.1621 0.1789 0.1914 0.1952 0.0945 
       H7366 11 0.1175 0.2885 0.1315 0.1245 0.1632 0.1748 
       H7378 11 0.2001 0.2132 0.3147 0.1552 0.0750 0.0417 
       H7379 11 0.1856 0.2010 0.2267 0.1793 0.1136 0.0938 
        H739 11 0.1790 0.1770 0.1105 0.1185 0.1368 0.2782 
        H740 11 0.1603 0.2651 0.2262 0.0997 0.1329 0.1159 
        H741 11 0.2713 0.1195 0.1063 0.0729 0.2273 0.2028 
        H926 11 0.1802 0.2501 0.2090 0.1592 0.0874 0.1141 
        H927 11 0.1126 0.4752 0.0991 0.1125 0.1450 0.0557 
        H928 11 0.2326 0.2299 0.1795 0.1009 0.1623 0.0948 
       H9560 11 0.2478 0.1715 0.2260 0.1078 0.1644 0.0826 
