        H008  2 0.1758 0.1869 0.1393 0.2780 0.2200 
        H021  2 0.1306 0.2837 0.2556 0.1581 0.1721 
        H023  2 0.4075 0.2060 0.2050 0.0762 0.1052 
        H024  2 0.0786 0.0720 0.1077 0.5462 0.1955 
        H025  2 0.3666 0.1165 0.1101 0.1218 0.2850 
        H026  2 0.0495 0.0924 0.1649 0.2948 0.3984 
        H027  2 0.1208 0.2019 0.1925 0.3311 0.1537 
        H028  2 0.1477 0.1565 0.1324 0.2953 0.2680 
        H029  2 0.0697 0.1937 0.1988 0.3490 0.1888 
        H030  2 0.0650 0.1173 0.1125 0.4393 0.2659 
        H038  2 0.1761 0.3650 0.2679 0.0767 0.1143 
        H039  2 0.6339 0.1065 0.1170 0.0625 0.0801 
        H040  2 0.1714 0.3347 0.2391 0.1247 0.1301 
        H041  2 0.2466 0.1602 0.1095 0.3326 0.1511 
        H042  2 0.3022 0.1894 0.1553 0.1503 0.2028 
        H043  2 0.2709 0.2921 0.2711 0.0558 0.1102 
        H044  2 0.0918 0.1618 0.1941 0.2139 0.3385 
        H047  2 0.1978 0.1623 0.1900 0.1678 0.2821 
        H050  2 0.0544 0.0993 0.2037 0.4783 0.1644 
        H058  2 0.1669 0.2932 0.2396 0.1083 0.1920 
        H062  2 0.4251 0.2200 0.1715 0.0639 0.1196 
        H063  2 0.3766 0.1741 0.1682 0.1477 0.1334 
        H065  2 0.2749 0.1237 0.0896 0.0861 0.4258 
        H066  2 0.0587 0.2403 0.2932 0.2219 0.1858 
        H067  2 0.1671 0.2693 0.1902 0.1635 0.2099 
        H068  2 0.3670 0.1813 0.1972 0.1002 0.1544 
        H069  2 0.1450 0.2163 0.2301 0.1529 0.2557 
        H071  2 0.2531 0.2427 0.2126 0.1301 0.1615 
        H072  2 0.5289 0.1155 0.1159 0.1089 0.1309 
        H073  2 0.1269 0.2800 0.2500 0.1424 0.2007 
        H081  2 0.4762 0.1902 0.1056 0.1255 0.1026 
        H082  2 0.1080 0.0969 0.1215 0.3894 0.2841 
        H083  2 0.1203 0.1596 0.1657 0.2210 0.3334 
        H084  2 0.1198 0.2790 0.2253 0.2231 0.1528 
        H085  2 0.2728 0.1772 0.1320 0.2756 0.1424 
        H087  2 0.2580 0.2675 0.1556 0.1667 0.1522 
        H088  2 0.3414 0.2062 0.1763 0.1128 0.1635 
        H089  2 0.2519 0.2264 0.1934 0.1642 0.1642 
        H090  2 0.0868 0.0864 0.1564 0.5413 0.1291 
        H091  2 0.0711 0.1478 0.1872 0.4819 0.1121 
        H098  2 0.2053 0.1422 0.1297 0.3546 0.1682 
      H10001  2 0.5912 0.1222 0.1383 0.0601 0.0881 
      H10002  2 0.2851 0.2304 0.1949 0.1243 0.1653 
        H101  2 0.0527 0.1178 0.2066 0.4556 0.1672 
        H108  2 0.6269 0.1518 0.0699 0.0548 0.0966 
        H109  2 0.1162 0.2349 0.2478 0.2362 0.1649 
        H110  2 0.1646 0.3127 0.1756 0.2224 0.1247 
        H116  2 0.0912 0.1542 0.1544 0.2564 0.3438 
        H117  2 0.0599 0.1241 0.1615 0.5698 0.0848 
        H118  2 0.0926 0.1230 0.1310 0.4489 0.2045 
        H119  2 0.1526 0.2368 0.1978 0.2818 0.1310 
        H120  2 0.6832 0.1123 0.0699 0.0576 0.0770 
        H121  2 0.1159 0.1009 0.1505 0.4817 0.1511 
        H125  2 0.4752 0.1915 0.1870 0.0632 0.0831 
        H126  2 0.2643 0.1159 0.1346 0.1312 0.3539 
        H128  2 0.0304 0.0679 0.1450 0.6213 0.1354 
        H129  2 0.1044 0.1878 0.1545 0.1649 0.3885 
        H130  2 0.2840 0.1547 0.1817 0.0699 0.3098 
        H133  2 0.3516 0.1586 0.1640 0.1395 0.1864 
        H134  2 0.0601 0.0953 0.0982 0.1338 0.6127 
        H135  2 0.2871 0.2008 0.1884 0.1542 0.1696 
        H137  2 0.0902 0.1321 0.1749 0.4691 0.1337 
        H138  2 0.0574 0.1537 0.2389 0.1293 0.4207 
        H140  2 0.1287 0.1176 0.1600 0.4051 0.1886 
        H146  2 0.0750 0.0947 0.1539 0.5528 0.1236 
        H147  2 0.1246 0.2620 0.1816 0.2862 0.1456 
        H148  2 0.0811 0.1986 0.2196 0.3830 0.1177 
     H166022  2 0.0794 0.2285 0.2008 0.3011 0.1901 
     H167359  2 0.1386 0.1609 0.2396 0.1814 0.2795 
     H167397  2 0.0453 0.1315 0.1236 0.4910 0.2086 
     H167428  2 0.1332 0.1252 0.1163 0.3368 0.2885 
     H167496  2 0.4687 0.1397 0.1087 0.1649 0.1180 
     H167513  2 0.1387 0.3330 0.2037 0.1702 0.1543 
     H167545  2 0.0916 0.2015 0.3227 0.1386 0.2456 
     H167547  2 0.0440 0.1151 0.1385 0.5223 0.1801 
     H169621  2 0.0549 0.1384 0.1877 0.4371 0.1819 
     H169622  2 0.0847 0.2493 0.3020 0.1074 0.2567 
     H169750  2 0.1682 0.2041 0.1871 0.1984 0.2422 
     H171806  2 0.1595 0.1431 0.2186 0.3138 0.1650 
     H171808  2 0.1963 0.2126 0.2274 0.1359 0.2278 
     H171809  2 0.2832 0.2275 0.1733 0.1292 0.1869 
     H171813  2 0.1390 0.1807 0.2191 0.1780 0.2833 
     H171815  2 0.4130 0.1364 0.1934 0.0953 0.1619 
     H171824  2 0.2096 0.2317 0.2195 0.2073 0.1318 
     H171825  2 0.1487 0.2432 0.2900 0.0923 0.2257 
     H171826  2 0.1374 0.2123 0.2162 0.1944 0.2397 
     H171827  2 0.0941 0.3162 0.3299 0.1200 0.1398 
     H171828  2 0.6388 0.1184 0.0988 0.0735 0.0705 
     H171829  2 0.1230 0.2653 0.2160 0.1394 0.2563 
     H171830  2 0.2833 0.1389 0.1371 0.2462 0.1945 
     H171831  2 0.0835 0.1583 0.1287 0.2216 0.4078 
     H171832  2 0.1406 0.1522 0.2010 0.1426 0.3635 
     H171863  2 0.0617 0.1125 0.1717 0.2318 0.4223 
     H171864  2 0.2109 0.1667 0.1632 0.3133 0.1460 
     H171865  2 0.5205 0.1086 0.1117 0.1190 0.1401 
     H171879  2 0.0681 0.1099 0.1893 0.4702 0.1625 
     H171880  2 0.0524 0.1241 0.2110 0.5042 0.1083 
     H171881  2 0.1030 0.1917 0.1681 0.2806 0.2566 
     H171882  2 0.6920 0.0821 0.0665 0.0692 0.0902 
     H171929  2 0.2258 0.1329 0.1230 0.2969 0.2214 
     H171930  2 0.0586 0.1460 0.3255 0.2371 0.2328 
     H171933  2 0.0944 0.1729 0.2221 0.3420 0.1687 
     H171934  2 0.1628 0.2187 0.2326 0.2243 0.1615 
     H171937  2 0.1168 0.1395 0.1528 0.1602 0.4307 
     H171962  2 0.2252 0.1620 0.1820 0.1251 0.3058 
        H190  2 0.1391 0.1952 0.1942 0.2236 0.2479 
        H191  2 0.2538 0.1307 0.0973 0.3254 0.1928 
        H396  2 0.4030 0.2478 0.1334 0.0835 0.1323 
        H397  2 0.1522 0.2214 0.2144 0.1948 0.2171 
        H398  2 0.2241 0.1367 0.1477 0.1050 0.3865 
        H400  2 0.2996 0.1961 0.2043 0.1160 0.1839 
        H401  2 0.0504 0.0660 0.1084 0.6647 0.1106 
        H402  2 0.0587 0.2295 0.1940 0.3547 0.1630 
        H427  2 0.2680 0.2510 0.1603 0.1639 0.1567 
        H428  2 0.1325 0.1158 0.1173 0.3667 0.2677 
        H497  2 0.2788 0.2548 0.1953 0.1045 0.1666 
        H512  2 0.0835 0.1489 0.1788 0.4243 0.1645 
        H513  2 0.1459 0.3104 0.2135 0.1738 0.1564 
        H514  2 0.1017 0.1671 0.2508 0.0999 0.3805 
        H519  2 0.1360 0.2829 0.1727 0.2208 0.1876 
        H532  2 0.1100 0.2665 0.2337 0.2127 0.1771 
        H543  2 0.0642 0.2338 0.2824 0.2381 0.1816 
        H544  2 0.2307 0.1222 0.1277 0.1162 0.4032 
        H545  2 0.0717 0.1855 0.3462 0.1134 0.2831 
        H546  2 0.4661 0.1183 0.1163 0.1046 0.1947 
        H547  2 0.0470 0.1111 0.1553 0.5003 0.1864 
        H548  2 0.2381 0.2162 0.2011 0.1929 0.1517 
        H549  2 0.1244 0.3194 0.2793 0.1355 0.1414 
        H620  2 0.7102 0.0889 0.0801 0.0577 0.0632 
        H623  2 0.1323 0.1512 0.1529 0.2118 0.3518 
        H624  2 0.1598 0.2762 0.3581 0.0519 0.1540 
        H625  2 0.3177 0.2040 0.1494 0.1379 0.1910 
        H626  2 0.1259 0.3219 0.2748 0.1449 0.1325 
        H654  2 0.5351 0.1549 0.1857 0.0407 0.0836 
        H655  2 0.1477 0.2040 0.3886 0.0928 0.1668 
        H656  2 0.7361 0.0900 0.0617 0.0418 0.0705 
        H666  2 0.4189 0.1194 0.1538 0.1711 0.1369 
        H667  2 0.1091 0.3296 0.2715 0.1541 0.1358 
        H677  2 0.1022 0.2291 0.2679 0.2090 0.1917 
        H693  2 0.5604 0.1720 0.1137 0.0677 0.0862 
        H694  2 0.1348 0.1585 0.1572 0.2233 0.3262 
        H701  2 0.0779 0.1681 0.2345 0.2633 0.2562 
        H702  2 0.1533 0.2713 0.2494 0.1583 0.1677 
        H731  2 0.2632 0.2341 0.2006 0.1292 0.1730 
       H7359  2 0.1486 0.1575 0.2402 0.2112 0.2426 
       H7389  2 0.1209 0.1804 0.2088 0.2676 0.2223 
       H7390  2 0.1089 0.3581 0.3569 0.0740 0.1021 
       H7391  2 0.2055 0.2385 0.1629 0.2890 0.1040 
       H7392  2 0.1308 0.2376 0.2195 0.1719 0.2403 
       H7393  2 0.1467 0.2465 0.2268 0.2198 0.1602 
       H7398  2 0.2372 0.1711 0.1270 0.3355 0.1291 
       H7399  2 0.0735 0.2577 0.2551 0.2048 0.2088 
       H7400  2 0.6724 0.0880 0.1169 0.0417 0.0809 
        H745  2 0.0899 0.0944 0.1077 0.2002 0.5078 
        H746  2 0.0896 0.3473 0.2445 0.1399 0.1786 
        H747  2 0.2558 0.2102 0.2171 0.1783 0.1387 
        H748  2 0.1035 0.2735 0.2798 0.1632 0.1800 
       H7484  2 0.5762 0.1288 0.0897 0.1070 0.0983 
       H7485  2 0.1608 0.2786 0.2127 0.1281 0.2198 
        H749  2 0.0976 0.3053 0.2919 0.1180 0.1872 
        H930  2 0.0571 0.1614 0.3080 0.2745 0.1990 
        H931  2 0.3117 0.1327 0.1025 0.2416 0.2115 
        H932  2 0.0875 0.1644 0.2212 0.3176 0.2093 
        H002  4 0.3912 0.1389 0.1373 0.0807 0.2519 
        H003  4 0.1489 0.3405 0.2338 0.1276 0.1491 
        H009  4 0.0845 0.1931 0.2298 0.1234 0.3692 
        H010  4 0.0883 0.1774 0.2115 0.3086 0.2142 
        H011  4 0.5614 0.1610 0.1096 0.0690 0.0990 
        H012  4 0.1133 0.2353 0.1786 0.2742 0.1985 
        H013  4 0.4168 0.2172 0.1581 0.0910 0.1170 
        H014  4 0.1058 0.2085 0.1849 0.2124 0.2884 
        H045  4 0.5130 0.1127 0.0683 0.2065 0.0996 
        H046  4 0.1233 0.2474 0.2364 0.1139 0.2791 
        H051  4 0.5300 0.1545 0.0952 0.1040 0.1164 
        H052  4 0.3633 0.1382 0.1121 0.1216 0.2649 
        H053  4 0.1062 0.2621 0.2838 0.1572 0.1907 
        H056  4 0.4485 0.1201 0.1029 0.1407 0.1879 
        H076  4 0.0800 0.1788 0.1617 0.2901 0.2894 
        H151  4 0.1869 0.2624 0.2902 0.0830 0.1775 
        H152  4 0.3350 0.1324 0.1653 0.1017 0.2656 
     H171803  4 0.1170 0.3478 0.3069 0.1100 0.1183 
     H171804  4 0.3073 0.2447 0.1891 0.1429 0.1160 
     H171833  4 0.0751 0.1560 0.2066 0.1339 0.4283 
     H171855  4 0.2360 0.3159 0.2019 0.0821 0.1641 
     H171856  4 0.1120 0.2695 0.2599 0.2251 0.1336 
     H171857  4 0.2360 0.2335 0.1988 0.1209 0.2108 
     H171858  4 0.1605 0.1460 0.1839 0.2630 0.2467 
     H171859  4 0.1639 0.2071 0.1770 0.2319 0.2200 
     H171961  4 0.3653 0.1971 0.1718 0.1113 0.1545 
        H198  4 0.0652 0.2289 0.2563 0.1512 0.2985 
      H20001  4 0.0567 0.2237 0.2514 0.0971 0.3711 
        H403  4 0.1629 0.2239 0.1818 0.2380 0.1933 
        H404  4 0.1641 0.2141 0.2378 0.1525 0.2314 
        H405  4 0.1010 0.2377 0.2063 0.2147 0.2403 
        H406  4 0.1275 0.0990 0.1218 0.3800 0.2718 
        H407  4 0.1089 0.2096 0.2552 0.2909 0.1353 
        H410  4 0.0527 0.0776 0.1059 0.6749 0.0890 
        H411  4 0.0820 0.1564 0.1793 0.1922 0.3901 
        H468  4 0.0895 0.3227 0.2454 0.1303 0.2121 
        H476  4 0.1574 0.2414 0.2818 0.1304 0.1890 
        H477  4 0.0524 0.2245 0.3268 0.0890 0.3073 
        H478  4 0.1105 0.2968 0.2433 0.1642 0.1851 
        H479  4 0.4934 0.1665 0.1151 0.0999 0.1251 
        H480  4 0.0635 0.2024 0.2455 0.2291 0.2594 
        H498  4 0.1830 0.2180 0.2225 0.1477 0.2288 
        H499  4 0.1963 0.2136 0.2451 0.1187 0.2264 
        H500  4 0.3227 0.2011 0.2456 0.1101 0.1204 
        H515  4 0.1425 0.2113 0.2327 0.1808 0.2328 
        H516  4 0.0831 0.1423 0.2483 0.2327 0.2935 
        H517  4 0.0828 0.1380 0.1833 0.4736 0.1223 
        H518  4 0.2407 0.2372 0.1644 0.1154 0.2423 
        H520  4 0.1493 0.2763 0.2000 0.1755 0.1989 
        H521  4 0.2087 0.2393 0.1646 0.1664 0.2210 
        H522  4 0.0986 0.2844 0.3312 0.1137 0.1721 
        H523  4 0.1342 0.1746 0.2297 0.2830 0.1785 
        H536  4 0.2336 0.2168 0.1684 0.1144 0.2668 
        H645  4 0.5151 0.1985 0.1084 0.0901 0.0879 
        H646  4 0.0489 0.1003 0.2116 0.4434 0.1958 
        H647  4 0.0869 0.2772 0.3244 0.1159 0.1955 
        H657  4 0.0695 0.2164 0.1679 0.3694 0.1768 
        H658  4 0.0894 0.2183 0.3482 0.1832 0.1609 
        H659  4 0.2027 0.3190 0.3014 0.0682 0.1087 
        H660  4 0.2573 0.1866 0.1749 0.1532 0.2280 
        H661  4 0.1143 0.3379 0.3111 0.0659 0.1708 
        H668  4 0.0806 0.2596 0.2506 0.2052 0.2040 
        H669  4 0.1809 0.1854 0.1851 0.2805 0.1680 
        H670  4 0.3513 0.2604 0.1556 0.1012 0.1316 
        H678  4 0.0731 0.3163 0.3084 0.1314 0.1708 
        H679  4 0.1007 0.1435 0.1991 0.3539 0.2028 
        H680  4 0.0794 0.3244 0.2139 0.1278 0.2545 
        H681  4 0.3239 0.1930 0.1690 0.1488 0.1652 
        H682  4 0.0790 0.2144 0.2560 0.3169 0.1336 
        H683  4 0.2755 0.1461 0.1297 0.1832 0.2656 
        H718  4 0.5233 0.0914 0.0933 0.1812 0.1107 
        H719  4 0.4212 0.1685 0.1082 0.1701 0.1320 
        H720  4 0.3319 0.2257 0.1569 0.0757 0.2099 
        H721  4 0.2184 0.2410 0.1880 0.1049 0.2477 
        H722  4 0.2628 0.1528 0.1476 0.1280 0.3087 
        H723  4 0.3446 0.1719 0.1455 0.2036 0.1344 
        H724  4 0.3154 0.2328 0.2066 0.1351 0.1102 
        H725  4 0.3714 0.2379 0.1314 0.0981 0.1611 
        H726  4 0.2581 0.1502 0.2104 0.1808 0.2006 
        H727  4 0.2229 0.2114 0.1984 0.2036 0.1638 
        H910  4 0.2482 0.1969 0.2106 0.1799 0.1644 
        H911  4 0.1127 0.1095 0.1489 0.4624 0.1666 
        H912  4 0.1111 0.2601 0.2055 0.1888 0.2344 
        H913  4 0.1058 0.2886 0.3457 0.1215 0.1384 
        H914  4 0.2452 0.2625 0.2520 0.1246 0.1158 
        H915  4 0.1085 0.2665 0.2670 0.1982 0.1598 
        H916  4 0.0954 0.2243 0.2866 0.1764 0.2173 
       H9572  4 0.1387 0.2893 0.1807 0.2284 0.1628 
        H015  5 0.1073 0.2181 0.1717 0.2023 0.3006 
        H016  5 0.1293 0.1473 0.1811 0.1937 0.3486 
        H017  5 0.0792 0.2441 0.3564 0.1039 0.2164 
        H019  5 0.1837 0.1668 0.1630 0.1677 0.3187 
        H020  5 0.3562 0.1307 0.1775 0.1622 0.1734 
        H032  5 0.1532 0.1920 0.2004 0.2366 0.2178 
        H033  5 0.1330 0.2281 0.2270 0.2106 0.2013 
        H034  5 0.2177 0.2188 0.1968 0.2073 0.1594 
        H035  5 0.0756 0.2825 0.2920 0.1600 0.1900 
        H036  5 0.1282 0.1693 0.2179 0.2804 0.2042 
        H037  5 0.1426 0.2936 0.3672 0.0697 0.1269 
        H048  5 0.4040 0.2019 0.1344 0.1317 0.1280 
        H049  5 0.1903 0.1570 0.2180 0.1261 0.3086 
        H054  5 0.1551 0.1914 0.1819 0.2249 0.2467 
        H055  5 0.1780 0.2400 0.2203 0.1048 0.2569 
        H057  5 0.1471 0.1612 0.1915 0.1069 0.3934 
        H060  5 0.2602 0.1699 0.2525 0.0812 0.2363 
        H061  5 0.0838 0.2605 0.2161 0.1931 0.2466 
        H064  5 0.3714 0.1566 0.1335 0.1290 0.2095 
        H070  5 0.2548 0.2208 0.1853 0.1817 0.1574 
        H077  5 0.4229 0.1330 0.1230 0.1228 0.1984 
        H078  5 0.1125 0.2376 0.2423 0.1511 0.2564 
        H079  5 0.1288 0.2029 0.2332 0.3007 0.1344 
        H097  5 0.1519 0.1532 0.2088 0.1647 0.3213 
        H107  5 0.4511 0.2059 0.1558 0.0802 0.1070 
        H122  5 0.0686 0.2712 0.3501 0.1262 0.1838 
        H123  5 0.0574 0.1523 0.1633 0.4329 0.1941 
        H124  5 0.0746 0.1772 0.1752 0.3688 0.2042 
        H131  5 0.0703 0.1430 0.1700 0.4695 0.1471 
        H132  5 0.2478 0.1933 0.1668 0.2046 0.1875 
        H141  5 0.1583 0.2972 0.2602 0.1187 0.1656 
        H142  5 0.0918 0.2813 0.3094 0.1290 0.1885 
        H157  5 0.2303 0.2578 0.1961 0.1256 0.1902 
        H158  5 0.0618 0.1327 0.2670 0.2012 0.3373 
        H159  5 0.1021 0.2523 0.1546 0.2408 0.2501 
        H160  5 0.0864 0.2811 0.2488 0.1997 0.1840 
        H163  5 0.1083 0.1819 0.2142 0.2717 0.2240 
        H164  5 0.1831 0.2059 0.1167 0.2347 0.2597 
        H165  5 0.0750 0.2176 0.1586 0.3942 0.1546 
        H166  5 0.1989 0.1613 0.2030 0.1834 0.2533 
        H169  5 0.0912 0.2537 0.3356 0.1153 0.2042 
     H169613  5 0.1766 0.1963 0.2379 0.1271 0.2620 
     H169653  5 0.1235 0.2406 0.2235 0.1783 0.2341 
     H169728  5 0.1065 0.2828 0.2449 0.1444 0.2213 
     H169742  5 0.4689 0.2059 0.1495 0.0711 0.1046 
        H170  5 0.1157 0.1208 0.1519 0.1233 0.4883 
        H171  5 0.1410 0.1464 0.1313 0.1438 0.4375 
     H171851  5 0.1094 0.1686 0.2166 0.1522 0.3532 
     H171852  5 0.2425 0.2514 0.2218 0.1050 0.1793 
     H171853  5 0.1431 0.2672 0.1943 0.2539 0.1416 
     H171854  5 0.1256 0.1976 0.1982 0.1692 0.3094 
     H171938  5 0.2743 0.2791 0.1925 0.1316 0.1225 
     H171939  5 0.1541 0.1576 0.1352 0.2096 0.3435 
     H171941  5 0.4071 0.1688 0.1569 0.0946 0.1727 
     H171965  5 0.0850 0.2150 0.2750 0.1178 0.3073 
     H171970  5 0.4671 0.1818 0.1216 0.0867 0.1428 
     H171973  5 0.2333 0.2356 0.2040 0.1588 0.1682 
     H171974  5 0.1232 0.2493 0.2253 0.1953 0.2069 
     H171975  5 0.3511 0.1910 0.1112 0.1574 0.1893 
     H171976  5 0.2001 0.1574 0.1702 0.1128 0.3595 
        H175  5 0.2772 0.1833 0.1721 0.1809 0.1865 
        H178  5 0.3348 0.1953 0.1790 0.1023 0.1886 
        H189  5 0.0626 0.1917 0.2055 0.3579 0.1823 
        H399  5 0.0614 0.2196 0.1993 0.1908 0.3290 
        H416  5 0.2234 0.2508 0.2423 0.1239 0.1595 
        H438  5 0.1435 0.2347 0.1960 0.2920 0.1337 
        H450  5 0.3515 0.1920 0.2141 0.0633 0.1791 
        H455  5 0.6640 0.1210 0.0720 0.0685 0.0745 
        H456  5 0.1779 0.2706 0.2345 0.1431 0.1738 
        H457  5 0.3181 0.1567 0.1322 0.1074 0.2856 
        H458  5 0.1659 0.2578 0.2297 0.1570 0.1897 
        H459  5 0.0646 0.2044 0.3038 0.2061 0.2211 
        H460  5 0.1639 0.2466 0.3018 0.1387 0.1489 
        H461  5 0.1081 0.1599 0.2483 0.1139 0.3698 
        H462  5 0.1399 0.1593 0.2160 0.2956 0.1893 
        H469  5 0.0971 0.1392 0.1542 0.3966 0.2129 
        H470  5 0.1214 0.2800 0.1876 0.1843 0.2266 
        H471  5 0.0445 0.1500 0.3239 0.2511 0.2304 
        H481  5 0.4316 0.1550 0.1994 0.1029 0.1111 
        H482  5 0.2264 0.1862 0.1959 0.1490 0.2425 
        H501  5 0.2252 0.1966 0.2195 0.1631 0.1956 
        H502  5 0.0899 0.1930 0.2393 0.1579 0.3199 
        H503  5 0.0984 0.1932 0.2311 0.2660 0.2114 
        H509  5 0.1947 0.2552 0.1743 0.2325 0.1433 
        H510  5 0.3251 0.1800 0.1264 0.1215 0.2470 
        H511  5 0.1024 0.2275 0.2328 0.1911 0.2461 
        H530  5 0.2367 0.2201 0.1715 0.2077 0.1641 
        H531  5 0.1342 0.2871 0.3194 0.0935 0.1658 
        H564  5 0.3189 0.1703 0.2037 0.0731 0.2341 
        H565  5 0.4990 0.1551 0.1908 0.0501 0.1051 
        H567  5 0.0755 0.0948 0.1705 0.4757 0.1834 
     H568???  5 0.0687 0.1468 0.2668 0.1443 0.3733 
        H608  5 0.3159 0.1682 0.2407 0.0967 0.1785 
        H609  5 0.2267 0.2156 0.1700 0.1994 0.1883 
        H612  5 0.4759 0.2274 0.1452 0.0803 0.0712 
        H614  5 0.1903 0.2934 0.2984 0.0729 0.1450 
        H615  5 0.2371 0.2249 0.3261 0.0691 0.1428 
        H616  5 0.5697 0.1383 0.1384 0.0754 0.0781 
        H617  5 0.0737 0.2448 0.2329 0.3020 0.1465 
        H618  5 0.4893 0.1589 0.1145 0.0958 0.1415 
        H619  5 0.3593 0.2397 0.1653 0.0924 0.1432 
        H635  5 0.1523 0.2190 0.1849 0.1932 0.2505 
        H636  5 0.2177 0.3016 0.2541 0.1161 0.1106 
        H637  5 0.5360 0.1277 0.1246 0.0743 0.1373 
        H644  5 0.0571 0.0911 0.1311 0.3829 0.3377 
        H711  5 0.0850 0.1926 0.2501 0.1039 0.3684 
        H712  5 0.4779 0.1756 0.1303 0.0943 0.1220 
       H7360  5 0.1597 0.2181 0.1877 0.1178 0.3167 
       H7361  5 0.3395 0.2015 0.1467 0.1065 0.2058 
       H7362  5 0.0704 0.1273 0.1516 0.2706 0.3800 
       H7363  5 0.1853 0.1941 0.2307 0.1484 0.2415 
       H7394  5 0.0690 0.2082 0.2852 0.2125 0.2251 
       H7395  5 0.2375 0.2775 0.2160 0.0941 0.1749 
       H7396  5 0.1084 0.2433 0.3515 0.1346 0.1622 
        H742  5 0.4614 0.2138 0.1368 0.0693 0.1187 
        H743  5 0.3383 0.1389 0.1676 0.1937 0.1615 
        H744  5 0.3447 0.1304 0.1500 0.2601 0.1148 
        H957  5 0.0901 0.1904 0.2775 0.0819 0.3601 
        H958  5 0.1156 0.1919 0.2667 0.2469 0.1790 
        H959  5 0.5575 0.1462 0.1038 0.0756 0.1170 
        H960  5 0.1718 0.1497 0.1940 0.3082 0.1763 
        H431  8 0.1230 0.1850 0.2371 0.3348 0.1200 
        H432  8 0.1544 0.1685 0.1684 0.2126 0.2961 
        H433  8 0.1874 0.1913 0.2124 0.2571 0.1519 
        H434  8 0.0900 0.1847 0.2600 0.2608 0.2044 
        H444  8 0.3676 0.1962 0.1142 0.1605 0.1615 
        H454  8 0.5858 0.1090 0.1001 0.0890 0.1161 
        H475  8 0.5115 0.1158 0.1400 0.1021 0.1306 
        H491  8 0.3719 0.1798 0.1390 0.0957 0.2136 
        H492  8 0.3042 0.2105 0.2413 0.1015 0.1425 
        H493  8 0.0845 0.1921 0.2437 0.1743 0.3054 
        H494  8 0.3854 0.1853 0.1411 0.1441 0.1440 
        H495  8 0.2600 0.2788 0.2352 0.0592 0.1668 
        H662  8 0.0839 0.3299 0.2600 0.1325 0.1938 
        H663  8 0.3003 0.1672 0.1646 0.2041 0.1638 
        H695  8 0.2063 0.1719 0.2121 0.2504 0.1594 
       H7367  8 0.0555 0.0980 0.1819 0.5356 0.1291 
       H7368  8 0.1193 0.2048 0.1616 0.2383 0.2760 
       H7369  8 0.2845 0.2185 0.1326 0.1744 0.1900 
       H7370  8 0.0452 0.1459 0.2551 0.4122 0.1415 
       H7371  8 0.1833 0.2095 0.2019 0.2385 0.1668 
     H169705 10 0.0526 0.1158 0.2011 0.5235 0.1070 
     H171942 10 0.1489 0.1702 0.1541 0.2263 0.3006 
     H171943 10 0.0978 0.2501 0.3316 0.1063 0.2141 
     H171944 10 0.0862 0.2887 0.3141 0.1591 0.1518 
     H171946 10 0.1066 0.3142 0.3171 0.0867 0.1754 
     H171947 10 0.1515 0.1275 0.1681 0.2665 0.2864 
     H229641 10 0.1940 0.1488 0.1624 0.2758 0.2191 
      H30001 10 0.1827 0.2208 0.1922 0.1889 0.2154 
      H30002 10 0.1375 0.2490 0.2548 0.1719 0.1868 
      H30005 10 0.0694 0.1358 0.2132 0.4377 0.1439 
      H30006 10 0.0993 0.0727 0.1648 0.5293 0.1340 
      H30007 10 0.0965 0.2057 0.2355 0.1156 0.3466 
        H451 10 0.1665 0.1991 0.1599 0.2681 0.2063 
        H452 10 0.1028 0.0923 0.1247 0.5749 0.1053 
        H453 10 0.2943 0.1708 0.1853 0.0993 0.2503 
        H473 10 0.4113 0.1399 0.1344 0.0945 0.2198 
        H474 10 0.2149 0.2839 0.2863 0.0709 0.1439 
        H486 10 0.4163 0.1276 0.0950 0.2325 0.1286 
        H487 10 0.1765 0.1122 0.2232 0.2893 0.1987 
        H488 10 0.3555 0.1893 0.1236 0.2027 0.1289 
        H489 10 0.1724 0.2357 0.2733 0.1590 0.1595 
        H550 10 0.0490 0.2693 0.3002 0.1176 0.2638 
        H551 10 0.2322 0.1579 0.1533 0.3064 0.1502 
        H553 10 0.1492 0.1135 0.1951 0.4222 0.1201 
        H554 10 0.1450 0.2033 0.1722 0.2012 0.2783 
        H556 10 0.1061 0.1750 0.2360 0.2835 0.1994 
        H580 10 0.0757 0.1500 0.2503 0.3235 0.2006 
        H591 10 0.5672 0.1192 0.1413 0.0780 0.0944 
        H592 10 0.1210 0.2635 0.2571 0.1901 0.1683 
        H593 10 0.1520 0.1932 0.1781 0.1735 0.3031 
        H594 10 0.0711 0.1316 0.1925 0.2747 0.3300 
        H627 10 0.1553 0.2132 0.2432 0.1218 0.2665 
        H628 10 0.1239 0.2036 0.1053 0.3417 0.2256 
        H629 10 0.1478 0.2958 0.1852 0.1435 0.2277 
        H630 10 0.0675 0.2777 0.2732 0.2092 0.1724 
        H638 10 0.0736 0.2837 0.2213 0.2379 0.1833 
        H639 10 0.3011 0.2647 0.1411 0.1336 0.1594 
        H640 10 0.1043 0.1870 0.1893 0.2609 0.2586 
        H704 10 0.0858 0.1458 0.1659 0.1967 0.4058 
        H705 10 0.0534 0.0997 0.2057 0.5324 0.1088 
        H706 10 0.3790 0.1594 0.1436 0.1906 0.1275 
        H708 10 0.1374 0.3567 0.3464 0.0636 0.0960 
       H7351 10 0.1165 0.2151 0.1936 0.1563 0.3184 
       H7352 10 0.1223 0.2263 0.2079 0.2110 0.2325 
       H7353 10 0.0806 0.1010 0.1131 0.1945 0.5108 
       H7354 10 0.2963 0.2197 0.1827 0.0927 0.2086 
       H7365 10 0.2614 0.3015 0.2053 0.1194 0.1125 
       H7383 10 0.2502 0.2450 0.2182 0.1428 0.1439 
       H7384 10 0.1221 0.1543 0.1926 0.3602 0.1709 
       H7385 10 0.2496 0.2398 0.2388 0.1232 0.1485 
       H7386 10 0.1949 0.1912 0.1296 0.3172 0.1671 
       H7387 10 0.0782 0.2489 0.3285 0.1383 0.2061 
       H7388 10 0.1194 0.1030 0.1292 0.5613 0.0871 
        H906 10 0.5135 0.1290 0.0765 0.0832 0.1977 
        H907 10 0.0705 0.1553 0.2324 0.2365 0.3052 
        H908 10 0.1278 0.2623 0.2079 0.2132 0.1888 
        H909 10 0.3445 0.2423 0.1659 0.0818 0.1654 
       H9552 10 0.1467 0.1582 0.1753 0.2675 0.2522 
       H9553 10 0.1119 0.1126 0.1764 0.5061 0.0930 
       H9555 10 0.0921 0.2216 0.2301 0.2769 0.1793 
       H9575 10 0.1552 0.3093 0.3042 0.0826 0.1487 
       H9703 10 0.2830 0.1586 0.1944 0.2576 0.1065 
       H9707 10 0.3438 0.1417 0.1530 0.1889 0.1725 
       HSAA4 10 0.0784 0.1519 0.2467 0.3123 0.2108 
        H001 11 0.2360 0.2547 0.2011 0.1019 0.2064 
        H004 11 0.1398 0.2402 0.2303 0.1305 0.2591 
        H005 11 0.4874 0.1795 0.1124 0.0825 0.1382 
        H006 11 0.1458 0.2347 0.2706 0.1739 0.1750 
        H007 11 0.6612 0.1111 0.0795 0.0642 0.0840 
        H031 11 0.3526 0.2305 0.2233 0.1040 0.0896 
        H074 11 0.1903 0.3243 0.2147 0.1162 0.1544 
        H075 11 0.4260 0.2098 0.2290 0.0606 0.0747 
        H080 11 0.2451 0.2222 0.1646 0.1913 0.1768 
        H086 11 0.0936 0.1072 0.1926 0.4515 0.1551 
        H092 11 0.1768 0.1681 0.2267 0.2555 0.1729 
        H093 11 0.1335 0.1590 0.1863 0.1741 0.3471 
        H094 11 0.0641 0.2248 0.3446 0.1683 0.1981 
        H095 11 0.3566 0.2033 0.1719 0.1077 0.1605 
        H096 11 0.3926 0.2215 0.1265 0.1167 0.1428 
        H099 11 0.2071 0.2388 0.2061 0.1415 0.2065 
        H100 11 0.1686 0.1775 0.2264 0.1349 0.2926 
        H127 11 0.1545 0.1542 0.1616 0.3490 0.1807 
        H136 11 0.2724 0.1962 0.2624 0.0958 0.1732 
        H153 11 0.1676 0.1732 0.1918 0.1770 0.2904 
        H154 11 0.1577 0.3213 0.2654 0.1213 0.1344 
        H155 11 0.1282 0.2281 0.1415 0.3544 0.1478 
        H156 11 0.0902 0.2022 0.1586 0.3191 0.2298 
        H161 11 0.1861 0.1731 0.1618 0.1743 0.3046 
        H162 11 0.0639 0.1589 0.1764 0.4332 0.1677 
        H167 11 0.1098 0.2118 0.2744 0.1682 0.2358 
        H168 11 0.1518 0.1988 0.1794 0.2627 0.2073 
     H169586 11 0.1160 0.2708 0.3431 0.0543 0.2158 
     H169738 11 0.2186 0.1451 0.1254 0.3505 0.1604 
     H169741 11 0.1083 0.2967 0.3832 0.0928 0.1190 
     H171801 11 0.1013 0.1625 0.1192 0.1859 0.4312 
     H171810 11 0.2628 0.2333 0.2865 0.0702 0.1472 
     H171811 11 0.1067 0.3381 0.3489 0.0623 0.1440 
     H171812 11 0.3161 0.2455 0.1646 0.0951 0.1787 
     H171820 11 0.2040 0.2719 0.2397 0.1137 0.1707 
     H171821 11 0.0955 0.2544 0.2208 0.2385 0.1908 
     H171822 11 0.0929 0.1873 0.2705 0.2571 0.1922 
     H171823 11 0.4270 0.1151 0.1360 0.0649 0.2570 
     H171866 11 0.1847 0.1128 0.0986 0.3450 0.2590 
     H171867 11 0.1459 0.1851 0.1691 0.3659 0.1339 
     H171967 11 0.4097 0.1915 0.1507 0.1102 0.1380 
     H171969 11 0.2206 0.2107 0.1824 0.1368 0.2495 
        H172 11 0.1667 0.2274 0.2387 0.1963 0.1709 
        H173 11 0.1351 0.2346 0.1833 0.2824 0.1645 
        H174 11 0.0444 0.1923 0.2207 0.2267 0.3159 
        H196 11 0.0612 0.0720 0.1360 0.6506 0.0803 
        H197 11 0.0882 0.2387 0.2234 0.2251 0.2247 
        H346 11 0.4033 0.1976 0.1733 0.0938 0.1320 
        H355 11 0.3843 0.1771 0.1456 0.1189 0.1741 
        H356 11 0.2753 0.1403 0.1794 0.2000 0.2050 
        H357 11 0.2733 0.2222 0.1920 0.1399 0.1726 
        H358 11 0.2383 0.2801 0.2702 0.0869 0.1244 
        H359 11 0.1098 0.2011 0.2244 0.2332 0.2316 
        H360 11 0.1425 0.1799 0.2321 0.2789 0.1665 
        H361 11 0.2157 0.1742 0.2007 0.2393 0.1702 
        H362 11 0.0649 0.1526 0.2129 0.3961 0.1736 
        H363 11 0.1763 0.2834 0.2769 0.1080 0.1554 
        H364 11 0.1116 0.2847 0.3259 0.0768 0.2010 
        H365 11 0.1932 0.1641 0.1711 0.2624 0.2092 
        H366 11 0.1581 0.2124 0.1471 0.3208 0.1616 
        H367 11 0.2557 0.2416 0.1488 0.2192 0.1346 
        H368 11 0.0609 0.2758 0.3401 0.0865 0.2368 
        H369 11 0.3866 0.2337 0.1681 0.1252 0.0863 
        H370 11 0.0875 0.1964 0.2074 0.2738 0.2350 
        H371 11 0.1434 0.1820 0.1714 0.3054 0.1978 
        H372 11 0.1443 0.2504 0.2888 0.1658 0.1507 
        H373 11 0.1267 0.2492 0.2495 0.1434 0.2311 
        H374 11 0.2347 0.1827 0.2502 0.1056 0.2268 
        H375 11 0.3317 0.2373 0.1580 0.1280 0.1450 
        H376 11 0.1124 0.1989 0.1816 0.1667 0.3404 
        H377 11 0.1860 0.1790 0.2756 0.1576 0.2019 
        H378 11 0.1259 0.2298 0.2404 0.1339 0.2699 
        H379 11 0.1211 0.2522 0.2429 0.1572 0.2266 
        H380 11 0.1398 0.2618 0.2103 0.1958 0.1922 
        H381 11 0.2490 0.2282 0.2628 0.0756 0.1844 
        H382 11 0.0728 0.1887 0.1740 0.3158 0.2487 
        H383 11 0.0830 0.1764 0.1863 0.2250 0.3293 
        H384 11 0.0917 0.2810 0.4115 0.0833 0.1325 
        H385 11 0.1089 0.2522 0.2617 0.1625 0.2147 
        H386 11 0.1864 0.2975 0.2121 0.1999 0.1040 
        H387 11 0.1179 0.1510 0.2226 0.0939 0.4146 
        H388 11 0.0907 0.1556 0.1568 0.4423 0.1547 
        H389 11 0.4758 0.1851 0.1346 0.1032 0.1013 
        H390 11 0.1075 0.2978 0.2312 0.1831 0.1804 
        H391 11 0.0669 0.2505 0.2766 0.1850 0.2209 
        H392 11 0.4023 0.2332 0.2115 0.0535 0.0995 
        H393 11 0.2390 0.1376 0.1388 0.1583 0.3263 
        H394 11 0.1490 0.1227 0.1491 0.1925 0.3867 
        H395 11 0.2313 0.2219 0.1942 0.1970 0.1555 
        H408 11 0.2728 0.2907 0.1774 0.1064 0.1527 
        H412 11 0.1380 0.3782 0.2796 0.0941 0.1102 
        H417 11 0.1209 0.2573 0.3316 0.1346 0.1556 
        H418 11 0.1001 0.2323 0.2194 0.2406 0.2076 
        H429 11 0.2498 0.2829 0.2058 0.0870 0.1744 
        H430 11 0.1604 0.1962 0.1678 0.2867 0.1889 
        H439 11 0.1192 0.2011 0.3059 0.2134 0.1604 
        H440 11 0.2902 0.2115 0.2348 0.0964 0.1671 
        H441 11 0.0723 0.1941 0.1449 0.4692 0.1195 
        H442 11 0.1335 0.1874 0.1405 0.3498 0.1888 
        H446 11 0.1004 0.1820 0.2316 0.1889 0.2971 
        H447 11 0.1168 0.3037 0.2813 0.1443 0.1539 
        H448 11 0.1706 0.1375 0.1263 0.4396 0.1260 
        H534 11 0.2189 0.2429 0.2552 0.0808 0.2022 
        H537 11 0.2824 0.2495 0.1495 0.1446 0.1740 
        H568 11 0.3566 0.1922 0.1958 0.1106 0.1448 
        H569 11 0.0887 0.1148 0.1798 0.4149 0.2018 
        H586 11 0.1238 0.2931 0.3344 0.0464 0.2023 
        H587 11 0.2746 0.2709 0.2614 0.0836 0.1095 
        H588 11 0.0918 0.1190 0.1921 0.1067 0.4904 
        H589 11 0.3587 0.2295 0.2503 0.0534 0.1081 
        H590 11 0.5533 0.1194 0.0792 0.1031 0.1451 
        H601 11 0.1324 0.1159 0.1101 0.3680 0.2736 
        H602 11 0.2045 0.1903 0.1956 0.2611 0.1486 
        H603 11 0.1672 0.2772 0.1812 0.2209 0.1534 
        H610 11 0.1374 0.1247 0.2172 0.3514 0.1693 
        H611 11 0.1721 0.2950 0.3104 0.1106 0.1119 
        H649 11 0.2523 0.1995 0.2005 0.1308 0.2169 
        H650 11 0.0786 0.1834 0.2462 0.2313 0.2605 
        H651 11 0.2034 0.2100 0.1686 0.2606 0.1575 
        H652 11 0.1129 0.1789 0.2004 0.1881 0.3198 
       H7364 11 0.1523 0.2163 0.2208 0.2139 0.1967 
       H7366 11 0.1839 0.1708 0.1622 0.3391 0.1439 
       H7378 11 0.0503 0.1612 0.1375 0.3060 0.3451 
       H7379 11 0.1133 0.1629 0.1613 0.3200 0.2425 
        H739 11 0.2163 0.2532 0.2480 0.1552 0.1272 
        H740 11 0.0819 0.1510 0.1873 0.2822 0.2976 
        H741 11 0.1248 0.2615 0.3869 0.0922 0.1346 
        H926 11 0.0969 0.1877 0.2241 0.2236 0.2676 
        H927 11 0.0564 0.1312 0.2264 0.4992 0.0868 
        H928 11 0.0795 0.2180 0.2500 0.2752 0.1774 
       H9560 11 0.0792 0.1840 0.3460 0.1690 0.2218 
