      H008.1  2 0.1153 0.8847 
      H008.2  2 0.1315 0.8685 
      H008.3  2 0.3743 0.6257 
      H008.4  2 0.0742 0.9258 
      H008.5  2 0.0529 0.9471 
      H008.6  2 0.3296 0.6704 
      H008.7  2 0.0867 0.9133 
      H008.8  2 0.1617 0.8383 
      H008.9  2 0.5389 0.4611 
 H029.1_2002  2 0.0276 0.9724 
 H029.1_2003  2 0.0761 0.9239 
 H029.2_2002  2 0.0518 0.9482 
 H029.2_2003  2 0.0701 0.9299 
 H029.3_2002  2 0.0444 0.9556 
 H029.3_2003  2 0.0330 0.9670 
 H029.4_2002  2 0.0210 0.9790 
 H029.4_2003  2 0.0644 0.9356 
 H029.5_2002  2 0.0322 0.9678 
 H029.5_2003  2 0.0281 0.9719 
 H029.6_2002  2 0.0215 0.9785 
 H029.6_2003  2 0.2187 0.7813 
      H029.7  2 0.0402 0.9598 
      H030.1  2 0.1672 0.8328 
      H030.2  2 0.0561 0.9439 
      H038.1  2 0.0299 0.9701 
      H038.2  2 0.0393 0.9607 
      H038.3  2 0.0464 0.9536 
      H038.4  2 0.0415 0.9585 
      H038.5  2 0.0216 0.9784 
      H038.6  2 0.0255 0.9745 
      H038.7  2 0.0278 0.9722 
      H038.8  2 0.0391 0.9609 
      H041.1  2 0.0459 0.9541 
      H041.2  2 0.1111 0.8889 
      H041.4  2 0.0969 0.9031 
      H041.6  2 0.1495 0.8505 
 H042.1_2002  2 0.2939 0.7061 
 H042.1_2003  2 0.4769 0.5231 
 H042.2_2002  2 0.0443 0.9557 
 H042.2_2003  2 0.7137 0.2863 
 H042.3_2002  2 0.3332 0.6668 
 H042.3_2003  2 0.3872 0.6128 
 H042.4_2002  2 0.1609 0.8391 
 H042.4_2003  2 0.2508 0.7492 
      H042.5  2 0.1544 0.8456 
      H042.6  2 0.0976 0.9024 
      H042.7  2 0.8008 0.1992 
      H042.8  2 0.0604 0.9396 
   H042_2002  2 0.6111 0.3889 
   H042_2003  2 0.5952 0.4048 
      H043.1  2 0.0317 0.9683 
      H043.2  2 0.1730 0.8270 
      H043.3  2 0.1291 0.8709 
      H043.4  2 0.1040 0.8960 
      H043.5  2 0.0480 0.9520 
      H043.6  2 0.0567 0.9433 
      H043.7  2 0.3004 0.6996 
      H043.8  2 0.1272 0.8728 
      H043.9  2 0.0343 0.9657 
      H047.1  2 0.4296 0.5704 
      H047.2  2 0.2790 0.7210 
      H047.3  2 0.3546 0.6454 
      H047.4  2 0.4632 0.5368 
      H047.5  2 0.6578 0.3422 
      H047.6  2 0.2845 0.7155 
      H047.7  2 0.3060 0.6940 
      H047.8  2 0.4984 0.5016 
      H047.9  2 0.7975 0.2025 
 H071.1_2002  2 0.0468 0.9532 
 H071.1_2003  2 0.1495 0.8505 
     H071.10  2 0.0179 0.9821 
 H071.2_2002  2 0.0473 0.9527 
 H071.2_2003  2 0.0267 0.9733 
      H071.3  2 0.0551 0.9449 
 H071.4_2002  2 0.0388 0.9612 
 H071.4_2003  2 0.0325 0.9675 
 H071.5_2002  2 0.0229 0.9771 
 H071.5_2003  2 0.0785 0.9215 
 H071.6_2002  2 0.0251 0.9749 
 H071.6_2003  2 0.0346 0.9654 
 H071.7_2002  2 0.0264 0.9736 
 H071.7_2003  2 0.0765 0.9235 
      H071.8  2 0.0407 0.9593 
      H071.9  2 0.0531 0.9469 
 H081.1_2002  2 0.0284 0.9716 
 H081.1_2003  2 0.0958 0.9042 
 H081.2_2002  2 0.0848 0.9152 
 H081.2_2003  2 0.0421 0.9579 
 H081.3_2002  2 0.0578 0.9422 
 H081.3_2003  2 0.1491 0.8509 
 H081.4_2002  2 0.0526 0.9474 
 H081.4_2003  2 0.2917 0.7083 
 H081.5_2002  2 0.0353 0.9647 
 H081.5_2003  2 0.3342 0.6658 
      H081.6  2 0.0323 0.9677 
      H081.7  2 0.0667 0.9333 
      H081.8  2 0.0620 0.9380 
      H083.1  2 0.0215 0.9785 
      H083.2  2 0.0332 0.9668 
      H083.4  2 0.0212 0.9788 
      H083.5  2 0.0230 0.9770 
      H083.6  2 0.0259 0.9741 
      H083.7  2 0.0333 0.9667 
      H083.8  2 0.0499 0.9501 
      H083.9  2 0.0249 0.9751 
      H084.1  2 0.0415 0.9585 
      H084.2  2 0.0345 0.9655 
      H084.3  2 0.2164 0.7836 
      H084.4  2 0.1702 0.8298 
      H084.5  2 0.1392 0.8608 
      H084.6  2 0.1326 0.8674 
      H084.7  2 0.0474 0.9526 
      H084.8  2 0.1418 0.8582 
 H085.1_2002  2 0.0423 0.9577 
 H085.1_2003  2 0.0347 0.9653 
 H085.2_2002  2 0.0696 0.9304 
 H085.2_2003  2 0.0373 0.9627 
 H085.3_2002  2 0.3844 0.6156 
 H085.3_2003  2 0.0731 0.9269 
 H085.4_2002  2 0.0642 0.9358 
 H085.4_2003  2 0.0930 0.9070 
 H085.5_2002  2 0.5147 0.4853 
 H085.5_2003  2 0.0261 0.9739 
 H085.6_2002  2 0.0846 0.9154 
 H085.6_2003  2 0.7852 0.2148 
 H085.7_2002  2 0.1679 0.8321 
 H085.7_2003  2 0.0750 0.9250 
 H085.8_2002  2 0.5332 0.4668 
 H085.8_2003  2 0.1004 0.8996 
      H085.9  2 0.1398 0.8602 
      H088.1  2 0.1939 0.8061 
      H088.2  2 0.2812 0.7188 
      H088.3  2 0.1088 0.8912 
      H088.4  2 0.1450 0.8550 
      H088.5  2 0.0905 0.9095 
      H088.6  2 0.0845 0.9155 
      H088.7  2 0.0772 0.9228 
      H088.8  2 0.1903 0.8097 
      H091.1  2 0.0671 0.9329 
      H091.2  2 0.0675 0.9325 
      H109.1  2 0.0478 0.9522 
      H109.2  2 0.1239 0.8761 
      H109.3  2 0.1935 0.8065 
      H109.4  2 0.1550 0.8450 
      H109.5  2 0.3849 0.6151 
      H109.6  2 0.1156 0.8844 
      H126.1  2 0.9238 0.0762 
      H126.2  2 0.1414 0.8586 
      H126.3  2 0.0415 0.9585 
      H126.4  2 0.6604 0.3396 
      H126.5  2 0.8722 0.1278 
      H126.6  2 0.0500 0.9500 
      H126.7  2 0.0885 0.9115 
      H130.1  2 0.7725 0.2275 
      H130.2  2 0.0816 0.9184 
      H130.3  2 0.2683 0.7317 
      H130.4  2 0.5929 0.4071 
      H130.5  2 0.1080 0.8920 
      H133.1  2 0.1425 0.8575 
      H133.2  2 0.1901 0.8099 
      H133.3  2 0.1372 0.8628 
      H133.4  2 0.1327 0.8673 
      H133.5  2 0.0797 0.9203 
      H133.6  2 0.2120 0.7880 
      H133.7  2 0.4628 0.5372 
      H133.8  2 0.2657 0.7343 
      H133.9  2 0.1404 0.8596 
      H147.1  2 0.1649 0.8351 
      H147.2  2 0.0397 0.9603 
      H147.3  2 0.0746 0.9254 
      H147.4  2 0.0416 0.9584 
      H147.5  2 0.0661 0.9339 
      H147.6  2 0.1030 0.8970 
      H147.7  2 0.0760 0.9240 
      H147.8  2 0.0192 0.9808 
      H147.9  2 0.0411 0.9589 
      H148.1  2 0.3794 0.6206 
      H148.2  2 0.4524 0.5476 
      H148.3  2 0.6944 0.3056 
      H148.4  2 0.7018 0.2982 
      H148.5  2 0.6319 0.3681 
      H148.6  2 0.4255 0.5745 
      H148.7  2 0.6877 0.3123 
      H148.8  2 0.8311 0.1689 
      H148.9  2 0.6449 0.3551 
   H166022.1  2 0.0329 0.9671 
   H166022.2  2 0.0718 0.9282 
   H166022.3  2 0.0728 0.9272 
   H166022.4  2 0.0595 0.9405 
   H166022.5  2 0.0543 0.9457 
   H166022.6  2 0.1305 0.8695 
   H166022.7  2 0.0381 0.9619 
   H166022.8  2 0.2760 0.7240 
   H167397.1  2 0.0956 0.9044 
   H167397.2  2 0.1895 0.8105 
   H167397.3  2 0.0366 0.9634 
   H167397.4  2 0.1043 0.8957 
   H167397.5  2 0.0837 0.9163 
   H167397.6  2 0.0845 0.9155 
   H167496.1  2 0.6473 0.3527 
   H167496.2  2 0.6440 0.3560 
   H167496.3  2 0.5809 0.4191 
   H167496.4  2 0.0342 0.9658 
   H167496.6  2 0.2419 0.7581 
   H167496.7  2 0.8813 0.1187 
   H167496.8  2 0.1708 0.8292 
   H167513.1  2 0.3012 0.6988 
   H167513.2  2 0.6965 0.3035 
   H167513.3  2 0.5521 0.4479 
   H167513.4  2 0.2413 0.7587 
   H167513.5  2 0.3019 0.6981 
   H167513.6  2 0.4670 0.5330 
   H167513.7  2 0.0723 0.9277 
   H167513.8  2 0.2051 0.7949 
   H167547.1  2 0.9247 0.0753 
   H167547.2  2 0.7816 0.2184 
   H167547.3  2 0.7902 0.2098 
   H167547.4  2 0.7041 0.2959 
   H167547.5  2 0.9262 0.0738 
   H167547.6  2 0.9170 0.0830 
   H167547.7  2 0.7041 0.2959 
   H169750.1  2 0.5975 0.4025 
   H169750.2  2 0.4218 0.5782 
   H169750.3  2 0.7129 0.2871 
   H169750.4  2 0.5675 0.4325 
   H169750.5  2 0.1148 0.8852 
   H169750.6  2 0.1453 0.8547 
   H169750.7  2 0.6608 0.3392 
   H171929.1  2 0.5613 0.4387 
  H171929.10  2 0.2752 0.7248 
  H171929.11  2 0.5770 0.4230 
   H171929.2  2 0.7282 0.2718 
   H171929.3  2 0.4503 0.5497 
   H171929.4  2 0.6778 0.3222 
   H171929.5  2 0.4172 0.5828 
   H171929.6  2 0.4330 0.5670 
   H171929.7  2 0.7558 0.2442 
   H171929.8  2 0.8509 0.1491 
   H171929.9  2 0.5092 0.4908 
   H171930.1  2 0.5677 0.4323 
   H171930.2  2 0.5468 0.4532 
   H171930.3  2 0.3762 0.6238 
   H171930.4  2 0.4048 0.5952 
   H171930.5  2 0.5157 0.4843 
   H171930.6  2 0.3863 0.6137 
   H171930.7  2 0.2471 0.7529 
   H171930.8  2 0.2595 0.7405 
   H171933.1  2 0.0859 0.9141 
   H171933.2  2 0.0732 0.9268 
   H171933.3  2 0.3169 0.6831 
   H171933.4  2 0.7089 0.2911 
   H171933.5  2 0.9193 0.0807 
   H171933.6  2 0.0419 0.9581 
   H171933.7  2 0.1864 0.8136 
   H171933.8  2 0.2652 0.7348 
   H171933.9  2 0.3188 0.6812 
      H190.1  2 0.6456 0.3544 
      H190.2  2 0.8847 0.1153 
      H190.3  2 0.8019 0.1981 
      H190.4  2 0.5857 0.4143 
      H190.5  2 0.7103 0.2897 
      H190.6  2 0.6770 0.3230 
      H190.7  2 0.9276 0.0724 
      H190.8  2 0.8751 0.1249 
      H190.9  2 0.8345 0.1655 
      H400.1  2 0.0441 0.9559 
      H400.2  2 0.0197 0.9803 
      H400.3  2 0.0685 0.9315 
      H400.4  2 0.0579 0.9421 
      H400.5  2 0.0613 0.9387 
      H400.6  2 0.0364 0.9636 
      H400.7  2 0.0749 0.9251 
 H428.1_2005  2 0.0389 0.9611 
 H428.1_2006  2 0.0530 0.9470 
 H428.2_2005  2 0.0619 0.9381 
 H428.2_2006  2 0.0214 0.9786 
 H428.3_2005  2 0.0492 0.9508 
 H428.3_2006  2 0.0326 0.9674 
 H428.4_2005  2 0.0544 0.9456 
 H428.4_2006  2 0.0286 0.9714 
 H428.5_2005  2 0.0206 0.9794 
 H428.6_2005  2 0.0819 0.9181 
 H428.6_2006  2 0.0275 0.9725 
      H428.7  2 0.0208 0.9792 
      H428.8  2 0.0342 0.9658 
      H428.9  2 0.0222 0.9778 
      H453.1  2 0.0308 0.9692 
      H453.2  2 0.0604 0.9396 
      H453.3  2 0.0508 0.9492 
      H453.4  2 0.0401 0.9599 
      H453.5  2 0.0209 0.9791 
      H453.6  2 0.0200 0.9800 
      H453.7  2 0.3547 0.6453 
      H453.8  2 0.2612 0.7388 
      H453.9  2 0.0461 0.9539 
      H512.1  2 0.0730 0.9270 
     H512.10  2 0.0896 0.9104 
      H512.2  2 0.4168 0.5832 
      H512.3  2 0.2344 0.7656 
      H512.4  2 0.0876 0.9124 
      H512.5  2 0.3736 0.6264 
      H512.6  2 0.6713 0.3287 
      H512.7  2 0.1493 0.8507 
      H512.8  2 0.7389 0.2611 
      H512.9  2 0.0844 0.9156 
      H513.1  2 0.0209 0.9791 
      H513.2  2 0.0280 0.9720 
      H513.3  2 0.0359 0.9641 
      H513.4  2 0.0603 0.9397 
      H513.5  2 0.0246 0.9754 
      H513.6  2 0.0414 0.9586 
      H532.1  2 0.0406 0.9594 
      H532.2  2 0.0684 0.9316 
      H532.3  2 0.1563 0.8437 
      H532.4  2 0.0364 0.9636 
      H532.5  2 0.0415 0.9585 
      H532.6  2 0.0369 0.9631 
      H532.7  2 0.0281 0.9719 
      H532.8  2 0.0697 0.9303 
      H543.1  2 0.0197 0.9803 
      H543.2  2 0.0352 0.9648 
      H543.3  2 0.0303 0.9697 
      H543.4  2 0.0614 0.9386 
      H543.5  2 0.0234 0.9766 
      H543.6  2 0.0245 0.9755 
      H543.7  2 0.0492 0.9508 
      H543.8  2 0.0268 0.9732 
      H543.9  2 0.0265 0.9735 
 H545.1_2005  2 0.0240 0.9760 
 H545.1_2006  2 0.0239 0.9761 
 H545.2_2005  2 0.0605 0.9395 
 H545.2_2006  2 0.0247 0.9753 
 H545.3_2005  2 0.4233 0.5767 
 H545.3_2006  2 0.0156 0.9844 
 H545.4_2005  2 0.2808 0.7192 
 H545.4_2006  2 0.0487 0.9513 
 H545.5_2005  2 0.0148 0.9852 
 H545.5_2006  2 0.0852 0.9148 
 H545.6_2005  2 0.0246 0.9754 
 H545.6_2006  2 0.0750 0.9250 
 H545.7_2005  2 0.0229 0.9771 
 H545.7_2006  2 0.0191 0.9809 
 H545.8_2005  2 0.0395 0.9605 
 H545.8_2006  2 0.0228 0.9772 
      H545.9  2 0.1049 0.8951 
      H547.1  2 0.4302 0.5698 
      H547.2  2 0.4288 0.5712 
      H547.3  2 0.8473 0.1527 
      H547.4  2 0.7583 0.2417 
      H547.5  2 0.8970 0.1030 
      H547.6  2 0.0913 0.9087 
      H547.7  2 0.6383 0.3617 
      H547.8  2 0.3961 0.6039 
      H548.1  2 0.0486 0.9514 
      H548.2  2 0.0721 0.9279 
      H548.3  2 0.0374 0.9626 
      H548.4  2 0.0964 0.9036 
      H548.5  2 0.0396 0.9604 
      H548.6  2 0.0483 0.9517 
      H548.7  2 0.0408 0.9592 
      H548.8  2 0.0316 0.9684 
      H548.9  2 0.0597 0.9403 
     H7389.1  2 0.0712 0.9288 
     H7389.2  2 0.0465 0.9535 
     H7389.3  2 0.0703 0.9297 
     H7389.4  2 0.0183 0.9817 
     H7389.5  2 0.0265 0.9735 
     H7389.6  2 0.0236 0.9764 
     H7389.7  2 0.0542 0.9458 
     H7389.8  2 0.0327 0.9673 
     H7389.9  2 0.0220 0.9780 
      H747.1  2 0.8391 0.1609 
      H747.2  2 0.9120 0.0880 
      H747.3  2 0.9209 0.0791 
      H747.4  2 0.9084 0.0916 
      H747.5  2 0.9189 0.0811 
      H747.6  2 0.6165 0.3835 
      H747.7  2 0.8353 0.1647 
     H7484.1  2 0.1582 0.8418 
     H7484.2  2 0.5852 0.4148 
     H7484.3  2 0.6264 0.3736 
     H7484.4  2 0.2717 0.7283 
     H7484.5  2 0.1855 0.8145 
     H7484.6  2 0.8032 0.1968 
     H7484.7  2 0.4103 0.5897 
     H7484.8  2 0.0891 0.9109 
     H7485.1  2 0.0501 0.9499 
     H7485.2  2 0.0167 0.9833 
     H7485.3  2 0.0292 0.9708 
     H7485.4  2 0.0174 0.9826 
     H7485.5  2 0.0475 0.9525 
     H7485.6  2 0.0410 0.9590 
     H7485.7  2 0.0434 0.9566 
     H7496.1  2 0.2948 0.7052 
    H7496.10  2 0.0359 0.9641 
    H7496.11  2 0.0233 0.9767 
     H7496.2  2 0.0815 0.9185 
     H7496.3  2 0.2549 0.7451 
     H7496.4  2 0.0533 0.9467 
     H7496.5  2 0.3491 0.6509 
     H7496.6  2 0.4039 0.5961 
     H7496.7  2 0.0443 0.9557 
     H7496.8  2 0.2284 0.7716 
        UNK4  2 0.1879 0.8121 
        UNK5  2 0.0409 0.9591 
        UNK6  2 0.1436 0.8564 
        UNK7  2 0.0319 0.9681 
        UNK8  2 0.0303 0.9697 
        UNK9  2 0.0256 0.9744 
      H009.1  4 0.9762 0.0238 
      H009.2  4 0.9740 0.0260 
      H009.3  4 0.9777 0.0223 
      H009.4  4 0.9581 0.0419 
      H009.5  4 0.9120 0.0880 
      H009.6  4 0.9686 0.0314 
      H046.4  4 0.4473 0.5527 
      H046.8  4 0.8910 0.1090 
 H076.1_2002  4 0.9701 0.0299 
 H076.1_2003  4 0.9827 0.0173 
 H076.1_2004  4 0.9763 0.0237 
 H076.2_2002  4 0.9691 0.0309 
 H076.2_2003  4 0.9812 0.0188 
 H076.2_2004  4 0.9665 0.0335 
 H076.3_2002  4 0.9502 0.0498 
 H076.3_2003  4 0.9591 0.0409 
 H076.3_2004  4 0.9544 0.0456 
 H076.4_2002  4 0.9502 0.0498 
 H076.4_2003  4 0.9799 0.0201 
 H076.4_2004  4 0.9457 0.0543 
 H076.5_2002  4 0.9541 0.0459 
 H076.5_2003  4 0.9218 0.0782 
 H076.5_2004  4 0.9240 0.0760 
 H076.6_2002  4 0.9560 0.0440 
 H076.6_2003  4 0.9743 0.0257 
 H076.6_2004  4 0.9746 0.0254 
 H076.7_2002  4 0.9184 0.0816 
 H076.7_2003  4 0.9395 0.0605 
 H076.7_2004  4 0.9688 0.0312 
      H477.1  4 0.3521 0.6479 
      H477.2  4 0.7705 0.2295 
      H477.3  4 0.1058 0.8942 
      H477.4  4 0.1500 0.8500 
      H477.5  4 0.6191 0.3809 
      H477.6  4 0.3594 0.6406 
      H477.7  4 0.1673 0.8327 
 H479.1_2005  4 0.0580 0.9420 
 H479.1_2006  4 0.8740 0.1260 
     H479.10  4 0.3615 0.6385 
 H479.2_2005  4 0.1906 0.8094 
 H479.2_2006  4 0.4382 0.5618 
 H479.3_2005  4 0.1782 0.8218 
 H479.3_2006  4 0.4250 0.5750 
 H479.4_2005  4 0.3632 0.6368 
 H479.4_2006  4 0.0670 0.9330 
 H479.5_2005  4 0.2391 0.7609 
 H479.5_2006  4 0.2048 0.7952 
 H479.6_2005  4 0.5139 0.4861 
 H479.6_2006  4 0.0251 0.9749 
 H479.7_2005  4 0.0741 0.9259 
 H479.7_2006  4 0.1244 0.8756 
 H479.8_2005  4 0.0417 0.9583 
 H479.8_2006  4 0.8831 0.1169 
      H479.9  4 0.9145 0.0855 
      H516.1  4 0.9434 0.0566 
      H516.2  4 0.9033 0.0967 
      H516.3  4 0.9767 0.0233 
      H516.4  4 0.9590 0.0410 
      H516.5  4 0.9564 0.0436 
      H516.6  4 0.9310 0.0690 
      H516.7  4 0.9022 0.0978 
      H516.8  4 0.9692 0.0308 
      H516.9  4 0.9340 0.0660 
      H646.1  4 0.9704 0.0296 
      H646.2  4 0.9776 0.0224 
      H646.3  4 0.9769 0.0231 
      H646.4  4 0.9520 0.0480 
      H646.5  4 0.9670 0.0330 
      H658.1  4 0.9545 0.0455 
     H658.10  4 0.9598 0.0402 
      H658.2  4 0.9618 0.0382 
      H658.3  4 0.8815 0.1185 
      H658.4  4 0.8791 0.1209 
      H658.5  4 0.9428 0.0572 
      H658.6  4 0.9736 0.0264 
      H658.7  4 0.9641 0.0359 
      H658.8  4 0.9779 0.0221 
      H658.9  4 0.9573 0.0427 
      H682.1  4 0.3180 0.6820 
      H682.6  4 0.6843 0.3157 
      H720.1  4 0.4655 0.5345 
      H720.2  4 0.6952 0.3048 
      H720.3  4 0.7913 0.2087 
      H720.4  4 0.6515 0.3485 
      H720.5  4 0.4550 0.5450 
      H720.6  4 0.5039 0.4961 
      H720.7  4 0.2180 0.7820 
      H720.8  4 0.4599 0.5401 
      H720.9  4 0.7320 0.2680 
      H724.1  4 0.9533 0.0467 
      H724.2  4 0.9190 0.0810 
      H724.3  4 0.8450 0.1550 
      H724.4  4 0.9615 0.0385 
      H724.5  4 0.8060 0.1940 
      H724.6  4 0.9341 0.0659 
      H725.1  4 0.7211 0.2789 
      H725.2  4 0.5229 0.4771 
      H725.3  4 0.4134 0.5866 
      H725.4  4 0.2237 0.7763 
      H725.5  4 0.5051 0.4949 
      H725.6  4 0.9104 0.0896 
      H725.7  4 0.8003 0.1997 
      H725.8  4 0.7446 0.2554 
      H726.1  4 0.9823 0.0177 
      H726.2  4 0.9668 0.0332 
      H726.3  4 0.9706 0.0294 
      H726.4  4 0.9524 0.0476 
      H726.5  4 0.9635 0.0365 
        UNK1  4 0.6287 0.3713 
        UNK2  4 0.7371 0.2629 
        UNK3  4 0.7612 0.2388 
      H016.1  5 0.0855 0.9145 
      H016.2  5 0.0346 0.9654 
      H016.3  5 0.8653 0.1347 
      H016.4  5 0.0321 0.9679 
 H017.1_2002  5 0.9670 0.0330 
 H017.1_2003  5 0.3450 0.6550 
 H017.2_2002  5 0.9221 0.0779 
 H017.2_2003  5 0.6937 0.3063 
 H017.3_2002  5 0.5774 0.4226 
 H017.3_2003  5 0.9046 0.0954 
 H017.4_2002  5 0.4956 0.5044 
 H017.4_2003  5 0.7513 0.2487 
 H017.5_2002  5 0.6715 0.3285 
 H017.5_2003  5 0.9007 0.0993 
 H017.6_2002  5 0.7691 0.2309 
 H017.6_2003  5 0.9670 0.0330 
 H017.7_2002  5 0.4590 0.5410 
 H017.7_2003  5 0.8357 0.1643 
      H017.8  5 0.7594 0.2406 
      H017.9  5 0.5262 0.4738 
      H032.1  5 0.4841 0.5159 
      H032.2  5 0.3929 0.6071 
      H032.3  5 0.4531 0.5469 
      H032.4  5 0.6371 0.3629 
      H032.5  5 0.8918 0.1082 
      H032.6  5 0.9495 0.0505 
      H032.7  5 0.4641 0.5359 
 H034.1_2002  5 0.9251 0.0749 
 H034.1_2003  5 0.9606 0.0394 
 H034.2_2002  5 0.7677 0.2323 
 H034.2_2003  5 0.9305 0.0695 
 H034.3_2002  5 0.6668 0.3332 
 H034.3_2003  5 0.9573 0.0427 
 H034.4_2002  5 0.7965 0.2035 
 H034.4_2003  5 0.9662 0.0338 
 H034.5_2002  5 0.9171 0.0829 
 H034.5_2003  5 0.8465 0.1535 
 H034.6_2002  5 0.7604 0.2396 
 H034.6_2003  5 0.9628 0.0372 
 H034.7_2002  5 0.9341 0.0659 
 H034.7_2003  5 0.9161 0.0839 
 H034.8_2002  5 0.9490 0.0510 
 H034.8_2003  5 0.9645 0.0355 
      H034.9  5 0.5763 0.4237 
      H048.1  5 0.6168 0.3832 
      H048.2  5 0.3677 0.6323 
      H048.3  5 0.8698 0.1302 
      H048.4  5 0.7191 0.2809 
      H048.5  5 0.4400 0.5600 
      H048.6  5 0.7872 0.2128 
      H048.7  5 0.5152 0.4848 
      H048.8  5 0.9047 0.0953 
      H060.1  5 0.5835 0.4165 
     H060.10  5 0.9549 0.0451 
      H060.2  5 0.8565 0.1435 
      H060.3  5 0.9521 0.0479 
      H060.4  5 0.7410 0.2590 
      H060.5  5 0.6830 0.3170 
      H060.6  5 0.7194 0.2806 
      H060.7  5 0.8241 0.1759 
      H060.8  5 0.8205 0.1795 
      H060.9  5 0.8131 0.1869 
 H070.1_2002  5 0.2322 0.7678 
 H070.1_2003  5 0.8162 0.1838 
 H070.1_2004  5 0.9650 0.0350 
 H070.2_2002  5 0.8378 0.1622 
 H070.2_2003  5 0.7832 0.2168 
 H070.2_2004  5 0.9777 0.0223 
 H070.3_2002  5 0.6549 0.3451 
 H070.3_2003  5 0.9610 0.0390 
 H070.3_2004  5 0.9354 0.0646 
 H070.4_2002  5 0.9389 0.0611 
 H070.4_2003  5 0.8776 0.1224 
 H070.4_2004  5 0.8537 0.1463 
 H070.5_2002  5 0.2043 0.7957 
 H070.5_2003  5 0.9462 0.0538 
 H070.5_2004  5 0.9575 0.0425 
 H070.6_2002  5 0.3567 0.6433 
 H070.6_2003  5 0.9715 0.0285 
 H070.6_2004  5 0.9218 0.0782 
      H077.1  5 0.9553 0.0447 
      H077.2  5 0.7682 0.2318 
      H077.3  5 0.9530 0.0470 
      H077.4  5 0.9551 0.0449 
      H077.5  5 0.8422 0.1578 
      H077.6  5 0.8910 0.1090 
      H097.1  5 0.8393 0.1607 
      H097.2  5 0.6061 0.3939 
      H097.3  5 0.8965 0.1035 
      H097.4  5 0.8693 0.1307 
      H097.5  5 0.9493 0.0507 
      H097.6  5 0.5394 0.4606 
      H097.7  5 0.8416 0.1584 
      H124.1  5 0.2455 0.7545 
      H124.2  5 0.0975 0.9025 
      H124.3  5 0.0492 0.9508 
      H124.4  5 0.1561 0.8439 
      H124.5  5 0.1088 0.8912 
      H132.1  5 0.8205 0.1795 
      H132.2  5 0.8319 0.1681 
      H132.3  5 0.8053 0.1947 
      H132.4  5 0.8457 0.1543 
      H132.5  5 0.7027 0.2973 
      H132.6  5 0.5464 0.4536 
      H132.7  5 0.1503 0.8497 
      H155.1  5 0.0464 0.9536 
      H155.2  5 0.1447 0.8553 
      H155.3  5 0.0524 0.9476 
      H155.4  5 0.0339 0.9661 
      H155.5  5 0.0897 0.9103 
      H155.6  5 0.0752 0.9248 
      H155.7  5 0.1931 0.8069 
      H155.8  5 0.0424 0.9576 
      H155.9  5 0.0823 0.9177 
      H169.1  5 0.9198 0.0802 
      H169.2  5 0.9038 0.0962 
      H169.3  5 0.9633 0.0367 
      H169.4  5 0.9102 0.0898 
      H169.5  5 0.8326 0.1674 
      H169.6  5 0.7334 0.2666 
      H457.1  5 0.1967 0.8033 
      H457.2  5 0.0432 0.9568 
      H457.3  5 0.1401 0.8599 
      H457.4  5 0.2954 0.7046 
      H457.5  5 0.1123 0.8877 
      H457.6  5 0.1617 0.8383 
      H457.7  5 0.6386 0.3614 
      H457.8  5 0.0600 0.9400 
      H462.1  5 0.4125 0.5875 
      H462.2  5 0.6847 0.3153 
      H462.3  5 0.2330 0.7670 
      H462.4  5 0.8773 0.1227 
      H462.5  5 0.8209 0.1791 
      H462.6  5 0.7718 0.2282 
      H462.7  5 0.3094 0.6906 
      H462.8  5 0.9397 0.0603 
      H462.9  5 0.4124 0.5876 
      H481.1  5 0.9774 0.0226 
      H481.2  5 0.9118 0.0882 
      H481.3  5 0.9367 0.0633 
      H481.4  5 0.9042 0.0958 
      H481.5  5 0.9418 0.0582 
      H481.6  5 0.8901 0.1099 
      H481.7  5 0.8786 0.1214 
      H481.8  5 0.9485 0.0515 
      H509.1  5 0.4742 0.5258 
      H509.2  5 0.8334 0.1666 
      H509.3  5 0.7367 0.2633 
      H509.4  5 0.6333 0.3667 
      H509.5  5 0.4786 0.5214 
      H509.6  5 0.2398 0.7602 
      H509.7  5 0.5954 0.4046 
      H567.1  5 0.4512 0.5488 
      H567.2  5 0.7080 0.2920 
      H567.3  5 0.8790 0.1210 
      H567.4  5 0.1148 0.8852 
      H567.5  5 0.3649 0.6351 
      H567.6  5 0.4213 0.5787 
      H567.7  5 0.3644 0.6356 
      H567.8  5 0.5174 0.4826 
      H608.1  5 0.6377 0.3623 
      H608.2  5 0.5680 0.4320 
      H608.3  5 0.4288 0.5712 
      H608.4  5 0.8130 0.1870 
      H608.5  5 0.2190 0.7810 
      H608.6  5 0.7127 0.2873 
      H608.7  5 0.4519 0.5481 
      H608.8  5 0.4076 0.5924 
      H615.1  5 0.6157 0.3843 
      H615.2  5 0.4923 0.5077 
      H615.3  5 0.9589 0.0411 
      H615.4  5 0.8948 0.1052 
      H615.5  5 0.9085 0.0915 
      H615.6  5 0.9693 0.0307 
      H635.1  5 0.9306 0.0694 
      H635.2  5 0.5499 0.4501 
      H635.3  5 0.6570 0.3430 
      H635.4  5 0.5611 0.4389 
      H635.5  5 0.8562 0.1438 
      H635.6  5 0.9554 0.0446 
      H635.7  5 0.8262 0.1738 
      H635.8  5 0.1819 0.8181 
      H635.9  5 0.8997 0.1003 
      H728.1  5 0.4619 0.5381 
      H728.2  5 0.1918 0.8082 
      H728.3  5 0.1367 0.8633 
      H728.4  5 0.0496 0.9504 
      H728.5  5 0.0694 0.9306 
      H728.6  5 0.0573 0.9427 
      H728.7  5 0.4102 0.5898 
 H7395.1_200  5 0.5629 0.4371 
 H7395.1_200  5 0.0484 0.9516 
     H7395.2  5 0.0548 0.9452 
     H7395.3  5 0.0429 0.9571 
     H7395.4  5 0.1359 0.8641 
     H7395.5  5 0.0222 0.9778 
     H7395.6  5 0.0352 0.9648 
     H7395.7  5 0.0918 0.9082 
     H7395.8  5 0.0566 0.9434 
     H7395.9  5 0.0701 0.9299 
      H742.1  5 0.9023 0.0977 
      H742.2  5 0.9110 0.0890 
      H742.3  5 0.8746 0.1254 
      H958.1  5 0.9725 0.0275 
      H958.2  5 0.9185 0.0815 
      H958.3  5 0.8963 0.1037 
      H958.4  5 0.9783 0.0217 
      H958.5  5 0.9427 0.0573 
      H958.6  5 0.8439 0.1561 
      H958.7  5 0.8797 0.1203 
      H452.1 10 0.9792 0.0208 
     H452.10 10 0.9692 0.0308 
      H452.2 10 0.8770 0.1230 
      H452.3 10 0.9750 0.0250 
      H452.4 10 0.9642 0.0358 
      H452.5 10 0.9541 0.0459 
      H452.6 10 0.9148 0.0852 
      H452.7 10 0.9669 0.0331 
      H452.8 10 0.9371 0.0629 
      H452.9 10 0.9716 0.0284 
      H473.1 10 0.6823 0.3177 
      H473.2 10 0.0354 0.9646 
      H473.3 10 0.0354 0.9646 
      H473.4 10 0.0505 0.9495 
      H473.5 10 0.0413 0.9587 
      H473.6 10 0.0345 0.9655 
      H473.7 10 0.0577 0.9423 
      H473.8 10 0.0348 0.9652 
      H487.1 10 0.9815 0.0185 
      H487.2 10 0.9596 0.0404 
      H487.3 10 0.9821 0.0179 
      H487.4 10 0.9716 0.0284 
      H487.5 10 0.9823 0.0177 
      H703.1 10 0.3873 0.6127 
     H703.10 10 0.6741 0.3259 
      H703.2 10 0.7139 0.2861 
      H703.3 10 0.5864 0.4136 
      H703.4 10 0.6114 0.3886 
      H703.5 10 0.5757 0.4243 
      H703.6 10 0.8053 0.1947 
      H703.7 10 0.1559 0.8441 
      H703.8 10 0.9704 0.0296 
      H703.9 10 0.9190 0.0810 
      H705.1 10 0.8364 0.1636 
      H705.2 10 0.7806 0.2194 
      H705.3 10 0.9720 0.0280 
      H705.4 10 0.9496 0.0504 
      H705.5 10 0.9549 0.0451 
      H705.6 10 0.9311 0.0689 
      H705.7 10 0.8371 0.1629 
     H7352.1 10 0.4159 0.5841 
     H7352.2 10 0.9568 0.0432 
     H7352.3 10 0.9702 0.0298 
     H7352.4 10 0.9748 0.0252 
     H7352.5 10 0.3695 0.6305 
     H7352.6 10 0.5607 0.4393 
     H7352.7 10 0.9608 0.0392 
     H7354.1 10 0.5274 0.4726 
     H7354.2 10 0.6829 0.3171 
     H7354.3 10 0.8044 0.1956 
     H7354.4 10 0.6890 0.3110 
     H7354.5 10 0.1724 0.8276 
     H7354.6 10 0.9127 0.0873 
     H7354.7 10 0.9393 0.0607 
     H7359.1 10 0.5330 0.4670 
     H7359.2 10 0.9007 0.0993 
     H7359.3 10 0.9120 0.0880 
     H7359.4 10 0.9012 0.0988 
     H7359.5 10 0.9316 0.0684 
      H909.1 10 0.9694 0.0306 
      H909.2 10 0.9471 0.0529 
      H909.3 10 0.9809 0.0191 
      H909.4 10 0.9682 0.0318 
      H909.6 10 0.9509 0.0491 
      H909.8 10 0.9515 0.0485 
      H909.9 10 0.9533 0.0467 
     H9555.1 10 0.9796 0.0204 
     H9555.2 10 0.9526 0.0474 
     H9555.3 10 0.9627 0.0373 
     H9555.4 10 0.9837 0.0163 
     H9555.5 10 0.9654 0.0346 
     H9555.6 10 0.8321 0.1679 
     H9555.7 10 0.9112 0.0888 
     H9703.1 10 0.9608 0.0392 
     H9703.2 10 0.9319 0.0681 
     H9703.3 10 0.9480 0.0520 
     H9703.4 10 0.9695 0.0305 
     H9703.5 10 0.5151 0.4849 
     H9707.1 10 0.1633 0.8367 
     H9707.2 10 0.6267 0.3733 
     H9707.3 10 0.2078 0.7922 
     H9707.4 10 0.9337 0.0663 
     H9707.5 10 0.2944 0.7056 
     H9707.6 10 0.4263 0.5737 
     H9707.7 10 0.4513 0.5487 
     H9707.8 10 0.2003 0.7997 
     HSAA4.1 10 0.8654 0.1346 
     HSAA4.2 10 0.9447 0.0553 
     HSAA4.3 10 0.9737 0.0263 
     HSAA4.4 10 0.8985 0.1015 
     HSAA4.5 10 0.9651 0.0349 
     HSAA4.6 10 0.9763 0.0237 
     HSAA4.7 10 0.9836 0.0164 
   saaRTON.1 10 0.9674 0.0326 
  saaRTON.10 10 0.9588 0.0412 
   saaRTON.2 10 0.9579 0.0421 
   saaRTON.3 10 0.9587 0.0413 
   saaRTON.4 10 0.9527 0.0473 
   saaRTON.5 10 0.9658 0.0342 
   saaRTON.6 10 0.9393 0.0607 
   saaRTON.7 10 0.5092 0.4908 
   saaRTON.8 10 0.9638 0.0362 
   saaRTON.9 10 0.9749 0.0251 
      H005.1 11 0.9654 0.0346 
      H005.2 11 0.4760 0.5240 
      H005.3 11 0.9616 0.0384 
      H005.4 11 0.6686 0.3314 
      H005.5 11 0.9334 0.0666 
      H005.6 11 0.2927 0.7073 
      H005.7 11 0.8552 0.1448 
      H005.8 11 0.9182 0.0818 
      H005.9 11 0.5451 0.4549 
      H031.1 11 0.4275 0.5725 
      H031.2 11 0.9670 0.0330 
      H031.3 11 0.6377 0.3623 
      H031.4 11 0.8801 0.1199 
      H031.5 11 0.8543 0.1457 
      H031.6 11 0.9115 0.0885 
      H031.7 11 0.4961 0.5039 
      H031.8 11 0.9058 0.0942 
      H136.1 11 0.7932 0.2068 
      H136.2 11 0.4738 0.5262 
      H136.3 11 0.1871 0.8129 
      H136.4 11 0.8836 0.1164 
      H153.1 11 0.9358 0.0642 
      H153.2 11 0.9437 0.0563 
      H153.3 11 0.8652 0.1348 
      H153.4 11 0.9720 0.0280 
      H167.1 11 0.0588 0.9412 
      H167.2 11 0.0823 0.9177 
      H167.3 11 0.0399 0.9601 
      H167.4 11 0.4653 0.5347 
      H167.5 11 0.2573 0.7427 
      H167.6 11 0.0668 0.9332 
      H167.7 11 0.8636 0.1364 
      H167.8 11 0.4149 0.5851 
      H173.1 11 0.8470 0.1530 
      H173.2 11 0.6315 0.3685 
      H173.3 11 0.7245 0.2755 
      H173.4 11 0.6133 0.3867 
      H173.5 11 0.2815 0.7185 
 H194.1_2003 11 0.9259 0.0741 
 H194.2_2003 11 0.9063 0.0937 
 H194.3_2003 11 0.9608 0.0392 
 H194.4_2003 11 0.9392 0.0608 
 H194.5_2003 11 0.8089 0.1911 
 H194.6_2003 11 0.8206 0.1794 
 H194.7_2003 11 0.9153 0.0847 
 H194.8_2003 11 0.9143 0.0857 
      H196.1 11 0.6249 0.3751 
      H196.2 11 0.6099 0.3901 
      H196.3 11 0.2907 0.7093 
      H196.4 11 0.8495 0.1505 
      H196.5 11 0.3661 0.6339 
      H196.6 11 0.9072 0.0928 
 H356.1_2001 11 0.4202 0.5798 
 H356.1_2002 11 0.0716 0.9284 
 H356.2_2001 11 0.6444 0.3556 
 H356.2_2002 11 0.3150 0.6850 
 H356.3_2001 11 0.2036 0.7964 
 H356.3_2002 11 0.0989 0.9011 
 H356.4_2001 11 0.1100 0.8900 
 H356.4_2002 11 0.2709 0.7291 
 H356.5_2001 11 0.6910 0.3090 
 H356.5_2002 11 0.0839 0.9161 
 H356.6_2001 11 0.0909 0.9091 
 H356.6_2002 11 0.1385 0.8615 
 H356.7_2001 11 0.9236 0.0764 
 H356.7_2002 11 0.2868 0.7132 
      H356.8 11 0.8048 0.1952 
      H360.1 11 0.0951 0.9049 
     H360.10 11 0.0659 0.9341 
      H360.2 11 0.0462 0.9538 
      H360.3 11 0.1026 0.8974 
      H360.4 11 0.0412 0.9588 
      H360.5 11 0.0470 0.9530 
      H360.6 11 0.0977 0.9023 
      H360.7 11 0.1088 0.8912 
      H360.8 11 0.1012 0.8988 
      H360.9 11 0.2857 0.7143 
 H369.1_2001 11 0.5544 0.4456 
 H369.1_2002 11 0.9575 0.0425 
      H369.2 11 0.9669 0.0331 
      H369.3 11 0.9238 0.0762 
      H369.4 11 0.9225 0.0775 
      H369.5 11 0.9202 0.0798 
      H369.6 11 0.9574 0.0426 
      H374.1 11 0.8223 0.1777 
      H374.2 11 0.9606 0.0394 
      H374.3 11 0.9567 0.0433 
      H374.4 11 0.8415 0.1585 
      H374.5 11 0.8774 0.1226 
      H374.6 11 0.8766 0.1234 
      H374.7 11 0.8688 0.1312 
      H376.1 11 0.0361 0.9639 
      H376.2 11 0.0326 0.9674 
      H376.3 11 0.1596 0.8404 
      H376.4 11 0.0438 0.9562 
      H376.5 11 0.0380 0.9620 
      H376.6 11 0.0416 0.9584 
      H381.1 11 0.4076 0.5924 
      H381.2 11 0.8919 0.1081 
      H381.3 11 0.5513 0.4487 
      H381.4 11 0.6699 0.3301 
      H381.5 11 0.9498 0.0502 
      H381.6 11 0.4420 0.5580 
      H381.7 11 0.7703 0.2297 
      H386.1 11 0.5041 0.4959 
      H386.2 11 0.8766 0.1234 
      H386.3 11 0.7370 0.2630 
      H386.4 11 0.5119 0.4881 
      H386.5 11 0.3694 0.6306 
      H386.6 11 0.2515 0.7485 
 H387.1_2001 11 0.8203 0.1797 
 H387.2_2001 11 0.4145 0.5855 
 H387.3_2001 11 0.1439 0.8561 
 H387.4_2001 11 0.7793 0.2207 
 H387.5_2001 11 0.8924 0.1076 
 H387.6_2001 11 0.9587 0.0413 
 H387.7_2001 11 0.7420 0.2580 
      H387.9 11 0.5486 0.4514 
      H392.1 11 0.9596 0.0404 
      H392.2 11 0.8266 0.1734 
      H392.3 11 0.9376 0.0624 
      H392.4 11 0.9638 0.0362 
      H392.5 11 0.6533 0.3467 
      H392.6 11 0.9692 0.0308 
      H392.7 11 0.7030 0.2970 
 H393.1_2001 11 0.1482 0.8518 
 H393.1_2002 11 0.9411 0.0589 
 H393.2_2001 11 0.9089 0.0911 
 H393.2_2002 11 0.8792 0.1208 
 H393.3_2001 11 0.6160 0.3840 
 H393.3_2002 11 0.8147 0.1853 
 H393.4_2001 11 0.3328 0.6672 
 H393.4_2002 11 0.7358 0.2642 
      H393.5 11 0.1588 0.8412 
      H393.7 11 0.0999 0.9001 
      H393.8 11 0.0711 0.9289 
      H393.9 11 0.8825 0.1175 
      H394.1 11 0.8449 0.1551 
      H394.2 11 0.8979 0.1021 
      H394.3 11 0.4345 0.5655 
      H394.4 11 0.9708 0.0292 
      H394.5 11 0.3887 0.6113 
      H394.6 11 0.9423 0.0577 
      H394.7 11 0.9749 0.0251 
      H394.8 11 0.4812 0.5188 
      H394.9 11 0.9635 0.0365 
      H412.1 11 0.9786 0.0214 
      H412.2 11 0.9411 0.0589 
      H412.3 11 0.9730 0.0270 
      H412.4 11 0.9554 0.0446 
      H412.5 11 0.9795 0.0205 
      H412.6 11 0.9746 0.0254 
      H412.7 11 0.9766 0.0234 
      H412.8 11 0.9727 0.0273 
      H412.9 11 0.9828 0.0172 
        H439 11 0.1757 0.8243 
      H439.1 11 0.4789 0.5211 
      H439.2 11 0.3747 0.6253 
      H439.3 11 0.4774 0.5226 
      H439.4 11 0.1489 0.8511 
      H439.5 11 0.4998 0.5002 
      H439.6 11 0.1385 0.8615 
      H439.7 11 0.4520 0.5480 
      H439.8 11 0.1868 0.8132 
      H439.9 11 0.1397 0.8603 
 H441.1_2004 11 0.8267 0.1733 
 H441.1_2005 11 0.9213 0.0787 
 H441.2_2004 11 0.9255 0.0745 
 H441.2_2005 11 0.9649 0.0351 
 H441.3_2004 11 0.8967 0.1033 
 H441.3_2005 11 0.9247 0.0753 
 H441.4_2004 11 0.9362 0.0638 
 H441.4_2005 11 0.9667 0.0333 
 H441.5_2004 11 0.8616 0.1384 
 H441.5_2005 11 0.9226 0.0774 
 H441.6_2004 11 0.9691 0.0309 
 H441.6_2005 11 0.9540 0.0460 
 H441.7_2004 11 0.9499 0.0501 
 H441.7_2005 11 0.8516 0.1484 
 H441.8_2004 11 0.9549 0.0451 
 H441.8_2005 11 0.9611 0.0389 
 H441.9_2004 11 0.3929 0.6071 
 H441.9_2005 11 0.8638 0.1362 
 H442.1_2004 11 0.8783 0.1217 
 H442.1_2005 11 0.8242 0.1758 
 H442.2_2004 11 0.7526 0.2474 
 H442.2_2005 11 0.9327 0.0673 
 H442.3_2004 11 0.8293 0.1707 
 H442.3_2005 11 0.8502 0.1498 
 H442.4_2004 11 0.5742 0.4258 
 H442.4_2005 11 0.9529 0.0471 
 H442.5_2004 11 0.9424 0.0576 
 H442.5_2005 11 0.9560 0.0440 
 H442.6_2004 11 0.9475 0.0525 
 H442.6_2005 11 0.9282 0.0718 
      H442.7 11 0.9417 0.0583 
      H442.8 11 0.9616 0.0384 
      H442.9 11 0.9141 0.0859 
      H446.1 11 0.9062 0.0938 
      H446.2 11 0.7450 0.2550 
      H446.3 11 0.8437 0.1563 
      H446.4 11 0.7768 0.2232 
      H446.5 11 0.8594 0.1406 
      H446.6 11 0.9155 0.0845 
      H446.7 11 0.7892 0.2108 
      H447.1 11 0.2410 0.7590 
      H447.2 11 0.5353 0.4647 
      H447.3 11 0.8241 0.1759 
      H447.4 11 0.3229 0.6771 
      H447.5 11 0.8574 0.1426 
      H447.6 11 0.1929 0.8071 
      H447.7 11 0.4419 0.5581 
      H447.8 11 0.7780 0.2220 
      H447.9 11 0.4845 0.5155 
      H448.1 11 0.4473 0.5527 
      H448.2 11 0.9337 0.0663 
      H448.3 11 0.8606 0.1394 
      H448.4 11 0.9245 0.0755 
      H586.1 11 0.1672 0.8328 
     H586.10 11 0.0962 0.9038 
      H586.2 11 0.0527 0.9473 
      H586.3 11 0.2121 0.7879 
      H586.4 11 0.0545 0.9455 
      H586.5 11 0.0450 0.9550 
      H586.6 11 0.1519 0.8481 
      H586.7 11 0.0555 0.9445 
      H586.8 11 0.1222 0.8778 
      H586.9 11 0.0878 0.9122 
      H590.1 11 0.1328 0.8672 
     H590.10 11 0.0792 0.9208 
      H590.2 11 0.8160 0.1840 
      H590.3 11 0.5587 0.4413 
      H590.4 11 0.3326 0.6674 
      H590.5 11 0.4475 0.5525 
      H590.6 11 0.5399 0.4601 
      H590.7 11 0.3522 0.6478 
      H590.8 11 0.1751 0.8249 
      H610.1 11 0.1710 0.8290 
      H610.2 11 0.8348 0.1652 
      H610.3 11 0.2939 0.7061 
      H610.4 11 0.5807 0.4193 
      H610.5 11 0.1076 0.8924 
      H610.6 11 0.2690 0.7310 
      H610.7 11 0.2342 0.7658 
      H610.8 11 0.6802 0.3198 
      H610.9 11 0.1169 0.8831 
      H611.1 11 0.9111 0.0889 
      H611.2 11 0.7070 0.2930 
      H611.3 11 0.9689 0.0311 
      H611.4 11 0.9198 0.0802 
      H611.5 11 0.6787 0.3213 
      H611.6 11 0.9685 0.0315 
 H7379.1_200 11 0.4870 0.5130 
 H7379.1_200 11 0.5959 0.4041 
 H7379.2_200 11 0.6894 0.3106 
 H7379.2_200 11 0.0645 0.9355 
 H7379.3_200 11 0.5257 0.4743 
 H7379.3_200 11 0.7281 0.2719 
 H7379.4_200 11 0.6748 0.3252 
 H7379.4_200 11 0.5623 0.4377 
 H7379.5_200 11 0.8008 0.1992 
 H7379.5_200 11 0.8381 0.1619 
 H7379.6_200 11 0.2740 0.7260 
 H7379.6_200 11 0.2742 0.7258 
 H7379.7_200 11 0.4804 0.5196 
 H7379.7_200 11 0.1670 0.8330 
     H7379.8 11 0.3177 0.6823 
      H741.1 11 0.7931 0.2069 
      H741.2 11 0.7040 0.2960 
      H741.3 11 0.4614 0.5386 
      H741.4 11 0.6820 0.3180 
      H741.5 11 0.8274 0.1726 
      H741.6 11 0.6059 0.3941 
      H741.7 11 0.5389 0.4611 
      H741.8 11 0.9001 0.0999 
      H927.1 11 0.7837 0.2163 
      H927.2 11 0.5243 0.4757 
      H927.3 11 0.7071 0.2929 
      H927.4 11 0.7508 0.2492 
      H927.5 11 0.7500 0.2500 
      H927.6 11 0.8604 0.1396 
      H928.1 11 0.0502 0.9498 
      H928.2 11 0.4631 0.5369 
      H928.3 11 0.1164 0.8836 
      H928.4 11 0.5009 0.4991 
      H928.5 11 0.3750 0.6250 
      H928.6 11 0.3810 0.6190 
      H928.7 11 0.1263 0.8737 
     H9560.1 11 0.9260 0.0740 
    H9560.10 11 0.9308 0.0692 
     H9560.2 11 0.9764 0.0236 
     H9560.3 11 0.9589 0.0411 
     H9560.4 11 0.9738 0.0262 
     H9560.5 11 0.9728 0.0272 
     H9560.6 11 0.9692 0.0308 
     H9560.7 11 0.9659 0.0341 
     H9560.8 11 0.9094 0.0906 
     H9560.9 11 0.9765 0.0235 
    Rad451.1 11 0.9514 0.0486 
    Rad451.2 11 0.9743 0.0257 
    Rad451.3 11 0.6564 0.3436 
