      H008.1  2 0.0105 0.9249 0.0153 0.0144 0.0105 0.0101 0.0078 0.0065 
      H008.2  2 0.0546 0.2634 0.0176 0.1626 0.1549 0.1327 0.2013 0.0129 
      H008.3  2 0.1854 0.1552 0.0321 0.3867 0.1022 0.0332 0.0867 0.0185 
      H008.4  2 0.0167 0.8212 0.0431 0.0153 0.0274 0.0112 0.0576 0.0074 
      H008.5  2 0.0349 0.8582 0.0189 0.0295 0.0125 0.0117 0.0206 0.0137 
      H008.6  2 0.0143 0.4977 0.0245 0.1368 0.1177 0.0346 0.1610 0.0134 
      H008.7  2 0.0938 0.5821 0.0437 0.0562 0.0370 0.0361 0.1340 0.0169 
      H008.8  2 0.0229 0.4304 0.0293 0.0376 0.3395 0.0981 0.0288 0.0133 
      H008.9  2 0.0272 0.0465 0.0225 0.0520 0.3459 0.0413 0.4515 0.0131 
 H029.1_2002  2 0.0481 0.8700 0.0143 0.0100 0.0151 0.0124 0.0177 0.0125 
 H029.1_2003  2 0.0568 0.7284 0.0265 0.0703 0.0320 0.0432 0.0272 0.0156 
 H029.2_2002  2 0.0655 0.8018 0.0092 0.0469 0.0135 0.0131 0.0353 0.0147 
 H029.2_2003  2 0.0454 0.6862 0.0094 0.1302 0.0316 0.0208 0.0478 0.0286 
 H029.3_2002  2 0.2065 0.4973 0.0140 0.0360 0.0172 0.0709 0.1421 0.0160 
 H029.3_2003  2 0.0243 0.8851 0.0133 0.0141 0.0072 0.0352 0.0102 0.0107 
 H029.4_2002  2 0.0151 0.9174 0.0168 0.0080 0.0049 0.0135 0.0184 0.0060 
 H029.4_2003  2 0.0876 0.7350 0.0259 0.0334 0.0164 0.0664 0.0254 0.0098 
 H029.5_2002  2 0.0201 0.9289 0.0131 0.0069 0.0069 0.0079 0.0085 0.0077 
 H029.5_2003  2 0.0098 0.9234 0.0110 0.0155 0.0094 0.0124 0.0131 0.0053 
 H029.6_2002  2 0.2441 0.6554 0.0118 0.0066 0.0073 0.0210 0.0477 0.0060 
 H029.6_2003  2 0.0194 0.7974 0.0336 0.0737 0.0167 0.0195 0.0107 0.0288 
      H029.7  2 0.0236 0.9047 0.0085 0.0140 0.0121 0.0069 0.0211 0.0091 
      H030.1  2 0.1104 0.0387 0.0198 0.0298 0.0144 0.0638 0.0075 0.7157 
      H030.2  2 0.2462 0.1931 0.1523 0.0177 0.0106 0.0900 0.0781 0.2119 
      H038.1  2 0.0093 0.9125 0.0069 0.0071 0.0124 0.0085 0.0368 0.0063 
      H038.2  2 0.0095 0.9360 0.0085 0.0095 0.0047 0.0083 0.0079 0.0155 
      H038.3  2 0.0081 0.8320 0.0160 0.0109 0.0088 0.0215 0.0490 0.0536 
      H038.4  2 0.0091 0.8705 0.0248 0.0076 0.0075 0.0147 0.0415 0.0242 
      H038.5  2 0.0163 0.8539 0.0105 0.0091 0.0066 0.0496 0.0365 0.0173 
      H038.6  2 0.0075 0.9392 0.0058 0.0138 0.0061 0.0067 0.0129 0.0081 
      H038.7  2 0.0053 0.9300 0.0067 0.0075 0.0050 0.0135 0.0155 0.0166 
      H038.8  2 0.0109 0.7509 0.0148 0.0092 0.0073 0.0114 0.1455 0.0500 
      H041.1  2 0.2848 0.3896 0.1567 0.0156 0.0255 0.0454 0.0577 0.0247 
      H041.2  2 0.0710 0.2971 0.5595 0.0127 0.0133 0.0152 0.0216 0.0096 
      H041.4  2 0.0419 0.8145 0.0280 0.0130 0.0355 0.0217 0.0317 0.0137 
      H041.6  2 0.0451 0.7772 0.0598 0.0098 0.0591 0.0171 0.0131 0.0188 
 H042.1_2002  2 0.6223 0.0253 0.1537 0.0566 0.0763 0.0150 0.0199 0.0309 
 H042.1_2003  2 0.0298 0.2002 0.2756 0.2080 0.0496 0.0236 0.1471 0.0661 
 H042.2_2002  2 0.0624 0.7257 0.0835 0.0624 0.0107 0.0231 0.0253 0.0068 
 H042.2_2003  2 0.0244 0.3879 0.4761 0.0309 0.0336 0.0131 0.0070 0.0270 
 H042.3_2002  2 0.3233 0.0242 0.4733 0.0802 0.0358 0.0256 0.0242 0.0134 
 H042.3_2003  2 0.0956 0.3245 0.3256 0.0921 0.0480 0.0473 0.0469 0.0200 
 H042.4_2002  2 0.6866 0.0607 0.0824 0.0315 0.0315 0.0163 0.0338 0.0573 
 H042.4_2003  2 0.5560 0.1895 0.0242 0.0197 0.0662 0.0183 0.0089 0.1171 
      H042.5  2 0.8930 0.0145 0.0204 0.0214 0.0228 0.0114 0.0041 0.0123 
      H042.6  2 0.8166 0.0478 0.0148 0.0175 0.0534 0.0189 0.0101 0.0209 
      H042.7  2 0.3215 0.0605 0.5240 0.0195 0.0218 0.0216 0.0064 0.0247 
      H042.8  2 0.5446 0.0576 0.2465 0.0319 0.0442 0.0190 0.0494 0.0069 
   H042_2002  2 0.0200 0.4181 0.1286 0.0864 0.2563 0.0261 0.0450 0.0195 
   H042_2003  2 0.0213 0.3995 0.1327 0.0968 0.2502 0.0326 0.0435 0.0236 
      H043.1  2 0.0157 0.0748 0.0110 0.0239 0.0428 0.5442 0.2446 0.0429 
      H043.2  2 0.0102 0.1383 0.0315 0.0361 0.3824 0.0184 0.3730 0.0100 
      H043.3  2 0.0086 0.7639 0.0149 0.0240 0.0561 0.0471 0.0609 0.0245 
      H043.4  2 0.0125 0.3396 0.0282 0.0281 0.2019 0.0403 0.2807 0.0689 
      H043.5  2 0.0091 0.3560 0.0230 0.0283 0.0409 0.0460 0.4818 0.0148 
      H043.6  2 0.0122 0.4665 0.0275 0.0275 0.0521 0.0151 0.3760 0.0231 
      H043.7  2 0.0054 0.0564 0.0214 0.0113 0.5838 0.0483 0.2322 0.0411 
      H043.8  2 0.0154 0.0824 0.0552 0.0285 0.2196 0.4793 0.0612 0.0584 
      H043.9  2 0.0240 0.1966 0.0099 0.0148 0.0482 0.5528 0.1318 0.0219 
      H047.1  2 0.0078 0.8400 0.0222 0.0253 0.0344 0.0491 0.0118 0.0094 
      H047.2  2 0.0536 0.6617 0.0188 0.1335 0.0255 0.0510 0.0077 0.0482 
      H047.3  2 0.0369 0.6018 0.0588 0.1320 0.0402 0.0840 0.0068 0.0395 
      H047.4  2 0.0233 0.8197 0.0437 0.0227 0.0218 0.0351 0.0054 0.0283 
      H047.5  2 0.0102 0.6640 0.0899 0.0657 0.0533 0.0822 0.0048 0.0299 
      H047.6  2 0.0208 0.4807 0.0707 0.0324 0.0750 0.2752 0.0208 0.0243 
      H047.7  2 0.0096 0.8076 0.0665 0.0159 0.0231 0.0563 0.0121 0.0088 
      H047.8  2 0.0216 0.5548 0.0664 0.0710 0.1174 0.1347 0.0155 0.0186 
      H047.9  2 0.0102 0.7917 0.0440 0.0638 0.0318 0.0260 0.0048 0.0277 
 H071.1_2002  2 0.0061 0.9419 0.0087 0.0109 0.0106 0.0057 0.0067 0.0095 
 H071.1_2003  2 0.0086 0.7517 0.0192 0.0173 0.1198 0.0087 0.0156 0.0591 
     H071.10  2 0.0098 0.9342 0.0070 0.0060 0.0060 0.0141 0.0116 0.0113 
 H071.2_2002  2 0.0061 0.9264 0.0078 0.0117 0.0191 0.0084 0.0086 0.0119 
 H071.2_2003  2 0.0049 0.9596 0.0053 0.0065 0.0084 0.0048 0.0040 0.0064 
      H071.3  2 0.0086 0.9202 0.0124 0.0061 0.0078 0.0226 0.0094 0.0129 
 H071.4_2002  2 0.0103 0.9008 0.0087 0.0097 0.0112 0.0213 0.0183 0.0198 
 H071.4_2003  2 0.0061 0.9544 0.0055 0.0085 0.0053 0.0089 0.0034 0.0077 
 H071.5_2002  2 0.0077 0.9518 0.0068 0.0063 0.0061 0.0064 0.0066 0.0083 
 H071.5_2003  2 0.0054 0.9143 0.0100 0.0138 0.0101 0.0200 0.0051 0.0212 
 H071.6_2002  2 0.0076 0.9395 0.0073 0.0087 0.0077 0.0117 0.0067 0.0107 
 H071.6_2003  2 0.0062 0.9328 0.0061 0.0081 0.0099 0.0114 0.0045 0.0210 
 H071.7_2002  2 0.0048 0.9588 0.0054 0.0066 0.0088 0.0049 0.0056 0.0051 
 H071.7_2003  2 0.0075 0.9050 0.0103 0.0124 0.0129 0.0145 0.0051 0.0323 
      H071.8  2 0.0066 0.9421 0.0076 0.0069 0.0153 0.0077 0.0082 0.0056 
      H071.9  2 0.0141 0.6922 0.0172 0.0081 0.0309 0.1937 0.0218 0.0221 
 H081.1_2002  2 0.0065 0.9510 0.0071 0.0066 0.0088 0.0050 0.0052 0.0097 
 H081.1_2003  2 0.0973 0.1058 0.0486 0.0655 0.0806 0.0302 0.4048 0.1672 
 H081.2_2002  2 0.0063 0.9373 0.0068 0.0059 0.0241 0.0054 0.0057 0.0085 
 H081.2_2003  2 0.0687 0.1279 0.0117 0.0205 0.1655 0.4939 0.0207 0.0912 
 H081.3_2002  2 0.0092 0.9126 0.0082 0.0072 0.0319 0.0127 0.0074 0.0109 
 H081.3_2003  2 0.0373 0.0371 0.0219 0.0315 0.4144 0.2624 0.0373 0.1581 
 H081.4_2002  2 0.0083 0.9388 0.0089 0.0114 0.0084 0.0068 0.0052 0.0121 
 H081.4_2003  2 0.0489 0.0312 0.0163 0.0477 0.1892 0.0244 0.0241 0.6180 
 H081.5_2002  2 0.0074 0.9344 0.0076 0.0086 0.0114 0.0089 0.0056 0.0161 
 H081.5_2003  2 0.0601 0.0886 0.0495 0.0345 0.2654 0.0195 0.0386 0.4438 
      H081.6  2 0.0079 0.9465 0.0084 0.0065 0.0086 0.0045 0.0069 0.0106 
      H081.7  2 0.0092 0.9078 0.0112 0.0055 0.0344 0.0094 0.0060 0.0165 
      H081.8  2 0.0206 0.8383 0.0218 0.0097 0.0238 0.0283 0.0191 0.0384 
      H083.1  2 0.0256 0.9201 0.0077 0.0089 0.0058 0.0100 0.0128 0.0090 
      H083.2  2 0.0190 0.9129 0.0070 0.0095 0.0118 0.0155 0.0089 0.0153 
      H083.4  2 0.0443 0.8903 0.0069 0.0081 0.0111 0.0148 0.0164 0.0080 
      H083.5  2 0.0457 0.8818 0.0103 0.0087 0.0096 0.0096 0.0257 0.0086 
      H083.6  2 0.0516 0.8848 0.0097 0.0102 0.0093 0.0099 0.0116 0.0130 
      H083.7  2 0.0580 0.8649 0.0098 0.0116 0.0126 0.0140 0.0181 0.0110 
      H083.8  2 0.0152 0.9209 0.0081 0.0103 0.0112 0.0147 0.0086 0.0111 
      H083.9  2 0.0423 0.9043 0.0081 0.0066 0.0081 0.0096 0.0124 0.0085 
      H084.1  2 0.0260 0.0136 0.0120 0.0085 0.0101 0.8153 0.0946 0.0198 
      H084.2  2 0.0259 0.0203 0.0062 0.0129 0.0083 0.7819 0.1149 0.0297 
      H084.3  2 0.0475 0.0100 0.2046 0.0337 0.0119 0.0691 0.3451 0.2780 
      H084.4  2 0.0547 0.0230 0.1786 0.0282 0.0090 0.2727 0.2747 0.1591 
      H084.5  2 0.0118 0.0109 0.1808 0.0181 0.0140 0.6548 0.0641 0.0455 
      H084.6  2 0.0441 0.0085 0.1907 0.0079 0.0149 0.3116 0.2309 0.1913 
      H084.7  2 0.0131 0.0109 0.0091 0.0082 0.0076 0.9237 0.0162 0.0112 
      H084.8  2 0.0149 0.0099 0.1168 0.0115 0.0095 0.6685 0.1265 0.0424 
 H085.1_2002  2 0.1025 0.1733 0.0102 0.0088 0.6414 0.0137 0.0356 0.0145 
 H085.1_2003  2 0.2929 0.5244 0.0237 0.0106 0.0357 0.0407 0.0241 0.0479 
 H085.2_2002  2 0.1359 0.0271 0.0232 0.0091 0.6289 0.0145 0.0872 0.0740 
 H085.2_2003  2 0.2322 0.6298 0.0156 0.0217 0.0306 0.0310 0.0120 0.0271 
 H085.3_2002  2 0.0510 0.0275 0.0138 0.0079 0.8321 0.0099 0.0073 0.0506 
 H085.3_2003  2 0.0205 0.8096 0.0216 0.0163 0.0244 0.0128 0.0062 0.0885 
 H085.4_2002  2 0.0469 0.1332 0.0198 0.0117 0.6892 0.0120 0.0691 0.0182 
 H085.4_2003  2 0.0219 0.8098 0.0665 0.0095 0.0191 0.0077 0.0085 0.0570 
 H085.5_2002  2 0.0173 0.0272 0.0123 0.0079 0.8871 0.0072 0.0076 0.0334 
 H085.5_2003  2 0.0771 0.8487 0.0097 0.0146 0.0136 0.0114 0.0100 0.0149 
 H085.6_2002  2 0.0587 0.0241 0.0098 0.0068 0.8418 0.0164 0.0188 0.0236 
 H085.6_2003  2 0.0201 0.2140 0.1514 0.0260 0.1888 0.0211 0.0103 0.3682 
 H085.7_2002  2 0.1266 0.0686 0.0167 0.0167 0.6622 0.0139 0.0171 0.0781 
 H085.7_2003  2 0.0244 0.8314 0.0427 0.0198 0.0196 0.0185 0.0144 0.0292 
 H085.8_2002  2 0.0133 0.0323 0.0338 0.0123 0.5750 0.0097 0.0164 0.3073 
 H085.8_2003  2 0.5431 0.2025 0.0628 0.0197 0.0536 0.0325 0.0186 0.0672 
      H085.9  2 0.0563 0.1810 0.0138 0.0106 0.6581 0.0106 0.0391 0.0305 
      H088.1  2 0.8332 0.0169 0.0195 0.0376 0.0427 0.0260 0.0118 0.0122 
      H088.2  2 0.8206 0.0153 0.0250 0.0272 0.0430 0.0302 0.0113 0.0276 
      H088.3  2 0.8904 0.0090 0.0137 0.0162 0.0240 0.0229 0.0079 0.0159 
      H088.4  2 0.7932 0.0332 0.0240 0.0303 0.0206 0.0627 0.0106 0.0255 
      H088.5  2 0.9067 0.0125 0.0159 0.0155 0.0144 0.0165 0.0085 0.0099 
      H088.6  2 0.8709 0.0273 0.0264 0.0207 0.0120 0.0222 0.0085 0.0121 
      H088.7  2 0.6064 0.1734 0.0531 0.0305 0.0204 0.0894 0.0114 0.0153 
      H088.8  2 0.4965 0.2537 0.0512 0.0537 0.0230 0.0893 0.0111 0.0216 
      H091.1  2 0.8832 0.0171 0.0301 0.0150 0.0104 0.0125 0.0085 0.0232 
      H091.2  2 0.8084 0.0581 0.0696 0.0184 0.0117 0.0152 0.0063 0.0123 
      H109.1  2 0.0119 0.0185 0.0283 0.0137 0.0202 0.8681 0.0261 0.0131 
      H109.2  2 0.0140 0.0390 0.0284 0.0081 0.0229 0.7925 0.0134 0.0817 
      H109.3  2 0.0134 0.0189 0.0255 0.0218 0.0086 0.8864 0.0091 0.0163 
      H109.4  2 0.0085 0.0137 0.0167 0.0112 0.0141 0.9110 0.0130 0.0119 
      H109.5  2 0.0238 0.2780 0.2089 0.0211 0.0141 0.4264 0.0062 0.0215 
      H109.6  2 0.0082 0.0285 0.0517 0.0206 0.0344 0.7685 0.0180 0.0702 
      H126.1  2 0.0131 0.0288 0.0794 0.1594 0.6118 0.0806 0.0099 0.0170 
      H126.2  2 0.0197 0.7053 0.0131 0.0214 0.1278 0.0532 0.0456 0.0139 
      H126.3  2 0.0100 0.8000 0.0304 0.0246 0.0567 0.0555 0.0161 0.0069 
      H126.4  2 0.0317 0.2303 0.0217 0.1458 0.4815 0.0407 0.0221 0.0263 
      H126.5  2 0.0101 0.6192 0.0245 0.1329 0.1758 0.0120 0.0085 0.0172 
      H126.6  2 0.0113 0.8983 0.0080 0.0136 0.0455 0.0080 0.0059 0.0095 
      H126.7  2 0.0109 0.9375 0.0051 0.0138 0.0121 0.0071 0.0035 0.0101 
      H130.1  2 0.0455 0.0135 0.0207 0.0402 0.7611 0.0422 0.0102 0.0667 
      H130.2  2 0.0678 0.0559 0.0147 0.0317 0.0778 0.1063 0.0146 0.6312 
      H130.3  2 0.0246 0.0229 0.0067 0.5000 0.0184 0.0250 0.0073 0.3951 
      H130.4  2 0.0449 0.0119 0.0148 0.1076 0.5822 0.1029 0.0410 0.0946 
      H130.5  2 0.0817 0.0413 0.0149 0.0144 0.2416 0.0196 0.0077 0.5788 
      H133.1  2 0.0421 0.0800 0.0299 0.0859 0.0698 0.4863 0.1277 0.0783 
      H133.2  2 0.0141 0.0226 0.0193 0.0231 0.1959 0.6817 0.0139 0.0293 
      H133.3  2 0.0368 0.1281 0.0548 0.0394 0.0684 0.4821 0.1472 0.0432 
      H133.4  2 0.0113 0.0220 0.0144 0.0219 0.0350 0.8365 0.0442 0.0147 
      H133.5  2 0.0367 0.0166 0.0104 0.0594 0.0849 0.7549 0.0208 0.0164 
      H133.6  2 0.0805 0.0253 0.0249 0.0305 0.1981 0.5456 0.0127 0.0825 
      H133.7  2 0.0184 0.0734 0.2094 0.0201 0.0694 0.3834 0.1297 0.0961 
      H133.8  2 0.0273 0.0330 0.0613 0.0419 0.2333 0.4547 0.1300 0.0186 
      H133.9  2 0.0522 0.0520 0.0248 0.1430 0.0524 0.4739 0.1288 0.0728 
      H147.1  2 0.1198 0.4395 0.2332 0.0069 0.0688 0.0126 0.0252 0.0941 
      H147.2  2 0.0103 0.9204 0.0105 0.0061 0.0140 0.0056 0.0077 0.0254 
      H147.3  2 0.0092 0.9092 0.0121 0.0095 0.0184 0.0067 0.0080 0.0269 
      H147.4  2 0.0147 0.8877 0.0141 0.0091 0.0089 0.0070 0.0335 0.0250 
      H147.5  2 0.1545 0.5771 0.0329 0.0317 0.0241 0.0168 0.0109 0.1520 
      H147.6  2 0.2107 0.5313 0.0355 0.0341 0.0160 0.0277 0.0143 0.1304 
      H147.7  2 0.0177 0.8419 0.0288 0.0142 0.0112 0.0112 0.0324 0.0426 
      H147.8  2 0.1691 0.7158 0.0164 0.0094 0.0064 0.0141 0.0494 0.0194 
      H147.9  2 0.0110 0.9145 0.0110 0.0084 0.0178 0.0074 0.0061 0.0239 
      H148.1  2 0.0664 0.0196 0.3319 0.0142 0.2095 0.1415 0.0475 0.1694 
      H148.2  2 0.0186 0.0264 0.5167 0.0125 0.2504 0.0538 0.0623 0.0591 
      H148.3  2 0.0116 0.0126 0.8573 0.0139 0.0168 0.0128 0.0417 0.0332 
      H148.4  2 0.0169 0.0198 0.6920 0.0244 0.1379 0.0247 0.0310 0.0533 
      H148.5  2 0.0277 0.0166 0.6956 0.0298 0.0238 0.0320 0.0599 0.1145 
      H148.6  2 0.0524 0.0146 0.6294 0.0081 0.0605 0.0268 0.1230 0.0851 
      H148.7  2 0.0323 0.0157 0.6336 0.0522 0.0520 0.1039 0.0516 0.0587 
      H148.8  2 0.0161 0.0077 0.7812 0.0125 0.0890 0.0108 0.0424 0.0403 
      H148.9  2 0.0227 0.0125 0.4624 0.0239 0.2256 0.0804 0.1252 0.0473 
   H166022.1  2 0.9266 0.0169 0.0144 0.0060 0.0081 0.0083 0.0116 0.0082 
   H166022.2  2 0.8438 0.0353 0.0181 0.0159 0.0143 0.0191 0.0119 0.0415 
   H166022.3  2 0.9391 0.0065 0.0070 0.0135 0.0075 0.0102 0.0052 0.0111 
   H166022.4  2 0.9254 0.0058 0.0094 0.0212 0.0057 0.0105 0.0059 0.0162 
   H166022.5  2 0.9026 0.0104 0.0095 0.0174 0.0068 0.0250 0.0056 0.0227 
   H166022.6  2 0.9027 0.0099 0.0116 0.0100 0.0152 0.0138 0.0174 0.0194 
   H166022.7  2 0.0063 0.0095 0.0048 0.0129 0.0095 0.9274 0.0215 0.0082 
   H166022.8  2 0.7057 0.0201 0.0249 0.0226 0.0607 0.0234 0.0109 0.1317 
   H167397.1  2 0.0539 0.0939 0.2821 0.0123 0.0101 0.0229 0.4912 0.0337 
   H167397.2  2 0.0709 0.0596 0.0648 0.0180 0.1644 0.0171 0.5833 0.0218 
   H167397.3  2 0.0539 0.1126 0.1630 0.0121 0.0151 0.0231 0.6007 0.0194 
   H167397.4  2 0.0266 0.0456 0.0736 0.0174 0.0224 0.0264 0.7730 0.0150 
   H167397.5  2 0.0567 0.0322 0.1001 0.0169 0.0252 0.0251 0.6696 0.0742 
   H167397.6  2 0.0340 0.0684 0.2701 0.0167 0.0170 0.0164 0.5692 0.0082 
   H167496.1  2 0.3265 0.0348 0.1882 0.0697 0.0202 0.1302 0.0112 0.2192 
   H167496.2  2 0.0209 0.2460 0.1696 0.0492 0.0374 0.1812 0.0191 0.2767 
   H167496.3  2 0.2229 0.0585 0.0595 0.0474 0.2885 0.0185 0.0115 0.2933 
   H167496.4  2 0.9267 0.0186 0.0090 0.0111 0.0089 0.0098 0.0066 0.0095 
   H167496.6  2 0.7592 0.0435 0.0227 0.0466 0.0180 0.0294 0.0077 0.0729 
   H167496.7  2 0.0448 0.0214 0.2294 0.0426 0.0262 0.0309 0.0074 0.5973 
   H167496.8  2 0.6351 0.0761 0.0353 0.0214 0.0262 0.0428 0.0097 0.1533 
   H167513.1  2 0.0203 0.0173 0.0127 0.0131 0.0392 0.8659 0.0170 0.0144 
   H167513.2  2 0.0217 0.0215 0.1450 0.0246 0.0777 0.5770 0.0638 0.0687 
   H167513.3  2 0.0241 0.0119 0.0135 0.0511 0.0125 0.8450 0.0101 0.0318 
   H167513.4  2 0.0810 0.0111 0.0206 0.0100 0.0200 0.8087 0.0128 0.0358 
   H167513.5  2 0.0240 0.0145 0.0331 0.0114 0.0815 0.7567 0.0575 0.0212 
   H167513.6  2 0.0514 0.0316 0.0264 0.0152 0.0720 0.7518 0.0200 0.0316 
   H167513.7  2 0.0259 0.0171 0.0105 0.0102 0.0163 0.8709 0.0308 0.0184 
   H167513.8  2 0.0067 0.0092 0.0061 0.0102 0.0079 0.9307 0.0151 0.0141 
   H167547.1  2 0.0326 0.0106 0.7058 0.0241 0.0377 0.0157 0.0322 0.1412 
   H167547.2  2 0.0344 0.0092 0.8855 0.0110 0.0142 0.0086 0.0143 0.0230 
   H167547.3  2 0.0345 0.0086 0.8777 0.0086 0.0174 0.0100 0.0158 0.0274 
   H167547.4  2 0.6812 0.0099 0.0579 0.0450 0.0896 0.0237 0.0515 0.0412 
   H167547.5  2 0.1503 0.0117 0.7507 0.0191 0.0293 0.0171 0.0082 0.0138 
   H167547.6  2 0.1524 0.0125 0.7504 0.0216 0.0246 0.0153 0.0095 0.0136 
   H167547.7  2 0.0297 0.0308 0.1373 0.0577 0.4727 0.1372 0.0279 0.1067 
   H169750.1  2 0.1200 0.0300 0.0153 0.0671 0.1385 0.5443 0.0151 0.0697 
   H169750.2  2 0.0235 0.1785 0.1278 0.1348 0.1923 0.1450 0.0622 0.1358 
   H169750.3  2 0.0202 0.0308 0.0146 0.0431 0.0611 0.7602 0.0045 0.0657 
   H169750.4  2 0.0224 0.0404 0.0656 0.5058 0.1226 0.1522 0.0611 0.0299 
   H169750.5  2 0.0834 0.0843 0.0139 0.0240 0.0565 0.7039 0.0119 0.0220 
   H169750.6  2 0.0305 0.4489 0.0130 0.0365 0.0805 0.3201 0.0127 0.0577 
   H169750.7  2 0.0177 0.1006 0.0724 0.2081 0.2071 0.2959 0.0271 0.0711 
   H171929.1  2 0.0169 0.0301 0.0785 0.0236 0.2973 0.0982 0.4403 0.0151 
  H171929.10  2 0.1631 0.0984 0.1433 0.0252 0.1981 0.1553 0.1151 0.1015 
  H171929.11  2 0.0301 0.0392 0.0726 0.0484 0.1887 0.2310 0.3609 0.0292 
   H171929.2  2 0.0106 0.0100 0.0191 0.0104 0.0376 0.8848 0.0107 0.0169 
   H171929.3  2 0.0339 0.0355 0.0708 0.0158 0.0552 0.6467 0.1244 0.0176 
   H171929.4  2 0.1786 0.0464 0.0342 0.0375 0.4262 0.2181 0.0091 0.0498 
   H171929.5  2 0.0189 0.0200 0.0473 0.0144 0.0236 0.7808 0.0675 0.0275 
   H171929.6  2 0.0160 0.0160 0.0195 0.0098 0.0259 0.8100 0.0887 0.0140 
   H171929.7  2 0.0266 0.0345 0.0300 0.0253 0.6925 0.1561 0.0193 0.0158 
   H171929.8  2 0.0303 0.0227 0.0236 0.0191 0.7375 0.1244 0.0165 0.0258 
   H171929.9  2 0.0565 0.0466 0.0112 0.0166 0.5953 0.2129 0.0082 0.0527 
   H171930.1  2 0.0080 0.0087 0.0165 0.0194 0.0077 0.9182 0.0100 0.0115 
   H171930.2  2 0.1204 0.0378 0.0618 0.0467 0.0297 0.5986 0.0099 0.0951 
   H171930.3  2 0.0142 0.0104 0.0307 0.0362 0.0074 0.8694 0.0161 0.0156 
   H171930.4  2 0.0598 0.0110 0.0708 0.0514 0.0081 0.7509 0.0117 0.0362 
   H171930.5  2 0.0214 0.0406 0.0288 0.0492 0.0285 0.7700 0.0133 0.0481 
   H171930.6  2 0.0466 0.1068 0.0749 0.0844 0.0096 0.4963 0.0107 0.1708 
   H171930.7  2 0.0084 0.0108 0.0175 0.0112 0.0095 0.8973 0.0270 0.0182 
   H171930.8  2 0.0108 0.0136 0.0271 0.0164 0.0123 0.8757 0.0188 0.0254 
   H171933.1  2 0.8906 0.0077 0.0190 0.0071 0.0110 0.0191 0.0352 0.0104 
   H171933.2  2 0.8382 0.0149 0.0338 0.0081 0.0211 0.0222 0.0450 0.0167 
   H171933.3  2 0.8925 0.0065 0.0249 0.0102 0.0167 0.0097 0.0135 0.0261 
   H171933.4  2 0.6386 0.0082 0.0134 0.0125 0.0148 0.0219 0.0060 0.2846 
   H171933.5  2 0.2543 0.0064 0.0521 0.0636 0.0413 0.0801 0.0119 0.4903 
   H171933.6  2 0.9408 0.0121 0.0072 0.0079 0.0062 0.0118 0.0047 0.0093 
   H171933.7  2 0.7446 0.0184 0.0417 0.0270 0.0334 0.0139 0.0195 0.1015 
   H171933.8  2 0.4876 0.0178 0.0426 0.0115 0.0319 0.0345 0.0475 0.3266 
   H171933.9  2 0.9215 0.0067 0.0090 0.0130 0.0074 0.0108 0.0044 0.0272 
      H190.1  2 0.0403 0.0210 0.0167 0.0932 0.0124 0.0398 0.0065 0.7701 
      H190.2  2 0.0083 0.0716 0.7944 0.0165 0.0345 0.0098 0.0060 0.0590 
      H190.3  2 0.0366 0.0307 0.5229 0.0235 0.2952 0.0289 0.0113 0.0509 
      H190.4  2 0.1303 0.0068 0.0107 0.0312 0.0282 0.0466 0.0119 0.7341 
      H190.5  2 0.0281 0.1693 0.5670 0.0335 0.0502 0.0301 0.0075 0.1143 
      H190.6  2 0.1210 0.0182 0.0203 0.0311 0.0340 0.0446 0.0113 0.7195 
      H190.7  2 0.0336 0.0215 0.0555 0.0353 0.6572 0.0135 0.0157 0.1677 
      H190.8  2 0.0173 0.0402 0.1386 0.0603 0.0457 0.0221 0.0056 0.6702 
      H190.9  2 0.0214 0.0293 0.2594 0.0324 0.1073 0.0320 0.0221 0.4962 
      H400.1  2 0.9226 0.0087 0.0069 0.0097 0.0101 0.0170 0.0084 0.0165 
      H400.2  2 0.9025 0.0228 0.0144 0.0073 0.0108 0.0199 0.0118 0.0104 
      H400.3  2 0.8730 0.0167 0.0213 0.0165 0.0172 0.0269 0.0153 0.0132 
      H400.4  2 0.8745 0.0284 0.0157 0.0124 0.0119 0.0389 0.0052 0.0130 
      H400.5  2 0.8929 0.0115 0.0109 0.0131 0.0099 0.0336 0.0109 0.0173 
      H400.6  2 0.9280 0.0110 0.0117 0.0090 0.0143 0.0127 0.0044 0.0090 
      H400.7  2 0.9115 0.0071 0.0134 0.0081 0.0178 0.0180 0.0063 0.0178 
 H428.1_2005  2 0.9422 0.0073 0.0058 0.0092 0.0105 0.0134 0.0055 0.0062 
 H428.1_2006  2 0.9272 0.0182 0.0077 0.0104 0.0105 0.0107 0.0070 0.0083 
 H428.2_2005  2 0.9431 0.0057 0.0090 0.0071 0.0085 0.0101 0.0105 0.0060 
 H428.2_2006  2 0.9066 0.0351 0.0065 0.0092 0.0080 0.0107 0.0074 0.0165 
 H428.3_2005  2 0.9510 0.0085 0.0053 0.0073 0.0080 0.0077 0.0042 0.0081 
 H428.3_2006  2 0.9154 0.0218 0.0095 0.0096 0.0074 0.0083 0.0095 0.0186 
 H428.4_2005  2 0.9442 0.0056 0.0067 0.0080 0.0059 0.0157 0.0064 0.0074 
 H428.4_2006  2 0.9492 0.0102 0.0068 0.0089 0.0074 0.0043 0.0069 0.0063 
 H428.5_2005  2 0.9319 0.0117 0.0063 0.0057 0.0063 0.0057 0.0232 0.0092 
 H428.6_2005  2 0.9388 0.0092 0.0068 0.0088 0.0123 0.0104 0.0054 0.0084 
 H428.6_2006  2 0.8909 0.0155 0.0064 0.0283 0.0113 0.0140 0.0242 0.0094 
      H428.7  2 0.9549 0.0096 0.0053 0.0056 0.0055 0.0050 0.0060 0.0081 
      H428.8  2 0.9287 0.0150 0.0063 0.0080 0.0061 0.0074 0.0135 0.0151 
      H428.9  2 0.9405 0.0089 0.0074 0.0055 0.0059 0.0062 0.0160 0.0096 
      H453.1  2 0.8846 0.0345 0.0072 0.0174 0.0110 0.0171 0.0073 0.0208 
      H453.2  2 0.8654 0.0166 0.0133 0.0178 0.0190 0.0295 0.0059 0.0325 
      H453.3  2 0.7871 0.0087 0.0100 0.0117 0.0254 0.0138 0.0051 0.1381 
      H453.4  2 0.7984 0.0141 0.0100 0.0141 0.0129 0.0299 0.0042 0.1163 
      H453.5  2 0.7640 0.0579 0.0098 0.0192 0.0080 0.0112 0.0070 0.1228 
      H453.6  2 0.8684 0.0681 0.0060 0.0098 0.0047 0.0083 0.0061 0.0286 
      H453.7  2 0.0337 0.0845 0.0119 0.0089 0.3914 0.0271 0.0052 0.4373 
      H453.8  2 0.0318 0.0510 0.0135 0.0144 0.0347 0.0214 0.0062 0.8270 
      H453.9  2 0.1273 0.2716 0.0086 0.0165 0.0429 0.0276 0.0060 0.4995 
      H512.1  2 0.4843 0.0157 0.0137 0.0441 0.0203 0.0170 0.0054 0.3994 
     H512.10  2 0.0834 0.0501 0.0438 0.2853 0.0254 0.0190 0.0798 0.4133 
      H512.2  2 0.2064 0.0199 0.1297 0.2388 0.0343 0.0171 0.0211 0.3326 
      H512.3  2 0.0904 0.0168 0.0512 0.6313 0.0136 0.0533 0.0242 0.1193 
      H512.4  2 0.0561 0.0396 0.0407 0.0273 0.0127 0.0178 0.0177 0.7881 
      H512.5  2 0.0448 0.0144 0.0305 0.7633 0.0103 0.0499 0.0174 0.0693 
      H512.6  2 0.0326 0.0119 0.0316 0.1932 0.0174 0.0364 0.0067 0.6701 
      H512.7  2 0.1725 0.0337 0.0427 0.6309 0.0085 0.0727 0.0180 0.0210 
      H512.8  2 0.0859 0.0198 0.3106 0.2161 0.0203 0.0367 0.0115 0.2991 
      H512.9  2 0.2629 0.0259 0.0213 0.5135 0.0317 0.0365 0.0310 0.0773 
      H513.1  2 0.9430 0.0096 0.0067 0.0056 0.0085 0.0078 0.0111 0.0077 
      H513.2  2 0.9308 0.0114 0.0076 0.0039 0.0123 0.0116 0.0113 0.0111 
      H513.3  2 0.9472 0.0081 0.0054 0.0053 0.0066 0.0121 0.0062 0.0092 
      H513.4  2 0.9178 0.0240 0.0082 0.0092 0.0083 0.0168 0.0044 0.0114 
      H513.5  2 0.9214 0.0126 0.0056 0.0120 0.0082 0.0220 0.0095 0.0087 
      H513.6  2 0.4562 0.0191 0.0173 0.0153 0.0222 0.0924 0.3131 0.0645 
      H532.1  2 0.5913 0.2535 0.0181 0.0266 0.0222 0.0486 0.0197 0.0199 
      H532.2  2 0.4960 0.0450 0.0212 0.0109 0.0270 0.0200 0.0152 0.3646 
      H532.3  2 0.2372 0.0431 0.0111 0.0195 0.0213 0.0190 0.0064 0.6424 
      H532.4  2 0.2622 0.5344 0.0095 0.0208 0.0602 0.0152 0.0164 0.0815 
      H532.5  2 0.8919 0.0275 0.0108 0.0132 0.0138 0.0169 0.0117 0.0142 
      H532.6  2 0.5046 0.2585 0.0103 0.0178 0.0276 0.0170 0.0146 0.1498 
      H532.7  2 0.5121 0.3734 0.0107 0.0175 0.0101 0.0260 0.0127 0.0374 
      H532.8  2 0.4664 0.3603 0.0222 0.0273 0.0214 0.0562 0.0189 0.0273 
      H543.1  2 0.0167 0.0051 0.0071 0.0062 0.0080 0.0058 0.9448 0.0064 
      H543.2  2 0.0443 0.0114 0.0178 0.0096 0.0126 0.0187 0.8751 0.0105 
      H543.3  2 0.0171 0.0093 0.0087 0.0080 0.0095 0.0073 0.9352 0.0049 
      H543.4  2 0.0066 0.0051 0.0093 0.0068 0.0097 0.0056 0.9463 0.0106 
      H543.5  2 0.0088 0.0059 0.0096 0.0055 0.0086 0.0089 0.9458 0.0069 
      H543.6  2 0.0231 0.0119 0.0072 0.0103 0.0809 0.0328 0.8158 0.0180 
      H543.7  2 0.0045 0.0040 0.0053 0.0044 0.0064 0.0042 0.9665 0.0046 
      H543.8  2 0.0329 0.0199 0.0104 0.0085 0.0172 0.0142 0.8891 0.0076 
      H543.9  2 0.0141 0.0089 0.0082 0.0078 0.0144 0.0101 0.9307 0.0057 
 H545.1_2005  2 0.0038 0.0044 0.0036 0.0052 0.0040 0.0048 0.9703 0.0039 
 H545.1_2006  2 0.0061 0.0088 0.0080 0.0059 0.0049 0.0062 0.9548 0.0053 
 H545.2_2005  2 0.0069 0.0084 0.0084 0.0114 0.0095 0.0101 0.9410 0.0044 
 H545.2_2006  2 0.0056 0.0048 0.0050 0.0060 0.0056 0.0075 0.9605 0.0049 
 H545.3_2005  2 0.0070 0.0061 0.0127 0.0123 0.0075 0.0096 0.9381 0.0066 
 H545.3_2006  2 0.0055 0.0085 0.0052 0.0047 0.0050 0.0068 0.9596 0.0046 
 H545.4_2005  2 0.0054 0.0068 0.0131 0.0082 0.0089 0.0060 0.9464 0.0052 
 H545.4_2006  2 0.0056 0.0053 0.0089 0.0076 0.0068 0.0049 0.9566 0.0042 
 H545.5_2005  2 0.0094 0.0067 0.0058 0.0073 0.0050 0.0092 0.9503 0.0063 
 H545.5_2006  2 0.0102 0.0063 0.0076 0.0083 0.0060 0.0094 0.9456 0.0066 
 H545.6_2005  2 0.0048 0.0039 0.0036 0.0047 0.0046 0.0061 0.9680 0.0043 
 H545.6_2006  2 0.0063 0.0048 0.0053 0.0060 0.0060 0.0065 0.9603 0.0049 
 H545.7_2005  2 0.0078 0.0057 0.0047 0.0046 0.0048 0.0073 0.9605 0.0047 
 H545.7_2006  2 0.0077 0.0092 0.0075 0.0063 0.0065 0.0086 0.9489 0.0055 
 H545.8_2005  2 0.0111 0.0090 0.0101 0.0099 0.0096 0.0082 0.9347 0.0075 
 H545.8_2006  2 0.0047 0.0051 0.0051 0.0057 0.0053 0.0056 0.9630 0.0056 
      H545.9  2 0.0058 0.0052 0.0052 0.0088 0.0074 0.0070 0.9542 0.0063 
      H547.1  2 0.9143 0.0063 0.0140 0.0196 0.0201 0.0066 0.0079 0.0112 
      H547.2  2 0.6624 0.0110 0.2814 0.0070 0.0152 0.0077 0.0086 0.0067 
      H547.3  2 0.6844 0.0098 0.0360 0.0702 0.0510 0.0114 0.0179 0.1193 
      H547.4  2 0.7876 0.0248 0.0798 0.0342 0.0326 0.0121 0.0104 0.0184 
      H547.5  2 0.7162 0.0050 0.2343 0.0126 0.0106 0.0064 0.0066 0.0084 
      H547.6  2 0.9058 0.0073 0.0250 0.0091 0.0160 0.0097 0.0176 0.0095 
      H547.7  2 0.8072 0.0120 0.0257 0.0564 0.0391 0.0163 0.0193 0.0238 
      H547.8  2 0.9163 0.0071 0.0119 0.0154 0.0207 0.0079 0.0107 0.0098 
      H548.1  2 0.0063 0.0056 0.0082 0.0068 0.0063 0.0085 0.9530 0.0052 
      H548.2  2 0.0072 0.0089 0.0072 0.0104 0.0092 0.0082 0.9396 0.0093 
      H548.3  2 0.0064 0.0073 0.0064 0.0065 0.0097 0.0104 0.9484 0.0049 
      H548.4  2 0.0099 0.0442 0.0182 0.0278 0.0206 0.0419 0.8236 0.0139 
      H548.5  2 0.0061 0.0080 0.0056 0.0070 0.0050 0.0088 0.9538 0.0057 
      H548.6  2 0.0051 0.0067 0.0062 0.0119 0.0060 0.0085 0.9491 0.0065 
      H548.7  2 0.0066 0.0084 0.0086 0.0062 0.0091 0.0095 0.9459 0.0058 
      H548.8  2 0.0059 0.0094 0.0073 0.0089 0.0084 0.0086 0.9415 0.0099 
      H548.9  2 0.0110 0.0145 0.0126 0.0134 0.0168 0.0145 0.9069 0.0104 
     H7389.1  2 0.9271 0.0103 0.0140 0.0070 0.0128 0.0083 0.0080 0.0124 
     H7389.2  2 0.8980 0.0098 0.0194 0.0067 0.0054 0.0082 0.0360 0.0165 
     H7389.3  2 0.9217 0.0090 0.0202 0.0077 0.0052 0.0107 0.0164 0.0091 
     H7389.4  2 0.8839 0.0184 0.0058 0.0111 0.0117 0.0252 0.0358 0.0081 
     H7389.5  2 0.8229 0.0213 0.0073 0.0113 0.0239 0.0834 0.0174 0.0124 
     H7389.6  2 0.6150 0.0212 0.0075 0.0104 0.0055 0.3194 0.0070 0.0139 
     H7389.7  2 0.9162 0.0114 0.0162 0.0077 0.0065 0.0136 0.0196 0.0087 
     H7389.8  2 0.5628 0.0283 0.0121 0.0178 0.0286 0.1175 0.1836 0.0492 
     H7389.9  2 0.8521 0.0191 0.0071 0.0067 0.0089 0.0545 0.0337 0.0180 
      H747.1  2 0.0515 0.0260 0.0528 0.0860 0.0447 0.6831 0.0149 0.0410 
      H747.2  2 0.0069 0.0070 0.0089 0.0235 0.0085 0.9249 0.0069 0.0133 
      H747.3  2 0.0193 0.0111 0.0231 0.1561 0.0281 0.7068 0.0115 0.0441 
      H747.4  2 0.0120 0.0120 0.0206 0.0678 0.0085 0.8487 0.0070 0.0234 
      H747.5  2 0.0086 0.0057 0.0125 0.0395 0.0101 0.9067 0.0073 0.0095 
      H747.6  2 0.0120 0.0072 0.0130 0.0094 0.0085 0.9259 0.0110 0.0131 
      H747.7  2 0.0203 0.0100 0.0130 0.0459 0.0363 0.8370 0.0120 0.0256 
     H7484.1  2 0.0839 0.6214 0.0215 0.0228 0.1362 0.0878 0.0093 0.0172 
     H7484.2  2 0.0151 0.2309 0.0393 0.0249 0.5507 0.0989 0.0066 0.0336 
     H7484.3  2 0.0237 0.5177 0.0518 0.0483 0.1767 0.1194 0.0117 0.0507 
     H7484.4  2 0.0662 0.3871 0.0559 0.0267 0.2696 0.1387 0.0064 0.0494 
     H7484.5  2 0.0163 0.6378 0.0264 0.0114 0.0775 0.1523 0.0098 0.0686 
     H7484.6  2 0.0192 0.0738 0.0727 0.1491 0.1259 0.4335 0.0092 0.1165 
     H7484.7  2 0.0208 0.3436 0.0113 0.0643 0.3941 0.0937 0.0062 0.0661 
     H7484.8  2 0.0932 0.4781 0.0314 0.0214 0.1030 0.1298 0.0056 0.1374 
     H7485.1  2 0.0082 0.0097 0.0116 0.0073 0.0121 0.0062 0.9371 0.0077 
     H7485.2  2 0.0101 0.0069 0.0041 0.0045 0.0097 0.0152 0.9449 0.0045 
     H7485.3  2 0.0063 0.0053 0.0084 0.0051 0.0053 0.0061 0.9585 0.0050 
     H7485.4  2 0.0083 0.0079 0.0051 0.0044 0.0155 0.0229 0.9312 0.0047 
     H7485.5  2 0.0078 0.0124 0.0097 0.0088 0.0140 0.0101 0.9283 0.0088 
     H7485.6  2 0.0090 0.0157 0.0082 0.0075 0.0136 0.0101 0.9280 0.0078 
     H7485.7  2 0.0057 0.0093 0.0090 0.0091 0.0099 0.0078 0.9426 0.0065 
     H7496.1  2 0.8067 0.0372 0.0127 0.0170 0.0126 0.0247 0.0052 0.0838 
    H7496.10  2 0.9069 0.0199 0.0155 0.0081 0.0150 0.0143 0.0046 0.0156 
    H7496.11  2 0.0541 0.0751 0.0281 0.0440 0.0085 0.0511 0.7198 0.0192 
     H7496.2  2 0.8310 0.0293 0.0165 0.0222 0.0304 0.0412 0.0062 0.0232 
     H7496.3  2 0.2261 0.5187 0.0252 0.0312 0.0707 0.0379 0.0079 0.0824 
     H7496.4  2 0.8855 0.0146 0.0188 0.0122 0.0121 0.0285 0.0078 0.0206 
     H7496.5  2 0.8478 0.0178 0.0294 0.0394 0.0131 0.0143 0.0078 0.0304 
     H7496.6  2 0.8024 0.0263 0.0144 0.0370 0.0110 0.0196 0.0052 0.0841 
     H7496.7  2 0.8980 0.0229 0.0078 0.0081 0.0174 0.0228 0.0064 0.0167 
     H7496.8  2 0.4128 0.0842 0.0282 0.0133 0.0594 0.0927 0.0141 0.2953 
        UNK4  2 0.1779 0.0251 0.0295 0.0096 0.0296 0.1416 0.0661 0.5207 
        UNK5  2 0.7865 0.0432 0.0373 0.0074 0.0284 0.0299 0.0536 0.0137 
        UNK6  2 0.3819 0.0304 0.0221 0.0124 0.0192 0.1444 0.0380 0.3517 
        UNK7  2 0.7803 0.0166 0.0260 0.0060 0.0161 0.0189 0.1280 0.0080 
        UNK8  2 0.6485 0.0202 0.0107 0.0053 0.0435 0.0243 0.2106 0.0368 
        UNK9  2 0.3086 0.1535 0.0099 0.0102 0.0150 0.2636 0.1785 0.0607 
      H009.1  4 0.0115 0.0078 0.0111 0.0310 0.8358 0.0102 0.0080 0.0845 
      H009.2  4 0.0106 0.0106 0.0092 0.1143 0.6743 0.0338 0.0066 0.1406 
      H009.3  4 0.0097 0.0099 0.0090 0.0323 0.8186 0.0116 0.0057 0.1032 
      H009.4  4 0.0123 0.0113 0.0150 0.1743 0.6232 0.0282 0.0113 0.1244 
      H009.5  4 0.0068 0.0117 0.0059 0.0255 0.7240 0.0322 0.0315 0.1623 
      H009.6  4 0.0090 0.0114 0.0357 0.0366 0.8343 0.0086 0.0071 0.0573 
      H046.4  4 0.0385 0.3120 0.0276 0.2180 0.0910 0.0254 0.0242 0.2634 
      H046.8  4 0.0414 0.1036 0.3380 0.1369 0.1650 0.0393 0.0286 0.1472 
 H076.1_2002  4 0.0210 0.0076 0.9174 0.0166 0.0112 0.0117 0.0088 0.0056 
 H076.1_2003  4 0.0069 0.0056 0.9584 0.0072 0.0058 0.0049 0.0062 0.0049 
 H076.1_2004  4 0.0063 0.0078 0.9470 0.0084 0.0078 0.0075 0.0073 0.0080 
 H076.2_2002  4 0.0215 0.0065 0.9193 0.0157 0.0096 0.0134 0.0090 0.0051 
 H076.2_2003  4 0.0069 0.0055 0.9460 0.0084 0.0082 0.0085 0.0094 0.0072 
 H076.2_2004  4 0.0322 0.0158 0.5359 0.3279 0.0264 0.0153 0.0119 0.0347 
 H076.3_2002  4 0.0130 0.0256 0.0713 0.4856 0.0391 0.0235 0.0087 0.3333 
 H076.3_2003  4 0.0077 0.0063 0.9396 0.0089 0.0073 0.0096 0.0145 0.0062 
 H076.3_2004  4 0.0081 0.0107 0.9370 0.0084 0.0078 0.0065 0.0082 0.0133 
 H076.4_2002  4 0.0186 0.0171 0.6427 0.0843 0.1019 0.0317 0.0145 0.0891 
 H076.4_2003  4 0.0101 0.0073 0.8933 0.0383 0.0146 0.0119 0.0102 0.0143 
 H076.4_2004  4 0.0522 0.0158 0.2353 0.4719 0.0871 0.0360 0.0118 0.0900 
 H076.5_2002  4 0.0227 0.0133 0.8942 0.0187 0.0161 0.0141 0.0080 0.0128 
 H076.5_2003  4 0.0131 0.0069 0.8981 0.0126 0.0135 0.0129 0.0350 0.0079 
 H076.5_2004  4 0.0431 0.0203 0.8050 0.0249 0.0588 0.0109 0.0100 0.0271 
 H076.6_2002  4 0.0112 0.0145 0.8808 0.0117 0.0359 0.0229 0.0090 0.0140 
 H076.6_2003  4 0.0098 0.0064 0.9324 0.0112 0.0108 0.0079 0.0127 0.0088 
 H076.6_2004  4 0.0120 0.0076 0.8984 0.0222 0.0192 0.0087 0.0100 0.0219 
 H076.7_2002  4 0.0471 0.0349 0.0693 0.3013 0.1777 0.1400 0.0154 0.2143 
 H076.7_2003  4 0.0305 0.0124 0.7810 0.1113 0.0106 0.0160 0.0179 0.0202 
 H076.7_2004  4 0.0177 0.0164 0.7358 0.1330 0.0401 0.0202 0.0143 0.0224 
      H477.1  4 0.0412 0.0069 0.0114 0.0409 0.0084 0.3174 0.0126 0.5613 
      H477.2  4 0.0724 0.0145 0.0168 0.1852 0.0180 0.3306 0.0089 0.3535 
      H477.3  4 0.0317 0.0468 0.0105 0.0907 0.0156 0.4719 0.0253 0.3074 
      H477.4  4 0.0240 0.0136 0.0097 0.0570 0.0160 0.7476 0.0369 0.0952 
      H477.5  4 0.0939 0.0198 0.0247 0.1893 0.0530 0.4946 0.0375 0.0872 
      H477.6  4 0.0470 0.0271 0.0109 0.2079 0.0161 0.3974 0.0411 0.2524 
      H477.7  4 0.0205 0.0075 0.0160 0.0164 0.0095 0.8636 0.0221 0.0443 
 H479.1_2005  4 0.3109 0.4094 0.0076 0.0738 0.0479 0.1269 0.0072 0.0163 
 H479.1_2006  4 0.0196 0.1219 0.1983 0.5309 0.0213 0.0203 0.0720 0.0157 
     H479.10  4 0.0253 0.5709 0.0824 0.1199 0.0216 0.1540 0.0115 0.0145 
 H479.2_2005  4 0.1079 0.4777 0.0592 0.0259 0.1994 0.0242 0.0216 0.0842 
 H479.2_2006  4 0.0704 0.1354 0.0078 0.7038 0.0131 0.0207 0.0255 0.0232 
 H479.3_2005  4 0.2447 0.2096 0.0306 0.1709 0.0123 0.2652 0.0062 0.0605 
 H479.3_2006  4 0.2305 0.0677 0.0325 0.4465 0.0185 0.1664 0.0063 0.0316 
 H479.4_2005  4 0.0441 0.0643 0.0312 0.1784 0.0211 0.6258 0.0116 0.0233 
 H479.4_2006  4 0.1216 0.4432 0.0181 0.2121 0.0195 0.1571 0.0060 0.0224 
 H479.5_2005  4 0.0366 0.6906 0.0592 0.0451 0.0363 0.0212 0.0126 0.0984 
 H479.5_2006  4 0.1176 0.1791 0.0103 0.5156 0.0134 0.1478 0.0067 0.0095 
 H479.6_2005  4 0.0844 0.0747 0.4924 0.1385 0.0175 0.1016 0.0330 0.0580 
 H479.6_2006  4 0.1173 0.6400 0.0121 0.0250 0.0124 0.1736 0.0110 0.0084 
 H479.7_2005  4 0.5953 0.0807 0.0449 0.0471 0.0264 0.1310 0.0205 0.0540 
 H479.7_2006  4 0.2046 0.1162 0.0205 0.1994 0.0187 0.4108 0.0194 0.0104 
 H479.8_2005  4 0.7958 0.0775 0.0154 0.0272 0.0085 0.0421 0.0088 0.0247 
 H479.8_2006  4 0.0072 0.1417 0.2992 0.4203 0.0136 0.0710 0.0333 0.0137 
      H479.9  4 0.0100 0.0365 0.0509 0.8614 0.0085 0.0181 0.0051 0.0095 
      H516.1  4 0.0135 0.0188 0.0447 0.5736 0.2437 0.0317 0.0166 0.0574 
      H516.2  4 0.0081 0.0117 0.0088 0.9032 0.0235 0.0257 0.0084 0.0105 
      H516.3  4 0.0060 0.0112 0.0157 0.8274 0.0445 0.0390 0.0062 0.0501 
      H516.4  4 0.0082 0.0155 0.0114 0.8748 0.0209 0.0349 0.0081 0.0262 
      H516.5  4 0.0104 0.0108 0.0158 0.8416 0.0639 0.0122 0.0295 0.0159 
      H516.6  4 0.0052 0.0083 0.0066 0.9417 0.0089 0.0114 0.0083 0.0095 
      H516.7  4 0.0095 0.0180 0.0180 0.8277 0.0098 0.0347 0.0062 0.0761 
      H516.8  4 0.0099 0.0109 0.0150 0.8025 0.1045 0.0240 0.0104 0.0229 
      H516.9  4 0.0078 0.0155 0.0127 0.8878 0.0180 0.0367 0.0055 0.0161 
      H646.1  4 0.0165 0.0099 0.0640 0.4928 0.1131 0.0129 0.0042 0.2866 
      H646.2  4 0.0232 0.0059 0.1582 0.5606 0.1741 0.0345 0.0046 0.0390 
      H646.3  4 0.0095 0.0143 0.0268 0.5576 0.2570 0.0358 0.0055 0.0935 
      H646.4  4 0.0419 0.0109 0.2564 0.5059 0.0662 0.0471 0.0105 0.0611 
      H646.5  4 0.0120 0.0161 0.0300 0.8187 0.0877 0.0158 0.0054 0.0142 
      H658.1  4 0.0061 0.0079 0.0221 0.8721 0.0259 0.0080 0.0448 0.0130 
     H658.10  4 0.0094 0.0058 0.0063 0.9455 0.0077 0.0120 0.0063 0.0070 
      H658.2  4 0.0067 0.0104 0.0260 0.8689 0.0182 0.0128 0.0364 0.0206 
      H658.3  4 0.0170 0.0176 0.0138 0.8946 0.0147 0.0158 0.0160 0.0105 
      H658.4  4 0.0127 0.0154 0.0134 0.8905 0.0213 0.0288 0.0062 0.0116 
      H658.5  4 0.0081 0.0074 0.0059 0.9476 0.0068 0.0103 0.0039 0.0100 
      H658.6  4 0.0067 0.0120 0.0126 0.8567 0.0222 0.0109 0.0098 0.0692 
      H658.7  4 0.0077 0.0144 0.0406 0.8416 0.0278 0.0212 0.0152 0.0314 
      H658.8  4 0.0100 0.0094 0.0830 0.7814 0.0510 0.0112 0.0319 0.0221 
      H658.9  4 0.0079 0.0171 0.0282 0.8793 0.0175 0.0161 0.0120 0.0218 
      H682.1  4 0.0587 0.3734 0.0924 0.0581 0.0573 0.1023 0.0078 0.2502 
      H682.6  4 0.0749 0.2185 0.0704 0.2021 0.2339 0.0390 0.0165 0.1447 
      H720.1  4 0.2009 0.0457 0.1458 0.1751 0.0261 0.3429 0.0076 0.0559 
      H720.2  4 0.2008 0.0250 0.0775 0.2905 0.0438 0.3228 0.0075 0.0321 
      H720.3  4 0.0171 0.0542 0.1770 0.0251 0.0145 0.6019 0.0066 0.1036 
      H720.4  4 0.0226 0.0720 0.0415 0.3195 0.0160 0.2815 0.0156 0.2314 
      H720.5  4 0.0189 0.0679 0.0967 0.0285 0.0224 0.6884 0.0244 0.0527 
      H720.6  4 0.0171 0.0616 0.0991 0.0238 0.0190 0.7103 0.0286 0.0405 
      H720.7  4 0.1160 0.0214 0.0138 0.0545 0.0276 0.7309 0.0066 0.0292 
      H720.8  4 0.0596 0.1824 0.1933 0.0313 0.0460 0.4101 0.0072 0.0701 
      H720.9  4 0.0243 0.5350 0.0522 0.0960 0.0663 0.0461 0.0078 0.1723 
      H724.1  4 0.0147 0.0243 0.8305 0.0124 0.0270 0.0223 0.0142 0.0545 
      H724.2  4 0.0486 0.0365 0.7507 0.0264 0.0362 0.0355 0.0347 0.0315 
      H724.3  4 0.2273 0.1233 0.0825 0.4717 0.0201 0.0552 0.0073 0.0127 
      H724.4  4 0.0161 0.0424 0.8131 0.0483 0.0289 0.0187 0.0087 0.0238 
      H724.5  4 0.1128 0.3006 0.0757 0.3972 0.0391 0.0300 0.0064 0.0382 
      H724.6  4 0.0137 0.0154 0.8994 0.0134 0.0148 0.0212 0.0126 0.0095 
      H725.1  4 0.0256 0.5407 0.0445 0.0915 0.0737 0.0529 0.0091 0.1620 
      H725.2  4 0.0982 0.0371 0.0136 0.0708 0.3197 0.0244 0.0102 0.4260 
      H725.3  4 0.0348 0.0774 0.0245 0.2327 0.2414 0.0935 0.0239 0.2717 
      H725.4  4 0.1033 0.3199 0.0573 0.0354 0.1609 0.0449 0.0827 0.1956 
      H725.5  4 0.1993 0.0132 0.0225 0.0712 0.0074 0.0345 0.0079 0.6440 
      H725.6  4 0.0200 0.0284 0.1314 0.5735 0.0178 0.0285 0.0270 0.1734 
      H725.7  4 0.0204 0.4331 0.0666 0.2223 0.0451 0.0311 0.0108 0.1706 
      H725.8  4 0.0127 0.0623 0.2024 0.1904 0.0224 0.0712 0.1113 0.3273 
      H726.1  4 0.0093 0.0050 0.0112 0.9372 0.0131 0.0075 0.0081 0.0087 
      H726.2  4 0.0320 0.0135 0.0143 0.8705 0.0134 0.0148 0.0096 0.0319 
      H726.3  4 0.0238 0.0135 0.0350 0.7880 0.0588 0.0103 0.0399 0.0306 
      H726.4  4 0.0064 0.0086 0.0070 0.9439 0.0070 0.0089 0.0094 0.0088 
      H726.5  4 0.0078 0.0115 0.0177 0.9120 0.0177 0.0086 0.0070 0.0176 
        UNK1  4 0.2036 0.0297 0.0180 0.2159 0.2357 0.1171 0.0108 0.1691 
        UNK2  4 0.0154 0.3657 0.0248 0.2486 0.1463 0.0167 0.0207 0.1619 
        UNK3  4 0.2511 0.0429 0.0150 0.2817 0.1553 0.0910 0.0109 0.1522 
      H016.1  5 0.0906 0.1473 0.2112 0.0838 0.0405 0.1135 0.2934 0.0199 
      H016.2  5 0.0279 0.6998 0.0326 0.0173 0.0402 0.0808 0.0893 0.0121 
      H016.3  5 0.0196 0.0178 0.6320 0.1509 0.0336 0.0621 0.0381 0.0458 
      H016.4  5 0.0387 0.5959 0.0271 0.0117 0.0219 0.2337 0.0609 0.0102 
 H017.1_2002  5 0.0229 0.0064 0.0313 0.1154 0.7769 0.0167 0.0117 0.0187 
 H017.1_2003  5 0.0197 0.0092 0.0151 0.1345 0.0264 0.6796 0.0718 0.0436 
 H017.2_2002  5 0.0268 0.0225 0.4531 0.0445 0.4151 0.0140 0.0101 0.0140 
 H017.2_2003  5 0.0068 0.0103 0.0100 0.9174 0.0181 0.0239 0.0047 0.0089 
 H017.3_2002  5 0.0161 0.0109 0.0176 0.0304 0.6269 0.1165 0.1533 0.0284 
 H017.3_2003  5 0.0240 0.0074 0.0500 0.0284 0.6694 0.0395 0.0200 0.1614 
 H017.4_2002  5 0.0144 0.0148 0.0240 0.0095 0.8814 0.0177 0.0211 0.0171 
 H017.4_2003  5 0.0055 0.0105 0.0133 0.7317 0.1304 0.0803 0.0168 0.0116 
 H017.5_2002  5 0.0067 0.0099 0.0273 0.0420 0.4165 0.0353 0.4480 0.0143 
 H017.5_2003  5 0.0090 0.0106 0.0107 0.6447 0.2205 0.0237 0.0490 0.0317 
 H017.6_2002  5 0.0226 0.0077 0.0539 0.0101 0.8281 0.0111 0.0388 0.0276 
 H017.6_2003  5 0.0136 0.0085 0.0302 0.7989 0.0937 0.0091 0.0061 0.0399 
 H017.7_2002  5 0.0265 0.0192 0.0480 0.0133 0.7003 0.0688 0.0833 0.0406 
 H017.7_2003  5 0.0056 0.0075 0.0050 0.8624 0.0418 0.0245 0.0304 0.0228 
      H017.8  5 0.0094 0.0117 0.0357 0.0665 0.7743 0.0276 0.0639 0.0109 
      H017.9  5 0.0383 0.0140 0.0295 0.0281 0.5528 0.0177 0.3021 0.0175 
      H032.1  5 0.0110 0.0083 0.0157 0.7982 0.0090 0.1351 0.0108 0.0120 
      H032.2  5 0.0080 0.0078 0.0081 0.8055 0.0064 0.1424 0.0151 0.0069 
      H032.3  5 0.0113 0.0102 0.0079 0.9292 0.0076 0.0164 0.0099 0.0076 
      H032.4  5 0.0056 0.0086 0.0081 0.9342 0.0106 0.0132 0.0115 0.0083 
      H032.5  5 0.0076 0.0126 0.0119 0.9256 0.0084 0.0160 0.0086 0.0093 
      H032.6  5 0.0071 0.0112 0.0116 0.9343 0.0091 0.0095 0.0089 0.0083 
      H032.7  5 0.0277 0.0111 0.0354 0.3465 0.0244 0.4697 0.0089 0.0764 
 H034.1_2002  5 0.0077 0.0246 0.0347 0.0220 0.8457 0.0129 0.0092 0.0431 
 H034.1_2003  5 0.0118 0.0099 0.0360 0.0166 0.8009 0.0276 0.0057 0.0916 
 H034.2_2002  5 0.0101 0.0353 0.0254 0.0276 0.8299 0.0191 0.0374 0.0152 
 H034.2_2003  5 0.0138 0.0095 0.0661 0.0129 0.5034 0.0302 0.0059 0.3582 
 H034.3_2002  5 0.0089 0.0200 0.0150 0.0124 0.8720 0.0195 0.0333 0.0189 
 H034.3_2003  5 0.0162 0.0087 0.0221 0.0357 0.6940 0.0119 0.0061 0.2053 
 H034.4_2002  5 0.0133 0.0251 0.2628 0.0086 0.6411 0.0211 0.0095 0.0185 
 H034.4_2003  5 0.0101 0.0075 0.0289 0.0600 0.8552 0.0164 0.0066 0.0152 
 H034.5_2002  5 0.0060 0.0089 0.0170 0.0174 0.8607 0.0279 0.0361 0.0260 
 H034.5_2003  5 0.0174 0.0111 0.0319 0.0745 0.7311 0.0329 0.0317 0.0694 
 H034.6_2002  5 0.0095 0.0169 0.0297 0.0167 0.8496 0.0158 0.0450 0.0169 
 H034.6_2003  5 0.0128 0.0070 0.0172 0.0627 0.8597 0.0181 0.0111 0.0114 
 H034.7_2002  5 0.0088 0.0075 0.0123 0.0215 0.9175 0.0108 0.0060 0.0154 
 H034.7_2003  5 0.0120 0.0063 0.0097 0.1334 0.7703 0.0338 0.0237 0.0107 
 H034.8_2002  5 0.0106 0.0156 0.0311 0.0253 0.8804 0.0108 0.0134 0.0129 
 H034.8_2003  5 0.0073 0.0061 0.0261 0.0366 0.8533 0.0128 0.0353 0.0224 
      H034.9  5 0.0235 0.0481 0.0222 0.0306 0.7963 0.0284 0.0293 0.0216 
      H048.1  5 0.0294 0.0292 0.0152 0.6177 0.0147 0.2645 0.0086 0.0206 
      H048.2  5 0.2000 0.1680 0.0374 0.3501 0.0320 0.1764 0.0130 0.0231 
      H048.3  5 0.1612 0.0192 0.2986 0.2698 0.0122 0.2104 0.0099 0.0187 
      H048.4  5 0.0849 0.1499 0.1772 0.3407 0.0193 0.1979 0.0171 0.0130 
      H048.5  5 0.0367 0.1292 0.0175 0.3683 0.0153 0.3879 0.0064 0.0387 
      H048.6  5 0.0652 0.1789 0.2161 0.2932 0.0206 0.2028 0.0096 0.0137 
      H048.7  5 0.0132 0.1689 0.0232 0.5885 0.0112 0.1275 0.0241 0.0434 
      H048.8  5 0.0138 0.1260 0.1390 0.4413 0.0392 0.1989 0.0219 0.0200 
      H060.1  5 0.0097 0.0116 0.0080 0.0062 0.9240 0.0141 0.0188 0.0077 
     H060.10  5 0.0077 0.0043 0.0073 0.0084 0.9494 0.0084 0.0064 0.0081 
      H060.2  5 0.0108 0.0096 0.0090 0.0106 0.9237 0.0133 0.0097 0.0133 
      H060.3  5 0.0048 0.0054 0.0067 0.0062 0.9534 0.0073 0.0082 0.0081 
      H060.4  5 0.0135 0.0070 0.0100 0.0102 0.9199 0.0146 0.0149 0.0099 
      H060.5  5 0.0071 0.0085 0.0114 0.0050 0.9225 0.0190 0.0142 0.0123 
      H060.6  5 0.0051 0.0083 0.0106 0.0049 0.9355 0.0087 0.0155 0.0114 
      H060.7  5 0.0137 0.0113 0.0126 0.0102 0.9134 0.0119 0.0099 0.0171 
      H060.8  5 0.0123 0.0127 0.0217 0.0231 0.8665 0.0131 0.0185 0.0322 
      H060.9  5 0.0080 0.0107 0.0158 0.0170 0.8635 0.0114 0.0436 0.0300 
 H070.1_2002  5 0.1041 0.0267 0.0552 0.0112 0.6946 0.0534 0.0202 0.0345 
 H070.1_2003  5 0.0086 0.0246 0.0155 0.0324 0.8781 0.0107 0.0151 0.0149 
 H070.1_2004  5 0.0093 0.0095 0.3475 0.0123 0.5360 0.0140 0.0093 0.0620 
 H070.2_2002  5 0.3436 0.0196 0.1205 0.0385 0.3312 0.0209 0.0364 0.0892 
 H070.2_2003  5 0.0179 0.0255 0.0805 0.0301 0.6399 0.0214 0.0169 0.1678 
 H070.2_2004  5 0.0069 0.0092 0.1480 0.0274 0.7313 0.0081 0.0097 0.0593 
 H070.3_2002  5 0.0217 0.0237 0.0347 0.0233 0.8477 0.0296 0.0113 0.0080 
 H070.3_2003  5 0.0086 0.0069 0.0096 0.0435 0.8984 0.0167 0.0074 0.0089 
 H070.3_2004  5 0.0086 0.0136 0.0376 0.0147 0.8500 0.0074 0.0213 0.0468 
 H070.4_2002  5 0.0279 0.0180 0.0353 0.0404 0.7752 0.0151 0.0111 0.0769 
 H070.4_2003  5 0.0138 0.0159 0.0193 0.0699 0.8056 0.0298 0.0232 0.0224 
 H070.4_2004  5 0.0264 0.0405 0.0526 0.0247 0.7949 0.0132 0.0084 0.0394 
 H070.5_2002  5 0.0191 0.0845 0.0153 0.0125 0.8106 0.0158 0.0297 0.0125 
 H070.5_2003  5 0.0078 0.0137 0.0154 0.0295 0.9006 0.0094 0.0116 0.0121 
 H070.5_2004  5 0.0098 0.0257 0.5262 0.0242 0.2538 0.0113 0.0135 0.1354 
 H070.6_2002  5 0.0333 0.0265 0.0134 0.0224 0.8476 0.0217 0.0159 0.0192 
 H070.6_2003  5 0.0130 0.0079 0.0245 0.0259 0.8661 0.0104 0.0054 0.0467 
 H070.6_2004  5 0.0148 0.0430 0.1082 0.0312 0.2233 0.0131 0.0093 0.5572 
      H077.1  5 0.0076 0.0277 0.0582 0.0666 0.7516 0.0126 0.0147 0.0609 
      H077.2  5 0.0087 0.1395 0.0316 0.6420 0.0611 0.0199 0.0593 0.0379 
      H077.3  5 0.0195 0.0417 0.1265 0.2342 0.3580 0.0414 0.0229 0.1558 
      H077.4  5 0.0219 0.0159 0.0268 0.1681 0.6027 0.0237 0.0333 0.1078 
      H077.5  5 0.0179 0.0408 0.0874 0.4453 0.0823 0.1660 0.1428 0.0176 
      H077.6  5 0.0104 0.0159 0.0145 0.3378 0.5437 0.0196 0.0442 0.0139 
      H097.1  5 0.0307 0.1054 0.0602 0.0558 0.6171 0.0490 0.0160 0.0658 
      H097.2  5 0.6105 0.0336 0.0502 0.0371 0.0988 0.0805 0.0259 0.0634 
      H097.3  5 0.0504 0.0304 0.0787 0.2972 0.4628 0.0461 0.0178 0.0166 
      H097.4  5 0.1384 0.0426 0.0239 0.1489 0.5858 0.0203 0.0061 0.0341 
      H097.5  5 0.0298 0.0186 0.0126 0.2123 0.6701 0.0179 0.0056 0.0332 
      H097.6  5 0.6790 0.0395 0.0318 0.0448 0.1216 0.0509 0.0133 0.0192 
      H097.7  5 0.1267 0.0414 0.0280 0.0795 0.6791 0.0218 0.0094 0.0141 
      H124.1  5 0.0196 0.7074 0.0296 0.1147 0.0633 0.0162 0.0171 0.0321 
      H124.2  5 0.0288 0.3457 0.0153 0.1175 0.0792 0.1780 0.1714 0.0641 
      H124.3  5 0.0105 0.7638 0.0103 0.0486 0.0158 0.0367 0.1004 0.0137 
      H124.4  5 0.0167 0.3197 0.0152 0.0996 0.1454 0.0356 0.1499 0.2179 
      H124.5  5 0.0351 0.5787 0.0529 0.0540 0.0570 0.0756 0.1263 0.0204 
      H132.1  5 0.0237 0.1905 0.5926 0.0270 0.1026 0.0165 0.0142 0.0328 
      H132.2  5 0.0082 0.0681 0.8105 0.0245 0.0125 0.0379 0.0080 0.0302 
      H132.3  5 0.0148 0.0619 0.5501 0.0310 0.2571 0.0212 0.0475 0.0164 
      H132.4  5 0.0201 0.2544 0.6000 0.0338 0.0512 0.0164 0.0057 0.0182 
      H132.5  5 0.0155 0.0123 0.9050 0.0155 0.0106 0.0116 0.0204 0.0091 
      H132.6  5 0.0117 0.0373 0.8758 0.0115 0.0122 0.0176 0.0179 0.0160 
      H132.7  5 0.0483 0.5462 0.1079 0.0529 0.0467 0.0401 0.0189 0.1391 
      H155.1  5 0.0079 0.9168 0.0148 0.0102 0.0070 0.0076 0.0266 0.0092 
      H155.2  5 0.0126 0.8689 0.0291 0.0169 0.0174 0.0321 0.0105 0.0124 
      H155.3  5 0.0367 0.8954 0.0102 0.0194 0.0113 0.0133 0.0061 0.0075 
      H155.4  5 0.0075 0.9402 0.0099 0.0062 0.0073 0.0111 0.0104 0.0074 
      H155.5  5 0.0080 0.9017 0.0238 0.0107 0.0073 0.0289 0.0103 0.0094 
      H155.6  5 0.0621 0.7834 0.0220 0.0171 0.0105 0.0365 0.0580 0.0105 
      H155.7  5 0.0072 0.9164 0.0149 0.0123 0.0092 0.0082 0.0176 0.0141 
      H155.8  5 0.0262 0.8809 0.0178 0.0095 0.0150 0.0135 0.0283 0.0088 
      H155.9  5 0.0180 0.8712 0.0161 0.0142 0.0136 0.0422 0.0107 0.0141 
      H169.1  5 0.0216 0.0089 0.0273 0.2996 0.4115 0.1104 0.0201 0.1005 
      H169.2  5 0.0100 0.0054 0.0061 0.0187 0.9086 0.0187 0.0191 0.0133 
      H169.3  5 0.0451 0.0083 0.0419 0.2638 0.3030 0.0543 0.0084 0.2753 
      H169.4  5 0.0143 0.0081 0.0199 0.0266 0.8670 0.0354 0.0134 0.0152 
      H169.5  5 0.0133 0.0117 0.0231 0.1135 0.4704 0.0449 0.0457 0.2773 
      H169.6  5 0.0178 0.0084 0.0100 0.0287 0.6404 0.2144 0.0353 0.0450 
      H457.1  5 0.0937 0.0762 0.0355 0.0325 0.0313 0.0260 0.0132 0.6916 
      H457.2  5 0.0349 0.0462 0.0093 0.0151 0.0203 0.0312 0.0057 0.8373 
      H457.3  5 0.1786 0.0096 0.0123 0.0172 0.1597 0.0292 0.0079 0.5855 
      H457.4  5 0.0224 0.0134 0.0136 0.0097 0.0135 0.0199 0.0096 0.8979 
      H457.5  5 0.0205 0.0498 0.0094 0.0549 0.0154 0.0562 0.0126 0.7812 
      H457.6  5 0.0273 0.0562 0.0106 0.0511 0.0244 0.0319 0.0094 0.7892 
      H457.7  5 0.0299 0.0180 0.0113 0.0196 0.0778 0.0067 0.0159 0.8210 
      H457.8  5 0.0341 0.0403 0.0083 0.0776 0.0157 0.0478 0.0093 0.7669 
      H462.1  5 0.0552 0.0424 0.1000 0.0364 0.6137 0.1275 0.0141 0.0106 
      H462.2  5 0.0342 0.1072 0.1199 0.0334 0.6512 0.0284 0.0097 0.0160 
      H462.3  5 0.0979 0.0873 0.0354 0.0380 0.3249 0.3731 0.0178 0.0256 
      H462.4  5 0.0218 0.1150 0.1067 0.1225 0.4523 0.0377 0.0462 0.0979 
      H462.5  5 0.0411 0.1488 0.2088 0.1285 0.3835 0.0429 0.0329 0.0135 
      H462.6  5 0.0288 0.2089 0.0387 0.2263 0.3893 0.0489 0.0227 0.0364 
      H462.7  5 0.1494 0.0763 0.0226 0.0434 0.2548 0.4243 0.0083 0.0209 
      H462.8  5 0.0081 0.0182 0.0277 0.0552 0.8339 0.0098 0.0092 0.0380 
      H462.9  5 0.0226 0.0967 0.0303 0.0576 0.3648 0.3692 0.0132 0.0455 
      H481.1  5 0.0087 0.0090 0.0744 0.0327 0.1627 0.0107 0.0071 0.6949 
      H481.2  5 0.0153 0.0450 0.2626 0.0349 0.5273 0.0507 0.0138 0.0503 
      H481.3  5 0.0148 0.0646 0.1458 0.3046 0.2707 0.0093 0.0867 0.1033 
      H481.4  5 0.0138 0.0336 0.0854 0.0225 0.7894 0.0287 0.0136 0.0130 
      H481.5  5 0.0108 0.0412 0.2569 0.0544 0.0700 0.0067 0.0184 0.5416 
      H481.6  5 0.0718 0.0577 0.0195 0.0688 0.5378 0.0071 0.0086 0.2287 
      H481.7  5 0.0756 0.0562 0.0766 0.0928 0.5986 0.0110 0.0173 0.0718 
      H481.8  5 0.0232 0.0149 0.0239 0.0392 0.4479 0.0098 0.0043 0.4368 
      H509.1  5 0.0124 0.0133 0.0256 0.0198 0.0339 0.7710 0.0085 0.1154 
      H509.2  5 0.0682 0.0284 0.0334 0.1850 0.0324 0.5180 0.0042 0.1303 
      H509.3  5 0.1113 0.0265 0.0172 0.4010 0.0276 0.2270 0.0047 0.1846 
      H509.4  5 0.0579 0.0364 0.0446 0.1026 0.0162 0.3412 0.0070 0.3941 
      H509.5  5 0.0166 0.4569 0.0122 0.1141 0.0324 0.2994 0.0062 0.0622 
      H509.6  5 0.0167 0.0501 0.0214 0.0203 0.0200 0.6670 0.0082 0.1962 
      H509.7  5 0.0456 0.0414 0.0204 0.0500 0.0088 0.1182 0.0064 0.7092 
      H567.1  5 0.1410 0.0112 0.0119 0.1889 0.0322 0.5912 0.0063 0.0173 
      H567.2  5 0.0695 0.5224 0.0616 0.1453 0.0722 0.0823 0.0061 0.0405 
      H567.3  5 0.0667 0.1330 0.1901 0.2706 0.0472 0.1966 0.0069 0.0891 
      H567.4  5 0.6738 0.0171 0.0207 0.0437 0.0360 0.0579 0.0183 0.1325 
      H567.5  5 0.3699 0.0123 0.0146 0.2241 0.0367 0.3082 0.0089 0.0253 
      H567.6  5 0.2871 0.0073 0.0133 0.2168 0.0385 0.4064 0.0161 0.0145 
      H567.7  5 0.4088 0.1891 0.0313 0.1723 0.0694 0.0951 0.0118 0.0223 
      H567.8  5 0.2763 0.0161 0.0281 0.1802 0.0194 0.4504 0.0129 0.0166 
      H608.1  5 0.0759 0.3236 0.1263 0.1380 0.1384 0.0942 0.0264 0.0771 
      H608.2  5 0.0249 0.4852 0.0606 0.1564 0.1278 0.0614 0.0262 0.0574 
      H608.3  5 0.0225 0.4434 0.0475 0.1243 0.0564 0.0827 0.0373 0.1858 
      H608.4  5 0.0445 0.0216 0.0090 0.8515 0.0420 0.0114 0.0091 0.0109 
      H608.5  5 0.0408 0.1669 0.0153 0.2408 0.2925 0.1464 0.0284 0.0688 
      H608.6  5 0.0226 0.0752 0.0252 0.3553 0.3305 0.0903 0.0754 0.0255 
      H608.7  5 0.0708 0.0828 0.0496 0.5624 0.0355 0.0890 0.0163 0.0936 
      H608.8  5 0.0702 0.1078 0.0279 0.3505 0.2416 0.1338 0.0412 0.0270 
      H615.1  5 0.0080 0.0090 0.0160 0.0126 0.8468 0.0258 0.0720 0.0098 
      H615.2  5 0.0101 0.0204 0.0137 0.0395 0.7913 0.0701 0.0280 0.0268 
      H615.3  5 0.0170 0.0103 0.0129 0.0233 0.8890 0.0144 0.0048 0.0283 
      H615.4  5 0.0179 0.0281 0.0123 0.0534 0.6915 0.1030 0.0058 0.0880 
      H615.5  5 0.0082 0.0074 0.0237 0.0108 0.9067 0.0161 0.0119 0.0152 
      H615.6  5 0.0060 0.0069 0.0082 0.0070 0.9448 0.0123 0.0047 0.0100 
      H635.1  5 0.0146 0.0441 0.1316 0.0296 0.0764 0.0336 0.0070 0.6632 
      H635.2  5 0.2515 0.0421 0.0690 0.3281 0.0842 0.0305 0.0434 0.1512 
      H635.3  5 0.0345 0.3409 0.3879 0.0604 0.0167 0.0424 0.0079 0.1094 
      H635.4  5 0.0134 0.3025 0.0604 0.0235 0.0243 0.0382 0.0147 0.5231 
      H635.5  5 0.0564 0.1331 0.3920 0.1750 0.0725 0.0455 0.0107 0.1147 
      H635.6  5 0.0216 0.0294 0.3710 0.0749 0.0770 0.0272 0.0219 0.3770 
      H635.7  5 0.0260 0.1444 0.2932 0.0839 0.0409 0.1102 0.0107 0.2907 
      H635.8  5 0.0466 0.1596 0.0152 0.0168 0.1244 0.0352 0.0131 0.5890 
      H635.9  5 0.0451 0.0496 0.1168 0.3333 0.0249 0.0192 0.0144 0.3966 
      H728.1  5 0.0099 0.0281 0.0211 0.6882 0.0099 0.1045 0.1225 0.0158 
      H728.2  5 0.0365 0.0669 0.1087 0.2558 0.0329 0.4090 0.0542 0.0360 
      H728.3  5 0.0096 0.0083 0.0079 0.0310 0.0092 0.9063 0.0165 0.0112 
      H728.4  5 0.0086 0.0088 0.0074 0.0138 0.0091 0.9183 0.0225 0.0114 
      H728.5  5 0.0113 0.0109 0.0100 0.0196 0.0135 0.9075 0.0158 0.0116 
      H728.6  5 0.0081 0.0060 0.0091 0.0104 0.0130 0.9141 0.0316 0.0076 
      H728.7  5 0.1881 0.0835 0.0507 0.1164 0.1837 0.2256 0.0692 0.0828 
 H7395.1_200  5 0.0368 0.1387 0.1995 0.0243 0.0374 0.1109 0.0205 0.4320 
 H7395.1_200  5 0.0230 0.0180 0.0235 0.0743 0.0564 0.7294 0.0496 0.0259 
     H7395.2  5 0.0085 0.0061 0.0057 0.0108 0.0141 0.9084 0.0337 0.0126 
     H7395.3  5 0.0241 0.0304 0.0092 0.0182 0.0146 0.8702 0.0142 0.0190 
     H7395.4  5 0.0113 0.1215 0.0210 0.1543 0.0677 0.5520 0.0245 0.0477 
     H7395.5  5 0.0091 0.0180 0.0048 0.0070 0.0066 0.9325 0.0121 0.0098 
     H7395.6  5 0.0084 0.0450 0.0065 0.0316 0.0103 0.8697 0.0147 0.0139 
     H7395.7  5 0.0222 0.1447 0.0557 0.5180 0.0241 0.1620 0.0281 0.0451 
     H7395.8  5 0.0258 0.0312 0.1878 0.0680 0.0408 0.4283 0.1470 0.0711 
     H7395.9  5 0.0228 0.0772 0.0160 0.0218 0.0613 0.6831 0.0607 0.0572 
      H742.1  5 0.0087 0.2899 0.1005 0.5121 0.0224 0.0112 0.0087 0.0465 
      H742.2  5 0.0217 0.3521 0.1260 0.1100 0.0631 0.0290 0.0056 0.2925 
      H742.3  5 0.0152 0.0461 0.0251 0.7961 0.0372 0.0096 0.0348 0.0357 
      H958.1  5 0.0229 0.0071 0.0203 0.8853 0.0181 0.0121 0.0077 0.0265 
      H958.2  5 0.1944 0.0122 0.0185 0.7035 0.0209 0.0241 0.0067 0.0196 
      H958.3  5 0.2093 0.0184 0.0176 0.7094 0.0123 0.0163 0.0075 0.0091 
      H958.4  5 0.0181 0.0060 0.0201 0.8793 0.0337 0.0113 0.0063 0.0251 
      H958.5  5 0.2681 0.0123 0.0276 0.5918 0.0237 0.0408 0.0093 0.0266 
      H958.6  5 0.2813 0.0131 0.0130 0.5897 0.0332 0.0416 0.0076 0.0203 
      H958.7  5 0.1344 0.0186 0.0131 0.7337 0.0514 0.0114 0.0057 0.0317 
      H452.1 10 0.0085 0.0137 0.9113 0.0158 0.0138 0.0106 0.0075 0.0188 
     H452.10 10 0.0105 0.0069 0.9061 0.0126 0.0149 0.0295 0.0090 0.0104 
      H452.2 10 0.0295 0.0148 0.2054 0.0434 0.0104 0.3252 0.0097 0.3615 
      H452.3 10 0.0139 0.0053 0.9191 0.0091 0.0089 0.0276 0.0067 0.0093 
      H452.4 10 0.0063 0.0092 0.9406 0.0054 0.0112 0.0096 0.0064 0.0114 
      H452.5 10 0.0276 0.0141 0.7184 0.0249 0.0435 0.0841 0.0104 0.0770 
      H452.6 10 0.0189 0.0310 0.1827 0.4453 0.0249 0.1130 0.0208 0.1634 
      H452.7 10 0.0145 0.0093 0.6904 0.0561 0.0079 0.1547 0.0110 0.0561 
      H452.8 10 0.0247 0.0153 0.7142 0.0188 0.0293 0.1349 0.0070 0.0557 
      H452.9 10 0.0052 0.0132 0.9211 0.0070 0.0233 0.0125 0.0084 0.0093 
      H473.1 10 0.0421 0.0186 0.0163 0.3108 0.4651 0.0642 0.0060 0.0769 
      H473.2 10 0.4266 0.0361 0.0096 0.0139 0.3614 0.0802 0.0330 0.0391 
      H473.3 10 0.8343 0.0541 0.0098 0.0193 0.0379 0.0150 0.0152 0.0143 
      H473.4 10 0.3442 0.0524 0.0086 0.0094 0.5191 0.0315 0.0214 0.0134 
      H473.5 10 0.8334 0.0170 0.0072 0.0353 0.0236 0.0556 0.0169 0.0109 
      H473.6 10 0.6019 0.1967 0.0204 0.0182 0.0400 0.0895 0.0139 0.0194 
      H473.7 10 0.2782 0.0154 0.0061 0.0165 0.6098 0.0525 0.0083 0.0133 
      H473.8 10 0.3925 0.0222 0.0064 0.0115 0.4658 0.0378 0.0367 0.0272 
      H487.1 10 0.0065 0.0072 0.9031 0.0135 0.0200 0.0087 0.0069 0.0341 
      H487.2 10 0.0169 0.0146 0.7143 0.0150 0.0257 0.0166 0.0127 0.1843 
      H487.3 10 0.0089 0.0072 0.8846 0.0305 0.0185 0.0098 0.0076 0.0330 
      H487.4 10 0.0070 0.0100 0.4178 0.0393 0.1361 0.0878 0.0081 0.2938 
      H487.5 10 0.0103 0.0077 0.8947 0.0124 0.0240 0.0105 0.0052 0.0351 
      H703.1 10 0.0092 0.0379 0.0219 0.0082 0.0122 0.0544 0.0176 0.8386 
     H703.10 10 0.0054 0.0126 0.0083 0.0100 0.0172 0.0274 0.0101 0.9090 
      H703.2 10 0.0078 0.0175 0.0087 0.0098 0.0158 0.0109 0.0110 0.9184 
      H703.3 10 0.0074 0.0127 0.0137 0.0190 0.0318 0.1182 0.0117 0.7855 
      H703.4 10 0.0270 0.0136 0.0087 0.0117 0.0242 0.0104 0.0139 0.8905 
      H703.5 10 0.0799 0.0277 0.0091 0.0238 0.0738 0.0225 0.0056 0.7576 
      H703.6 10 0.0130 0.0198 0.0117 0.0875 0.0243 0.0695 0.0063 0.7680 
      H703.7 10 0.0312 0.0190 0.0085 0.0088 0.0220 0.1074 0.0271 0.7759 
      H703.8 10 0.0065 0.0103 0.0192 0.0156 0.0296 0.0161 0.0041 0.8986 
      H703.9 10 0.0065 0.0120 0.0128 0.0294 0.0135 0.0162 0.0062 0.9036 
      H705.1 10 0.1896 0.0083 0.1337 0.0234 0.0164 0.3992 0.0065 0.2229 
      H705.2 10 0.1359 0.0117 0.3951 0.0281 0.1325 0.0938 0.0126 0.1902 
      H705.3 10 0.0209 0.0056 0.9104 0.0127 0.0130 0.0181 0.0074 0.0118 
      H705.4 10 0.0381 0.0056 0.8577 0.0101 0.0191 0.0315 0.0089 0.0289 
      H705.5 10 0.0177 0.0079 0.9205 0.0078 0.0094 0.0183 0.0059 0.0125 
      H705.6 10 0.0109 0.0102 0.6503 0.0132 0.0331 0.0323 0.0102 0.2398 
      H705.7 10 0.0916 0.0092 0.1644 0.0282 0.0130 0.3067 0.0078 0.3791 
     H7352.1 10 0.0209 0.0159 0.1828 0.2176 0.0148 0.1226 0.3960 0.0294 
     H7352.2 10 0.0091 0.0100 0.7874 0.0127 0.0427 0.0152 0.1007 0.0221 
     H7352.3 10 0.0133 0.0114 0.0750 0.6204 0.1230 0.0123 0.0569 0.0877 
     H7352.4 10 0.0141 0.0099 0.0517 0.6376 0.1400 0.0145 0.0485 0.0838 
     H7352.5 10 0.0569 0.0284 0.3548 0.0663 0.0096 0.2180 0.2363 0.0296 
     H7352.6 10 0.0977 0.0257 0.3097 0.0854 0.0219 0.3008 0.1385 0.0203 
     H7352.7 10 0.0106 0.0133 0.1707 0.0510 0.4648 0.0170 0.1568 0.1158 
     H7354.1 10 0.0278 0.0129 0.0139 0.0554 0.1066 0.2636 0.0427 0.4771 
     H7354.2 10 0.0322 0.0081 0.0330 0.0601 0.0721 0.0413 0.0207 0.7324 
     H7354.3 10 0.0080 0.0101 0.0202 0.0156 0.0129 0.0507 0.0120 0.8704 
     H7354.4 10 0.0281 0.0809 0.0175 0.0736 0.5569 0.0664 0.0319 0.1448 
     H7354.5 10 0.0241 0.0129 0.0198 0.0219 0.1422 0.1345 0.0999 0.5447 
     H7354.6 10 0.0099 0.0068 0.0164 0.0198 0.0145 0.0096 0.0056 0.9174 
     H7354.7 10 0.0258 0.0180 0.1093 0.2905 0.3402 0.0699 0.0209 0.1254 
     H7359.1 10 0.0245 0.0461 0.0582 0.1015 0.5211 0.1372 0.0228 0.0887 
     H7359.2 10 0.0096 0.0218 0.0245 0.2647 0.0378 0.0245 0.0050 0.6120 
     H7359.3 10 0.0557 0.0336 0.1591 0.2658 0.2423 0.0461 0.0080 0.1895 
     H7359.4 10 0.0128 0.0287 0.0243 0.6930 0.1157 0.0372 0.0088 0.0794 
     H7359.5 10 0.0134 0.0170 0.0616 0.2105 0.1371 0.0825 0.0070 0.4709 
      H909.1 10 0.0090 0.0059 0.0654 0.0236 0.3573 0.1350 0.0077 0.3960 
      H909.2 10 0.0208 0.0076 0.4389 0.0074 0.1404 0.0234 0.0095 0.3521 
      H909.3 10 0.0060 0.0186 0.8016 0.0132 0.1007 0.0074 0.0096 0.0430 
      H909.4 10 0.0118 0.0280 0.1849 0.0207 0.1197 0.0163 0.0098 0.6087 
      H909.6 10 0.0167 0.0138 0.0530 0.0467 0.6648 0.0216 0.0143 0.1691 
      H909.8 10 0.0193 0.0113 0.0549 0.0167 0.1670 0.0133 0.0103 0.7073 
      H909.9 10 0.0124 0.0312 0.7406 0.0486 0.0827 0.0137 0.0305 0.0403 
     H9555.1 10 0.0101 0.0075 0.8777 0.0194 0.0075 0.0094 0.0078 0.0606 
     H9555.2 10 0.0162 0.0086 0.8914 0.0088 0.0108 0.0120 0.0110 0.0412 
     H9555.3 10 0.0276 0.0168 0.8672 0.0248 0.0080 0.0222 0.0069 0.0264 
     H9555.4 10 0.0148 0.0050 0.9039 0.0373 0.0092 0.0083 0.0040 0.0175 
     H9555.5 10 0.0117 0.0080 0.8367 0.0140 0.0136 0.0212 0.0082 0.0867 
     H9555.6 10 0.0140 0.0352 0.0616 0.0302 0.0260 0.0223 0.0139 0.7969 
     H9555.7 10 0.0268 0.0114 0.0369 0.0204 0.0167 0.0460 0.0144 0.8274 
     H9703.1 10 0.0164 0.0061 0.0200 0.0109 0.0335 0.0094 0.0054 0.8983 
     H9703.2 10 0.0225 0.0088 0.0115 0.0171 0.0154 0.0091 0.0058 0.9097 
     H9703.3 10 0.0080 0.0158 0.0109 0.0147 0.0112 0.0179 0.0042 0.9173 
     H9703.4 10 0.0071 0.0080 0.0239 0.0129 0.0107 0.0084 0.0049 0.9240 
     H9703.5 10 0.0069 0.0237 0.0110 0.0140 0.0194 0.0432 0.0099 0.8720 
     H9707.1 10 0.0619 0.0561 0.0339 0.0547 0.1918 0.0292 0.5164 0.0559 
     H9707.2 10 0.0271 0.0781 0.1144 0.0864 0.3134 0.0212 0.2242 0.1353 
     H9707.3 10 0.0606 0.1177 0.0519 0.0468 0.2661 0.0362 0.2878 0.1329 
     H9707.4 10 0.0125 0.0086 0.0210 0.0209 0.8868 0.0242 0.0107 0.0153 
     H9707.5 10 0.0652 0.0215 0.0214 0.0861 0.3067 0.1350 0.2029 0.1612 
     H9707.6 10 0.2192 0.0953 0.1238 0.0470 0.1820 0.2568 0.0118 0.0641 
     H9707.7 10 0.3328 0.0122 0.0324 0.1252 0.1410 0.2563 0.0679 0.0322 
     H9707.8 10 0.0500 0.1061 0.0263 0.0537 0.5397 0.0255 0.1612 0.0374 
     HSAA4.1 10 0.0314 0.0085 0.2586 0.0084 0.0154 0.1124 0.0153 0.5501 
     HSAA4.2 10 0.0172 0.0113 0.8364 0.0094 0.0074 0.0650 0.0085 0.0447 
     HSAA4.3 10 0.0116 0.0115 0.8485 0.0200 0.0080 0.0126 0.0101 0.0777 
     HSAA4.4 10 0.0164 0.0111 0.3972 0.0191 0.0161 0.4231 0.0130 0.1040 
     HSAA4.5 10 0.0136 0.0102 0.0998 0.0307 0.0152 0.0162 0.0197 0.7945 
     HSAA4.6 10 0.0094 0.0057 0.9112 0.0094 0.0100 0.0142 0.0070 0.0331 
     HSAA4.7 10 0.0060 0.0078 0.8201 0.0436 0.0071 0.0095 0.0054 0.1005 
   saaRTON.1 10 0.0101 0.0052 0.0154 0.0205 0.0107 0.0231 0.0055 0.9095 
  saaRTON.10 10 0.0183 0.0170 0.0715 0.0379 0.0476 0.0523 0.0195 0.7359 
   saaRTON.2 10 0.0109 0.0078 0.0111 0.0170 0.0087 0.0131 0.0057 0.9257 
   saaRTON.3 10 0.0117 0.0275 0.0586 0.0623 0.0404 0.0840 0.0209 0.6946 
   saaRTON.4 10 0.0098 0.0083 0.0237 0.0061 0.0077 0.0185 0.0068 0.9189 
   saaRTON.5 10 0.0107 0.0055 0.0140 0.0110 0.0091 0.0223 0.0069 0.9205 
   saaRTON.6 10 0.0070 0.0127 0.0102 0.0186 0.0107 0.0153 0.0060 0.9194 
   saaRTON.7 10 0.0349 0.0270 0.0266 0.0074 0.0112 0.2312 0.0076 0.6542 
   saaRTON.8 10 0.0132 0.0076 0.0493 0.0251 0.0542 0.0329 0.0227 0.7951 
   saaRTON.9 10 0.0070 0.0068 0.0084 0.0174 0.0061 0.0175 0.0053 0.9315 
      H005.1 11 0.0234 0.0206 0.0295 0.5178 0.2208 0.0212 0.0065 0.1602 
      H005.2 11 0.1110 0.0681 0.0258 0.2738 0.0795 0.1254 0.0113 0.3051 
      H005.3 11 0.0251 0.0165 0.0414 0.6419 0.1592 0.0184 0.0071 0.0904 
      H005.4 11 0.0516 0.0966 0.0239 0.3907 0.2471 0.0394 0.0091 0.1415 
      H005.5 11 0.0167 0.0686 0.0580 0.2880 0.4325 0.0233 0.0098 0.1030 
      H005.6 11 0.0517 0.0742 0.0267 0.3533 0.1172 0.0910 0.0224 0.2635 
      H005.7 11 0.0346 0.0895 0.0399 0.5659 0.0984 0.0288 0.0067 0.1361 
      H005.8 11 0.0231 0.0236 0.0230 0.7620 0.0504 0.0106 0.0100 0.0972 
      H005.9 11 0.0535 0.0892 0.0248 0.4268 0.1366 0.0282 0.0116 0.2293 
      H031.1 11 0.0143 0.0156 0.0261 0.1027 0.0115 0.7762 0.0216 0.0320 
      H031.2 11 0.0175 0.0167 0.1706 0.1567 0.2457 0.0380 0.0057 0.3490 
      H031.3 11 0.0620 0.1291 0.0372 0.1155 0.0631 0.0283 0.0208 0.5441 
      H031.4 11 0.0204 0.0121 0.2600 0.0423 0.0313 0.0517 0.0097 0.5723 
      H031.5 11 0.0266 0.0280 0.0575 0.0389 0.1184 0.0303 0.0129 0.6872 
      H031.6 11 0.0215 0.0134 0.2806 0.2481 0.0807 0.1574 0.0145 0.1838 
      H031.7 11 0.0983 0.0179 0.0925 0.0282 0.0141 0.1588 0.0224 0.5678 
      H031.8 11 0.0137 0.1540 0.1770 0.2519 0.1625 0.1241 0.0146 0.1021 
      H136.1 11 0.0314 0.0355 0.0226 0.7549 0.0382 0.0536 0.0147 0.0491 
      H136.2 11 0.0925 0.0174 0.0431 0.1781 0.0152 0.0745 0.0157 0.5635 
      H136.3 11 0.0457 0.1962 0.0392 0.1105 0.0815 0.1245 0.0141 0.3883 
      H136.4 11 0.0517 0.0143 0.0589 0.6146 0.0559 0.1095 0.0313 0.0637 
      H153.1 11 0.0302 0.0185 0.0081 0.5895 0.2677 0.0193 0.0105 0.0562 
      H153.2 11 0.0171 0.0287 0.0160 0.4434 0.3864 0.0268 0.0280 0.0537 
      H153.3 11 0.0257 0.0181 0.0097 0.5260 0.3093 0.0219 0.0276 0.0618 
      H153.4 11 0.0624 0.0120 0.0267 0.6138 0.2171 0.0261 0.0154 0.0265 
      H167.1 11 0.0818 0.6705 0.0138 0.0353 0.1223 0.0449 0.0126 0.0188 
      H167.2 11 0.0239 0.7770 0.0336 0.0135 0.1008 0.0138 0.0266 0.0107 
      H167.3 11 0.0483 0.7259 0.0171 0.0217 0.0791 0.0659 0.0312 0.0109 
      H167.4 11 0.0437 0.6193 0.0173 0.1487 0.1123 0.0140 0.0049 0.0399 
      H167.5 11 0.0223 0.6951 0.0165 0.1377 0.0652 0.0149 0.0133 0.0349 
      H167.6 11 0.0303 0.7039 0.0153 0.0723 0.0685 0.0415 0.0549 0.0132 
      H167.7 11 0.0754 0.0845 0.1046 0.2530 0.3422 0.0139 0.0178 0.1087 
      H167.8 11 0.0282 0.0732 0.0132 0.0440 0.8030 0.0186 0.0103 0.0095 
      H173.1 11 0.3242 0.0333 0.0344 0.3337 0.1794 0.0114 0.0077 0.0758 
      H173.2 11 0.1271 0.1049 0.0429 0.5026 0.1393 0.0411 0.0173 0.0248 
      H173.3 11 0.1434 0.0463 0.0206 0.4278 0.2758 0.0144 0.0163 0.0554 
      H173.4 11 0.5684 0.0244 0.0123 0.2960 0.0344 0.0214 0.0101 0.0330 
      H173.5 11 0.3129 0.0381 0.0196 0.3448 0.0323 0.1762 0.0186 0.0574 
 H194.1_2003 11 0.1056 0.0384 0.3644 0.0916 0.1895 0.0410 0.0049 0.1647 
 H194.2_2003 11 0.0283 0.0312 0.1283 0.0380 0.6367 0.0337 0.0170 0.0868 
 H194.3_2003 11 0.0158 0.0296 0.4789 0.0345 0.1730 0.0302 0.0057 0.2324 
 H194.4_2003 11 0.0182 0.0295 0.2515 0.0301 0.2220 0.0601 0.0111 0.3776 
 H194.5_2003 11 0.3257 0.0263 0.1107 0.0636 0.3487 0.0441 0.0169 0.0639 
 H194.6_2003 11 0.0484 0.0551 0.1632 0.0206 0.3933 0.0923 0.0083 0.2187 
 H194.7_2003 11 0.0618 0.0730 0.5505 0.0537 0.1026 0.0567 0.0045 0.0972 
 H194.8_2003 11 0.0237 0.0548 0.3166 0.0304 0.3225 0.0771 0.0045 0.1705 
      H196.1 11 0.0073 0.0217 0.8177 0.0069 0.0077 0.0172 0.1133 0.0082 
      H196.2 11 0.0210 0.0562 0.7630 0.0121 0.0342 0.0471 0.0252 0.0412 
      H196.3 11 0.0122 0.0952 0.5925 0.0191 0.0424 0.0435 0.1765 0.0186 
      H196.4 11 0.0136 0.0251 0.8572 0.0103 0.0453 0.0126 0.0239 0.0120 
      H196.5 11 0.0224 0.3379 0.5188 0.0077 0.0444 0.0204 0.0216 0.0268 
      H196.6 11 0.0105 0.0300 0.9188 0.0075 0.0134 0.0068 0.0063 0.0068 
 H356.1_2001 11 0.0463 0.0095 0.0711 0.0182 0.0067 0.0164 0.0089 0.8229 
 H356.1_2002 11 0.0146 0.0095 0.0074 0.0082 0.0300 0.0657 0.0092 0.8555 
 H356.2_2001 11 0.0099 0.0090 0.0074 0.0992 0.0267 0.0182 0.0155 0.8141 
 H356.2_2002 11 0.0119 0.0146 0.0346 0.0090 0.0085 0.0194 0.0058 0.8963 
 H356.3_2001 11 0.0085 0.0072 0.0144 0.0109 0.0122 0.0115 0.0116 0.9237 
 H356.3_2002 11 0.0080 0.0142 0.0086 0.0117 0.0162 0.0172 0.0082 0.9158 
 H356.4_2001 11 0.0095 0.0098 0.0069 0.0066 0.0084 0.0075 0.0062 0.9451 
 H356.4_2002 11 0.0074 0.0067 0.0181 0.0124 0.0090 0.0146 0.0095 0.9224 
 H356.5_2001 11 0.0130 0.0158 0.0131 0.1455 0.0122 0.0117 0.0049 0.7837 
 H356.5_2002 11 0.0053 0.0115 0.0069 0.0073 0.0074 0.0081 0.0043 0.9493 
 H356.6_2001 11 0.0066 0.0085 0.0063 0.0136 0.0083 0.0116 0.0084 0.9367 
 H356.6_2002 11 0.0065 0.0064 0.0247 0.0066 0.0070 0.0116 0.0068 0.9305 
 H356.7_2001 11 0.0137 0.0087 0.0076 0.2537 0.0106 0.0210 0.0079 0.6769 
 H356.7_2002 11 0.0299 0.0076 0.0470 0.0069 0.0126 0.1414 0.0141 0.7406 
      H356.8 11 0.0120 0.0067 0.0190 0.0106 0.0087 0.0119 0.0062 0.9248 
      H360.1 11 0.0206 0.0568 0.0216 0.0141 0.0293 0.0284 0.0095 0.8195 
     H360.10 11 0.0410 0.0170 0.0136 0.0139 0.0087 0.0376 0.0124 0.8558 
      H360.2 11 0.3718 0.0116 0.0086 0.0088 0.0462 0.1006 0.0085 0.4439 
      H360.3 11 0.0254 0.0861 0.0989 0.0145 0.0157 0.0458 0.0213 0.6923 
      H360.4 11 0.4910 0.0191 0.0102 0.0108 0.0135 0.0182 0.0072 0.4300 
      H360.5 11 0.7008 0.0253 0.0160 0.0162 0.1017 0.0532 0.0092 0.0774 
      H360.6 11 0.1311 0.0263 0.0244 0.0115 0.0139 0.0135 0.0163 0.7629 
      H360.7 11 0.6966 0.0185 0.0357 0.0204 0.0553 0.0219 0.0092 0.1423 
      H360.8 11 0.0119 0.0209 0.0119 0.0095 0.0103 0.0121 0.0077 0.9156 
      H360.9 11 0.0268 0.0291 0.0182 0.0174 0.0225 0.0568 0.0094 0.8199 
 H369.1_2001 11 0.0251 0.0836 0.5864 0.0151 0.1489 0.0329 0.0196 0.0884 
 H369.1_2002 11 0.0081 0.0171 0.0833 0.3616 0.3728 0.0344 0.0631 0.0595 
      H369.2 11 0.0117 0.0231 0.2902 0.0943 0.3621 0.0142 0.0109 0.1935 
      H369.3 11 0.0135 0.0265 0.0567 0.0936 0.7130 0.0195 0.0392 0.0380 
      H369.4 11 0.0172 0.0190 0.0310 0.1077 0.7640 0.0145 0.0062 0.0404 
      H369.5 11 0.0162 0.0206 0.0176 0.0193 0.8433 0.0086 0.0065 0.0679 
      H369.6 11 0.0133 0.0197 0.0737 0.0518 0.7077 0.0176 0.0092 0.1069 
      H374.1 11 0.0066 0.0586 0.0084 0.0353 0.7956 0.0158 0.0053 0.0744 
      H374.2 11 0.0065 0.0088 0.0063 0.0224 0.9211 0.0114 0.0058 0.0178 
      H374.3 11 0.0066 0.0065 0.0063 0.0162 0.9272 0.0114 0.0053 0.0205 
      H374.4 11 0.0108 0.0109 0.0148 0.0128 0.9224 0.0066 0.0084 0.0132 
      H374.5 11 0.0097 0.0087 0.0151 0.0141 0.8992 0.0160 0.0067 0.0305 
      H374.6 11 0.0114 0.0088 0.0165 0.0123 0.9165 0.0099 0.0116 0.0131 
      H374.7 11 0.0102 0.0094 0.0162 0.0113 0.9191 0.0119 0.0097 0.0122 
      H376.1 11 0.0112 0.0959 0.0120 0.0069 0.0076 0.7474 0.0061 0.1129 
      H376.2 11 0.0416 0.0076 0.0123 0.0080 0.0090 0.8839 0.0110 0.0267 
      H376.3 11 0.0120 0.0240 0.0136 0.0408 0.0324 0.8313 0.0057 0.0401 
      H376.4 11 0.0228 0.0096 0.0156 0.0092 0.0145 0.8871 0.0108 0.0305 
      H376.5 11 0.0456 0.0111 0.0140 0.0094 0.0170 0.8724 0.0078 0.0230 
      H376.6 11 0.0233 0.0174 0.0190 0.0077 0.0054 0.9062 0.0098 0.0112 
      H381.1 11 0.0594 0.0375 0.0174 0.0905 0.2936 0.3986 0.0287 0.0745 
      H381.2 11 0.0186 0.0137 0.0160 0.0671 0.7810 0.0557 0.0118 0.0360 
      H381.3 11 0.1216 0.0461 0.0131 0.2261 0.3692 0.1341 0.0203 0.0696 
      H381.4 11 0.0570 0.0107 0.0144 0.0384 0.6991 0.0696 0.0176 0.0932 
      H381.5 11 0.0085 0.0076 0.0287 0.0458 0.7069 0.1676 0.0169 0.0179 
      H381.6 11 0.0499 0.0267 0.0122 0.0626 0.5917 0.2157 0.0135 0.0277 
      H381.7 11 0.0434 0.0098 0.0220 0.0578 0.7138 0.1054 0.0147 0.0332 
      H386.1 11 0.0066 0.0244 0.0208 0.1027 0.1192 0.0250 0.5854 0.1160 
      H386.2 11 0.0136 0.0184 0.0234 0.4155 0.0592 0.0158 0.4053 0.0488 
      H386.3 11 0.0138 0.0465 0.0554 0.3420 0.1758 0.0441 0.2125 0.1099 
      H386.4 11 0.0415 0.0772 0.3918 0.0676 0.0290 0.0531 0.2058 0.1339 
      H386.5 11 0.0340 0.0481 0.0309 0.2257 0.0983 0.0588 0.4712 0.0330 
      H386.6 11 0.0108 0.3984 0.0288 0.0469 0.0831 0.0314 0.3127 0.0880 
 H387.1_2001 11 0.0300 0.0166 0.0425 0.0319 0.0420 0.0215 0.0420 0.7736 
 H387.2_2001 11 0.3318 0.0062 0.0123 0.0066 0.0109 0.0069 0.0112 0.6142 
 H387.3_2001 11 0.6957 0.0091 0.0126 0.0392 0.1907 0.0113 0.0170 0.0244 
 H387.4_2001 11 0.0082 0.0098 0.0098 0.0138 0.0228 0.0066 0.0157 0.9133 
 H387.5_2001 11 0.2135 0.0070 0.0310 0.0240 0.1112 0.0076 0.0070 0.5987 
 H387.6_2001 11 0.0063 0.0063 0.0245 0.0345 0.0285 0.0097 0.0077 0.8826 
 H387.7_2001 11 0.0120 0.0077 0.0093 0.0105 0.0123 0.0066 0.0146 0.9271 
      H387.9 11 0.0114 0.0144 0.0110 0.0119 0.0148 0.0062 0.0195 0.9107 
      H392.1 11 0.0059 0.0079 0.0093 0.9168 0.0080 0.0117 0.0258 0.0145 
      H392.2 11 0.0100 0.0851 0.0141 0.8274 0.0136 0.0213 0.0100 0.0186 
      H392.3 11 0.0070 0.0218 0.6779 0.1425 0.0178 0.0879 0.0350 0.0102 
      H392.4 11 0.0065 0.0178 0.0470 0.8207 0.0085 0.0186 0.0162 0.0648 
      H392.5 11 0.0220 0.2477 0.0814 0.4506 0.0432 0.0356 0.0101 0.1095 
      H392.6 11 0.0050 0.0318 0.2406 0.6298 0.0085 0.0518 0.0099 0.0226 
      H392.7 11 0.0118 0.1832 0.0983 0.4968 0.0280 0.0586 0.0101 0.1131 
 H393.1_2001 11 0.0862 0.0112 0.0077 0.0084 0.8571 0.0066 0.0075 0.0153 
 H393.1_2002 11 0.0108 0.0055 0.0043 0.0081 0.9549 0.0043 0.0053 0.0068 
 H393.2_2001 11 0.0072 0.0116 0.0067 0.0050 0.9517 0.0038 0.0055 0.0087 
 H393.2_2002 11 0.0128 0.0111 0.0063 0.0074 0.9428 0.0066 0.0047 0.0083 
 H393.3_2001 11 0.0126 0.0177 0.0056 0.0049 0.9369 0.0058 0.0050 0.0116 
 H393.3_2002 11 0.0104 0.0059 0.0062 0.0071 0.9493 0.0056 0.0088 0.0068 
 H393.4_2001 11 0.0449 0.0110 0.0061 0.0076 0.8954 0.0094 0.0090 0.0166 
 H393.4_2002 11 0.0187 0.0145 0.0047 0.0064 0.9375 0.0046 0.0050 0.0086 
      H393.5 11 0.0468 0.0126 0.0085 0.0067 0.8958 0.0084 0.0074 0.0138 
      H393.7 11 0.1585 0.0127 0.0159 0.0079 0.7708 0.0072 0.0088 0.0183 
      H393.8 11 0.0683 0.1025 0.0194 0.0091 0.7372 0.0106 0.0117 0.0412 
      H393.9 11 0.0169 0.0153 0.0070 0.0089 0.9285 0.0089 0.0060 0.0084 
      H394.1 11 0.0301 0.0136 0.0190 0.0137 0.8868 0.0121 0.0109 0.0138 
      H394.2 11 0.0290 0.0180 0.0151 0.0220 0.8785 0.0131 0.0080 0.0163 
      H394.3 11 0.0668 0.0289 0.0090 0.0585 0.7974 0.0113 0.0092 0.0189 
      H394.4 11 0.0067 0.0201 0.0128 0.0094 0.9088 0.0083 0.0081 0.0258 
      H394.5 11 0.0104 0.0507 0.0116 0.0074 0.8937 0.0099 0.0072 0.0092 
      H394.6 11 0.0061 0.0266 0.0071 0.0139 0.9245 0.0088 0.0057 0.0073 
      H394.7 11 0.0054 0.0107 0.0114 0.0144 0.9101 0.0114 0.0073 0.0294 
      H394.8 11 0.0734 0.0555 0.0253 0.0170 0.7966 0.0084 0.0107 0.0130 
      H394.9 11 0.0102 0.0158 0.0119 0.0110 0.9230 0.0071 0.0041 0.0168 
      H412.1 11 0.0111 0.0146 0.0468 0.0842 0.0650 0.0153 0.0058 0.7571 
      H412.2 11 0.0121 0.0145 0.0569 0.1763 0.0274 0.0720 0.0159 0.6250 
      H412.3 11 0.0376 0.0152 0.2035 0.2313 0.0211 0.0149 0.0063 0.4700 
      H412.4 11 0.0134 0.0220 0.0271 0.2718 0.0541 0.0382 0.0136 0.5599 
      H412.5 11 0.0256 0.0251 0.0628 0.1596 0.4067 0.0203 0.0049 0.2950 
      H412.6 11 0.0234 0.0113 0.0558 0.1030 0.4034 0.0296 0.0070 0.3665 
      H412.7 11 0.0122 0.0182 0.0244 0.2209 0.0630 0.0223 0.0062 0.6327 
      H412.8 11 0.0362 0.0146 0.0281 0.7775 0.0236 0.0110 0.0048 0.1042 
      H412.9 11 0.0135 0.0140 0.0721 0.1668 0.1238 0.0157 0.0051 0.5889 
        H439 11 0.1657 0.0803 0.1215 0.1110 0.1330 0.2083 0.0429 0.1373 
      H439.1 11 0.1343 0.0760 0.1033 0.0736 0.4801 0.0704 0.0126 0.0498 
      H439.2 11 0.0911 0.0422 0.1398 0.0619 0.0262 0.5590 0.0221 0.0578 
      H439.3 11 0.0745 0.0452 0.0378 0.1581 0.2694 0.2007 0.0693 0.1449 
      H439.4 11 0.0383 0.4415 0.0661 0.0382 0.1469 0.1830 0.0250 0.0612 
      H439.5 11 0.0328 0.0600 0.0304 0.0571 0.5977 0.1028 0.0238 0.0953 
      H439.6 11 0.2514 0.0772 0.0300 0.0240 0.0364 0.5474 0.0062 0.0275 
      H439.7 11 0.0680 0.0592 0.0696 0.1089 0.4306 0.1212 0.0452 0.0974 
      H439.8 11 0.0929 0.0300 0.0992 0.0431 0.2928 0.3958 0.0150 0.0313 
      H439.9 11 0.1770 0.0350 0.0676 0.0575 0.0236 0.5558 0.0230 0.0605 
 H441.1_2004 11 0.0186 0.0274 0.3352 0.0550 0.3369 0.0141 0.1916 0.0211 
 H441.1_2005 11 0.0069 0.0143 0.7353 0.0466 0.0069 0.1300 0.0503 0.0097 
 H441.2_2004 11 0.0090 0.0131 0.9230 0.0094 0.0108 0.0095 0.0101 0.0152 
 H441.2_2005 11 0.0090 0.0273 0.8429 0.0385 0.0213 0.0331 0.0134 0.0144 
 H441.3_2004 11 0.0110 0.0138 0.8965 0.0084 0.0094 0.0108 0.0198 0.0302 
 H441.3_2005 11 0.0075 0.0134 0.8693 0.0131 0.0111 0.0161 0.0598 0.0095 
 H441.4_2004 11 0.0054 0.0163 0.8653 0.0181 0.0208 0.0181 0.0463 0.0097 
 H441.4_2005 11 0.0097 0.0106 0.7340 0.1232 0.0437 0.0390 0.0197 0.0201 
 H441.5_2004 11 0.0083 0.0258 0.8685 0.0146 0.0143 0.0182 0.0430 0.0074 
 H441.5_2005 11 0.0092 0.0164 0.6336 0.1372 0.0423 0.0348 0.0824 0.0441 
 H441.6_2004 11 0.0134 0.0193 0.9150 0.0166 0.0117 0.0102 0.0056 0.0083 
 H441.6_2005 11 0.0066 0.0090 0.9321 0.0108 0.0088 0.0109 0.0128 0.0091 
 H441.7_2004 11 0.0069 0.0093 0.9338 0.0082 0.0158 0.0085 0.0099 0.0076 
 H441.7_2005 11 0.0205 0.0490 0.5004 0.0510 0.2766 0.0382 0.0273 0.0369 
 H441.8_2004 11 0.0091 0.0127 0.9404 0.0054 0.0095 0.0074 0.0075 0.0080 
 H441.8_2005 11 0.0091 0.0079 0.8356 0.0354 0.0150 0.0526 0.0319 0.0125 
 H441.9_2004 11 0.0261 0.0509 0.3563 0.3281 0.0144 0.0988 0.0720 0.0533 
 H441.9_2005 11 0.0097 0.0415 0.7198 0.0223 0.0471 0.0404 0.0100 0.1092 
 H442.1_2004 11 0.0102 0.0067 0.0158 0.7864 0.0079 0.0589 0.0037 0.1104 
 H442.1_2005 11 0.0143 0.0108 0.0112 0.9030 0.0147 0.0249 0.0084 0.0126 
 H442.2_2004 11 0.0405 0.0318 0.0538 0.7266 0.0236 0.0473 0.0055 0.0708 
 H442.2_2005 11 0.0159 0.0199 0.0156 0.8619 0.0265 0.0178 0.0080 0.0343 
 H442.3_2004 11 0.0094 0.0208 0.0146 0.8659 0.0075 0.0496 0.0097 0.0225 
 H442.3_2005 11 0.0169 0.0244 0.0144 0.8568 0.0165 0.0479 0.0060 0.0171 
 H442.4_2004 11 0.0156 0.0726 0.0083 0.8102 0.0104 0.0211 0.0478 0.0141 
 H442.4_2005 11 0.0133 0.0143 0.0273 0.8876 0.0194 0.0123 0.0087 0.0171 
 H442.5_2004 11 0.0059 0.0088 0.0121 0.9037 0.0135 0.0193 0.0108 0.0259 
 H442.5_2005 11 0.0088 0.0123 0.0104 0.9099 0.0220 0.0153 0.0076 0.0137 
 H442.6_2004 11 0.0128 0.0219 0.1285 0.7163 0.0183 0.0477 0.0057 0.0488 
 H442.6_2005 11 0.0150 0.0119 0.0087 0.8970 0.0216 0.0146 0.0072 0.0240 
      H442.7 11 0.0248 0.0215 0.0820 0.6524 0.0479 0.1006 0.0094 0.0614 
      H442.8 11 0.0072 0.0082 0.0102 0.9288 0.0133 0.0153 0.0056 0.0113 
      H442.9 11 0.0188 0.0118 0.0068 0.9179 0.0095 0.0167 0.0079 0.0105 
      H446.1 11 0.0149 0.0134 0.8132 0.0809 0.0113 0.0392 0.0058 0.0213 
      H446.2 11 0.1612 0.0315 0.1724 0.4571 0.0274 0.0468 0.0102 0.0936 
      H446.3 11 0.0605 0.0226 0.3607 0.2222 0.1518 0.0236 0.0214 0.1372 
      H446.4 11 0.0110 0.0221 0.8838 0.0282 0.0127 0.0094 0.0126 0.0203 
      H446.5 11 0.0264 0.0109 0.6626 0.1142 0.0276 0.0419 0.0484 0.0680 
      H446.6 11 0.0095 0.0088 0.9177 0.0164 0.0123 0.0174 0.0060 0.0118 
      H446.7 11 0.0217 0.0423 0.7760 0.0660 0.0111 0.0359 0.0089 0.0381 
      H447.1 11 0.0116 0.6281 0.0302 0.2338 0.0111 0.0488 0.0095 0.0269 
      H447.2 11 0.0234 0.6333 0.0396 0.1721 0.0343 0.0449 0.0223 0.0300 
      H447.3 11 0.0121 0.2364 0.0860 0.5153 0.0167 0.0517 0.0333 0.0485 
      H447.4 11 0.0113 0.6326 0.0741 0.1809 0.0149 0.0556 0.0094 0.0212 
      H447.5 11 0.0117 0.1515 0.0984 0.6528 0.0102 0.0325 0.0191 0.0238 
      H447.6 11 0.0668 0.5214 0.0617 0.0879 0.0859 0.1079 0.0335 0.0349 
      H447.7 11 0.0271 0.2455 0.1586 0.3120 0.0198 0.1831 0.0197 0.0341 
      H447.8 11 0.0157 0.1166 0.2929 0.4178 0.0146 0.0960 0.0261 0.0203 
      H447.9 11 0.0114 0.2629 0.0210 0.6333 0.0109 0.0265 0.0153 0.0188 
      H448.1 11 0.1917 0.2589 0.0900 0.1618 0.0325 0.1297 0.0060 0.1294 
      H448.2 11 0.0758 0.0584 0.5296 0.0529 0.0766 0.0191 0.0067 0.1808 
      H448.3 11 0.0774 0.3588 0.1321 0.0998 0.0849 0.0373 0.0044 0.2053 
      H448.4 11 0.0676 0.0997 0.4685 0.0593 0.1624 0.0223 0.0081 0.1120 
      H586.1 11 0.0076 0.0062 0.0089 0.0132 0.0068 0.9326 0.0064 0.0182 
     H586.10 11 0.0093 0.0065 0.0066 0.0212 0.0113 0.9146 0.0173 0.0133 
      H586.2 11 0.0084 0.0085 0.0099 0.0142 0.0100 0.9313 0.0096 0.0081 
      H586.3 11 0.0170 0.0116 0.0118 0.0241 0.0119 0.8897 0.0122 0.0217 
      H586.4 11 0.0258 0.0083 0.0145 0.0106 0.0091 0.8973 0.0116 0.0228 
      H586.5 11 0.0101 0.0059 0.0084 0.0104 0.0060 0.9225 0.0253 0.0115 
      H586.6 11 0.0099 0.0061 0.0061 0.0107 0.0091 0.9456 0.0060 0.0064 
      H586.7 11 0.0112 0.0060 0.0080 0.0335 0.0077 0.9060 0.0197 0.0080 
      H586.8 11 0.0096 0.0054 0.0112 0.0145 0.0068 0.9389 0.0056 0.0081 
      H586.9 11 0.0135 0.0066 0.0141 0.0423 0.0080 0.8718 0.0330 0.0108 
      H590.1 11 0.3246 0.1880 0.0113 0.1435 0.1221 0.1423 0.0215 0.0467 
     H590.10 11 0.3459 0.1838 0.0071 0.1113 0.0875 0.1872 0.0234 0.0539 
      H590.2 11 0.0328 0.0506 0.0306 0.6283 0.1369 0.0473 0.0073 0.0663 
      H590.3 11 0.0724 0.0419 0.0160 0.0237 0.7728 0.0397 0.0070 0.0264 
      H590.4 11 0.0398 0.1652 0.0083 0.0365 0.6861 0.0245 0.0161 0.0235 
      H590.5 11 0.0557 0.1585 0.0209 0.5917 0.0663 0.0329 0.0484 0.0257 
      H590.6 11 0.0548 0.0688 0.0215 0.6072 0.1130 0.0403 0.0656 0.0289 
      H590.7 11 0.1367 0.0915 0.0378 0.2846 0.2376 0.0523 0.0791 0.0803 
      H590.8 11 0.3927 0.1304 0.0123 0.0538 0.2129 0.0680 0.0108 0.1190 
      H610.1 11 0.0129 0.0113 0.0193 0.0263 0.0067 0.8729 0.0155 0.0352 
      H610.2 11 0.0144 0.0080 0.0147 0.0235 0.0165 0.8769 0.0099 0.0359 
      H610.3 11 0.0336 0.0171 0.0423 0.0430 0.0255 0.7479 0.0547 0.0359 
      H610.4 11 0.0448 0.0156 0.0259 0.0359 0.0138 0.7666 0.0105 0.0867 
      H610.5 11 0.0088 0.0136 0.0131 0.0092 0.0071 0.9140 0.0241 0.0101 
      H610.6 11 0.0114 0.0124 0.0146 0.0086 0.0053 0.9256 0.0050 0.0171 
      H610.7 11 0.0234 0.0267 0.0195 0.0185 0.0120 0.8613 0.0108 0.0279 
      H610.8 11 0.0265 0.0091 0.0193 0.0581 0.0186 0.7752 0.0115 0.0817 
      H610.9 11 0.0229 0.0151 0.0193 0.0119 0.0282 0.8586 0.0228 0.0213 
      H611.1 11 0.0120 0.0396 0.0282 0.7072 0.0153 0.1693 0.0109 0.0175 
      H611.2 11 0.0148 0.0073 0.0083 0.5161 0.0104 0.4261 0.0109 0.0061 
      H611.3 11 0.0082 0.0068 0.0086 0.9255 0.0074 0.0283 0.0067 0.0084 
      H611.4 11 0.0139 0.0103 0.0185 0.4413 0.0148 0.4726 0.0120 0.0166 
      H611.5 11 0.0097 0.0527 0.0444 0.1549 0.0115 0.6948 0.0093 0.0227 
      H611.6 11 0.0101 0.0059 0.0060 0.9465 0.0066 0.0132 0.0059 0.0059 
 H7379.1_200 11 0.0087 0.0910 0.2612 0.0305 0.0094 0.5556 0.0093 0.0344 
 H7379.1_200 11 0.0247 0.0380 0.8566 0.0098 0.0119 0.0373 0.0143 0.0072 
 H7379.2_200 11 0.0128 0.0650 0.5686 0.0633 0.0110 0.2389 0.0164 0.0239 
 H7379.2_200 11 0.0244 0.2458 0.2383 0.0143 0.0166 0.4413 0.0067 0.0126 
 H7379.3_200 11 0.0114 0.1070 0.3824 0.0253 0.0124 0.4060 0.0201 0.0354 
 H7379.3_200 11 0.0098 0.0595 0.7528 0.0083 0.0112 0.1351 0.0059 0.0175 
 H7379.4_200 11 0.0069 0.0447 0.5470 0.0377 0.1118 0.2206 0.0142 0.0171 
 H7379.4_200 11 0.0595 0.0626 0.7211 0.0184 0.0218 0.0940 0.0060 0.0166 
 H7379.5_200 11 0.0180 0.0176 0.6271 0.0546 0.0227 0.2340 0.0092 0.0168 
 H7379.5_200 11 0.0147 0.0146 0.9202 0.0106 0.0064 0.0158 0.0097 0.0081 
 H7379.6_200 11 0.0071 0.0965 0.5206 0.0248 0.0133 0.3130 0.0123 0.0124 
 H7379.6_200 11 0.0497 0.0820 0.7043 0.0392 0.0119 0.0921 0.0082 0.0125 
 H7379.7_200 11 0.0224 0.0439 0.7322 0.0379 0.0071 0.1102 0.0239 0.0224 
 H7379.7_200 11 0.0263 0.1325 0.4655 0.0181 0.0167 0.3216 0.0063 0.0132 
     H7379.8 11 0.0115 0.0599 0.2536 0.0098 0.0127 0.6367 0.0046 0.0113 
      H741.1 11 0.0155 0.0114 0.0071 0.9194 0.0113 0.0134 0.0053 0.0165 
      H741.2 11 0.0127 0.0100 0.0062 0.9346 0.0091 0.0127 0.0075 0.0071 
      H741.3 11 0.0242 0.0153 0.0083 0.8986 0.0102 0.0234 0.0101 0.0099 
      H741.4 11 0.0167 0.0076 0.0066 0.9241 0.0078 0.0210 0.0082 0.0079 
      H741.5 11 0.0065 0.0078 0.0061 0.9460 0.0109 0.0059 0.0076 0.0092 
      H741.6 11 0.0102 0.0095 0.0062 0.9359 0.0091 0.0145 0.0069 0.0075 
      H741.7 11 0.0328 0.0184 0.0178 0.7925 0.0512 0.0238 0.0106 0.0528 
      H741.8 11 0.0190 0.0087 0.0098 0.9276 0.0113 0.0088 0.0058 0.0091 
      H927.1 11 0.0131 0.0163 0.8055 0.0255 0.0281 0.0586 0.0151 0.0379 
      H927.2 11 0.0088 0.0088 0.0374 0.0279 0.0105 0.7555 0.0683 0.0828 
      H927.3 11 0.0098 0.0192 0.7707 0.0312 0.0286 0.0593 0.0412 0.0400 
      H927.4 11 0.0193 0.0232 0.5279 0.1318 0.0617 0.1181 0.0643 0.0537 
      H927.5 11 0.0087 0.0238 0.7956 0.0348 0.0267 0.0699 0.0220 0.0185 
      H927.6 11 0.0165 0.0147 0.1686 0.0274 0.0360 0.6097 0.0115 0.1157 
      H928.1 11 0.2213 0.0399 0.0141 0.1572 0.0101 0.5029 0.0387 0.0157 
      H928.2 11 0.0306 0.0292 0.0488 0.4557 0.0484 0.2818 0.0257 0.0799 
      H928.3 11 0.2167 0.0217 0.0279 0.1248 0.0359 0.5293 0.0093 0.0345 
      H928.4 11 0.0401 0.0188 0.0336 0.3167 0.0362 0.2712 0.0099 0.2734 
      H928.5 11 0.1575 0.0131 0.0146 0.5465 0.0281 0.1869 0.0118 0.0413 
      H928.6 11 0.1766 0.0159 0.0118 0.5154 0.0183 0.2165 0.0116 0.0340 
      H928.7 11 0.2236 0.0199 0.0290 0.2066 0.0383 0.4384 0.0119 0.0324 
     H9560.1 11 0.0126 0.0416 0.0500 0.3264 0.0813 0.3631 0.0141 0.1109 
    H9560.10 11 0.0193 0.0711 0.1801 0.3950 0.0837 0.2058 0.0135 0.0315 
     H9560.2 11 0.0079 0.0069 0.0090 0.9030 0.0114 0.0102 0.0052 0.0466 
     H9560.3 11 0.0119 0.0478 0.0293 0.8459 0.0174 0.0255 0.0063 0.0158 
     H9560.4 11 0.0093 0.0110 0.0137 0.8869 0.0158 0.0175 0.0074 0.0385 
     H9560.5 11 0.0078 0.0073 0.0092 0.8955 0.0162 0.0128 0.0072 0.0441 
     H9560.6 11 0.0093 0.0170 0.0671 0.8363 0.0135 0.0314 0.0084 0.0171 
     H9560.7 11 0.0070 0.0119 0.0258 0.8697 0.0125 0.0337 0.0084 0.0310 
     H9560.8 11 0.0136 0.0347 0.0277 0.8411 0.0153 0.0414 0.0142 0.0119 
     H9560.9 11 0.0091 0.0213 0.3234 0.4921 0.0405 0.0477 0.0068 0.0589 
    Rad451.1 11 0.0122 0.0050 0.0121 0.9278 0.0118 0.0100 0.0076 0.0133 
    Rad451.2 11 0.0193 0.0080 0.0751 0.8055 0.0086 0.0181 0.0249 0.0404 
    Rad451.3 11 0.1061 0.0086 0.0232 0.6050 0.0444 0.1697 0.0204 0.0226 
