      H008.1  2 0.0122 0.0401 0.0191 0.9286 
      H008.2  2 0.0441 0.2356 0.0346 0.6857 
      H008.3  2 0.1963 0.3413 0.0969 0.3655 
      H008.4  2 0.0155 0.0131 0.0215 0.9498 
      H008.5  2 0.0211 0.0253 0.0153 0.9383 
      H008.6  2 0.0143 0.0467 0.0258 0.9132 
      H008.7  2 0.0286 0.0415 0.0275 0.9025 
      H008.8  2 0.0219 0.1441 0.0584 0.7756 
      H008.9  2 0.0426 0.2060 0.1626 0.5888 
 H029.1_2002  2 0.0352 0.0115 0.0146 0.9386 
 H029.1_2003  2 0.0486 0.0385 0.0379 0.8749 
 H029.2_2002  2 0.0343 0.0235 0.0177 0.9245 
 H029.2_2003  2 0.0548 0.0634 0.0244 0.8574 
 H029.3_2002  2 0.1522 0.0332 0.0171 0.7975 
 H029.3_2003  2 0.0538 0.0361 0.0138 0.8963 
 H029.4_2002  2 0.0219 0.0105 0.0105 0.9571 
 H029.4_2003  2 0.0735 0.0305 0.0201 0.8759 
 H029.5_2002  2 0.0231 0.0131 0.0146 0.9491 
 H029.5_2003  2 0.0122 0.0227 0.0104 0.9547 
 H029.6_2002  2 0.1466 0.0111 0.0126 0.8297 
 H029.6_2003  2 0.0522 0.1048 0.0853 0.7577 
      H029.7  2 0.0173 0.0131 0.0144 0.9552 
      H030.1  2 0.9188 0.0354 0.0261 0.0197 
      H030.2  2 0.6032 0.0459 0.0325 0.3185 
      H038.1  2 0.0135 0.0097 0.0097 0.9671 
      H038.2  2 0.0200 0.0214 0.0105 0.9482 
      H038.3  2 0.0242 0.0170 0.0145 0.9443 
      H038.4  2 0.0137 0.0143 0.0195 0.9525 
      H038.5  2 0.0238 0.0296 0.0075 0.9390 
      H038.6  2 0.0268 0.0170 0.0074 0.9488 
      H038.7  2 0.0146 0.0176 0.0104 0.9575 
      H038.8  2 0.0182 0.0125 0.0111 0.9583 
      H041.1  2 0.0640 0.0160 0.0434 0.8765 
      H041.2  2 0.0766 0.0160 0.1075 0.7999 
      H041.4  2 0.0368 0.0154 0.0380 0.9097 
      H041.6  2 0.0780 0.0168 0.1245 0.7806 
 H042.1_2002  2 0.7361 0.0748 0.1556 0.0336 
 H042.1_2003  2 0.0497 0.0897 0.1574 0.7033 
 H042.2_2002  2 0.1533 0.0681 0.0287 0.7499 
 H042.2_2003  2 0.0593 0.0386 0.5995 0.3026 
 H042.3_2002  2 0.5289 0.1836 0.2088 0.0787 
 H042.3_2003  2 0.1484 0.1031 0.1771 0.5714 
 H042.4_2002  2 0.8276 0.0281 0.0575 0.0868 
 H042.4_2003  2 0.7758 0.0223 0.1303 0.0716 
      H042.5  2 0.9366 0.0172 0.0308 0.0155 
      H042.6  2 0.9004 0.0317 0.0316 0.0363 
      H042.7  2 0.2930 0.0455 0.6221 0.0394 
      H042.8  2 0.7159 0.0336 0.0838 0.1667 
   H042_2002  2 0.0394 0.1090 0.2165 0.6351 
   H042_2003  2 0.0315 0.0847 0.2526 0.6312 
      H043.1  2 0.0247 0.0578 0.0135 0.9040 
      H043.2  2 0.0105 0.0295 0.0915 0.8685 
      H043.3  2 0.0122 0.0513 0.0282 0.9082 
      H043.4  2 0.0130 0.0181 0.0272 0.9418 
      H043.5  2 0.0100 0.0127 0.0176 0.9597 
      H043.6  2 0.0098 0.0138 0.0191 0.9573 
      H043.7  2 0.0113 0.0353 0.1139 0.8395 
      H043.8  2 0.0406 0.2918 0.0716 0.5960 
      H043.9  2 0.0354 0.0448 0.0150 0.9047 
      H047.1  2 0.0180 0.1066 0.0403 0.8351 
      H047.2  2 0.0373 0.2002 0.0490 0.7135 
      H047.3  2 0.0455 0.1914 0.0921 0.6711 
      H047.4  2 0.0691 0.0849 0.2359 0.6100 
      H047.5  2 0.0431 0.3220 0.2690 0.3660 
      H047.6  2 0.0442 0.0505 0.1285 0.7769 
      H047.7  2 0.0276 0.0515 0.0785 0.8425 
      H047.8  2 0.0286 0.0977 0.1438 0.7298 
      H047.9  2 0.0371 0.3017 0.1822 0.4789 
 H071.1_2002  2 0.0213 0.0133 0.0123 0.9530 
 H071.1_2003  2 0.0468 0.0211 0.0614 0.8706 
     H071.10  2 0.0499 0.0190 0.0101 0.9210 
 H071.2_2002  2 0.0128 0.0137 0.0129 0.9606 
 H071.2_2003  2 0.0135 0.0105 0.0092 0.9668 
      H071.3  2 0.0275 0.0452 0.0192 0.9081 
 H071.4_2002  2 0.0231 0.0548 0.0136 0.9086 
 H071.4_2003  2 0.0212 0.0432 0.0119 0.9238 
 H071.5_2002  2 0.0255 0.0162 0.0119 0.9463 
 H071.5_2003  2 0.0219 0.0876 0.0395 0.8510 
 H071.6_2002  2 0.0216 0.0313 0.0133 0.9338 
 H071.6_2003  2 0.0411 0.0334 0.0174 0.9081 
 H071.7_2002  2 0.0115 0.0119 0.0118 0.9648 
 H071.7_2003  2 0.0351 0.0406 0.0266 0.8976 
      H071.8  2 0.0112 0.0132 0.0115 0.9641 
      H071.9  2 0.0539 0.0612 0.0415 0.8435 
 H081.1_2002  2 0.0239 0.0117 0.0131 0.9514 
 H081.1_2003  2 0.2327 0.0590 0.0509 0.6573 
 H081.2_2002  2 0.0309 0.0110 0.0300 0.9280 
 H081.2_2003  2 0.8866 0.0392 0.0231 0.0512 
 H081.3_2002  2 0.0258 0.0165 0.0266 0.9310 
 H081.3_2003  2 0.5120 0.1831 0.0821 0.2228 
 H081.4_2002  2 0.0499 0.0334 0.0184 0.8983 
 H081.4_2003  2 0.5914 0.1549 0.1334 0.1203 
 H081.5_2002  2 0.0474 0.0150 0.0140 0.9236 
 H081.5_2003  2 0.3010 0.0816 0.2428 0.3746 
      H081.6  2 0.0261 0.0141 0.0137 0.9461 
      H081.7  2 0.0460 0.0166 0.0290 0.9085 
      H081.8  2 0.1069 0.0290 0.0167 0.8475 
      H083.1  2 0.0670 0.0167 0.0097 0.9066 
      H083.2  2 0.0480 0.0184 0.0137 0.9199 
      H083.4  2 0.0500 0.0147 0.0115 0.9238 
      H083.5  2 0.0284 0.0097 0.0105 0.9513 
      H083.6  2 0.0862 0.0277 0.0132 0.8730 
      H083.7  2 0.0522 0.0293 0.0153 0.9033 
      H083.8  2 0.0182 0.0176 0.0165 0.9476 
      H083.9  2 0.0563 0.0106 0.0122 0.9210 
      H084.1  2 0.8911 0.0308 0.0251 0.0531 
      H084.2  2 0.9000 0.0473 0.0103 0.0424 
      H084.3  2 0.6869 0.0655 0.1136 0.1340 
      H084.4  2 0.5450 0.0833 0.0936 0.2781 
      H084.5  2 0.6664 0.0811 0.1470 0.1055 
      H084.6  2 0.7181 0.0397 0.1167 0.1255 
      H084.7  2 0.9265 0.0356 0.0187 0.0193 
      H084.8  2 0.7896 0.0390 0.1119 0.0595 
 H085.1_2002  2 0.3751 0.0143 0.0226 0.5880 
 H085.1_2003  2 0.1865 0.0214 0.0280 0.7641 
 H085.2_2002  2 0.7103 0.0347 0.1032 0.1519 
 H085.2_2003  2 0.2169 0.0470 0.0304 0.7057 
 H085.3_2002  2 0.2267 0.0191 0.6944 0.0598 
 H085.3_2003  2 0.0729 0.0328 0.0507 0.8435 
 H085.4_2002  2 0.2335 0.0286 0.0778 0.6601 
 H085.4_2003  2 0.1354 0.0203 0.0732 0.7712 
 H085.5_2002  2 0.0699 0.0235 0.7146 0.1920 
 H085.5_2003  2 0.3654 0.0197 0.0194 0.5955 
 H085.6_2002  2 0.5009 0.0358 0.1909 0.2724 
 H085.6_2003  2 0.0321 0.0559 0.7508 0.1612 
 H085.7_2002  2 0.6173 0.0326 0.1689 0.1812 
 H085.7_2003  2 0.0254 0.0251 0.0453 0.9042 
 H085.8_2002  2 0.0747 0.0387 0.7777 0.1089 
 H085.8_2003  2 0.7249 0.0316 0.0798 0.1637 
      H085.9  2 0.2036 0.0170 0.1319 0.6475 
      H088.1  2 0.8707 0.0479 0.0587 0.0226 
      H088.2  2 0.9074 0.0297 0.0464 0.0165 
      H088.3  2 0.9380 0.0279 0.0189 0.0151 
      H088.4  2 0.9210 0.0268 0.0208 0.0314 
      H088.5  2 0.9427 0.0204 0.0198 0.0171 
      H088.6  2 0.9061 0.0309 0.0369 0.0261 
      H088.7  2 0.5955 0.0480 0.0471 0.3095 
      H088.8  2 0.5383 0.0940 0.0624 0.3053 
      H091.1  2 0.8998 0.0308 0.0269 0.0424 
      H091.2  2 0.8486 0.0405 0.0414 0.0695 
      H109.1  2 0.2402 0.4854 0.0312 0.2431 
      H109.2  2 0.5020 0.2419 0.0850 0.1710 
      H109.3  2 0.1241 0.5180 0.0720 0.2859 
      H109.4  2 0.1215 0.5728 0.0847 0.2210 
      H109.5  2 0.1877 0.2028 0.3946 0.2150 
      H109.6  2 0.1752 0.6137 0.0750 0.1361 
      H126.1  2 0.0235 0.4952 0.4310 0.0503 
      H126.2  2 0.0221 0.0398 0.0262 0.9119 
      H126.3  2 0.0173 0.0256 0.0150 0.9421 
      H126.4  2 0.0339 0.4266 0.1239 0.4156 
      H126.5  2 0.0190 0.4729 0.1776 0.3305 
      H126.6  2 0.0187 0.0320 0.0190 0.9303 
      H126.7  2 0.0939 0.0700 0.0211 0.8150 
      H130.1  2 0.2199 0.2545 0.4989 0.0266 
      H130.2  2 0.8160 0.0771 0.0470 0.0600 
      H130.3  2 0.2757 0.6508 0.0238 0.0497 
      H130.4  2 0.3150 0.4507 0.1708 0.0636 
      H130.5  2 0.8736 0.0308 0.0723 0.0232 
      H133.1  2 0.1308 0.1090 0.0803 0.6799 
      H133.2  2 0.2292 0.3569 0.1578 0.2561 
      H133.3  2 0.0589 0.0466 0.0888 0.8057 
      H133.4  2 0.0486 0.2864 0.0837 0.5813 
      H133.5  2 0.1993 0.5908 0.0323 0.1776 
      H133.6  2 0.6000 0.2177 0.0931 0.0892 
      H133.7  2 0.0218 0.0320 0.4768 0.4695 
      H133.8  2 0.0608 0.1769 0.1816 0.5807 
      H133.9  2 0.1763 0.1585 0.0732 0.5920 
      H147.1  2 0.2892 0.0118 0.2340 0.4651 
      H147.2  2 0.0455 0.0137 0.0179 0.9229 
      H147.3  2 0.0393 0.0186 0.0454 0.8967 
      H147.4  2 0.0252 0.0126 0.0163 0.9459 
      H147.5  2 0.7781 0.0230 0.0251 0.1737 
      H147.6  2 0.7821 0.0285 0.0285 0.1610 
      H147.7  2 0.0418 0.0155 0.0247 0.9180 
      H147.8  2 0.1944 0.0136 0.0103 0.7817 
      H147.9  2 0.0727 0.0166 0.0295 0.8812 
      H148.1  2 0.2344 0.1420 0.5271 0.0965 
      H148.2  2 0.0772 0.0774 0.7217 0.1237 
      H148.3  2 0.0238 0.0233 0.8717 0.0812 
      H148.4  2 0.0406 0.1078 0.7313 0.1203 
      H148.5  2 0.1291 0.1216 0.6564 0.0929 
      H148.6  2 0.1375 0.0294 0.7027 0.1304 
      H148.7  2 0.0846 0.3319 0.5200 0.0635 
      H148.8  2 0.0319 0.0250 0.9006 0.0425 
      H148.9  2 0.0732 0.2927 0.5292 0.1050 
   H166022.1  2 0.9585 0.0111 0.0144 0.0160 
   H166022.2  2 0.9021 0.0295 0.0315 0.0369 
   H166022.3  2 0.9582 0.0225 0.0120 0.0073 
   H166022.4  2 0.9642 0.0163 0.0119 0.0076 
   H166022.5  2 0.9586 0.0202 0.0101 0.0111 
   H166022.6  2 0.9614 0.0110 0.0137 0.0139 
   H166022.7  2 0.0131 0.9365 0.0106 0.0399 
   H166022.8  2 0.9230 0.0223 0.0372 0.0175 
   H167397.1  2 0.0235 0.0111 0.0416 0.9237 
   H167397.2  2 0.0298 0.0191 0.0775 0.8735 
   H167397.3  2 0.0123 0.0093 0.0204 0.9580 
   H167397.4  2 0.0262 0.0181 0.0324 0.9233 
   H167397.5  2 0.0222 0.0130 0.0368 0.9280 
   H167397.6  2 0.0142 0.0160 0.0311 0.9387 
   H167496.1  2 0.5789 0.2031 0.1883 0.0297 
   H167496.2  2 0.0686 0.2838 0.4209 0.2266 
   H167496.3  2 0.3808 0.0583 0.5136 0.0474 
   H167496.4  2 0.9593 0.0150 0.0106 0.0151 
   H167496.6  2 0.8547 0.0778 0.0285 0.0390 
   H167496.7  2 0.1304 0.2063 0.6399 0.0234 
   H167496.8  2 0.8749 0.0362 0.0297 0.0592 
   H167513.1  2 0.1561 0.4120 0.1818 0.2501 
   H167513.2  2 0.0707 0.1687 0.5645 0.1962 
   H167513.3  2 0.2584 0.6857 0.0352 0.0207 
   H167513.4  2 0.7760 0.1048 0.0793 0.0398 
   H167513.5  2 0.0754 0.0667 0.3914 0.4665 
   H167513.6  2 0.2970 0.1835 0.3703 0.1492 
   H167513.7  2 0.4621 0.2623 0.0305 0.2452 
   H167513.8  2 0.0606 0.7578 0.0264 0.1552 
   H167547.1  2 0.0294 0.0221 0.9304 0.0182 
   H167547.2  2 0.0914 0.0185 0.8449 0.0452 
   H167547.3  2 0.0745 0.0163 0.8666 0.0427 
   H167547.4  2 0.4843 0.0698 0.4157 0.0302 
   H167547.5  2 0.1002 0.0189 0.8588 0.0221 
   H167547.6  2 0.1482 0.0170 0.8132 0.0216 
   H167547.7  2 0.0728 0.1931 0.6121 0.1221 
   H169750.1  2 0.1846 0.5972 0.1561 0.0621 
   H169750.2  2 0.0584 0.2231 0.1325 0.5860 
   H169750.3  2 0.1338 0.6815 0.1535 0.0312 
   H169750.4  2 0.0389 0.4191 0.1648 0.3772 
   H169750.5  2 0.2496 0.3376 0.0982 0.3147 
   H169750.6  2 0.1614 0.1837 0.0808 0.5741 
   H169750.7  2 0.0354 0.6967 0.1164 0.1516 
   H171929.1  2 0.0231 0.0276 0.5642 0.3851 
  H171929.10  2 0.3138 0.0301 0.4188 0.2373 
  H171929.11  2 0.0329 0.0463 0.6070 0.3139 
   H171929.2  2 0.0329 0.0692 0.8556 0.0423 
   H171929.3  2 0.0464 0.0438 0.5345 0.3752 
   H171929.4  2 0.2705 0.0930 0.5956 0.0409 
   H171929.5  2 0.1321 0.3027 0.3635 0.2016 
   H171929.6  2 0.0498 0.2632 0.3988 0.2882 
   H171929.7  2 0.0274 0.0778 0.8201 0.0748 
   H171929.8  2 0.0442 0.0413 0.8780 0.0366 
   H171929.9  2 0.4622 0.1399 0.3429 0.0551 
   H171930.1  2 0.0749 0.7818 0.0756 0.0678 
   H171930.2  2 0.6474 0.1990 0.1222 0.0314 
   H171930.3  2 0.1466 0.7913 0.0305 0.0317 
   H171930.4  2 0.4618 0.4854 0.0279 0.0249 
   H171930.5  2 0.1932 0.5096 0.1844 0.1128 
   H171930.6  2 0.3860 0.5092 0.0437 0.0611 
   H171930.7  2 0.1478 0.7526 0.0344 0.0652 
   H171930.8  2 0.2232 0.6189 0.0791 0.0788 
   H171933.1  2 0.9545 0.0120 0.0186 0.0149 
   H171933.2  2 0.9115 0.0146 0.0248 0.0491 
   H171933.3  2 0.9495 0.0110 0.0274 0.0121 
   H171933.4  2 0.8949 0.0298 0.0652 0.0102 
   H171933.5  2 0.6208 0.1593 0.2039 0.0160 
   H171933.6  2 0.9599 0.0108 0.0130 0.0163 
   H171933.7  2 0.9117 0.0357 0.0314 0.0212 
   H171933.8  2 0.8928 0.0310 0.0425 0.0337 
   H171933.9  2 0.9571 0.0171 0.0155 0.0103 
      H190.1  2 0.3848 0.4892 0.0988 0.0272 
      H190.2  2 0.0171 0.0244 0.9300 0.0285 
      H190.3  2 0.0422 0.0338 0.8962 0.0279 
      H190.4  2 0.8979 0.0425 0.0455 0.0141 
      H190.5  2 0.0454 0.1235 0.6906 0.1405 
      H190.6  2 0.8039 0.0634 0.1159 0.0168 
      H190.7  2 0.0752 0.0317 0.8648 0.0282 
      H190.8  2 0.0637 0.1968 0.6871 0.0524 
      H190.9  2 0.0492 0.0348 0.8815 0.0345 
      H400.1  2 0.9635 0.0118 0.0102 0.0144 
      H400.2  2 0.9590 0.0105 0.0102 0.0204 
      H400.3  2 0.9376 0.0256 0.0182 0.0185 
      H400.4  2 0.9480 0.0169 0.0181 0.0171 
      H400.5  2 0.9508 0.0205 0.0150 0.0137 
      H400.6  2 0.9627 0.0116 0.0147 0.0111 
      H400.7  2 0.9641 0.0121 0.0152 0.0086 
 H428.1_2005  2 0.9206 0.0402 0.0156 0.0236 
 H428.1_2006  2 0.9175 0.0188 0.0208 0.0430 
 H428.2_2005  2 0.9535 0.0129 0.0197 0.0139 
 H428.2_2006  2 0.9347 0.0133 0.0109 0.0410 
 H428.3_2005  2 0.9532 0.0167 0.0164 0.0137 
 H428.3_2006  2 0.9223 0.0220 0.0150 0.0406 
 H428.4_2005  2 0.9550 0.0192 0.0135 0.0123 
 H428.4_2006  2 0.9610 0.0105 0.0107 0.0178 
 H428.5_2005  2 0.9397 0.0098 0.0097 0.0407 
 H428.6_2005  2 0.9420 0.0196 0.0207 0.0178 
 H428.6_2006  2 0.9250 0.0215 0.0106 0.0430 
      H428.7  2 0.9706 0.0106 0.0098 0.0091 
      H428.8  2 0.9489 0.0125 0.0107 0.0280 
      H428.9  2 0.9594 0.0108 0.0106 0.0192 
      H453.1  2 0.9295 0.0231 0.0108 0.0367 
      H453.2  2 0.9555 0.0189 0.0131 0.0126 
      H453.3  2 0.9638 0.0141 0.0143 0.0078 
      H453.4  2 0.9638 0.0143 0.0119 0.0100 
      H453.5  2 0.9602 0.0134 0.0094 0.0170 
      H453.6  2 0.9684 0.0119 0.0079 0.0118 
      H453.7  2 0.5313 0.0641 0.3497 0.0549 
      H453.8  2 0.6927 0.0666 0.1956 0.0450 
      H453.9  2 0.8839 0.0235 0.0220 0.0706 
      H512.1  2 0.9609 0.0182 0.0115 0.0093 
     H512.10  2 0.5029 0.1799 0.0836 0.2337 
      H512.2  2 0.5916 0.1992 0.1752 0.0340 
      H512.3  2 0.2376 0.6734 0.0357 0.0533 
      H512.4  2 0.8106 0.0524 0.0642 0.0727 
      H512.5  2 0.0482 0.8900 0.0267 0.0352 
      H512.6  2 0.3245 0.5403 0.1168 0.0184 
      H512.7  2 0.1406 0.8001 0.0194 0.0398 
      H512.8  2 0.3431 0.3324 0.2957 0.0288 
      H512.9  2 0.3993 0.4937 0.0360 0.0710 
      H513.1  2 0.9614 0.0093 0.0096 0.0197 
      H513.2  2 0.9621 0.0077 0.0105 0.0196 
      H513.3  2 0.9665 0.0116 0.0104 0.0115 
      H513.4  2 0.9517 0.0146 0.0170 0.0167 
      H513.5  2 0.9627 0.0154 0.0088 0.0131 
      H513.6  2 0.7356 0.0369 0.0227 0.2048 
      H532.1  2 0.5380 0.1141 0.0287 0.3191 
      H532.2  2 0.9294 0.0142 0.0351 0.0212 
      H532.3  2 0.8980 0.0258 0.0511 0.0252 
      H532.4  2 0.5781 0.0257 0.0463 0.3499 
      H532.5  2 0.8625 0.0404 0.0193 0.0778 
      H532.6  2 0.8487 0.0253 0.0196 0.1064 
      H532.7  2 0.6068 0.0336 0.0138 0.3459 
      H532.8  2 0.4455 0.0952 0.0419 0.4175 
      H543.1  2 0.0304 0.0115 0.0113 0.9469 
      H543.2  2 0.1931 0.0265 0.0370 0.7434 
      H543.3  2 0.0238 0.0139 0.0103 0.9520 
      H543.4  2 0.0141 0.0124 0.0197 0.9537 
      H543.5  2 0.0140 0.0131 0.0131 0.9598 
      H543.6  2 0.0431 0.0159 0.0218 0.9192 
      H543.7  2 0.0108 0.0088 0.0145 0.9659 
      H543.8  2 0.0381 0.0182 0.0168 0.9269 
      H543.9  2 0.0337 0.0168 0.0251 0.9244 
 H545.1_2005  2 0.0090 0.0115 0.0087 0.9708 
 H545.1_2006  2 0.0099 0.0098 0.0093 0.9711 
 H545.2_2005  2 0.0103 0.0437 0.0127 0.9333 
 H545.2_2006  2 0.0200 0.0177 0.0134 0.9489 
 H545.3_2005  2 0.0232 0.0684 0.0457 0.8627 
 H545.3_2006  2 0.0080 0.0111 0.0080 0.9729 
 H545.4_2005  2 0.0113 0.0156 0.0272 0.9459 
 H545.4_2006  2 0.0094 0.0172 0.0146 0.9588 
 H545.5_2005  2 0.0138 0.0172 0.0106 0.9585 
 H545.5_2006  2 0.0575 0.0509 0.0286 0.8629 
 H545.6_2005  2 0.0106 0.0158 0.0088 0.9647 
 H545.6_2006  2 0.0155 0.0173 0.0163 0.9509 
 H545.7_2005  2 0.0179 0.0261 0.0100 0.9460 
 H545.7_2006  2 0.0119 0.0145 0.0076 0.9660 
 H545.8_2005  2 0.0283 0.0207 0.0231 0.9279 
 H545.8_2006  2 0.0197 0.0170 0.0112 0.9520 
      H545.9  2 0.0312 0.0425 0.0242 0.9020 
      H547.1  2 0.9068 0.0312 0.0459 0.0161 
      H547.2  2 0.6761 0.0199 0.2772 0.0268 
      H547.3  2 0.5585 0.0521 0.3733 0.0162 
      H547.4  2 0.5169 0.0509 0.3784 0.0538 
      H547.5  2 0.5578 0.0172 0.4160 0.0089 
      H547.6  2 0.9212 0.0175 0.0421 0.0192 
      H547.7  2 0.7069 0.0558 0.2099 0.0274 
      H547.8  2 0.8881 0.0251 0.0736 0.0131 
      H548.1  2 0.0138 0.0240 0.0132 0.9491 
      H548.2  2 0.0137 0.0235 0.0210 0.9418 
      H548.3  2 0.0159 0.0189 0.0171 0.9481 
      H548.4  2 0.0232 0.0721 0.0192 0.8855 
      H548.5  2 0.0070 0.0118 0.0111 0.9701 
      H548.6  2 0.0107 0.0293 0.0116 0.9485 
      H548.7  2 0.0131 0.0162 0.0136 0.9570 
      H548.8  2 0.0102 0.0109 0.0099 0.9690 
      H548.9  2 0.0144 0.0140 0.0194 0.9522 
     H7389.1  2 0.9445 0.0168 0.0188 0.0199 
     H7389.2  2 0.9388 0.0077 0.0170 0.0365 
     H7389.3  2 0.9468 0.0129 0.0121 0.0282 
     H7389.4  2 0.8572 0.0251 0.0080 0.1097 
     H7389.5  2 0.8960 0.0449 0.0109 0.0482 
     H7389.6  2 0.8056 0.1380 0.0093 0.0471 
     H7389.7  2 0.9057 0.0254 0.0217 0.0472 
     H7389.8  2 0.7102 0.0517 0.0193 0.2187 
     H7389.9  2 0.9137 0.0142 0.0099 0.0622 
      H747.1  2 0.1513 0.5783 0.2397 0.0307 
      H747.2  2 0.0192 0.9259 0.0389 0.0160 
      H747.3  2 0.0528 0.8848 0.0480 0.0144 
      H747.4  2 0.0295 0.8664 0.0832 0.0209 
      H747.5  2 0.0196 0.9443 0.0234 0.0127 
      H747.6  2 0.0913 0.7033 0.1503 0.0552 
      H747.7  2 0.0365 0.9010 0.0426 0.0199 
     H7484.1  2 0.3220 0.1624 0.0653 0.4502 
     H7484.2  2 0.1218 0.2068 0.4406 0.2308 
     H7484.3  2 0.0579 0.2565 0.2723 0.4134 
     H7484.4  2 0.4947 0.2427 0.1315 0.1310 
     H7484.5  2 0.1562 0.3362 0.1179 0.3898 
     H7484.6  2 0.0326 0.8245 0.1038 0.0391 
     H7484.7  2 0.1085 0.6309 0.1002 0.1605 
     H7484.8  2 0.5631 0.2622 0.0684 0.1064 
     H7485.1  2 0.0157 0.0140 0.0148 0.9555 
     H7485.2  2 0.0187 0.0173 0.0086 0.9554 
     H7485.3  2 0.0069 0.0104 0.0080 0.9747 
     H7485.4  2 0.0148 0.0122 0.0069 0.9660 
     H7485.5  2 0.0119 0.0148 0.0114 0.9619 
     H7485.6  2 0.0151 0.0166 0.0168 0.9515 
     H7485.7  2 0.0091 0.0168 0.0187 0.9554 
     H7496.1  2 0.8972 0.0333 0.0405 0.0290 
    H7496.10  2 0.9529 0.0108 0.0156 0.0207 
    H7496.11  2 0.0173 0.0182 0.0122 0.9523 
     H7496.2  2 0.9349 0.0228 0.0231 0.0193 
     H7496.3  2 0.6325 0.0624 0.1087 0.1964 
     H7496.4  2 0.9508 0.0166 0.0174 0.0152 
     H7496.5  2 0.8960 0.0267 0.0488 0.0284 
     H7496.6  2 0.8976 0.0591 0.0250 0.0183 
     H7496.7  2 0.9510 0.0157 0.0155 0.0178 
     H7496.8  2 0.8013 0.0452 0.0881 0.0654 
        UNK4  2 0.6879 0.0667 0.1119 0.1336 
        UNK5  2 0.7020 0.0178 0.0685 0.2117 
        UNK6  2 0.8825 0.0279 0.0312 0.0584 
        UNK7  2 0.7549 0.0121 0.0387 0.1943 
        UNK8  2 0.7619 0.0152 0.0258 0.1971 
        UNK9  2 0.2573 0.0288 0.0183 0.6955 
      H009.1  4 0.0258 0.3253 0.6337 0.0152 
      H009.2  4 0.0218 0.6127 0.3541 0.0114 
      H009.3  4 0.0188 0.3183 0.6436 0.0193 
      H009.4  4 0.0244 0.6980 0.2581 0.0195 
      H009.5  4 0.0304 0.6524 0.2786 0.0385 
      H009.6  4 0.0211 0.1491 0.8064 0.0234 
      H046.4  4 0.1780 0.2453 0.1886 0.3881 
      H046.8  4 0.0426 0.2664 0.5763 0.1146 
 H076.1_2002  4 0.0194 0.0142 0.9566 0.0097 
 H076.1_2003  4 0.0081 0.0093 0.9733 0.0093 
 H076.1_2004  4 0.0102 0.0148 0.9622 0.0129 
 H076.2_2002  4 0.0212 0.0149 0.9526 0.0114 
 H076.2_2003  4 0.0090 0.0086 0.9718 0.0106 
 H076.2_2004  4 0.0250 0.0479 0.9119 0.0152 
 H076.3_2002  4 0.0377 0.1388 0.7959 0.0276 
 H076.3_2003  4 0.0188 0.0167 0.9475 0.0171 
 H076.3_2004  4 0.0148 0.0128 0.9497 0.0226 
 H076.4_2002  4 0.0358 0.0507 0.8894 0.0241 
 H076.4_2003  4 0.0117 0.0189 0.9582 0.0112 
 H076.4_2004  4 0.0407 0.1688 0.7730 0.0176 
 H076.5_2002  4 0.0331 0.0155 0.9352 0.0162 
 H076.5_2003  4 0.0329 0.0190 0.9216 0.0265 
 H076.5_2004  4 0.0473 0.0182 0.9083 0.0261 
 H076.6_2002  4 0.0121 0.0127 0.9507 0.0245 
 H076.6_2003  4 0.0217 0.0135 0.9549 0.0099 
 H076.6_2004  4 0.0158 0.0140 0.9572 0.0130 
 H076.7_2002  4 0.0978 0.1822 0.6872 0.0328 
 H076.7_2003  4 0.0455 0.0403 0.8927 0.0215 
 H076.7_2004  4 0.0114 0.0299 0.9393 0.0194 
      H477.1  4 0.2700 0.6940 0.0200 0.0160 
      H477.2  4 0.0459 0.9024 0.0414 0.0103 
      H477.3  4 0.0897 0.8558 0.0121 0.0424 
      H477.4  4 0.0925 0.8414 0.0226 0.0435 
      H477.5  4 0.0432 0.8895 0.0448 0.0224 
      H477.6  4 0.0337 0.9321 0.0122 0.0220 
      H477.7  4 0.1201 0.8129 0.0256 0.0415 
 H479.1_2005  4 0.3766 0.3863 0.0192 0.2179 
 H479.1_2006  4 0.0314 0.5198 0.3200 0.1289 
     H479.10  4 0.0266 0.6384 0.0333 0.3017 
 H479.2_2005  4 0.2928 0.1386 0.2352 0.3335 
 H479.2_2006  4 0.1107 0.7643 0.0194 0.1056 
 H479.3_2005  4 0.1693 0.7507 0.0278 0.0522 
 H479.3_2006  4 0.2236 0.6847 0.0637 0.0280 
 H479.4_2005  4 0.0362 0.8998 0.0241 0.0399 
 H479.4_2006  4 0.2200 0.5614 0.0192 0.1995 
 H479.5_2005  4 0.0855 0.1625 0.1120 0.6401 
 H479.5_2006  4 0.1001 0.8174 0.0102 0.0724 
 H479.6_2005  4 0.0299 0.8816 0.0209 0.0676 
 H479.6_2006  4 0.2689 0.1401 0.0113 0.5796 
 H479.7_2005  4 0.5694 0.3348 0.0343 0.0615 
 H479.7_2006  4 0.1725 0.6346 0.0292 0.1637 
 H479.8_2005  4 0.7140 0.2228 0.0132 0.0501 
 H479.8_2006  4 0.0106 0.7548 0.0391 0.1955 
      H479.9  4 0.0152 0.9126 0.0556 0.0166 
      H516.1  4 0.0363 0.2833 0.6533 0.0272 
      H516.2  4 0.0122 0.9574 0.0137 0.0167 
      H516.3  4 0.0107 0.9361 0.0397 0.0135 
      H516.4  4 0.0118 0.9219 0.0478 0.0184 
      H516.5  4 0.0222 0.6566 0.2913 0.0299 
      H516.6  4 0.0089 0.9632 0.0101 0.0178 
      H516.7  4 0.0210 0.9300 0.0288 0.0202 
      H516.8  4 0.0153 0.6310 0.3328 0.0209 
      H516.9  4 0.0124 0.9445 0.0256 0.0175 
      H646.1  4 0.0308 0.2351 0.7205 0.0136 
      H646.2  4 0.0189 0.1985 0.7758 0.0068 
      H646.3  4 0.0131 0.3839 0.5884 0.0146 
      H646.4  4 0.0978 0.2302 0.6576 0.0144 
      H646.5  4 0.0323 0.4479 0.5081 0.0117 
      H658.1  4 0.0116 0.8853 0.0581 0.0450 
     H658.10  4 0.0227 0.9304 0.0338 0.0131 
      H658.2  4 0.0198 0.8205 0.1130 0.0467 
      H658.3  4 0.0283 0.9049 0.0229 0.0438 
      H658.4  4 0.0233 0.9271 0.0202 0.0294 
      H658.5  4 0.0261 0.9518 0.0121 0.0101 
      H658.6  4 0.0185 0.8906 0.0740 0.0170 
      H658.7  4 0.0179 0.7302 0.2257 0.0262 
      H658.8  4 0.0156 0.5197 0.4371 0.0276 
      H658.9  4 0.0148 0.8849 0.0653 0.0350 
      H682.1  4 0.2116 0.4411 0.2070 0.1403 
      H682.6  4 0.1592 0.2139 0.4318 0.1951 
      H720.1  4 0.3816 0.3932 0.2030 0.0222 
      H720.2  4 0.2140 0.6263 0.1429 0.0168 
      H720.3  4 0.0821 0.3156 0.5552 0.0471 
      H720.4  4 0.0500 0.8446 0.0626 0.0428 
      H720.5  4 0.0632 0.3478 0.4564 0.1325 
      H720.6  4 0.0558 0.3069 0.5086 0.1287 
      H720.7  4 0.3609 0.5806 0.0373 0.0213 
      H720.8  4 0.3344 0.1612 0.4530 0.0515 
      H720.9  4 0.0753 0.3133 0.3877 0.2237 
      H724.1  4 0.0175 0.0180 0.9423 0.0222 
      H724.2  4 0.0934 0.0574 0.8135 0.0356 
      H724.3  4 0.1465 0.5836 0.2213 0.0486 
      H724.4  4 0.0173 0.0925 0.8499 0.0403 
      H724.5  4 0.1413 0.5885 0.1916 0.0786 
      H724.6  4 0.0369 0.0260 0.9010 0.0361 
      H725.1  4 0.0701 0.3245 0.3806 0.2248 
      H725.2  4 0.2589 0.3135 0.2526 0.1751 
      H725.3  4 0.0649 0.4631 0.0801 0.3919 
      H725.4  4 0.1741 0.0725 0.1008 0.6526 
      H725.5  4 0.7443 0.2137 0.0279 0.0141 
      H725.6  4 0.0388 0.7624 0.1355 0.0634 
      H725.7  4 0.0328 0.4578 0.2620 0.2475 
      H725.8  4 0.0287 0.3864 0.1346 0.4504 
      H726.1  4 0.0115 0.8443 0.1335 0.0107 
      H726.2  4 0.0368 0.8883 0.0589 0.0160 
      H726.3  4 0.0275 0.4300 0.5146 0.0279 
      H726.4  4 0.0097 0.9555 0.0127 0.0222 
      H726.5  4 0.0159 0.9066 0.0578 0.0197 
        UNK1  4 0.1870 0.6822 0.1068 0.0239 
        UNK2  4 0.0541 0.3274 0.2439 0.3746 
        UNK3  4 0.1858 0.6297 0.1529 0.0316 
      H016.1  5 0.0238 0.1471 0.0393 0.7897 
      H016.2  5 0.0219 0.0280 0.0241 0.9261 
      H016.3  5 0.0332 0.4598 0.4241 0.0830 
      H016.4  5 0.0341 0.0374 0.0257 0.9029 
 H017.1_2002  5 0.0328 0.1101 0.8406 0.0165 
 H017.1_2003  5 0.0480 0.8972 0.0207 0.0341 
 H017.2_2002  5 0.0240 0.0531 0.8975 0.0253 
 H017.2_2003  5 0.0088 0.9678 0.0123 0.0112 
 H017.3_2002  5 0.0510 0.4308 0.2374 0.2808 
 H017.3_2003  5 0.0611 0.0874 0.8343 0.0172 
 H017.4_2002  5 0.0806 0.0676 0.6602 0.1916 
 H017.4_2003  5 0.0088 0.9539 0.0223 0.0150 
 H017.5_2002  5 0.0150 0.2281 0.1988 0.5581 
 H017.5_2003  5 0.0142 0.9259 0.0350 0.0249 
 H017.6_2002  5 0.0999 0.0188 0.8300 0.0513 
 H017.6_2003  5 0.0259 0.8089 0.1468 0.0184 
 H017.7_2002  5 0.0596 0.0848 0.6127 0.2428 
 H017.7_2003  5 0.0084 0.9637 0.0129 0.0150 
      H017.8  5 0.0348 0.2550 0.5439 0.1663 
      H017.9  5 0.0687 0.1120 0.3585 0.4607 
      H032.1  5 0.0150 0.9579 0.0141 0.0131 
      H032.2  5 0.0082 0.9680 0.0090 0.0148 
      H032.3  5 0.0155 0.9226 0.0151 0.0468 
      H032.4  5 0.0077 0.9320 0.0260 0.0344 
      H032.5  5 0.0132 0.9468 0.0206 0.0194 
      H032.6  5 0.0113 0.9350 0.0363 0.0173 
      H032.7  5 0.0253 0.9299 0.0343 0.0105 
 H034.1_2002  5 0.0143 0.0371 0.8965 0.0521 
 H034.1_2003  5 0.0273 0.0335 0.9299 0.0093 
 H034.2_2002  5 0.0198 0.0645 0.6435 0.2722 
 H034.2_2003  5 0.0312 0.0310 0.9275 0.0103 
 H034.3_2002  5 0.0251 0.0635 0.5095 0.4019 
 H034.3_2003  5 0.0261 0.0291 0.9344 0.0104 
 H034.4_2002  5 0.0304 0.0167 0.9152 0.0378 
 H034.4_2003  5 0.0166 0.1042 0.8685 0.0107 
 H034.5_2002  5 0.0138 0.0438 0.8816 0.0607 
 H034.5_2003  5 0.0337 0.2168 0.6867 0.0628 
 H034.6_2002  5 0.0180 0.0229 0.8169 0.1422 
 H034.6_2003  5 0.0226 0.1900 0.7743 0.0131 
 H034.7_2002  5 0.0207 0.0445 0.9136 0.0213 
 H034.7_2003  5 0.0216 0.3692 0.5709 0.0383 
 H034.8_2002  5 0.0203 0.0127 0.9482 0.0187 
 H034.8_2003  5 0.0151 0.0871 0.8712 0.0265 
      H034.9  5 0.0485 0.0761 0.4702 0.4052 
      H048.1  5 0.0165 0.9440 0.0131 0.0264 
      H048.2  5 0.0949 0.7095 0.0463 0.1493 
      H048.3  5 0.0923 0.6544 0.2192 0.0341 
      H048.4  5 0.0430 0.6351 0.1254 0.1965 
      H048.5  5 0.0263 0.9087 0.0145 0.0505 
      H048.6  5 0.0404 0.5975 0.1833 0.1788 
      H048.7  5 0.0137 0.7055 0.0221 0.2587 
      H048.8  5 0.0184 0.7523 0.1026 0.1267 
      H060.1  5 0.0405 0.2267 0.5493 0.1835 
     H060.10  5 0.0150 0.0781 0.8849 0.0219 
      H060.2  5 0.0578 0.1434 0.7226 0.0762 
      H060.3  5 0.0102 0.0213 0.9202 0.0484 
      H060.4  5 0.0696 0.3032 0.5797 0.0475 
      H060.5  5 0.0215 0.0438 0.7942 0.1404 
      H060.6  5 0.0207 0.0557 0.7604 0.1632 
      H060.7  5 0.0669 0.0864 0.7899 0.0568 
      H060.8  5 0.0728 0.2115 0.6269 0.0888 
      H060.9  5 0.0237 0.1207 0.5910 0.2646 
 H070.1_2002  5 0.4894 0.0579 0.3735 0.0792 
 H070.1_2003  5 0.0361 0.1163 0.5654 0.2822 
 H070.1_2004  5 0.0127 0.0160 0.9564 0.0149 
 H070.2_2002  5 0.3006 0.0341 0.6387 0.0266 
 H070.2_2003  5 0.1197 0.1349 0.6591 0.0862 
 H070.2_2004  5 0.0102 0.0202 0.9611 0.0084 
 H070.3_2002  5 0.0613 0.1950 0.4992 0.2445 
 H070.3_2003  5 0.0192 0.2853 0.6783 0.0172 
 H070.3_2004  5 0.0269 0.0693 0.8418 0.0620 
 H070.4_2002  5 0.0565 0.0406 0.8867 0.0162 
 H070.4_2003  5 0.0437 0.2968 0.5215 0.1380 
 H070.4_2004  5 0.0448 0.0566 0.8157 0.0829 
 H070.5_2002  5 0.0567 0.0677 0.0736 0.8019 
 H070.5_2003  5 0.0244 0.3229 0.5516 0.1011 
 H070.5_2004  5 0.0175 0.0323 0.9266 0.0236 
 H070.6_2002  5 0.1766 0.4892 0.1724 0.1618 
 H070.6_2003  5 0.0174 0.0414 0.9302 0.0111 
 H070.6_2004  5 0.0482 0.0463 0.8638 0.0417 
      H077.1  5 0.0109 0.1068 0.8554 0.0268 
      H077.2  5 0.0090 0.3751 0.0886 0.5273 
      H077.3  5 0.0156 0.0738 0.8933 0.0173 
      H077.4  5 0.0275 0.2413 0.7126 0.0187 
      H077.5  5 0.0175 0.3880 0.4252 0.1694 
      H077.6  5 0.0132 0.6635 0.2338 0.0895 
      H097.1  5 0.0561 0.0630 0.8261 0.0548 
      H097.2  5 0.5705 0.0574 0.3411 0.0310 
      H097.3  5 0.0833 0.1273 0.7551 0.0343 
      H097.4  5 0.5312 0.1011 0.3467 0.0210 
      H097.5  5 0.1377 0.2682 0.5735 0.0206 
      H097.6  5 0.6039 0.0697 0.2768 0.0496 
      H097.7  5 0.2973 0.0670 0.5974 0.0383 
      H124.1  5 0.0253 0.0666 0.0737 0.8344 
      H124.2  5 0.0460 0.0962 0.0358 0.8220 
      H124.3  5 0.0135 0.0309 0.0159 0.9396 
      H124.4  5 0.0550 0.0716 0.0782 0.7952 
      H124.5  5 0.0189 0.0533 0.0402 0.8876 
      H132.1  5 0.0227 0.0501 0.7675 0.1597 
      H132.2  5 0.0234 0.0922 0.6326 0.2518 
      H132.3  5 0.0170 0.0515 0.7194 0.2120 
      H132.4  5 0.0227 0.0797 0.7088 0.1888 
      H132.5  5 0.0298 0.0449 0.5346 0.3908 
      H132.6  5 0.0221 0.0533 0.3258 0.5987 
      H132.7  5 0.1166 0.1147 0.1016 0.6671 
      H155.1  5 0.0096 0.0213 0.0128 0.9562 
      H155.2  5 0.0240 0.0611 0.0390 0.8758 
      H155.3  5 0.0683 0.0851 0.0141 0.8325 
      H155.4  5 0.0119 0.0135 0.0141 0.9604 
      H155.5  5 0.0127 0.0519 0.0167 0.9188 
      H155.6  5 0.0327 0.0565 0.0160 0.8948 
      H155.7  5 0.0178 0.0651 0.0189 0.8982 
      H155.8  5 0.0335 0.0188 0.0138 0.9339 
      H155.9  5 0.0315 0.3240 0.0196 0.6248 
      H169.1  5 0.0449 0.5980 0.3282 0.0289 
      H169.2  5 0.0225 0.1534 0.7922 0.0319 
      H169.3  5 0.0374 0.2299 0.7192 0.0136 
      H169.4  5 0.0429 0.2751 0.6533 0.0287 
      H169.5  5 0.0682 0.3380 0.5056 0.0883 
      H169.6  5 0.0544 0.4184 0.4144 0.1128 
      H457.1  5 0.7590 0.0521 0.1386 0.0503 
      H457.2  5 0.8564 0.0699 0.0213 0.0523 
      H457.3  5 0.9446 0.0217 0.0243 0.0094 
      H457.4  5 0.7848 0.0740 0.1264 0.0148 
      H457.5  5 0.1836 0.6126 0.0933 0.1105 
      H457.6  5 0.4185 0.4686 0.0532 0.0597 
      H457.7  5 0.4900 0.0638 0.3984 0.0478 
      H457.8  5 0.5218 0.3865 0.0299 0.0618 
      H462.1  5 0.1489 0.5282 0.2356 0.0874 
      H462.2  5 0.0994 0.1404 0.6826 0.0776 
      H462.3  5 0.1795 0.5728 0.0798 0.1680 
      H462.4  5 0.0364 0.1252 0.6136 0.2247 
      H462.5  5 0.0450 0.2025 0.5868 0.1657 
      H462.6  5 0.0437 0.3663 0.2792 0.3108 
      H462.7  5 0.3998 0.5001 0.0513 0.0488 
      H462.8  5 0.0181 0.0805 0.8496 0.0517 
      H462.9  5 0.1292 0.6678 0.1077 0.0953 
      H481.1  5 0.0120 0.0184 0.9583 0.0113 
      H481.2  5 0.0166 0.0539 0.8954 0.0341 
      H481.3  5 0.0145 0.0366 0.8446 0.1043 
      H481.4  5 0.0191 0.0642 0.8584 0.0582 
      H481.5  5 0.0215 0.0196 0.9155 0.0434 
      H481.6  5 0.2026 0.0425 0.7234 0.0315 
      H481.7  5 0.0985 0.0570 0.7899 0.0546 
      H481.8  5 0.1716 0.0539 0.7614 0.0131 
      H509.1  5 0.0406 0.8640 0.0647 0.0307 
      H509.2  5 0.1675 0.7276 0.0862 0.0188 
      H509.3  5 0.2323 0.7244 0.0276 0.0157 
      H509.4  5 0.4204 0.4720 0.0857 0.0219 
      H509.5  5 0.1514 0.6278 0.0681 0.1527 
      H509.6  5 0.0899 0.7487 0.1165 0.0449 
      H509.7  5 0.2798 0.6526 0.0347 0.0329 
      H567.1  5 0.2302 0.7431 0.0148 0.0119 
      H567.2  5 0.2156 0.4125 0.2496 0.1223 
      H567.3  5 0.1886 0.5554 0.2191 0.0369 
      H567.4  5 0.9045 0.0517 0.0238 0.0201 
      H567.5  5 0.3706 0.5962 0.0167 0.0165 
      H567.6  5 0.4838 0.4730 0.0268 0.0165 
      H567.7  5 0.4686 0.3681 0.0823 0.0811 
      H567.8  5 0.3137 0.6230 0.0382 0.0250 
      H608.1  5 0.1500 0.2065 0.4264 0.2171 
      H608.2  5 0.1082 0.2540 0.2760 0.3619 
      H608.3  5 0.0660 0.4442 0.0761 0.4138 
      H608.4  5 0.0432 0.8543 0.0504 0.0521 
      H608.5  5 0.0992 0.6013 0.0343 0.2651 
      H608.6  5 0.0283 0.7167 0.0836 0.1714 
      H608.7  5 0.0767 0.7036 0.0443 0.1754 
      H608.8  5 0.0806 0.7639 0.0371 0.1183 
      H615.1  5 0.0325 0.3874 0.3220 0.2581 
      H615.2  5 0.0783 0.5266 0.2352 0.1599 
      H615.3  5 0.0404 0.0778 0.8660 0.0158 
      H615.4  5 0.0681 0.2428 0.6493 0.0398 
      H615.5  5 0.0243 0.0716 0.8748 0.0293 
      H615.6  5 0.0110 0.0205 0.9587 0.0099 
      H635.1  5 0.0337 0.0824 0.8581 0.0258 
      H635.2  5 0.4306 0.1425 0.3662 0.0607 
      H635.3  5 0.1532 0.1548 0.4940 0.1980 
      H635.4  5 0.0804 0.0711 0.5771 0.2714 
      H635.5  5 0.0657 0.1283 0.7561 0.0499 
      H635.6  5 0.0206 0.0154 0.9448 0.0191 
      H635.7  5 0.0600 0.2724 0.6014 0.0661 
      H635.8  5 0.6144 0.0430 0.2298 0.1128 
      H635.9  5 0.1472 0.2360 0.5798 0.0370 
      H728.1  5 0.0125 0.9148 0.0132 0.0594 
      H728.2  5 0.0310 0.8489 0.0460 0.0741 
      H728.3  5 0.0336 0.9378 0.0119 0.0167 
      H728.4  5 0.0381 0.8462 0.0173 0.0985 
      H728.5  5 0.0177 0.9479 0.0184 0.0160 
      H728.6  5 0.0180 0.9230 0.0205 0.0385 
      H728.7  5 0.3215 0.2441 0.2012 0.2332 
 H7395.1_200  5 0.1476 0.2001 0.4518 0.2004 
 H7395.1_200  5 0.0306 0.9149 0.0139 0.0406 
     H7395.2  5 0.0337 0.9032 0.0132 0.0499 
     H7395.3  5 0.0289 0.9158 0.0162 0.0391 
     H7395.4  5 0.0140 0.9201 0.0208 0.0451 
     H7395.5  5 0.0278 0.8853 0.0103 0.0765 
     H7395.6  5 0.0173 0.9336 0.0088 0.0403 
     H7395.7  5 0.0259 0.8585 0.0205 0.0951 
     H7395.8  5 0.0529 0.7283 0.0611 0.1578 
     H7395.9  5 0.0403 0.6197 0.0590 0.2810 
      H742.1  5 0.0147 0.6655 0.1355 0.1842 
      H742.2  5 0.0437 0.1298 0.7483 0.0782 
      H742.3  5 0.0180 0.5866 0.1433 0.2521 
      H958.1  5 0.0788 0.7655 0.1459 0.0097 
      H958.2  5 0.1715 0.7618 0.0518 0.0149 
      H958.3  5 0.1994 0.7464 0.0329 0.0214 
      H958.4  5 0.0432 0.7537 0.1919 0.0112 
      H958.5  5 0.1450 0.6840 0.1577 0.0133 
      H958.6  5 0.3061 0.6091 0.0702 0.0147 
      H958.7  5 0.3112 0.5947 0.0743 0.0198 
      H452.1 10 0.0117 0.0199 0.9549 0.0136 
     H452.10 10 0.0202 0.0185 0.9438 0.0175 
      H452.2 10 0.3301 0.2524 0.3823 0.0352 
      H452.3 10 0.0219 0.0164 0.9515 0.0103 
      H452.4 10 0.0114 0.0117 0.9613 0.0157 
      H452.5 10 0.0601 0.0291 0.8846 0.0262 
      H452.6 10 0.0713 0.5182 0.3639 0.0466 
      H452.7 10 0.0464 0.1301 0.8058 0.0176 
      H452.8 10 0.0469 0.0549 0.8666 0.0316 
      H452.9 10 0.0094 0.0106 0.9596 0.0204 
      H473.1 10 0.1504 0.7651 0.0662 0.0183 
      H473.2 10 0.9232 0.0241 0.0192 0.0336 
      H473.3 10 0.8125 0.0444 0.0162 0.1268 
      H473.4 10 0.8770 0.0284 0.0401 0.0545 
      H473.5 10 0.8891 0.0673 0.0124 0.0311 
      H473.6 10 0.7128 0.0774 0.0240 0.1858 
      H473.7 10 0.8892 0.0622 0.0237 0.0249 
      H473.8 10 0.9264 0.0220 0.0181 0.0334 
      H487.1 10 0.0149 0.0110 0.9659 0.0082 
      H487.2 10 0.0179 0.0191 0.9491 0.0139 
      H487.3 10 0.0128 0.0198 0.9568 0.0105 
      H487.4 10 0.0126 0.0470 0.9302 0.0102 
      H487.5 10 0.0097 0.0091 0.9747 0.0064 
      H703.1 10 0.0402 0.4732 0.1820 0.3047 
     H703.10 10 0.0587 0.4649 0.3837 0.0927 
      H703.2 10 0.0233 0.4236 0.3112 0.2419 
      H703.3 10 0.0575 0.5751 0.2840 0.0834 
      H703.4 10 0.3779 0.1679 0.3898 0.0644 
      H703.5 10 0.7572 0.1043 0.1176 0.0208 
      H703.6 10 0.1265 0.7566 0.0919 0.0250 
      H703.7 10 0.3225 0.3208 0.0952 0.2615 
      H703.8 10 0.0114 0.0759 0.9019 0.0109 
      H703.9 10 0.0332 0.6249 0.2996 0.0423 
      H705.1 10 0.4828 0.0954 0.4128 0.0089 
      H705.2 10 0.1278 0.0561 0.7983 0.0179 
      H705.3 10 0.0218 0.0205 0.9495 0.0082 
      H705.4 10 0.0449 0.0299 0.9154 0.0098 
      H705.5 10 0.0158 0.0124 0.9593 0.0125 
      H705.6 10 0.0188 0.0188 0.9465 0.0159 
      H705.7 10 0.3356 0.0944 0.5576 0.0124 
     H7352.1 10 0.0591 0.1689 0.0719 0.7001 
     H7352.2 10 0.0116 0.0165 0.9247 0.0471 
     H7352.3 10 0.0161 0.2746 0.6780 0.0313 
     H7352.4 10 0.0149 0.2490 0.7006 0.0355 
     H7352.5 10 0.0534 0.1832 0.1144 0.6490 
     H7352.6 10 0.0544 0.2489 0.2319 0.4648 
     H7352.7 10 0.0098 0.0146 0.9351 0.0404 
     H7354.1 10 0.0723 0.8482 0.0533 0.0261 
     H7354.2 10 0.2012 0.5174 0.2530 0.0284 
     H7354.3 10 0.1249 0.6221 0.2251 0.0279 
     H7354.4 10 0.0347 0.7688 0.1249 0.0716 
     H7354.5 10 0.1012 0.6629 0.1604 0.0755 
     H7354.6 10 0.1240 0.2263 0.6352 0.0144 
     H7354.7 10 0.0210 0.7494 0.2038 0.0258 
     H7359.1 10 0.2430 0.3208 0.3341 0.1020 
     H7359.2 10 0.2381 0.4714 0.2761 0.0144 
     H7359.3 10 0.1579 0.1200 0.6954 0.0267 
     H7359.4 10 0.0506 0.8545 0.0639 0.0310 
     H7359.5 10 0.1465 0.3279 0.5095 0.0160 
      H909.1 10 0.0197 0.1493 0.8229 0.0081 
      H909.2 10 0.0405 0.0206 0.9300 0.0088 
      H909.3 10 0.0060 0.0110 0.9718 0.0112 
      H909.4 10 0.0131 0.0199 0.9553 0.0117 
      H909.6 10 0.0176 0.1032 0.8630 0.0161 
      H909.8 10 0.0157 0.0273 0.9444 0.0126 
      H909.9 10 0.0119 0.0572 0.9053 0.0256 
     H9555.1 10 0.0174 0.0190 0.9542 0.0094 
     H9555.2 10 0.0313 0.0169 0.9367 0.0151 
     H9555.3 10 0.0551 0.0333 0.8920 0.0196 
     H9555.4 10 0.0155 0.0250 0.9530 0.0064 
     H9555.5 10 0.0290 0.0261 0.9310 0.0139 
     H9555.6 10 0.1977 0.1883 0.5225 0.0915 
     H9555.7 10 0.2855 0.1429 0.5501 0.0216 
     H9703.1 10 0.0763 0.0969 0.8189 0.0080 
     H9703.2 10 0.2140 0.0673 0.7078 0.0109 
     H9703.3 10 0.0307 0.5835 0.3681 0.0177 
     H9703.4 10 0.0337 0.3280 0.6232 0.0152 
     H9703.5 10 0.0476 0.7461 0.1172 0.0891 
     H9707.1 10 0.0539 0.0458 0.0495 0.8507 
     H9707.2 10 0.0445 0.0698 0.2899 0.5959 
     H9707.3 10 0.0732 0.0420 0.0899 0.7950 
     H9707.4 10 0.0307 0.0239 0.9268 0.0186 
     H9707.5 10 0.3124 0.1229 0.1919 0.3729 
     H9707.6 10 0.2808 0.1143 0.5206 0.0843 
     H9707.7 10 0.4214 0.1783 0.2898 0.1104 
     H9707.8 10 0.1157 0.0297 0.1738 0.6808 
     HSAA4.1 10 0.1042 0.0312 0.8533 0.0113 
     HSAA4.2 10 0.0294 0.0324 0.9175 0.0206 
     HSAA4.3 10 0.0165 0.0233 0.9457 0.0145 
     HSAA4.4 10 0.0238 0.1567 0.8055 0.0139 
     HSAA4.5 10 0.0127 0.0425 0.9323 0.0125 
     HSAA4.6 10 0.0119 0.0113 0.9689 0.0079 
     HSAA4.7 10 0.0091 0.0205 0.9625 0.0079 
   saaRTON.1 10 0.0896 0.4443 0.4537 0.0123 
  saaRTON.10 10 0.0257 0.0372 0.9191 0.0179 
   saaRTON.2 10 0.1202 0.4386 0.4237 0.0175 
   saaRTON.3 10 0.0196 0.0782 0.8795 0.0227 
   saaRTON.4 10 0.0247 0.0169 0.9491 0.0093 
   saaRTON.5 10 0.0309 0.0393 0.9206 0.0092 
   saaRTON.6 10 0.1057 0.4210 0.4492 0.0241 
   saaRTON.7 10 0.7113 0.0485 0.2235 0.0167 
   saaRTON.8 10 0.0218 0.0279 0.9384 0.0120 
   saaRTON.9 10 0.0285 0.1834 0.7790 0.0091 
      H005.1 11 0.0283 0.4218 0.5340 0.0159 
      H005.2 11 0.2199 0.5819 0.1312 0.0669 
      H005.3 11 0.0164 0.4269 0.5355 0.0211 
      H005.4 11 0.0751 0.7410 0.1278 0.0561 
      H005.5 11 0.0270 0.2856 0.6285 0.0589 
      H005.6 11 0.1001 0.7692 0.0495 0.0812 
      H005.7 11 0.0391 0.6815 0.2332 0.0463 
      H005.8 11 0.0300 0.6662 0.2706 0.0332 
      H005.9 11 0.1329 0.5444 0.1986 0.1242 
      H031.1 11 0.0289 0.8574 0.0223 0.0913 
      H031.2 11 0.0329 0.3410 0.6113 0.0148 
      H031.3 11 0.3768 0.3065 0.1481 0.1685 
      H031.4 11 0.0606 0.6152 0.3019 0.0223 
      H031.5 11 0.2839 0.1678 0.4837 0.0646 
      H031.6 11 0.0527 0.6966 0.2255 0.0251 
      H031.7 11 0.6794 0.1589 0.1221 0.0397 
      H031.8 11 0.0219 0.6628 0.1884 0.1269 
      H136.1 11 0.0642 0.8953 0.0200 0.0205 
      H136.2 11 0.6001 0.3306 0.0422 0.0272 
      H136.3 11 0.4468 0.3589 0.0305 0.1637 
      H136.4 11 0.1034 0.8322 0.0443 0.0201 
      H153.1 11 0.0547 0.8314 0.0828 0.0311 
      H153.2 11 0.0374 0.7321 0.1562 0.0743 
      H153.3 11 0.0687 0.8628 0.0316 0.0370 
      H153.4 11 0.0472 0.7943 0.1425 0.0159 
      H167.1 11 0.1156 0.0892 0.0374 0.7578 
      H167.2 11 0.0248 0.0157 0.0386 0.9209 
      H167.3 11 0.0478 0.0315 0.0237 0.8970 
      H167.4 11 0.1421 0.4113 0.1301 0.3165 
      H167.5 11 0.0258 0.0935 0.0977 0.7830 
      H167.6 11 0.0180 0.0458 0.0233 0.9129 
      H167.7 11 0.0838 0.1458 0.6680 0.1024 
      H167.8 11 0.1364 0.3942 0.2200 0.2495 
      H173.1 11 0.3255 0.3914 0.2500 0.0330 
      H173.2 11 0.1552 0.6309 0.1071 0.1068 
      H173.3 11 0.2696 0.5022 0.1708 0.0575 
      H173.4 11 0.2822 0.6435 0.0481 0.0262 
      H173.5 11 0.6230 0.2928 0.0381 0.0462 
 H194.1_2003 11 0.2301 0.0858 0.6652 0.0189 
 H194.2_2003 11 0.0689 0.0278 0.8604 0.0429 
 H194.3_2003 11 0.0357 0.0346 0.9148 0.0150 
 H194.4_2003 11 0.0373 0.0318 0.9088 0.0220 
 H194.5_2003 11 0.3601 0.1123 0.4973 0.0302 
 H194.6_2003 11 0.1096 0.0282 0.8348 0.0274 
 H194.7_2003 11 0.1626 0.0543 0.7532 0.0298 
 H194.8_2003 11 0.0539 0.0456 0.8757 0.0248 
      H196.1 11 0.0112 0.0140 0.6302 0.3446 
      H196.2 11 0.1274 0.0307 0.6385 0.2034 
      H196.3 11 0.0156 0.0350 0.2474 0.7020 
      H196.4 11 0.0161 0.0142 0.8830 0.0867 
      H196.5 11 0.0292 0.0156 0.5018 0.4534 
      H196.6 11 0.0234 0.0125 0.9230 0.0410 
 H356.1_2001 11 0.8849 0.0443 0.0557 0.0152 
 H356.1_2002 11 0.9417 0.0290 0.0179 0.0114 
 H356.2_2001 11 0.4528 0.5076 0.0227 0.0169 
 H356.2_2002 11 0.9222 0.0210 0.0448 0.0120 
 H356.3_2001 11 0.9075 0.0322 0.0410 0.0192 
 H356.3_2002 11 0.9040 0.0442 0.0288 0.0230 
 H356.4_2001 11 0.9210 0.0383 0.0242 0.0165 
 H356.4_2002 11 0.9295 0.0247 0.0321 0.0136 
 H356.5_2001 11 0.3206 0.6444 0.0239 0.0112 
 H356.5_2002 11 0.9476 0.0191 0.0181 0.0152 
 H356.6_2001 11 0.9058 0.0544 0.0189 0.0209 
 H356.6_2002 11 0.9542 0.0115 0.0214 0.0130 
 H356.7_2001 11 0.0496 0.9145 0.0230 0.0128 
 H356.7_2002 11 0.9458 0.0106 0.0332 0.0105 
      H356.8 11 0.8758 0.0218 0.0918 0.0105 
      H360.1 11 0.8260 0.0275 0.0420 0.1046 
     H360.10 11 0.9428 0.0187 0.0185 0.0200 
      H360.2 11 0.9624 0.0122 0.0125 0.0129 
      H360.3 11 0.8094 0.0325 0.0454 0.1127 
      H360.4 11 0.9676 0.0112 0.0108 0.0104 
      H360.5 11 0.9589 0.0108 0.0163 0.0139 
      H360.6 11 0.9350 0.0140 0.0251 0.0258 
      H360.7 11 0.9498 0.0140 0.0262 0.0101 
      H360.8 11 0.9428 0.0175 0.0183 0.0214 
      H360.9 11 0.9066 0.0369 0.0351 0.0214 
 H369.1_2001 11 0.0828 0.0764 0.6266 0.2142 
 H369.1_2002 11 0.0163 0.2281 0.6342 0.1214 
      H369.2 11 0.0161 0.0395 0.9273 0.0171 
      H369.3 11 0.0238 0.1479 0.7189 0.1094 
      H369.4 11 0.0411 0.0965 0.8390 0.0233 
      H369.5 11 0.0476 0.0201 0.9110 0.0212 
      H369.6 11 0.0252 0.0626 0.8884 0.0238 
      H374.1 11 0.0450 0.2592 0.5305 0.1653 
      H374.2 11 0.0238 0.2176 0.7376 0.0210 
      H374.3 11 0.0381 0.2125 0.7260 0.0233 
      H374.4 11 0.0560 0.0266 0.8759 0.0415 
      H374.5 11 0.0672 0.1803 0.7115 0.0410 
      H374.6 11 0.0425 0.0290 0.8909 0.0377 
      H374.7 11 0.0406 0.0270 0.8914 0.0411 
      H376.1 11 0.9277 0.0312 0.0175 0.0236 
      H376.2 11 0.9658 0.0116 0.0115 0.0112 
      H376.3 11 0.7575 0.1621 0.0563 0.0241 
      H376.4 11 0.9476 0.0233 0.0180 0.0111 
      H376.5 11 0.9558 0.0170 0.0154 0.0117 
      H376.6 11 0.9239 0.0201 0.0286 0.0275 
      H381.1 11 0.1358 0.6826 0.1136 0.0679 
      H381.2 11 0.0511 0.6634 0.2636 0.0220 
      H381.3 11 0.0456 0.8940 0.0321 0.0282 
      H381.4 11 0.2966 0.5339 0.1451 0.0244 
      H381.5 11 0.0184 0.4842 0.4847 0.0127 
      H381.6 11 0.0660 0.8479 0.0564 0.0298 
      H381.7 11 0.1917 0.5259 0.2614 0.0211 
      H386.1 11 0.0128 0.1488 0.0625 0.7759 
      H386.2 11 0.0204 0.4169 0.2519 0.3108 
      H386.3 11 0.0166 0.4904 0.1233 0.3697 
      H386.4 11 0.1635 0.1203 0.1772 0.5390 
      H386.5 11 0.0237 0.1828 0.0455 0.7480 
      H386.6 11 0.0118 0.0721 0.0246 0.8915 
 H387.1_2001 11 0.2388 0.0665 0.6327 0.0621 
 H387.2_2001 11 0.7554 0.0131 0.2214 0.0101 
 H387.3_2001 11 0.8672 0.0500 0.0596 0.0232 
 H387.4_2001 11 0.3508 0.0616 0.5566 0.0310 
 H387.5_2001 11 0.2310 0.0134 0.7473 0.0083 
 H387.6_2001 11 0.0843 0.0831 0.8232 0.0095 
 H387.7_2001 11 0.4780 0.0729 0.4268 0.0223 
      H387.9 11 0.5549 0.0399 0.3292 0.0760 
      H392.1 11 0.0073 0.9570 0.0165 0.0192 
      H392.2 11 0.0113 0.9338 0.0151 0.0397 
      H392.3 11 0.0088 0.8822 0.0498 0.0592 
      H392.4 11 0.0118 0.9503 0.0202 0.0177 
      H392.5 11 0.0240 0.8619 0.0419 0.0722 
      H392.6 11 0.0079 0.9661 0.0134 0.0126 
      H392.7 11 0.0122 0.9217 0.0244 0.0416 
 H393.1_2001 11 0.8249 0.0129 0.1384 0.0239 
 H393.1_2002 11 0.0585 0.0225 0.9017 0.0173 
 H393.2_2001 11 0.0265 0.0118 0.9251 0.0365 
 H393.2_2002 11 0.0732 0.0215 0.8686 0.0367 
 H393.3_2001 11 0.1786 0.0116 0.7348 0.0750 
 H393.3_2002 11 0.2194 0.0216 0.7287 0.0303 
 H393.4_2001 11 0.6837 0.0206 0.2519 0.0437 
 H393.4_2002 11 0.1418 0.0156 0.7765 0.0660 
      H393.5 11 0.8179 0.0145 0.1411 0.0266 
      H393.7 11 0.8998 0.0167 0.0579 0.0257 
      H393.8 11 0.7875 0.0215 0.1017 0.0893 
      H393.9 11 0.0889 0.0332 0.8438 0.0341 
      H394.1 11 0.0852 0.0259 0.8473 0.0417 
      H394.2 11 0.0676 0.0670 0.8268 0.0386 
      H394.3 11 0.6014 0.1673 0.1702 0.0611 
      H394.4 11 0.0099 0.0143 0.9574 0.0184 
      H394.5 11 0.0935 0.0392 0.3714 0.4959 
      H394.6 11 0.0232 0.0679 0.8297 0.0792 
      H394.7 11 0.0091 0.0226 0.9511 0.0172 
      H394.8 11 0.2662 0.0533 0.5660 0.1145 
      H394.9 11 0.0164 0.0156 0.9494 0.0186 
      H412.1 11 0.0150 0.0588 0.9146 0.0117 
      H412.2 11 0.0179 0.5156 0.4346 0.0319 
      H412.3 11 0.0387 0.1144 0.8343 0.0125 
      H412.4 11 0.0180 0.7048 0.2536 0.0236 
      H412.5 11 0.0155 0.0458 0.9290 0.0097 
      H412.6 11 0.0133 0.0242 0.9547 0.0078 
      H412.7 11 0.0175 0.1080 0.8587 0.0158 
      H412.8 11 0.0538 0.5681 0.3626 0.0155 
      H412.9 11 0.0112 0.0306 0.9491 0.0090 
        H439 11 0.5482 0.1841 0.1139 0.1537 
      H439.1 11 0.3432 0.0637 0.5251 0.0680 
      H439.2 11 0.5107 0.2854 0.1245 0.0794 
      H439.3 11 0.4726 0.2947 0.1364 0.0963 
      H439.4 11 0.2577 0.2798 0.0734 0.3890 
      H439.5 11 0.2702 0.2349 0.3223 0.1726 
      H439.6 11 0.8561 0.0603 0.0341 0.0495 
      H439.7 11 0.3606 0.2286 0.2442 0.1666 
      H439.8 11 0.6761 0.1907 0.0860 0.0472 
      H439.9 11 0.4906 0.3934 0.0391 0.0768 
 H441.1_2004 11 0.0309 0.1011 0.5038 0.3643 
 H441.1_2005 11 0.0145 0.6868 0.2460 0.0527 
 H441.2_2004 11 0.0356 0.0623 0.8475 0.0547 
 H441.2_2005 11 0.0119 0.5717 0.3931 0.0233 
 H441.3_2004 11 0.0615 0.0690 0.8094 0.0602 
 H441.3_2005 11 0.0230 0.2605 0.5972 0.1192 
 H441.4_2004 11 0.0158 0.0427 0.8593 0.0822 
 H441.4_2005 11 0.0154 0.7018 0.2585 0.0243 
 H441.5_2004 11 0.0167 0.0389 0.7381 0.2062 
 H441.5_2005 11 0.0176 0.4276 0.3994 0.1554 
 H441.6_2004 11 0.0207 0.0423 0.9198 0.0172 
 H441.6_2005 11 0.0263 0.1656 0.7616 0.0466 
 H441.7_2004 11 0.0113 0.0204 0.9473 0.0210 
 H441.7_2005 11 0.0540 0.2818 0.4766 0.1876 
 H441.8_2004 11 0.0156 0.0177 0.9457 0.0210 
 H441.8_2005 11 0.0200 0.5536 0.4065 0.0199 
 H441.9_2004 11 0.0493 0.7125 0.0849 0.1533 
 H441.9_2005 11 0.0600 0.2760 0.5612 0.1028 
 H442.1_2004 11 0.0358 0.9445 0.0125 0.0072 
 H442.1_2005 11 0.0707 0.8623 0.0455 0.0215 
 H442.2_2004 11 0.0639 0.8415 0.0728 0.0218 
 H442.2_2005 11 0.0302 0.8364 0.0985 0.0349 
 H442.3_2004 11 0.0144 0.9555 0.0123 0.0178 
 H442.3_2005 11 0.1245 0.6790 0.1521 0.0445 
 H442.4_2004 11 0.0295 0.6461 0.0327 0.2916 
 H442.4_2005 11 0.0676 0.5873 0.3174 0.0278 
 H442.5_2004 11 0.0098 0.9428 0.0300 0.0175 
 H442.5_2005 11 0.0283 0.7909 0.1632 0.0176 
 H442.6_2004 11 0.0188 0.8893 0.0756 0.0162 
 H442.6_2005 11 0.0464 0.8966 0.0402 0.0169 
      H442.7 11 0.0439 0.7144 0.2182 0.0234 
      H442.8 11 0.0205 0.8868 0.0814 0.0113 
      H442.9 11 0.0207 0.9357 0.0218 0.0218 
      H446.1 11 0.0244 0.8555 0.1071 0.0130 
      H446.2 11 0.1968 0.7044 0.0780 0.0209 
      H446.3 11 0.0802 0.5787 0.2909 0.0502 
      H446.4 11 0.1000 0.6182 0.1976 0.0842 
      H446.5 11 0.0746 0.7596 0.1395 0.0262 
      H446.6 11 0.0292 0.6515 0.2978 0.0215 
      H446.7 11 0.1315 0.4310 0.3497 0.0878 
      H447.1 11 0.0179 0.8709 0.0152 0.0960 
      H447.2 11 0.0472 0.5837 0.0818 0.2873 
      H447.3 11 0.0170 0.9008 0.0245 0.0577 
      H447.4 11 0.0200 0.8040 0.0336 0.1424 
      H447.5 11 0.0135 0.9309 0.0205 0.0351 
      H447.6 11 0.0693 0.3128 0.0629 0.5549 
      H447.7 11 0.0264 0.8483 0.0276 0.0978 
      H447.8 11 0.0128 0.9176 0.0262 0.0435 
      H447.9 11 0.0103 0.9325 0.0117 0.0454 
      H448.1 11 0.3694 0.4960 0.0840 0.0506 
      H448.2 11 0.1461 0.0444 0.7817 0.0277 
      H448.3 11 0.2348 0.2158 0.4930 0.0564 
      H448.4 11 0.0705 0.0463 0.8403 0.0429 
      H586.1 11 0.0259 0.9429 0.0154 0.0158 
     H586.10 11 0.0165 0.9469 0.0124 0.0242 
      H586.2 11 0.0175 0.9530 0.0104 0.0191 
      H586.3 11 0.0512 0.9061 0.0211 0.0216 
      H586.4 11 0.1344 0.8151 0.0250 0.0256 
      H586.5 11 0.0431 0.9030 0.0122 0.0417 
      H586.6 11 0.1110 0.8551 0.0194 0.0145 
      H586.7 11 0.0176 0.9515 0.0077 0.0232 
      H586.8 11 0.0192 0.9592 0.0112 0.0105 
      H586.9 11 0.0283 0.9351 0.0166 0.0199 
      H590.1 11 0.3611 0.3862 0.0334 0.2192 
     H590.10 11 0.4937 0.2701 0.0272 0.2090 
      H590.2 11 0.0241 0.8541 0.0893 0.0326 
      H590.3 11 0.1946 0.1752 0.5646 0.0657 
      H590.4 11 0.1809 0.2274 0.1796 0.4120 
      H590.5 11 0.0584 0.7991 0.0288 0.1137 
      H590.6 11 0.0635 0.7479 0.0552 0.1335 
      H590.7 11 0.1947 0.5091 0.0879 0.2082 
      H590.8 11 0.7412 0.1216 0.0483 0.0888 
      H610.1 11 0.0665 0.8064 0.0211 0.1060 
      H610.2 11 0.0609 0.6270 0.2941 0.0180 
      H610.3 11 0.0593 0.5232 0.0666 0.3509 
      H610.4 11 0.2262 0.6226 0.1242 0.0269 
      H610.5 11 0.0254 0.5470 0.0419 0.3858 
      H610.6 11 0.0776 0.6737 0.1930 0.0557 
      H610.7 11 0.1751 0.6415 0.0633 0.1200 
      H610.8 11 0.0948 0.7940 0.0861 0.0251 
      H610.9 11 0.0887 0.4018 0.0709 0.4386 
      H611.1 11 0.0165 0.9379 0.0247 0.0209 
      H611.2 11 0.0116 0.9715 0.0079 0.0090 
      H611.3 11 0.0091 0.9694 0.0125 0.0090 
      H611.4 11 0.0122 0.9473 0.0294 0.0111 
      H611.5 11 0.0212 0.9104 0.0228 0.0455 
      H611.6 11 0.0101 0.9656 0.0137 0.0106 
 H7379.1_200 11 0.0274 0.8097 0.0401 0.1228 
 H7379.1_200 11 0.0828 0.0627 0.6026 0.2519 
 H7379.2_200 11 0.0357 0.8391 0.0221 0.1032 
 H7379.2_200 11 0.2613 0.4021 0.0384 0.2982 
 H7379.3_200 11 0.0372 0.6132 0.0798 0.2698 
 H7379.3_200 11 0.1201 0.2832 0.4860 0.1108 
 H7379.4_200 11 0.0153 0.7406 0.1354 0.1086 
 H7379.4_200 11 0.3436 0.2426 0.3676 0.0462 
 H7379.5_200 11 0.0336 0.8539 0.0624 0.0501 
 H7379.5_200 11 0.0748 0.0580 0.7951 0.0721 
 H7379.6_200 11 0.0278 0.6725 0.0410 0.2587 
 H7379.6_200 11 0.2877 0.4163 0.1830 0.1129 
 H7379.7_200 11 0.1109 0.3133 0.1470 0.4287 
 H7379.7_200 11 0.1415 0.5921 0.1193 0.1471 
     H7379.8 11 0.0689 0.7086 0.1366 0.0858 
      H741.1 11 0.0395 0.9226 0.0210 0.0169 
      H741.2 11 0.0387 0.9248 0.0128 0.0237 
      H741.3 11 0.0661 0.8650 0.0194 0.0495 
      H741.4 11 0.0531 0.9018 0.0204 0.0247 
      H741.5 11 0.0173 0.9495 0.0151 0.0181 
      H741.6 11 0.0188 0.9501 0.0124 0.0186 
      H741.7 11 0.1730 0.6996 0.0483 0.0791 
      H741.8 11 0.0371 0.9121 0.0349 0.0159 
      H927.1 11 0.0188 0.3491 0.4975 0.1345 
      H927.2 11 0.0309 0.8122 0.0748 0.0821 
      H927.3 11 0.0231 0.3026 0.4596 0.2147 
      H927.4 11 0.0258 0.5795 0.2566 0.1381 
      H927.5 11 0.0210 0.3308 0.4122 0.2360 
      H927.6 11 0.0259 0.6215 0.3189 0.0337 
      H928.1 11 0.0837 0.8544 0.0097 0.0522 
      H928.2 11 0.1639 0.6770 0.0608 0.0982 
      H928.3 11 0.7790 0.1918 0.0138 0.0153 
      H928.4 11 0.6373 0.2745 0.0545 0.0337 
      H928.5 11 0.3628 0.5908 0.0267 0.0197 
      H928.6 11 0.3842 0.5728 0.0243 0.0187 
      H928.7 11 0.6444 0.3145 0.0220 0.0190 
     H9560.1 11 0.0231 0.4080 0.5430 0.0259 
    H9560.10 11 0.0348 0.5667 0.3477 0.0508 
     H9560.2 11 0.0141 0.8670 0.1089 0.0101 
     H9560.3 11 0.0153 0.7956 0.1635 0.0256 
     H9560.4 11 0.0164 0.7892 0.1821 0.0122 
     H9560.5 11 0.0154 0.8180 0.1530 0.0135 
     H9560.6 11 0.0164 0.6387 0.3289 0.0160 
     H9560.7 11 0.0166 0.7135 0.2542 0.0158 
     H9560.8 11 0.0176 0.9292 0.0217 0.0316 
     H9560.9 11 0.0136 0.1679 0.8021 0.0165 
    Rad451.1 11 0.0216 0.8405 0.1243 0.0136 
    Rad451.2 11 0.0333 0.8703 0.0687 0.0277 
    Rad451.3 11 0.0500 0.8984 0.0356 0.0159 
