        H102  1 0.1985 0.0742 0.0288 0.0667 0.1039 0.2157 0.2044 0.1079 
        H103  1 0.1641 0.1149 0.0666 0.0300 0.1613 0.1958 0.1978 0.0696 
        H104  1 0.0671 0.0940 0.1505 0.2882 0.0918 0.1028 0.0915 0.1140 
        H105  1 0.1301 0.1070 0.0669 0.1003 0.1184 0.2012 0.1327 0.1435 
        H106  1 0.1039 0.2477 0.0757 0.1284 0.1333 0.1039 0.0951 0.1122 
        H112  1 0.1358 0.1070 0.0926 0.1531 0.1291 0.1203 0.1722 0.0899 
        H113  1 0.0908 0.0994 0.3408 0.0837 0.0941 0.0959 0.1143 0.0811 
        H114  1 0.1231 0.1101 0.2676 0.0410 0.1163 0.1267 0.1415 0.0738 
        H115  1 0.1442 0.0843 0.1259 0.0994 0.0972 0.1789 0.1580 0.1121 
        H143  1 0.1651 0.0593 0.0636 0.0578 0.1313 0.1839 0.2266 0.1124 
        H144  1 0.1517 0.0606 0.0429 0.0333 0.2356 0.1682 0.2048 0.1029 
        H145  1 0.2580 0.0632 0.0642 0.0266 0.1788 0.1470 0.1973 0.0650 
        H149  1 0.1001 0.1846 0.0646 0.2716 0.1033 0.1103 0.0976 0.0679 
        H150  1 0.1527 0.0859 0.1424 0.1083 0.2367 0.0975 0.1209 0.0557 
     H167542  1 0.0846 0.0531 0.0907 0.0508 0.0660 0.2256 0.1068 0.3224 
     H169604  1 0.1298 0.0496 0.1451 0.0816 0.1094 0.1723 0.1808 0.1315 
     H169607  1 0.1458 0.0664 0.0937 0.0670 0.1499 0.1950 0.1413 0.1409 
     H169608  1 0.2021 0.1174 0.0521 0.1260 0.1066 0.1437 0.1539 0.0982 
     H169633  1 0.1077 0.1024 0.2566 0.0428 0.1111 0.1242 0.1175 0.1377 
     H169688  1 0.1601 0.1631 0.0480 0.0583 0.1477 0.1101 0.1196 0.1931 
     H169714  1 0.1004 0.1462 0.1421 0.1502 0.1450 0.1002 0.1021 0.1139 
     H171802  1 0.0745 0.0750 0.2139 0.2420 0.0901 0.0806 0.0937 0.1304 
     H171805  1 0.1519 0.1189 0.0679 0.0461 0.1334 0.1701 0.2015 0.1102 
     H171807  1 0.1360 0.1221 0.0532 0.1704 0.1473 0.1362 0.1399 0.0949 
     H171814  1 0.1071 0.0841 0.3230 0.0383 0.2027 0.0676 0.0946 0.0826 
     H171816  1 0.1285 0.1277 0.0927 0.1465 0.1339 0.0911 0.1336 0.1459 
     H171817  1 0.1145 0.1300 0.1277 0.1880 0.1227 0.1051 0.1136 0.0985 
     H171818  1 0.1155 0.1615 0.0751 0.0926 0.1274 0.1434 0.1406 0.1438 
     H171819  1 0.1149 0.1068 0.1749 0.1472 0.1227 0.1077 0.1339 0.0919 
     H171834  1 0.1395 0.1839 0.0576 0.0628 0.1189 0.1539 0.2175 0.0659 
     H171835  1 0.0748 0.2156 0.2204 0.2011 0.0737 0.0684 0.0708 0.0753 
     H171836  1 0.1291 0.1280 0.1782 0.0229 0.1509 0.1793 0.1207 0.0910 
     H171837  1 0.1016 0.0862 0.1553 0.0882 0.1130 0.1435 0.1238 0.1885 
     H171838  1 0.1576 0.2433 0.0787 0.0370 0.1499 0.1289 0.1568 0.0479 
     H171839  1 0.0984 0.1016 0.2548 0.1525 0.1028 0.1046 0.0838 0.1016 
     H171841  1 0.1292 0.1199 0.0328 0.3352 0.0838 0.0837 0.0792 0.1362 
     H171860  1 0.1376 0.0721 0.1689 0.0971 0.1261 0.1522 0.1505 0.0955 
     H171861  1 0.2015 0.1001 0.0768 0.0293 0.1261 0.1920 0.1933 0.0808 
     H171862  1 0.1823 0.1061 0.0668 0.0741 0.1397 0.1520 0.2060 0.0730 
     H171868  1 0.1353 0.0831 0.0534 0.0573 0.1053 0.1986 0.2148 0.1522 
     H171869  1 0.1486 0.1667 0.0420 0.0450 0.1740 0.1243 0.1672 0.1322 
     H171870  1 0.1380 0.2026 0.0528 0.1361 0.1312 0.1000 0.0989 0.1403 
     H171871  1 0.1264 0.1418 0.1352 0.0452 0.2152 0.1077 0.1217 0.1068 
     H171872  1 0.1176 0.0758 0.1959 0.1782 0.1086 0.1406 0.1008 0.0825 
     H171873  1 0.1206 0.1400 0.0827 0.1106 0.1648 0.0982 0.1378 0.1454 
     H171874  1 0.1787 0.0821 0.0549 0.0491 0.1467 0.1910 0.2100 0.0874 
     H171875  1 0.1348 0.0946 0.0976 0.0335 0.1379 0.1776 0.2187 0.1053 
     H171876  1 0.1650 0.0765 0.0756 0.0555 0.1335 0.1595 0.2191 0.1153 
     H171877  1 0.0785 0.0572 0.0948 0.0429 0.0606 0.2237 0.0669 0.3755 
     H171878  1 0.1166 0.1672 0.0290 0.0969 0.1519 0.0936 0.1517 0.1930 
     H171901  1 0.1010 0.0914 0.1086 0.2019 0.0869 0.0970 0.0760 0.2371 
     H171902  1 0.1555 0.0771 0.0512 0.1652 0.1497 0.1812 0.1236 0.0965 
     H171903  1 0.1314 0.1188 0.1309 0.0645 0.1607 0.1258 0.1633 0.1046 
     H171935  1 0.1061 0.2466 0.0550 0.1901 0.1403 0.0863 0.0962 0.0793 
     H171936  1 0.0799 0.0907 0.2793 0.0554 0.0907 0.1141 0.0945 0.1954 
     H171940  1 0.0938 0.0940 0.0321 0.1466 0.0978 0.1918 0.1550 0.1890 
     H171945  1 0.1432 0.0814 0.0670 0.1159 0.1569 0.1089 0.1274 0.1993 
     H171948  1 0.1583 0.1964 0.0740 0.1417 0.1160 0.1239 0.1375 0.0523 
     H171949  1 0.0799 0.1333 0.0524 0.3949 0.0814 0.0860 0.0764 0.0958 
     H171950  1 0.0867 0.1659 0.0662 0.3200 0.0752 0.0908 0.0720 0.1232 
     H171963  1 0.1173 0.3273 0.0650 0.0285 0.1312 0.1004 0.1161 0.1141 
     H171964  1 0.2305 0.0911 0.0559 0.0528 0.2631 0.1099 0.1401 0.0566 
     H171966  1 0.1471 0.2532 0.0427 0.0862 0.1326 0.1168 0.1511 0.0702 
     H171968  1 0.1535 0.0711 0.0393 0.1822 0.1318 0.1653 0.1450 0.1117 
     H171971  1 0.1025 0.3283 0.0771 0.0755 0.1251 0.0888 0.1072 0.0956 
     H171972  1 0.2117 0.1182 0.1473 0.0335 0.1510 0.1214 0.1536 0.0633 
     H171977  1 0.1598 0.0935 0.0846 0.0454 0.1930 0.1469 0.1354 0.1414 
     H171978  1 0.1629 0.0998 0.0563 0.1901 0.1299 0.0993 0.1616 0.1001 
     H171979  1 0.1446 0.1800 0.0859 0.0399 0.1841 0.1548 0.1410 0.0697 
        H176  1 0.1590 0.0865 0.1788 0.0854 0.1427 0.1526 0.1094 0.0857 
        H177  1 0.1064 0.1024 0.0457 0.2452 0.0813 0.1082 0.0730 0.2378 
        H179  1 0.0762 0.0484 0.0957 0.2664 0.0662 0.1362 0.0837 0.2273 
        H181  1 0.1161 0.2656 0.0520 0.0550 0.2156 0.0931 0.1504 0.0522 
        H182  1 0.2287 0.0913 0.0623 0.0287 0.1189 0.2087 0.2041 0.0573 
        H183  1 0.1033 0.1784 0.0642 0.0622 0.2032 0.1208 0.1590 0.1089 
        H184  1 0.1345 0.1274 0.0603 0.1915 0.1085 0.1573 0.1199 0.1006 
        H185  1 0.1286 0.1984 0.0849 0.0633 0.1524 0.1322 0.1172 0.1230 
        H186  1 0.1733 0.0798 0.0329 0.0796 0.2131 0.1539 0.1762 0.0912 
        H187  1 0.1094 0.1152 0.0924 0.0845 0.1144 0.1449 0.0796 0.2595 
        H188  1 0.0738 0.0710 0.1023 0.1213 0.0675 0.1840 0.0735 0.3065 
        H192  1 0.1110 0.1679 0.0525 0.2187 0.1178 0.1057 0.1294 0.0970 
        H193  1 0.2240 0.0792 0.0276 0.0262 0.1580 0.1829 0.2362 0.0659 
        H194  1 0.1435 0.1162 0.1182 0.1343 0.1319 0.1358 0.1225 0.0975 
        H195  1 0.1501 0.1647 0.0465 0.0450 0.1691 0.1013 0.1216 0.2018 
        H199  1 0.1639 0.0778 0.0647 0.0601 0.2170 0.1446 0.1381 0.1338 
        H200  1 0.1121 0.0616 0.2119 0.1425 0.1233 0.1064 0.1029 0.1393 
        H414  1 0.1457 0.0800 0.1091 0.0985 0.1729 0.1285 0.1256 0.1398 
        H415  1 0.1573 0.0542 0.2520 0.0599 0.1239 0.1411 0.1295 0.0820 
        H422  1 0.1731 0.0655 0.0484 0.1295 0.1897 0.1503 0.1570 0.0865 
        H423  1 0.0657 0.0599 0.0333 0.6043 0.0548 0.0607 0.0581 0.0632 
        H424  1 0.1620 0.0874 0.0932 0.0556 0.2113 0.1198 0.1417 0.1289 
        H425  1 0.1350 0.0607 0.0734 0.0551 0.2584 0.1071 0.1231 0.1871 
        H426  1 0.2009 0.1136 0.0414 0.0685 0.2527 0.1036 0.1605 0.0588 
        H443  1 0.1675 0.0336 0.0451 0.0321 0.2662 0.1566 0.1917 0.1072 
        H466  1 0.1415 0.1839 0.0747 0.1216 0.1439 0.1074 0.1310 0.0961 
        H467  1 0.0866 0.2123 0.0655 0.2489 0.0972 0.0841 0.1125 0.0930 
        H472  1 0.1100 0.1068 0.1015 0.1797 0.1325 0.1250 0.0745 0.1699 
        H483  1 0.1154 0.1570 0.0480 0.0656 0.1667 0.1496 0.1789 0.1188 
        H504  1 0.1463 0.0985 0.1172 0.0512 0.2009 0.1460 0.1324 0.1075 
        H505  1 0.0778 0.1063 0.0885 0.1550 0.1170 0.1279 0.0939 0.2337 
        H506  1 0.1882 0.0765 0.0525 0.0998 0.1420 0.1493 0.2052 0.0865 
        H507  1 0.1512 0.1379 0.1062 0.0255 0.1394 0.1623 0.1304 0.1470 
        H508  1 0.1224 0.2541 0.0650 0.1798 0.1314 0.0794 0.0754 0.0924 
        H524  1 0.0814 0.1023 0.3197 0.0472 0.1124 0.1011 0.0763 0.1597 
        H525  1 0.2080 0.0626 0.0795 0.0475 0.1586 0.1628 0.2012 0.0799 
        H526  1 0.0878 0.0495 0.1503 0.0605 0.0901 0.1852 0.0908 0.2859 
        H527  1 0.1438 0.1093 0.0416 0.1595 0.0953 0.1381 0.1270 0.1855 
        H528  1 0.1648 0.0693 0.1966 0.0475 0.1437 0.1416 0.1836 0.0529 
        H529  1 0.1361 0.0971 0.1235 0.0322 0.2120 0.1657 0.0923 0.1411 
        H533  1 0.1574 0.1538 0.1042 0.0256 0.1173 0.1879 0.1527 0.1011 
        H538  1 0.0980 0.0693 0.1169 0.1134 0.1059 0.1570 0.1339 0.2057 
        H539  1 0.1101 0.2599 0.0586 0.0603 0.0885 0.0962 0.1016 0.2247 
        H540  1 0.1389 0.1272 0.0945 0.0642 0.1301 0.1685 0.1345 0.1421 
        H541  1 0.1211 0.0879 0.1550 0.0744 0.1155 0.1615 0.1263 0.1584 
        H558  1 0.1507 0.1790 0.0486 0.0414 0.1130 0.1991 0.1797 0.0886 
        H559  1 0.1599 0.0490 0.0384 0.1214 0.1459 0.1854 0.2102 0.0898 
        H579  1 0.2132 0.0788 0.0350 0.0477 0.1453 0.1767 0.2314 0.0720 
        H584  1 0.1506 0.1087 0.0885 0.0629 0.2606 0.1034 0.1416 0.0837 
        H585  1 0.1286 0.1429 0.1230 0.0811 0.1542 0.0952 0.1337 0.1414 
        H605  1 0.1188 0.1112 0.0790 0.2173 0.1412 0.1266 0.0889 0.1170 
        H606  1 0.1044 0.0679 0.0386 0.3540 0.0763 0.1296 0.0953 0.1340 
        H632  1 0.2152 0.0868 0.0575 0.0338 0.1999 0.1371 0.1886 0.0810 
        H634  1 0.1505 0.0971 0.0840 0.0758 0.1327 0.1275 0.1820 0.1503 
        H671  1 0.0713 0.0737 0.0726 0.5084 0.0646 0.0693 0.0700 0.0701 
        H672  1 0.0696 0.0532 0.4520 0.1017 0.0845 0.0584 0.0840 0.0967 
        H673  1 0.1377 0.1168 0.0502 0.0566 0.2133 0.1858 0.1237 0.1158 
        H689  1 0.1963 0.0689 0.0620 0.0578 0.1476 0.1641 0.1720 0.1314 
        H690  1 0.1288 0.1338 0.1681 0.0973 0.0865 0.1465 0.1413 0.0978 
        H691  1 0.1149 0.0731 0.0816 0.0599 0.1064 0.2040 0.1711 0.1890 
        H692  1 0.1558 0.1445 0.0825 0.0224 0.2696 0.1330 0.1346 0.0576 
        H709  1 0.1400 0.1215 0.1695 0.0628 0.1555 0.1253 0.1587 0.0666 
        H710  1 0.1817 0.0929 0.0960 0.0258 0.1655 0.1719 0.2292 0.0370 
       H7355  1 0.1399 0.0754 0.1812 0.0367 0.1090 0.1767 0.1263 0.1549 
       H7356  1 0.1538 0.0926 0.0708 0.0922 0.1496 0.1549 0.1943 0.0917 
       H7357  1 0.1072 0.0965 0.0741 0.1451 0.1013 0.1709 0.1216 0.1834 
       H7358  1 0.0860 0.0653 0.0704 0.0471 0.0766 0.1775 0.1181 0.3589 
       H7380  1 0.1898 0.0817 0.0507 0.0580 0.1826 0.1690 0.2041 0.0640 
       H7381  1 0.1410 0.1324 0.0602 0.1612 0.1998 0.1053 0.1055 0.0947 
       H7382  1 0.1734 0.0895 0.0705 0.0519 0.1822 0.1415 0.1643 0.1266 
        H904  1 0.0773 0.0596 0.0392 0.4984 0.0627 0.0734 0.0835 0.1059 
        H923  1 0.1198 0.0773 0.1170 0.1445 0.1295 0.1066 0.0905 0.2148 
        H924  1 0.1385 0.0725 0.0915 0.1365 0.1299 0.1421 0.1290 0.1600 
        H925  1 0.0607 0.0561 0.0901 0.0468 0.0567 0.2206 0.0819 0.3871 
       H9558  1 0.1743 0.1376 0.0430 0.0395 0.1430 0.2022 0.1756 0.0847 
        H008  2 0.1317 0.1179 0.1741 0.0384 0.1306 0.1471 0.1640 0.0963 
        H021  2 0.1039 0.1928 0.0784 0.1600 0.1073 0.1212 0.1159 0.1206 
        H023  2 0.1096 0.0977 0.0492 0.1304 0.0969 0.1634 0.0955 0.2573 
        H024  2 0.0964 0.1253 0.4652 0.0378 0.0977 0.0481 0.0929 0.0365 
        H025  2 0.1165 0.0915 0.0459 0.2533 0.1446 0.1084 0.1119 0.1280 
        H026  2 0.1243 0.0802 0.2011 0.0392 0.2540 0.0997 0.1330 0.0685 
        H027  2 0.0920 0.0971 0.2691 0.0592 0.1126 0.1201 0.0883 0.1617 
        H028  2 0.1332 0.1713 0.0916 0.0651 0.1688 0.1370 0.1560 0.0770 
        H029  2 0.0944 0.0779 0.2544 0.0467 0.1455 0.1027 0.1278 0.1506 
        H030  2 0.1827 0.1703 0.2257 0.0358 0.1190 0.0861 0.1372 0.0432 
        H038  2 0.0649 0.3040 0.0541 0.1082 0.0759 0.0876 0.0812 0.2242 
        H039  2 0.0526 0.0412 0.0327 0.7018 0.0363 0.0359 0.0325 0.0670 
        H040  2 0.0911 0.1976 0.0701 0.2392 0.0781 0.0659 0.0927 0.1654 
        H041  2 0.0944 0.0677 0.2931 0.0833 0.0891 0.1326 0.1063 0.1336 
        H042  2 0.1271 0.1005 0.0689 0.1293 0.1166 0.1737 0.1167 0.1673 
        H043  2 0.0818 0.3038 0.0337 0.1420 0.0654 0.0536 0.0531 0.2666 
        H044  2 0.1496 0.1952 0.0827 0.0342 0.1417 0.1970 0.1140 0.0855 
        H047  2 0.1315 0.1249 0.0992 0.1740 0.1355 0.1156 0.1523 0.0668 
        H050  2 0.0940 0.0678 0.4494 0.0427 0.1122 0.0752 0.1049 0.0538 
        H058  2 0.1063 0.2702 0.0512 0.1051 0.1074 0.0965 0.1115 0.1517 
        H062  2 0.0798 0.0830 0.0348 0.0933 0.0736 0.2135 0.0811 0.3408 
        H063  2 0.0840 0.1606 0.1085 0.2472 0.0868 0.0837 0.0908 0.1384 
        H065  2 0.1665 0.0517 0.0410 0.1037 0.2781 0.1156 0.1450 0.0984 
        H066  2 0.0878 0.2161 0.1533 0.0716 0.1325 0.1077 0.1307 0.1003 
        H067  2 0.1706 0.0984 0.0793 0.0703 0.1390 0.1702 0.1728 0.0995 
        H068  2 0.0984 0.1156 0.0771 0.3355 0.0865 0.0869 0.0806 0.1195 
        H069  2 0.1175 0.1116 0.0833 0.0902 0.1147 0.1131 0.0798 0.2897 
        H071  2 0.1228 0.1329 0.1162 0.1202 0.1420 0.1301 0.1284 0.1074 
        H072  2 0.0891 0.0826 0.0858 0.4147 0.0674 0.0859 0.0744 0.1001 
        H073  2 0.1302 0.0649 0.1194 0.0668 0.1605 0.1618 0.1306 0.1658 
        H081  2 0.1018 0.0720 0.1186 0.1184 0.0874 0.1771 0.1138 0.2108 
        H082  2 0.1278 0.3302 0.1088 0.0278 0.1309 0.1039 0.1088 0.0618 
        H083  2 0.1767 0.2079 0.0710 0.0413 0.1469 0.1192 0.1753 0.0618 
        H084  2 0.0983 0.1580 0.1723 0.1191 0.1266 0.0872 0.0943 0.1441 
        H085  2 0.0673 0.0594 0.3161 0.0589 0.0853 0.1636 0.0903 0.1591 
        H087  2 0.1386 0.0829 0.0753 0.0732 0.0754 0.2383 0.1128 0.2035 
        H088  2 0.1178 0.0976 0.0690 0.1728 0.1092 0.1439 0.1327 0.1571 
        H089  2 0.1104 0.0597 0.0861 0.0548 0.1096 0.1771 0.0986 0.3036 
        H090  2 0.0776 0.0525 0.5261 0.0406 0.0804 0.0678 0.1145 0.0404 
        H091  2 0.0508 0.0467 0.6223 0.0310 0.0604 0.0745 0.0574 0.0569 
        H098  2 0.1094 0.1566 0.2149 0.0857 0.1029 0.1048 0.1227 0.1031 
      H10001  2 0.0517 0.0469 0.0287 0.6893 0.0294 0.0523 0.0325 0.0692 
      H10002  2 0.1374 0.1082 0.0512 0.1504 0.1102 0.1452 0.1379 0.1595 
        H101  2 0.0659 0.0723 0.4724 0.0504 0.1004 0.0681 0.0940 0.0765 
        H108  2 0.0968 0.0441 0.0304 0.3412 0.0817 0.1539 0.1033 0.1486 
        H109  2 0.0942 0.1748 0.2090 0.1273 0.1135 0.0855 0.0819 0.1140 
        H110  2 0.1897 0.0844 0.1011 0.0487 0.1174 0.1941 0.1850 0.0797 
        H116  2 0.1735 0.1106 0.1252 0.0522 0.1841 0.1412 0.1518 0.0615 
        H117  2 0.0536 0.0870 0.5993 0.0464 0.0569 0.0678 0.0511 0.0379 
        H118  2 0.0705 0.0559 0.5038 0.0279 0.0973 0.0949 0.0861 0.0634 
        H119  2 0.1150 0.0880 0.2997 0.1419 0.1149 0.0902 0.0896 0.0607 
        H120  2 0.0677 0.0600 0.0395 0.3755 0.0747 0.1266 0.0707 0.1852 
        H121  2 0.0571 0.0328 0.5113 0.0378 0.0664 0.0804 0.1079 0.1063 
        H125  2 0.0370 0.0790 0.0351 0.6798 0.0470 0.0368 0.0342 0.0512 
        H126  2 0.1637 0.0969 0.0622 0.0793 0.2374 0.1332 0.1464 0.0810 
        H128  2 0.0449 0.0476 0.6841 0.0178 0.0669 0.0395 0.0678 0.0314 
        H129  2 0.1520 0.1495 0.0410 0.0408 0.2716 0.1224 0.1704 0.0523 
        H130  2 0.1531 0.1057 0.0261 0.2523 0.1122 0.1292 0.1365 0.0848 
        H133  2 0.0845 0.0917 0.0603 0.4896 0.0635 0.0542 0.0632 0.0930 
        H134  2 0.1774 0.0544 0.0430 0.0315 0.3868 0.1073 0.1578 0.0418 
        H135  2 0.1195 0.0691 0.0969 0.1326 0.1417 0.1738 0.1460 0.1205 
        H137  2 0.0684 0.1152 0.4163 0.1242 0.0864 0.0683 0.0791 0.0420 
        H138  2 0.2009 0.0933 0.0451 0.0299 0.2146 0.1397 0.2283 0.0482 
        H140  2 0.0819 0.0633 0.3924 0.1236 0.0971 0.0807 0.1018 0.0592 
        H146  2 0.0459 0.0365 0.7096 0.0373 0.0533 0.0445 0.0383 0.0345 
        H147  2 0.1306 0.0947 0.2553 0.0621 0.0988 0.1229 0.1560 0.0796 
        H148  2 0.1027 0.1011 0.3689 0.0446 0.0844 0.1228 0.0980 0.0774 
     H166022  2 0.1543 0.1226 0.1490 0.0409 0.1402 0.1829 0.1384 0.0716 
     H167359  2 0.1334 0.1078 0.1059 0.0988 0.1458 0.1322 0.1225 0.1536 
     H167397  2 0.1324 0.1302 0.3168 0.0205 0.1130 0.1215 0.1152 0.0504 
     H167428  2 0.0833 0.0446 0.1287 0.0217 0.0918 0.2201 0.1276 0.2822 
     H167496  2 0.0567 0.0600 0.0841 0.5067 0.0595 0.0825 0.0560 0.0946 
     H167513  2 0.0675 0.5868 0.0381 0.0613 0.0605 0.0376 0.0554 0.0928 
     H167545  2 0.1791 0.1143 0.0670 0.0355 0.1427 0.1754 0.1576 0.1285 
     H167547  2 0.1072 0.1518 0.4125 0.0432 0.1171 0.0623 0.0683 0.0377 
     H169621  2 0.1269 0.1433 0.2951 0.0446 0.1175 0.0908 0.1314 0.0504 
     H169622  2 0.1657 0.0921 0.0557 0.0385 0.1662 0.1544 0.1362 0.1911 
     H169750  2 0.1290 0.2031 0.0748 0.2289 0.1224 0.0735 0.1026 0.0657 
     H171806  2 0.1040 0.0602 0.3544 0.1137 0.1172 0.0866 0.0822 0.0817 
     H171808  2 0.1338 0.0721 0.0721 0.0726 0.1282 0.1509 0.1250 0.2453 
     H171809  2 0.1546 0.0845 0.0500 0.0853 0.1161 0.1975 0.1589 0.1531 
     H171813  2 0.1727 0.1690 0.0993 0.0648 0.1440 0.1250 0.1414 0.0838 
     H171815  2 0.0745 0.1977 0.0485 0.2916 0.0771 0.0561 0.0535 0.2010 
     H171824  2 0.1049 0.0673 0.1750 0.2068 0.0887 0.1355 0.1125 0.1095 
     H171825  2 0.1575 0.0638 0.0515 0.0507 0.1584 0.1936 0.1627 0.1617 
     H171826  2 0.1346 0.1385 0.0986 0.1431 0.1174 0.1366 0.1445 0.0866 
     H171827  2 0.1845 0.1570 0.0658 0.0530 0.1075 0.1193 0.1923 0.1207 
     H171828  2 0.0528 0.0649 0.0802 0.4859 0.0475 0.1038 0.0615 0.1036 
     H171829  2 0.1191 0.1064 0.0942 0.2260 0.1599 0.0909 0.1327 0.0708 
     H171830  2 0.1147 0.1750 0.1610 0.1192 0.1070 0.1147 0.1281 0.0804 
     H171831  2 0.1504 0.1671 0.0847 0.0414 0.2269 0.0985 0.1453 0.0855 
     H171832  2 0.2034 0.0787 0.0501 0.0614 0.1420 0.1650 0.2420 0.0572 
     H171863  2 0.1526 0.1412 0.1346 0.0308 0.1837 0.1167 0.1101 0.1304 
     H171864  2 0.0968 0.1196 0.2801 0.0942 0.0995 0.1077 0.0883 0.1136 
     H171865  2 0.0718 0.1262 0.0774 0.3421 0.0731 0.0750 0.0756 0.1589 
     H171879  2 0.0827 0.0696 0.3677 0.1076 0.1156 0.0804 0.0810 0.0954 
     H171880  2 0.0679 0.1046 0.4900 0.0469 0.0821 0.0690 0.0739 0.0657 
     H171881  2 0.1274 0.1340 0.0842 0.0676 0.1583 0.1539 0.1722 0.1023 
     H171882  2 0.0471 0.0907 0.0326 0.6299 0.0425 0.0441 0.0351 0.0780 
     H171929  2 0.1112 0.1740 0.1563 0.0694 0.1381 0.1249 0.1283 0.0978 
     H171930  2 0.1320 0.1032 0.1463 0.0338 0.1334 0.1923 0.1777 0.0813 
     H171933  2 0.1104 0.1208 0.2189 0.1009 0.1375 0.1164 0.1111 0.0840 
     H171934  2 0.1183 0.1052 0.1827 0.0584 0.1095 0.1662 0.1037 0.1561 
     H171937  2 0.1581 0.1037 0.0798 0.0594 0.1789 0.1513 0.2094 0.0596 
     H171962  2 0.1132 0.1317 0.0584 0.0492 0.1290 0.1703 0.1722 0.1759 
        H190  2 0.1402 0.1461 0.0901 0.0580 0.1640 0.1635 0.1432 0.0950 
        H191  2 0.0984 0.2191 0.1533 0.0992 0.1382 0.0981 0.0966 0.0971 
        H396  2 0.0696 0.0689 0.0713 0.0791 0.0789 0.2188 0.0817 0.3316 
        H397  2 0.1702 0.0792 0.1284 0.1032 0.1508 0.1255 0.1210 0.1216 
        H398  2 0.1252 0.0951 0.0555 0.1046 0.2202 0.1183 0.1035 0.1776 
        H400  2 0.1085 0.0726 0.0830 0.0575 0.0966 0.1750 0.0905 0.3162 
        H401  2 0.0839 0.1759 0.5454 0.0217 0.0626 0.0450 0.0406 0.0249 
        H402  2 0.1122 0.2197 0.1583 0.0442 0.1154 0.1320 0.1328 0.0854 
        H427  2 0.1123 0.0650 0.0829 0.0589 0.1132 0.2086 0.1167 0.2423 
        H428  2 0.0833 0.0445 0.1310 0.0235 0.0814 0.2108 0.1271 0.2983 
        H497  2 0.0789 0.3928 0.0471 0.0951 0.0916 0.0570 0.0677 0.1699 
        H512  2 0.1296 0.1620 0.2266 0.0777 0.1249 0.0941 0.1241 0.0611 
        H513  2 0.0549 0.6129 0.0378 0.0699 0.0517 0.0393 0.0462 0.0874 
        H514  2 0.1510 0.1359 0.0450 0.0497 0.1761 0.1447 0.1788 0.1188 
        H519  2 0.0844 0.5373 0.0478 0.0695 0.0739 0.0473 0.0600 0.0799 
        H532  2 0.1015 0.0745 0.1334 0.0351 0.0824 0.2112 0.1124 0.2496 
        H543  2 0.1324 0.1027 0.1454 0.0333 0.1300 0.1603 0.1646 0.1314 
        H544  2 0.1468 0.1244 0.0405 0.0851 0.2203 0.1109 0.1134 0.1587 
        H545  2 0.1942 0.1082 0.0622 0.0276 0.1516 0.1779 0.1781 0.1002 
        H546  2 0.0656 0.2558 0.0340 0.2679 0.0931 0.0736 0.0713 0.1386 
        H547  2 0.1187 0.1540 0.4262 0.0412 0.0964 0.0662 0.0606 0.0364 
        H548  2 0.1299 0.0775 0.1305 0.0563 0.0964 0.1572 0.0953 0.2570 
        H549  2 0.0376 0.4401 0.0523 0.0806 0.0411 0.0414 0.0399 0.2669 
        H620  2 0.0522 0.0745 0.0386 0.5818 0.0478 0.0544 0.0450 0.1057 
        H623  2 0.1258 0.1648 0.0599 0.0712 0.1760 0.1762 0.1600 0.0659 
        H624  2 0.1300 0.2107 0.0256 0.1069 0.0970 0.0604 0.0775 0.2919 
        H625  2 0.1054 0.0946 0.0649 0.0650 0.1066 0.1978 0.0942 0.2715 
        H626  2 0.1134 0.1498 0.1167 0.0803 0.1289 0.1118 0.1105 0.1887 
        H654  2 0.0605 0.1917 0.0182 0.3875 0.0428 0.0374 0.0427 0.2193 
        H655  2 0.1905 0.1030 0.0897 0.1040 0.0999 0.0993 0.1836 0.1299 
        H656  2 0.0661 0.0407 0.0279 0.5883 0.0510 0.0686 0.0482 0.1092 
        H666  2 0.0472 0.0453 0.1284 0.5974 0.0567 0.0356 0.0315 0.0580 
        H667  2 0.1836 0.1158 0.0674 0.0537 0.1337 0.1657 0.1635 0.1167 
        H677  2 0.1341 0.0812 0.1573 0.0632 0.1405 0.1499 0.1259 0.1479 
        H693  2 0.0892 0.0529 0.0368 0.1485 0.0553 0.2056 0.0840 0.3276 
        H694  2 0.1267 0.1011 0.0943 0.0898 0.1622 0.1875 0.1554 0.0830 
        H701  2 0.1327 0.1071 0.1662 0.0378 0.1155 0.1896 0.1569 0.0942 
        H702  2 0.1292 0.2168 0.1008 0.1139 0.1115 0.1004 0.1356 0.0918 
        H731  2 0.1441 0.0675 0.1079 0.1981 0.1169 0.1339 0.1462 0.0853 
       H7359  2 0.1246 0.1139 0.1198 0.1062 0.1357 0.1394 0.1269 0.1336 
       H7389  2 0.0856 0.1348 0.2254 0.0609 0.1321 0.1189 0.0749 0.1673 
       H7390  2 0.0745 0.2286 0.0620 0.2588 0.0911 0.0735 0.0855 0.1260 
       H7391  2 0.0927 0.0509 0.2572 0.0693 0.0657 0.1848 0.0719 0.2076 
       H7392  2 0.1521 0.0906 0.0858 0.1138 0.1725 0.1055 0.1622 0.1176 
       H7393  2 0.1011 0.2256 0.1192 0.1625 0.1045 0.0925 0.0762 0.1184 
       H7398  2 0.0807 0.0751 0.2962 0.1057 0.0832 0.1397 0.1010 0.1185 
       H7399  2 0.1936 0.0986 0.0988 0.0387 0.1534 0.1547 0.1883 0.0739 
       H7400  2 0.0596 0.0787 0.0227 0.5382 0.0363 0.0463 0.0445 0.1736 
        H745  2 0.1958 0.1946 0.0491 0.0328 0.2940 0.0519 0.1373 0.0445 
        H746  2 0.2000 0.0993 0.0509 0.0299 0.1371 0.1776 0.2009 0.1043 
        H747  2 0.0736 0.1234 0.1343 0.4280 0.0698 0.0536 0.0528 0.0645 
        H748  2 0.1740 0.1059 0.0884 0.0759 0.1215 0.1541 0.1456 0.1346 
       H7484  2 0.0712 0.0608 0.0746 0.5707 0.0612 0.0582 0.0434 0.0598 
       H7485  2 0.1065 0.3468 0.0502 0.0428 0.1135 0.0810 0.0922 0.1671 
        H749  2 0.1353 0.1265 0.0517 0.0347 0.1085 0.1482 0.1553 0.2399 
        H930  2 0.1421 0.1047 0.1943 0.0399 0.1145 0.1817 0.1481 0.0748 
        H931  2 0.1151 0.1032 0.2084 0.0703 0.1578 0.1268 0.0889 0.1294 
        H932  2 0.0952 0.0892 0.3689 0.0713 0.1293 0.0918 0.0928 0.0615 
        H111  3 0.1684 0.1287 0.0691 0.0466 0.1684 0.1414 0.2097 0.0677 
        H951  3 0.1414 0.1759 0.1181 0.0393 0.1721 0.1006 0.1530 0.0996 
        H952  3 0.1435 0.0765 0.2324 0.0966 0.1513 0.1051 0.1066 0.0880 
        H953  3 0.0667 0.0733 0.2904 0.0441 0.0708 0.1662 0.0551 0.2334 
        H954  3 0.0964 0.1822 0.0711 0.2944 0.0949 0.0611 0.0744 0.1255 
        H955  3 0.1318 0.0861 0.0924 0.0302 0.1537 0.1853 0.2096 0.1110 
        H956  3 0.0763 0.0967 0.4020 0.1227 0.0817 0.0708 0.0857 0.0641 
       H9563  3 0.0831 0.1570 0.2098 0.1619 0.0955 0.1141 0.0831 0.0955 
        H002  4 0.1280 0.1201 0.0305 0.1766 0.1186 0.1363 0.1882 0.1016 
        H003  4 0.2265 0.0719 0.0542 0.0397 0.1346 0.1900 0.1972 0.0860 
        H009  4 0.1971 0.1553 0.0820 0.0398 0.1566 0.1214 0.1670 0.0808 
        H010  4 0.1161 0.1335 0.1543 0.0609 0.1756 0.1401 0.1331 0.0864 
        H011  4 0.0804 0.1031 0.0307 0.3115 0.0749 0.1339 0.0897 0.1759 
        H012  4 0.1386 0.1432 0.1294 0.0461 0.1258 0.1748 0.1509 0.0913 
        H013  4 0.1409 0.0919 0.0611 0.1263 0.0958 0.1440 0.1710 0.1691 
        H014  4 0.1887 0.1555 0.0483 0.0634 0.1515 0.1372 0.2065 0.0490 
        H045  4 0.0634 0.0948 0.1693 0.1686 0.0705 0.1472 0.0714 0.2149 
        H046  4 0.2043 0.0567 0.0556 0.0479 0.1887 0.1759 0.1825 0.0884 
        H051  4 0.0992 0.1148 0.0702 0.1874 0.1029 0.1555 0.1091 0.1608 
        H052  4 0.1185 0.0588 0.0572 0.3742 0.1175 0.0898 0.0958 0.0881 
        H053  4 0.1450 0.0936 0.1250 0.1543 0.1225 0.0969 0.1436 0.1192 
        H056  4 0.1000 0.2019 0.0397 0.2965 0.0920 0.0951 0.0831 0.0917 
        H076  4 0.1341 0.1309 0.1180 0.0469 0.2461 0.1069 0.1478 0.0693 
        H151  4 0.1104 0.2099 0.0538 0.2029 0.1196 0.0753 0.1089 0.1192 
        H152  4 0.1361 0.0505 0.0476 0.2039 0.1452 0.1297 0.1904 0.0965 
     H171803  4 0.0979 0.3214 0.0464 0.1408 0.0821 0.0820 0.0832 0.1463 
     H171804  4 0.1165 0.1569 0.1003 0.2060 0.1014 0.1089 0.0909 0.1191 
     H171833  4 0.1668 0.1232 0.0410 0.0394 0.2322 0.1359 0.1832 0.0784 
     H171855  4 0.0905 0.1828 0.0249 0.3279 0.1291 0.0664 0.0864 0.0920 
     H171856  4 0.0752 0.2781 0.1970 0.0747 0.0907 0.0790 0.0652 0.1401 
     H171857  4 0.1241 0.1200 0.0801 0.3139 0.1306 0.0755 0.0975 0.0584 
     H171858  4 0.1501 0.0550 0.1263 0.1021 0.1856 0.1349 0.1468 0.0992 
     H171859  4 0.1538 0.0745 0.1261 0.1516 0.1636 0.1211 0.1284 0.0810 
     H171961  4 0.1066 0.1257 0.0623 0.1733 0.1166 0.1334 0.0990 0.1832 
        H198  4 0.1763 0.0940 0.0585 0.0271 0.1538 0.1928 0.2214 0.0761 
      H20001  4 0.1320 0.2403 0.0327 0.0298 0.1654 0.1275 0.1848 0.0876 
        H403  4 0.1093 0.2291 0.0987 0.1579 0.1303 0.0825 0.0932 0.0989 
        H404  4 0.1739 0.0702 0.0662 0.0352 0.1580 0.1685 0.2042 0.1237 
        H405  4 0.1449 0.0692 0.1335 0.0438 0.1680 0.2074 0.1046 0.1285 
        H406  4 0.1052 0.1779 0.3185 0.0936 0.1176 0.0613 0.0726 0.0532 
        H407  4 0.0899 0.1128 0.3223 0.0915 0.0947 0.1017 0.0673 0.1197 
        H410  4 0.0548 0.0840 0.6357 0.0357 0.0539 0.0471 0.0433 0.0456 
        H411  4 0.1735 0.1964 0.0417 0.0350 0.1609 0.1527 0.2027 0.0371 
        H468  4 0.1078 0.1856 0.0538 0.1472 0.1651 0.0945 0.1139 0.1320 
        H476  4 0.1024 0.1272 0.0791 0.1259 0.1124 0.1517 0.1299 0.1713 
        H477  4 0.2105 0.0842 0.0469 0.0310 0.1798 0.1852 0.1431 0.1193 
        H478  4 0.1665 0.2216 0.0442 0.0397 0.0922 0.1541 0.1547 0.1269 
        H479  4 0.1094 0.0671 0.0801 0.2180 0.1066 0.1546 0.0984 0.1657 
        H480  4 0.1415 0.1726 0.0943 0.0349 0.1872 0.1408 0.1798 0.0488 
        H498  4 0.1666 0.1097 0.0610 0.0790 0.1707 0.1741 0.1673 0.0716 
        H499  4 0.1328 0.1208 0.0535 0.0688 0.1195 0.1517 0.1372 0.2157 
        H500  4 0.0951 0.0913 0.0847 0.2814 0.0801 0.1106 0.0846 0.1722 
        H515  4 0.1351 0.1699 0.0776 0.1569 0.1222 0.1224 0.1261 0.0898 
        H516  4 0.1460 0.0974 0.1670 0.1041 0.1455 0.1034 0.1560 0.0805 
        H517  4 0.1129 0.0611 0.3706 0.1154 0.1152 0.0938 0.0812 0.0498 
        H518  4 0.1026 0.0535 0.0759 0.3691 0.1370 0.0897 0.0836 0.0885 
        H520  4 0.0833 0.1326 0.0996 0.3818 0.0967 0.0567 0.0717 0.0776 
        H521  4 0.1258 0.1572 0.0969 0.0652 0.1436 0.1443 0.1309 0.1361 
        H522  4 0.1231 0.2154 0.0819 0.1002 0.1106 0.1062 0.1271 0.1356 
        H523  4 0.1369 0.1137 0.2264 0.1190 0.1138 0.0971 0.1249 0.0682 
        H536  4 0.1410 0.0659 0.0669 0.0701 0.2175 0.1502 0.1126 0.1759 
        H645  4 0.0847 0.0504 0.0553 0.1074 0.0568 0.2240 0.0948 0.3266 
        H646  4 0.0659 0.0731 0.4602 0.0360 0.1403 0.0671 0.0872 0.0702 
        H647  4 0.1269 0.1031 0.0861 0.0779 0.1439 0.0930 0.1152 0.2539 
        H657  4 0.1184 0.1172 0.3400 0.0490 0.1231 0.0942 0.0852 0.0729 
        H658  4 0.0983 0.0798 0.2116 0.1042 0.1141 0.1265 0.1014 0.1640 
        H659  4 0.0667 0.2853 0.0293 0.2510 0.0608 0.0528 0.0713 0.1827 
        H660  4 0.1471 0.1879 0.0491 0.0902 0.1313 0.1325 0.1162 0.1457 
        H661  4 0.1335 0.2394 0.0362 0.1159 0.1171 0.0908 0.1182 0.1488 
        H668  4 0.2095 0.0884 0.0575 0.0526 0.1273 0.1868 0.2094 0.0685 
        H669  4 0.0921 0.1097 0.1961 0.1241 0.1227 0.1087 0.1196 0.1270 
        H670  4 0.1639 0.0479 0.0540 0.0744 0.0878 0.2130 0.1826 0.1765 
        H678  4 0.1078 0.2215 0.0814 0.0646 0.1299 0.1269 0.1276 0.1402 
        H679  4 0.1122 0.0877 0.2963 0.0384 0.1025 0.1439 0.1073 0.1116 
        H680  4 0.1222 0.2889 0.0618 0.0778 0.1564 0.0828 0.1305 0.0796 
        H681  4 0.1541 0.0766 0.0558 0.1602 0.1074 0.1550 0.1530 0.1378 
        H682  4 0.1472 0.1098 0.2195 0.0731 0.1123 0.1478 0.1106 0.0797 
        H683  4 0.1122 0.1226 0.1045 0.3021 0.1292 0.0672 0.0829 0.0794 
        H718  4 0.0483 0.0659 0.1278 0.5051 0.0653 0.0571 0.0427 0.0878 
        H719  4 0.0842 0.1105 0.0624 0.1326 0.1032 0.1690 0.1195 0.2185 
        H720  4 0.0909 0.2679 0.0312 0.1468 0.1223 0.0873 0.0853 0.1684 
        H721  4 0.1620 0.1877 0.0442 0.1207 0.1775 0.0937 0.1049 0.1092 
        H722  4 0.1400 0.1689 0.0771 0.1624 0.2061 0.0617 0.0888 0.0949 
        H723  4 0.0892 0.1281 0.1408 0.2647 0.0785 0.0947 0.0798 0.1243 
        H724  4 0.0448 0.0570 0.0691 0.5995 0.0518 0.0508 0.0457 0.0813 
        H725  4 0.0568 0.1021 0.0468 0.5621 0.0721 0.0525 0.0486 0.0591 
        H726  4 0.1082 0.1335 0.0720 0.2348 0.1296 0.1072 0.1094 0.1052 
        H727  4 0.1150 0.0893 0.0974 0.1972 0.1062 0.1331 0.1272 0.1346 
        H910  4 0.1269 0.1231 0.1344 0.1938 0.0922 0.1145 0.1263 0.0888 
        H911  4 0.0743 0.1175 0.4363 0.0749 0.1152 0.0636 0.0617 0.0565 
        H912  4 0.1143 0.1608 0.0780 0.1130 0.1694 0.0951 0.1395 0.1300 
        H913  4 0.0944 0.0891 0.1926 0.1636 0.0900 0.0851 0.1043 0.1810 
        H914  4 0.0896 0.1389 0.1324 0.1242 0.0855 0.1199 0.1036 0.2058 
        H915  4 0.1303 0.1423 0.1159 0.0749 0.1168 0.1332 0.1446 0.1419 
        H916  4 0.1393 0.2106 0.1064 0.0588 0.1509 0.1216 0.1171 0.0953 
       H9572  4 0.0636 0.5012 0.0478 0.1466 0.0650 0.0624 0.0536 0.0597 
        H015  5 0.1245 0.2354 0.0456 0.0510 0.1460 0.1594 0.1528 0.0853 
        H016  5 0.1565 0.0821 0.1150 0.0370 0.2783 0.1059 0.0993 0.1258 
        H017  5 0.1611 0.3168 0.0576 0.0424 0.1039 0.0793 0.1086 0.1304 
        H019  5 0.1590 0.1383 0.0557 0.0929 0.1464 0.1509 0.1504 0.1064 
        H020  5 0.0930 0.0523 0.1289 0.0741 0.1005 0.1568 0.0935 0.3009 
        H032  5 0.1288 0.0685 0.1534 0.2174 0.1025 0.1337 0.1435 0.0522 
        H033  5 0.1599 0.0869 0.1064 0.0598 0.1228 0.1719 0.1783 0.1139 
        H034  5 0.1414 0.0965 0.1065 0.2222 0.0999 0.1175 0.1508 0.0652 
        H035  5 0.1034 0.1499 0.1365 0.1037 0.1332 0.1030 0.1395 0.1309 
        H036  5 0.1150 0.1063 0.1776 0.0929 0.1502 0.1016 0.1375 0.1188 
        H037  5 0.1272 0.1525 0.0606 0.1290 0.1016 0.1267 0.1191 0.1835 
        H048  5 0.0555 0.1452 0.0604 0.3420 0.0790 0.1185 0.0542 0.1452 
        H049  5 0.1554 0.0740 0.0571 0.0636 0.1460 0.1828 0.2232 0.0979 
        H054  5 0.1282 0.0798 0.1690 0.1431 0.2212 0.0921 0.1004 0.0663 
        H055  5 0.1650 0.0972 0.0448 0.1008 0.1592 0.1480 0.2022 0.0828 
        H057  5 0.1998 0.0940 0.0337 0.0683 0.2794 0.0889 0.1389 0.0970 
        H060  5 0.2685 0.0718 0.0324 0.0778 0.1027 0.1545 0.1998 0.0925 
        H061  5 0.1653 0.0886 0.0844 0.0600 0.1408 0.1906 0.1270 0.1433 
        H064  5 0.1459 0.1686 0.0593 0.1616 0.1254 0.1143 0.1156 0.1092 
        H070  5 0.1763 0.1405 0.0918 0.1078 0.0956 0.1492 0.1493 0.0896 
        H077  5 0.1004 0.1735 0.0413 0.3476 0.0727 0.0830 0.0937 0.0878 
        H078  5 0.1251 0.2206 0.0898 0.1668 0.1074 0.0725 0.1131 0.1046 
        H079  5 0.1101 0.0489 0.3043 0.0380 0.0851 0.1371 0.0887 0.1877 
        H097  5 0.2001 0.1293 0.0683 0.1246 0.1590 0.1005 0.1281 0.0900 
        H107  5 0.0575 0.0996 0.0384 0.4627 0.0634 0.0940 0.0796 0.1048 
        H122  5 0.1455 0.2508 0.0779 0.0565 0.1429 0.0916 0.0840 0.1507 
        H123  5 0.0742 0.0903 0.4398 0.0389 0.1214 0.0786 0.0890 0.0677 
        H124  5 0.0874 0.0836 0.4123 0.0422 0.1056 0.0978 0.0766 0.0944 
        H131  5 0.1014 0.0740 0.3936 0.0551 0.1116 0.0784 0.1250 0.0609 
        H132  5 0.1082 0.1040 0.1309 0.1229 0.1470 0.1337 0.1083 0.1449 
        H141  5 0.1547 0.1375 0.0572 0.1333 0.1157 0.1294 0.1282 0.1440 
        H142  5 0.2386 0.0768 0.0615 0.0345 0.1296 0.2057 0.1793 0.0740 
        H157  5 0.0976 0.1614 0.0728 0.2906 0.1046 0.1055 0.0881 0.0794 
        H158  5 0.1094 0.0696 0.1777 0.0324 0.1708 0.1576 0.2121 0.0704 
        H159  5 0.1638 0.2267 0.0774 0.0608 0.1650 0.1450 0.0922 0.0691 
        H160  5 0.1262 0.1152 0.1259 0.1876 0.1275 0.1002 0.1127 0.1047 
        H163  5 0.1842 0.1071 0.1068 0.0546 0.1534 0.1655 0.1706 0.0577 
        H164  5 0.2027 0.1643 0.0589 0.0537 0.1369 0.1344 0.1618 0.0872 
        H165  5 0.1266 0.0753 0.2427 0.0453 0.1099 0.1355 0.1320 0.1326 
        H166  5 0.1171 0.1008 0.0664 0.0473 0.1085 0.1806 0.1369 0.2424 
        H169  5 0.1827 0.0551 0.0606 0.0660 0.1200 0.1927 0.2416 0.0814 
     H169613  5 0.2127 0.0598 0.0783 0.0880 0.1288 0.1855 0.1795 0.0673 
     H169653  5 0.1642 0.0717 0.0657 0.0566 0.1607 0.1673 0.2431 0.0706 
     H169728  5 0.1707 0.1250 0.0776 0.1102 0.1542 0.1277 0.1297 0.1050 
     H169742  5 0.0865 0.0450 0.0452 0.0519 0.0702 0.2311 0.0673 0.4028 
        H170  5 0.2197 0.0902 0.0500 0.0754 0.1878 0.1217 0.2122 0.0429 
        H171  5 0.1555 0.1522 0.0656 0.0416 0.2502 0.0892 0.1778 0.0680 
     H171851  5 0.1791 0.1179 0.0556 0.0650 0.1787 0.1428 0.1749 0.0861 
     H171852  5 0.0854 0.0643 0.0632 0.2984 0.1216 0.0827 0.0766 0.2078 
     H171853  5 0.1011 0.1979 0.1180 0.1783 0.1220 0.1053 0.1110 0.0664 
     H171854  5 0.1507 0.1753 0.0474 0.1031 0.1340 0.1640 0.1496 0.0759 
     H171938  5 0.1371 0.0703 0.0992 0.0958 0.1351 0.1700 0.1518 0.1407 
     H171939  5 0.1094 0.1249 0.0934 0.0487 0.1731 0.1090 0.1222 0.2192 
     H171941  5 0.1286 0.0758 0.0378 0.1761 0.0842 0.1582 0.1390 0.2004 
     H171965  5 0.2063 0.0480 0.0425 0.0375 0.1373 0.2395 0.2370 0.0518 
     H171970  5 0.0693 0.1329 0.0373 0.4273 0.0605 0.0957 0.0914 0.0856 
     H171973  5 0.1291 0.0561 0.1083 0.0477 0.1126 0.1773 0.1359 0.2329 
     H171974  5 0.1299 0.1463 0.1094 0.0686 0.1154 0.1388 0.1848 0.1068 
     H171975  5 0.1075 0.1101 0.0662 0.1990 0.1157 0.1366 0.1400 0.1249 
     H171976  5 0.1505 0.1208 0.0355 0.1201 0.1572 0.1405 0.1517 0.1237 
        H175  5 0.0877 0.1146 0.1005 0.2480 0.0796 0.1120 0.0864 0.1713 
        H178  5 0.1457 0.0691 0.0616 0.0926 0.1219 0.1714 0.1411 0.1967 
        H189  5 0.1587 0.0757 0.2669 0.0384 0.1517 0.1213 0.1389 0.0483 
        H399  5 0.1467 0.1139 0.1012 0.1229 0.3546 0.0407 0.0646 0.0554 
        H416  5 0.1081 0.1222 0.0620 0.0889 0.0926 0.1531 0.0941 0.2791 
        H438  5 0.1088 0.1452 0.1600 0.1236 0.1027 0.1328 0.1139 0.1130 
        H450  5 0.2064 0.1092 0.0336 0.1252 0.0926 0.1438 0.1723 0.1169 
        H455  5 0.0622 0.0853 0.0478 0.3665 0.0599 0.1351 0.0773 0.1660 
        H456  5 0.1177 0.0672 0.0921 0.0837 0.1028 0.2029 0.1151 0.2185 
        H457  5 0.1316 0.0840 0.0377 0.2608 0.1299 0.1158 0.1500 0.0903 
        H458  5 0.1543 0.1268 0.0909 0.1302 0.1313 0.1296 0.1657 0.0713 
        H459  5 0.1278 0.1023 0.1341 0.0379 0.1572 0.1595 0.1523 0.1289 
        H460  5 0.1390 0.2211 0.0913 0.0721 0.0970 0.1103 0.1092 0.1600 
        H461  5 0.1469 0.0862 0.0506 0.0656 0.1589 0.2073 0.2134 0.0712 
        H462  5 0.1191 0.0729 0.2540 0.0552 0.1105 0.1196 0.1522 0.1165 
        H469  5 0.1266 0.1156 0.2585 0.0441 0.1231 0.1321 0.1230 0.0770 
        H470  5 0.1153 0.2736 0.0603 0.0913 0.1229 0.1022 0.1427 0.0917 
        H471  5 0.1267 0.0990 0.2270 0.0523 0.1853 0.0776 0.0946 0.1375 
        H481  5 0.0650 0.0598 0.0715 0.4859 0.0685 0.0778 0.0562 0.1153 
        H482  5 0.2189 0.1208 0.0721 0.1442 0.0955 0.1283 0.1317 0.0886 
        H501  5 0.0982 0.1107 0.0680 0.1010 0.1119 0.1225 0.1642 0.2235 
        H502  5 0.1674 0.0594 0.0958 0.0342 0.1707 0.1698 0.2302 0.0726 
        H503  5 0.1504 0.1510 0.1055 0.0476 0.1648 0.1100 0.1779 0.0929 
        H509  5 0.0624 0.2061 0.0996 0.3512 0.0767 0.0772 0.0613 0.0655 
        H510  5 0.1597 0.1166 0.0340 0.0677 0.1184 0.2011 0.1957 0.1068 
        H511  5 0.2114 0.0868 0.0829 0.0411 0.1438 0.1917 0.1751 0.0673 
        H530  5 0.0963 0.0856 0.1502 0.1699 0.0916 0.1403 0.1021 0.1640 
        H531  5 0.0865 0.1162 0.0661 0.3236 0.0872 0.0728 0.0533 0.1943 
        H564  5 0.1434 0.1059 0.0349 0.1079 0.0991 0.1505 0.1029 0.2555 
        H565  5 0.0748 0.0774 0.0316 0.2481 0.0582 0.1226 0.0846 0.3028 
        H567  5 0.0708 0.0489 0.4431 0.0376 0.1029 0.0897 0.1114 0.0956 
     H568???  5 0.1964 0.1109 0.0677 0.0498 0.2162 0.0984 0.1936 0.0670 
        H608  5 0.2035 0.1071 0.0452 0.1174 0.0920 0.1651 0.1765 0.0932 
        H609  5 0.0980 0.0630 0.0817 0.0728 0.0790 0.2023 0.1219 0.2814 
        H612  5 0.0805 0.1042 0.0496 0.3104 0.0678 0.1130 0.0728 0.2017 
        H614  5 0.0787 0.0996 0.0522 0.3430 0.0816 0.0704 0.0802 0.1941 
        H615  5 0.1504 0.1102 0.0498 0.1719 0.1147 0.0922 0.0902 0.2208 
        H616  5 0.0634 0.0463 0.0768 0.5157 0.0623 0.1030 0.0549 0.0776 
        H617  5 0.1135 0.1087 0.2351 0.0466 0.1210 0.1344 0.1246 0.1161 
        H618  5 0.0837 0.1362 0.0614 0.3061 0.1003 0.1078 0.0840 0.1206 
        H619  5 0.1108 0.0519 0.0343 0.0417 0.0694 0.2204 0.1145 0.3571 
        H635  5 0.1829 0.0935 0.0698 0.1018 0.1347 0.1793 0.1868 0.0511 
        H636  5 0.1803 0.0538 0.0866 0.0429 0.1138 0.2293 0.1444 0.1488 
        H637  5 0.1000 0.0560 0.0442 0.0957 0.0792 0.1614 0.0811 0.3823 
        H644  5 0.1296 0.0811 0.2461 0.0275 0.2567 0.0805 0.1329 0.0456 
        H711  5 0.1917 0.1105 0.0536 0.0478 0.1774 0.1232 0.1830 0.1129 
        H712  5 0.0941 0.0605 0.0857 0.1427 0.0679 0.2030 0.0865 0.2595 
       H7360  5 0.1575 0.1205 0.0393 0.1236 0.1831 0.1174 0.1636 0.0950 
       H7361  5 0.1469 0.1084 0.0414 0.2052 0.1147 0.1382 0.1740 0.0712 
       H7362  5 0.1619 0.0946 0.0990 0.0340 0.2898 0.1181 0.1568 0.0458 
       H7363  5 0.1625 0.1169 0.0946 0.1118 0.1357 0.1247 0.1344 0.1194 
       H7394  5 0.1892 0.0502 0.1299 0.0350 0.0961 0.2344 0.1992 0.0661 
       H7395  5 0.1689 0.1109 0.0472 0.0555 0.1311 0.1706 0.2075 0.1083 
       H7396  5 0.1449 0.1031 0.1101 0.0586 0.1075 0.1388 0.1554 0.1815 
        H742  5 0.0808 0.0400 0.0445 0.0515 0.0600 0.2390 0.0721 0.4120 
        H743  5 0.0748 0.0511 0.1104 0.2068 0.0792 0.1230 0.0663 0.2885 
        H744  5 0.0681 0.0734 0.1919 0.3945 0.0576 0.0785 0.0506 0.0854 
        H957  5 0.2049 0.1052 0.0388 0.0648 0.1489 0.1595 0.1970 0.0809 
        H958  5 0.1457 0.1042 0.2271 0.0873 0.1201 0.1050 0.1037 0.1068 
        H959  5 0.1157 0.1236 0.0394 0.1863 0.0991 0.1436 0.1448 0.1475 
        H960  5 0.1177 0.0860 0.2070 0.0971 0.1238 0.1320 0.1038 0.1327 
      H_PALI  6 0.1579 0.1219 0.0497 0.0591 0.1453 0.1905 0.1552 0.1204 
        H581  6 0.0987 0.1439 0.0758 0.1856 0.1014 0.1147 0.0965 0.1835 
        H582  6 0.0802 0.2529 0.0317 0.3246 0.0830 0.0651 0.0866 0.0758 
        H583  6 0.0957 0.1686 0.0714 0.1476 0.1352 0.0902 0.1031 0.1882 
        H595  6 0.1238 0.1428 0.1331 0.0321 0.1382 0.1675 0.1519 0.1107 
        H596  6 0.1231 0.1220 0.3126 0.0387 0.1035 0.1359 0.1102 0.0541 
        H597  6 0.1884 0.0973 0.1246 0.0438 0.2234 0.1138 0.1370 0.0718 
        H598  6 0.1542 0.0945 0.1344 0.1588 0.1290 0.1288 0.1399 0.0606 
        H599  6 0.0920 0.0799 0.0569 0.1299 0.0884 0.1846 0.0817 0.2866 
        H642  6 0.1343 0.3014 0.1634 0.0499 0.1309 0.0621 0.0960 0.0618 
        H643  6 0.1014 0.0889 0.3270 0.0896 0.1197 0.1097 0.0952 0.0686 
        H664  6 0.0464 0.4158 0.0363 0.1779 0.0927 0.0390 0.0523 0.1395 
        H665  6 0.1426 0.0763 0.0843 0.0756 0.1097 0.1733 0.1517 0.1864 
        H674  6 0.1620 0.1779 0.1148 0.0346 0.1980 0.1069 0.1291 0.0766 
        H675  6 0.1167 0.1869 0.0795 0.1799 0.1314 0.0916 0.0977 0.1162 
        H676  6 0.1576 0.1798 0.0811 0.0516 0.1350 0.1750 0.1787 0.0411 
        H686  6 0.1884 0.0851 0.0431 0.0620 0.1865 0.1586 0.1883 0.0881 
        H687  6 0.1615 0.1191 0.1001 0.0825 0.1710 0.1104 0.1498 0.1057 
        H917  6 0.1232 0.1049 0.2215 0.0433 0.1008 0.1531 0.1435 0.1096 
        H918  6 0.1191 0.0697 0.0358 0.0486 0.1018 0.2041 0.1551 0.2659 
        H919  6 0.0896 0.0729 0.0844 0.3206 0.0723 0.1346 0.0704 0.1551 
        H920  6 0.1083 0.2231 0.0439 0.2141 0.1297 0.0873 0.1182 0.0753 
        H631  7 0.1527 0.1036 0.0346 0.1307 0.1381 0.1612 0.1333 0.1457 
        H684  7 0.2915 0.0803 0.0373 0.0346 0.1301 0.1645 0.2298 0.0319 
        H685  7 0.0494 0.2019 0.2687 0.2791 0.0607 0.0351 0.0470 0.0582 
        H713  7 0.0625 0.3171 0.0359 0.2975 0.0636 0.0576 0.0785 0.0873 
        H715  7 0.2895 0.0673 0.0576 0.0438 0.1203 0.1253 0.2577 0.0385 
        H716  7 0.1060 0.0591 0.0344 0.1051 0.1078 0.2319 0.1387 0.2170 
        H717  7 0.0856 0.2235 0.0696 0.1343 0.1562 0.1220 0.0996 0.1092 
        H729  7 0.0824 0.0728 0.4585 0.0296 0.0961 0.1036 0.0788 0.0783 
        H730  7 0.0618 0.0691 0.3499 0.0941 0.0719 0.1318 0.0684 0.1531 
        H431  8 0.0840 0.1036 0.2207 0.2076 0.1087 0.0933 0.0904 0.0918 
        H432  8 0.1261 0.0764 0.0625 0.0353 0.1324 0.1416 0.2317 0.1941 
        H433  8 0.1463 0.1046 0.1934 0.0701 0.1343 0.1508 0.1291 0.0714 
        H434  8 0.1249 0.2068 0.1551 0.0380 0.1173 0.1057 0.1549 0.0974 
        H444  8 0.1369 0.1217 0.0656 0.0603 0.0946 0.1819 0.1479 0.1913 
        H454  8 0.0755 0.1246 0.0431 0.3528 0.0933 0.1038 0.0820 0.1250 
        H475  8 0.1190 0.1515 0.0384 0.3216 0.0681 0.1024 0.1006 0.0984 
        H491  8 0.1407 0.1310 0.0324 0.1020 0.1183 0.1621 0.1860 0.1273 
        H492  8 0.0945 0.1393 0.0917 0.1748 0.0987 0.0974 0.1077 0.1958 
        H493  8 0.1856 0.0932 0.0811 0.0888 0.1881 0.1291 0.1746 0.0595 
        H494  8 0.1105 0.0944 0.0891 0.1537 0.1213 0.1351 0.1068 0.1891 
        H495  8 0.1022 0.3019 0.0256 0.1312 0.0813 0.0781 0.0855 0.1942 
        H662  8 0.1206 0.1823 0.0647 0.0718 0.1625 0.0825 0.1163 0.1994 
        H663  8 0.1093 0.1291 0.1367 0.1025 0.1255 0.1159 0.1027 0.1784 
        H695  8 0.1169 0.0829 0.2060 0.1478 0.1275 0.1036 0.1138 0.1016 
       H7367  8 0.0581 0.0674 0.5728 0.0306 0.0811 0.0511 0.0827 0.0561 
       H7368  8 0.1786 0.1257 0.0692 0.0591 0.1804 0.1407 0.1845 0.0618 
       H7369  8 0.1049 0.1147 0.0951 0.0927 0.1289 0.1737 0.1282 0.1619 
       H7370  8 0.0790 0.0700 0.3923 0.0315 0.0798 0.1433 0.0812 0.1228 
       H7371  8 0.1231 0.1094 0.1827 0.1061 0.1063 0.1369 0.1294 0.1061 
        H600  9 0.1376 0.1025 0.0941 0.1844 0.1213 0.1248 0.1126 0.1226 
        H648  9 0.1676 0.2230 0.0771 0.0807 0.1309 0.1064 0.1604 0.0539 
        H696  9 0.1275 0.2070 0.1608 0.0328 0.1848 0.0850 0.1105 0.0916 
        H697  9 0.1206 0.1283 0.2097 0.0929 0.1473 0.1147 0.1006 0.0860 
        H698  9 0.0745 0.1305 0.4130 0.0704 0.1065 0.0594 0.0861 0.0597 
        H699  9 0.0986 0.1306 0.1897 0.0879 0.1462 0.1217 0.1196 0.1057 
        H700  9 0.1877 0.1412 0.0428 0.0975 0.0865 0.1458 0.1751 0.1233 
        H732  9 0.0879 0.1634 0.0602 0.3039 0.1189 0.0686 0.0721 0.1252 
        H733  9 0.1102 0.1941 0.2417 0.0534 0.1117 0.0907 0.1084 0.0898 
        H734  9 0.1442 0.1152 0.0870 0.0432 0.1212 0.1767 0.1511 0.1613 
        H735  9 0.0965 0.2954 0.2311 0.0513 0.1002 0.0697 0.0908 0.0650 
        H736  9 0.1365 0.1195 0.0567 0.0686 0.1215 0.1401 0.1127 0.2443 
        H737  9 0.0824 0.0691 0.3402 0.1071 0.1093 0.0963 0.0718 0.1238 
        H905  9 0.1452 0.1067 0.0567 0.1481 0.1006 0.1529 0.1819 0.1079 
        H921  9 0.1296 0.1214 0.1070 0.1404 0.1119 0.1287 0.1307 0.1304 
        H922  9 0.1039 0.1997 0.1401 0.0411 0.1465 0.1395 0.1351 0.0942 
     H169705 10 0.0615 0.0910 0.5796 0.0450 0.0718 0.0622 0.0505 0.0385 
     H171942 10 0.1163 0.0934 0.0571 0.0413 0.1185 0.1349 0.2324 0.2063 
     H171943 10 0.1570 0.1657 0.0865 0.0580 0.1212 0.1472 0.1158 0.1487 
     H171944 10 0.1051 0.1532 0.1555 0.0526 0.1178 0.1177 0.1194 0.1785 
     H171946 10 0.1152 0.2317 0.0519 0.1342 0.0950 0.0835 0.0907 0.1978 
     H171947 10 0.1089 0.1134 0.1267 0.0712 0.1503 0.1405 0.1470 0.1420 
     H229641 10 0.1043 0.1557 0.1346 0.1800 0.1375 0.1086 0.0879 0.0914 
      H30001 10 0.1501 0.1593 0.0894 0.0999 0.1156 0.1395 0.1466 0.0996 
      H30002 10 0.1477 0.0887 0.1283 0.0767 0.1201 0.1562 0.1624 0.1200 
      H30005 10 0.0824 0.1213 0.4387 0.0649 0.0942 0.0690 0.0901 0.0393 
      H30006 10 0.0474 0.0388 0.5894 0.0607 0.0643 0.0511 0.0825 0.0658 
      H30007 10 0.1154 0.1283 0.0308 0.0230 0.1718 0.1264 0.1136 0.2908 
        H451 10 0.1624 0.1437 0.0713 0.0465 0.1157 0.1806 0.2103 0.0695 
        H452 10 0.0547 0.0801 0.5750 0.0834 0.0687 0.0495 0.0432 0.0454 
        H453 10 0.1109 0.0871 0.0394 0.2868 0.1303 0.1193 0.1353 0.0910 
        H473 10 0.1276 0.0542 0.0410 0.1785 0.1435 0.1713 0.1032 0.1806 
        H474 10 0.1128 0.2068 0.0489 0.3077 0.0685 0.0448 0.0722 0.1383 
        H486 10 0.0775 0.1854 0.1422 0.3223 0.0747 0.0670 0.0620 0.0690 
        H487 10 0.1203 0.0947 0.2183 0.1905 0.1129 0.0906 0.0969 0.0758 
        H488 10 0.1250 0.1384 0.1083 0.1412 0.1125 0.1369 0.1536 0.0840 
        H489 10 0.0829 0.1154 0.1636 0.2355 0.1063 0.0723 0.0945 0.1294 
        H550 10 0.1647 0.0902 0.0909 0.0344 0.1426 0.1317 0.1443 0.2012 
        H551 10 0.0776 0.1223 0.2920 0.1107 0.0622 0.1092 0.0636 0.1623 
        H553 10 0.0486 0.0572 0.3766 0.3271 0.0441 0.0428 0.0470 0.0566 
        H554 10 0.2080 0.2031 0.0496 0.0512 0.1326 0.1266 0.1596 0.0694 
        H556 10 0.1123 0.0621 0.2556 0.1482 0.1292 0.0634 0.0748 0.1544 
        H580 10 0.1261 0.1609 0.1929 0.0623 0.1624 0.1107 0.1087 0.0761 
        H591 10 0.0501 0.1434 0.0742 0.3840 0.0595 0.0697 0.0470 0.1720 
        H592 10 0.1090 0.1401 0.1419 0.1912 0.1019 0.0980 0.0992 0.1186 
        H593 10 0.1788 0.1676 0.0510 0.0678 0.1334 0.1476 0.1623 0.0916 
        H594 10 0.1344 0.1360 0.1418 0.0311 0.2017 0.1048 0.1552 0.0950 
        H627 10 0.1641 0.1660 0.0799 0.1335 0.1311 0.0888 0.1359 0.1007 
        H628 10 0.1168 0.0596 0.1881 0.0350 0.1398 0.1761 0.1296 0.1551 
        H629 10 0.0916 0.2137 0.0649 0.2090 0.1639 0.0828 0.0850 0.0892 
        H630 10 0.1002 0.2844 0.1718 0.0791 0.0947 0.0629 0.0696 0.1373 
        H638 10 0.1154 0.2678 0.1271 0.0752 0.1199 0.1072 0.1110 0.0764 
        H639 10 0.0713 0.0902 0.0699 0.4703 0.0912 0.0510 0.0716 0.0845 
        H640 10 0.1327 0.1669 0.0975 0.0607 0.1552 0.1362 0.1342 0.1166 
        H704 10 0.1728 0.1034 0.1074 0.0390 0.2567 0.1111 0.1296 0.0799 
        H705 10 0.0631 0.0865 0.6077 0.0499 0.0526 0.0464 0.0534 0.0404 
        H706 10 0.0874 0.0890 0.2175 0.1703 0.0772 0.1188 0.1167 0.1231 
        H708 10 0.0856 0.2572 0.0585 0.1548 0.0753 0.0697 0.0764 0.2226 
       H7351 10 0.1746 0.1287 0.0561 0.0786 0.1674 0.1434 0.1748 0.0764 
       H7352 10 0.1342 0.1060 0.1089 0.1686 0.1283 0.1227 0.1440 0.0873 
       H7353 10 0.1606 0.0834 0.0640 0.0442 0.3816 0.0918 0.1351 0.0394 
       H7354 10 0.1809 0.0540 0.0372 0.1126 0.1275 0.1817 0.1996 0.1065 
       H7365 10 0.0827 0.1485 0.0665 0.3931 0.0693 0.0616 0.0712 0.1071 
       H7383 10 0.1459 0.1069 0.0717 0.1096 0.1214 0.1686 0.1606 0.1153 
       H7384 10 0.1201 0.0757 0.2644 0.1131 0.1176 0.1096 0.1361 0.0635 
       H7385 10 0.1462 0.1616 0.0744 0.1176 0.1091 0.1347 0.1459 0.1103 
       H7386 10 0.1213 0.1556 0.1481 0.0820 0.1529 0.1215 0.1090 0.1096 
       H7387 10 0.1664 0.0755 0.0707 0.0419 0.1565 0.1931 0.1805 0.1155 
       H7388 10 0.0639 0.0682 0.5390 0.0932 0.0734 0.0620 0.0515 0.0487 
        H906 10 0.1183 0.1051 0.0283 0.1423 0.1777 0.1436 0.0898 0.1949 
        H907 10 0.1359 0.1398 0.0917 0.0391 0.1617 0.1910 0.1759 0.0649 
        H908 10 0.1576 0.2124 0.0977 0.0841 0.1176 0.1092 0.1645 0.0570 
        H909 10 0.1671 0.0454 0.0359 0.0817 0.1192 0.2002 0.2104 0.1402 
       H9552 10 0.1441 0.0884 0.1631 0.0705 0.1840 0.1091 0.1488 0.0921 
       H9553 10 0.0461 0.0511 0.4966 0.2156 0.0548 0.0439 0.0395 0.0525 
       H9555 10 0.1372 0.1244 0.2099 0.0536 0.1205 0.1382 0.1038 0.1123 
       H9575 10 0.1205 0.1238 0.0581 0.1706 0.1141 0.0989 0.1335 0.1806 
       H9703 10 0.0544 0.0508 0.2524 0.4262 0.0599 0.0533 0.0472 0.0558 
       H9707 10 0.0990 0.0903 0.1268 0.3707 0.0876 0.0572 0.0785 0.0898 
       HSAA4 10 0.1331 0.1590 0.1992 0.0671 0.1378 0.1079 0.1189 0.0769 
        H001 11 0.1398 0.0633 0.0531 0.1118 0.1120 0.1699 0.1883 0.1617 
        H004 11 0.1638 0.1332 0.0604 0.0750 0.1489 0.1536 0.1579 0.1073 
        H005 11 0.1199 0.0722 0.0351 0.3265 0.0851 0.1474 0.1324 0.0815 
        H006 11 0.1559 0.0896 0.0922 0.0950 0.1312 0.1498 0.1744 0.1118 
        H007 11 0.0757 0.0644 0.0696 0.1356 0.0811 0.2251 0.0643 0.2841 
        H031 11 0.0499 0.1001 0.0992 0.3933 0.0668 0.0724 0.0544 0.1639 
        H074 11 0.0734 0.2652 0.0573 0.2919 0.1031 0.0625 0.0755 0.0711 
        H075 11 0.0727 0.1192 0.0346 0.1152 0.0545 0.1615 0.0590 0.3835 
        H080 11 0.1062 0.1251 0.1119 0.2489 0.1114 0.0834 0.1373 0.0758 
        H086 11 0.1084 0.1177 0.3794 0.0682 0.0996 0.0723 0.0989 0.0555 
        H092 11 0.1349 0.0991 0.2352 0.1431 0.1150 0.1088 0.1008 0.0631 
        H093 11 0.1866 0.1054 0.0604 0.0481 0.2347 0.1256 0.1576 0.0816 
        H094 11 0.1434 0.1398 0.1151 0.0562 0.1504 0.1352 0.1494 0.1104 
        H095 11 0.1321 0.0717 0.0596 0.2416 0.1007 0.1192 0.1198 0.1552 
        H096 11 0.1196 0.0809 0.0487 0.1452 0.0949 0.1900 0.1447 0.1760 
        H099 11 0.1446 0.1899 0.0797 0.1114 0.1373 0.1375 0.1115 0.0882 
        H100 11 0.1124 0.0432 0.0528 0.0298 0.0932 0.2060 0.1726 0.2900 
        H127 11 0.0932 0.1200 0.2748 0.1465 0.0958 0.0876 0.0945 0.0875 
        H136 11 0.1162 0.1089 0.0718 0.3078 0.0812 0.0722 0.0866 0.1554 
        H153 11 0.1963 0.1470 0.0556 0.0696 0.1752 0.1456 0.1507 0.0602 
        H154 11 0.0825 0.2094 0.0705 0.3210 0.0885 0.0694 0.0654 0.0933 
        H155 11 0.0820 0.0845 0.2235 0.0428 0.0849 0.1884 0.1196 0.1744 
        H156 11 0.1825 0.0748 0.1171 0.0244 0.1174 0.1696 0.2119 0.1023 
        H161 11 0.1888 0.2178 0.0524 0.0486 0.1077 0.1247 0.1337 0.1265 
        H162 11 0.1155 0.1281 0.3745 0.0452 0.1136 0.0884 0.0891 0.0458 
        H167 11 0.1422 0.0959 0.1422 0.0416 0.1497 0.1613 0.1670 0.1000 
        H168 11 0.1224 0.0727 0.1828 0.0763 0.1337 0.1495 0.1719 0.0908 
     H169586 11 0.1251 0.1269 0.0258 0.0896 0.0995 0.1087 0.1081 0.3162 
     H169738 11 0.1062 0.1058 0.2454 0.0477 0.1001 0.1512 0.1106 0.1330 
     H169741 11 0.0755 0.1129 0.1114 0.1646 0.0947 0.0829 0.0913 0.2666 
     H171801 11 0.1404 0.1576 0.0474 0.0560 0.1704 0.1646 0.1898 0.0738 
     H171810 11 0.1279 0.1946 0.0454 0.1252 0.1117 0.1124 0.1176 0.1653 
     H171811 11 0.1379 0.2148 0.0503 0.1479 0.1136 0.0896 0.1036 0.1422 
     H171812 11 0.0672 0.0716 0.0316 0.0619 0.0642 0.2429 0.0957 0.3649 
     H171820 11 0.1113 0.2127 0.0654 0.2150 0.0935 0.0834 0.0794 0.1392 
     H171821 11 0.1855 0.1109 0.1410 0.0631 0.1375 0.1121 0.1734 0.0765 
     H171822 11 0.1691 0.0934 0.1677 0.0686 0.1404 0.1345 0.1471 0.0792 
     H171823 11 0.1596 0.0938 0.0266 0.2319 0.1237 0.1167 0.1337 0.1140 
     H171866 11 0.1175 0.0941 0.2435 0.0653 0.1386 0.1040 0.1315 0.1055 
     H171867 11 0.1302 0.0725 0.2601 0.0476 0.1080 0.1515 0.1294 0.1006 
     H171967 11 0.0841 0.0976 0.0981 0.2343 0.0742 0.1350 0.0958 0.1809 
     H171969 11 0.1229 0.1122 0.0555 0.0732 0.1346 0.1322 0.1362 0.2332 
        H172 11 0.1257 0.0651 0.1135 0.0842 0.1216 0.1467 0.1039 0.2393 
        H173 11 0.0974 0.0691 0.2237 0.0733 0.0816 0.1572 0.0954 0.2023 
        H174 11 0.1421 0.2396 0.1274 0.0305 0.2102 0.0740 0.1171 0.0592 
        H196 11 0.0606 0.0826 0.6228 0.0378 0.0594 0.0559 0.0383 0.0426 
        H197 11 0.1356 0.1602 0.0941 0.0459 0.1338 0.1515 0.1940 0.0848 
        H346 11 0.1554 0.0651 0.0659 0.1119 0.1134 0.1851 0.1678 0.1353 
        H355 11 0.0998 0.0505 0.0542 0.1989 0.1119 0.1582 0.1168 0.2097 
        H356 11 0.1114 0.0962 0.1449 0.1189 0.1368 0.1155 0.1275 0.1489 
        H357 11 0.1046 0.1328 0.0794 0.1706 0.1073 0.1193 0.0987 0.1873 
        H358 11 0.1738 0.0779 0.0680 0.0463 0.0847 0.2090 0.1336 0.2067 
        H359 11 0.1297 0.2358 0.0798 0.0952 0.1245 0.1154 0.1061 0.1135 
        H360 11 0.1011 0.0881 0.2143 0.0608 0.1272 0.1308 0.1453 0.1324 
        H361 11 0.1386 0.0544 0.2210 0.0641 0.1231 0.1138 0.1448 0.1402 
        H362 11 0.1641 0.1660 0.2160 0.0315 0.1300 0.1117 0.1222 0.0585 
        H363 11 0.1525 0.0899 0.0655 0.1956 0.1084 0.1446 0.1268 0.1167 
        H364 11 0.1638 0.0561 0.0415 0.0692 0.1480 0.1408 0.2046 0.1761 
        H365 11 0.0678 0.1022 0.1027 0.0742 0.1015 0.1447 0.0889 0.3180 
        H366 11 0.1045 0.0444 0.2239 0.1308 0.1082 0.1419 0.0852 0.1611 
        H367 11 0.0574 0.2071 0.1016 0.4041 0.0799 0.0534 0.0468 0.0498 
        H368 11 0.1428 0.1391 0.0402 0.0491 0.1794 0.1234 0.1241 0.2018 
        H369 11 0.0743 0.0874 0.0940 0.4311 0.0658 0.0895 0.0758 0.0821 
        H370 11 0.1747 0.1069 0.1180 0.0527 0.1498 0.1571 0.1566 0.0842 
        H371 11 0.0962 0.2003 0.2470 0.0778 0.1048 0.0751 0.1021 0.0967 
        H372 11 0.1238 0.0754 0.1426 0.0626 0.1185 0.1540 0.1300 0.1930 
        H373 11 0.2072 0.1077 0.0679 0.0580 0.1338 0.1371 0.2208 0.0674 
        H374 11 0.1633 0.0850 0.0568 0.0974 0.1026 0.1713 0.2100 0.1137 
        H375 11 0.0868 0.1172 0.0591 0.1737 0.0820 0.1548 0.1042 0.2222 
        H376 11 0.1434 0.1161 0.0655 0.0595 0.1820 0.1461 0.1918 0.0957 
        H377 11 0.1509 0.0852 0.1179 0.1260 0.1219 0.1261 0.1696 0.1025 
        H378 11 0.1662 0.0842 0.0840 0.1208 0.1741 0.1121 0.1708 0.0877 
        H379 11 0.1774 0.1521 0.0969 0.0747 0.1420 0.1270 0.1362 0.0938 
        H380 11 0.1509 0.0817 0.0785 0.0529 0.1291 0.2232 0.1835 0.1001 
        H381 11 0.1146 0.1422 0.0417 0.2015 0.1338 0.0807 0.0933 0.1921 
        H382 11 0.1950 0.1391 0.0953 0.0261 0.1440 0.1752 0.1787 0.0466 
        H383 11 0.1558 0.0917 0.0586 0.0348 0.1857 0.1414 0.2465 0.0855 
        H384 11 0.1141 0.0607 0.0916 0.1360 0.1111 0.1012 0.1346 0.2507 
        H385 11 0.1475 0.2362 0.1044 0.0933 0.1069 0.0870 0.1091 0.1157 
        H386 11 0.1896 0.0609 0.0973 0.0528 0.0942 0.1897 0.1869 0.1285 
        H387 11 0.2137 0.0700 0.0327 0.0805 0.2191 0.1400 0.1763 0.0678 
        H388 11 0.0743 0.0823 0.3124 0.0395 0.1493 0.1018 0.1041 0.1361 
        H389 11 0.1035 0.1143 0.1120 0.1134 0.0999 0.1573 0.0884 0.2112 
        H390 11 0.1616 0.2053 0.0723 0.0640 0.1298 0.1290 0.1529 0.0851 
        H391 11 0.1196 0.1544 0.1284 0.0467 0.1629 0.1219 0.0948 0.1712 
        H392 11 0.1248 0.0979 0.0390 0.1048 0.0719 0.1781 0.0948 0.2887 
        H393 11 0.1133 0.0775 0.0533 0.0423 0.1457 0.1951 0.1209 0.2520 
        H394 11 0.1602 0.2039 0.0761 0.0536 0.2525 0.0957 0.0935 0.0645 
        H395 11 0.1091 0.1028 0.0947 0.2765 0.0957 0.1010 0.0905 0.1297 
        H408 11 0.1357 0.0498 0.0596 0.0978 0.0995 0.2174 0.1788 0.1614 
        H412 11 0.0358 0.3640 0.0369 0.3237 0.0521 0.0280 0.0350 0.1243 
        H417 11 0.1067 0.0709 0.0986 0.1223 0.0960 0.1125 0.1011 0.2919 
        H418 11 0.1142 0.2001 0.1289 0.1368 0.1652 0.0828 0.1082 0.0638 
        H429 11 0.1362 0.0955 0.0500 0.0620 0.1647 0.1679 0.1403 0.1834 
        H430 11 0.1117 0.1034 0.1121 0.0497 0.1110 0.1657 0.1466 0.1998 
        H439 11 0.1205 0.1287 0.2021 0.0681 0.1246 0.1205 0.1332 0.1022 
        H440 11 0.1440 0.0949 0.0443 0.2792 0.0936 0.1250 0.1088 0.1102 
        H441 11 0.1084 0.2087 0.2713 0.0872 0.1088 0.0838 0.0791 0.0528 
        H442 11 0.1126 0.1093 0.1780 0.0690 0.1520 0.1461 0.1253 0.1078 
        H446 11 0.1748 0.0858 0.1183 0.0801 0.1516 0.1401 0.1596 0.0896 
        H447 11 0.1425 0.0752 0.1426 0.0475 0.1086 0.1810 0.1294 0.1731 
        H448 11 0.0827 0.0573 0.2744 0.1012 0.0743 0.1269 0.0770 0.2062 
        H534 11 0.1215 0.2516 0.0392 0.1399 0.1197 0.0841 0.1429 0.1011 
        H537 11 0.0768 0.1361 0.0465 0.3765 0.1454 0.0751 0.0937 0.0499 
        H568 11 0.0775 0.1230 0.0555 0.4328 0.0698 0.0632 0.0607 0.1175 
        H569 11 0.0760 0.0554 0.3925 0.0294 0.0775 0.0979 0.1237 0.1476 
        H586 11 0.1190 0.1649 0.0224 0.0793 0.0986 0.0895 0.0991 0.3273 
        H587 11 0.0813 0.1067 0.0589 0.3658 0.0779 0.0812 0.1024 0.1259 
        H588 11 0.2186 0.0634 0.0395 0.0327 0.2668 0.1337 0.1555 0.0898 
        H589 11 0.0994 0.1195 0.0298 0.2189 0.0848 0.1147 0.0995 0.2334 
        H590 11 0.1035 0.1325 0.0411 0.3199 0.1052 0.1036 0.0912 0.1028 
        H601 11 0.1206 0.1042 0.2262 0.0440 0.1507 0.1319 0.1422 0.0802 
        H602 11 0.1045 0.1337 0.2201 0.1406 0.1076 0.0868 0.0912 0.1156 
        H603 11 0.1491 0.1357 0.1230 0.0498 0.1246 0.1887 0.1384 0.0907 
        H610 11 0.0866 0.1477 0.3032 0.1120 0.1184 0.0817 0.0795 0.0710 
        H611 11 0.0907 0.1017 0.1131 0.2304 0.0823 0.1027 0.0893 0.1898 
        H649 11 0.1277 0.0990 0.0513 0.0900 0.1350 0.1909 0.1354 0.1707 
        H650 11 0.1611 0.1016 0.1728 0.0483 0.1269 0.1669 0.1267 0.0957 
        H651 11 0.1082 0.0753 0.2357 0.0833 0.1062 0.1516 0.1293 0.1103 
        H652 11 0.1787 0.0992 0.1005 0.0805 0.2085 0.1236 0.1582 0.0508 
       H7364 11 0.1448 0.1104 0.1006 0.0557 0.1193 0.1592 0.1135 0.1965 
       H7366 11 0.1025 0.0615 0.2622 0.1412 0.1151 0.1024 0.1147 0.1003 
       H7378 11 0.1386 0.2540 0.1460 0.0247 0.2151 0.0613 0.1040 0.0562 
       H7379 11 0.1066 0.0976 0.1555 0.1177 0.1541 0.0931 0.1568 0.1185 
        H739 11 0.0699 0.0704 0.1275 0.3235 0.0820 0.0831 0.0715 0.1720 
        H740 11 0.1778 0.1258 0.1105 0.0618 0.1210 0.1872 0.1583 0.0576 
        H741 11 0.0877 0.1056 0.1150 0.1647 0.0762 0.1041 0.0937 0.2530 
        H926 11 0.1929 0.1052 0.1231 0.0639 0.1365 0.1414 0.1915 0.0454 
        H927 11 0.0761 0.0492 0.5586 0.0399 0.0703 0.0684 0.0606 0.0769 
        H928 11 0.1038 0.1168 0.1950 0.0843 0.1154 0.1216 0.0950 0.1681 
       H9560 11 0.1779 0.0872 0.1542 0.0714 0.1754 0.0853 0.1351 0.1134 
        H409 12 0.1591 0.1465 0.0803 0.0462 0.1516 0.1627 0.1880 0.0656 
        H413 12 0.1466 0.3400 0.0421 0.0315 0.1605 0.0843 0.1181 0.0769 
        H419 12 0.1285 0.1198 0.1663 0.0688 0.1264 0.1586 0.1518 0.0798 
        H420 12 0.0938 0.1031 0.1069 0.1993 0.1418 0.1328 0.1081 0.1142 
        H421 12 0.2215 0.1304 0.0524 0.0291 0.1505 0.1478 0.1927 0.0755 
        H435 12 0.2540 0.1029 0.0696 0.0363 0.1375 0.1405 0.1993 0.0600 
        H436 12 0.1368 0.0884 0.1113 0.1091 0.1097 0.1550 0.1356 0.1541 
        H437 12 0.1339 0.1719 0.0371 0.2296 0.1153 0.0892 0.1024 0.1206 
        H445 12 0.1556 0.0658 0.0935 0.0525 0.1203 0.2021 0.1678 0.1425 
        H449 12 0.1261 0.0832 0.3027 0.0648 0.1941 0.0713 0.0961 0.0617 
        H463 12 0.1596 0.1261 0.0455 0.2059 0.1369 0.1298 0.1287 0.0676 
        H464 12 0.1444 0.0720 0.0515 0.0411 0.1457 0.1963 0.2621 0.0870 
        H465 12 0.1074 0.3511 0.0440 0.0671 0.1943 0.0685 0.1118 0.0558 
        H490 12 0.1447 0.1281 0.0643 0.0419 0.3146 0.1053 0.1374 0.0636 
        H561 12 0.1293 0.1920 0.1145 0.0816 0.1202 0.1235 0.1240 0.1150 
        H562 12 0.1350 0.0993 0.0789 0.0867 0.1040 0.1732 0.1837 0.1392 
        H563 12 0.0873 0.1431 0.2329 0.1449 0.1113 0.0993 0.0838 0.0975 
        H570 12 0.1505 0.1443 0.0888 0.1629 0.0910 0.1286 0.1487 0.0852 
        H571 12 0.1535 0.3304 0.0524 0.0754 0.1598 0.0635 0.1074 0.0575 
        H572 12 0.0680 0.4205 0.0709 0.1743 0.0883 0.0708 0.0584 0.0489 
        H573 12 0.1230 0.1680 0.0893 0.0494 0.1363 0.1400 0.1667 0.1272 
       H7372 12 0.1507 0.0454 0.2616 0.0286 0.1255 0.1488 0.1768 0.0626 
       H7373 12 0.1929 0.1073 0.0588 0.0374 0.2386 0.1016 0.1323 0.1311 
       H7374 12 0.1458 0.0787 0.0331 0.1867 0.1053 0.1577 0.1768 0.1159 
       H7375 12 0.0922 0.1093 0.0961 0.2952 0.0818 0.0974 0.0778 0.1503 
       H7376 12 0.1005 0.0562 0.1032 0.0305 0.0907 0.2171 0.1304 0.2715 
       H7377 12 0.0905 0.2007 0.1034 0.1829 0.1012 0.1036 0.1119 0.1057 
