        H102  1 0.3355 0.3757 0.2888 
        H103  1 0.3570 0.2442 0.3987 
        H104  1 0.3250 0.4215 0.2535 
        H105  1 0.4182 0.2889 0.2928 
        H106  1 0.3469 0.3301 0.3230 
        H112  1 0.3248 0.3928 0.2824 
        H113  1 0.3863 0.3217 0.2920 
        H114  1 0.4144 0.2830 0.3026 
        H115  1 0.3621 0.3896 0.2484 
        H143  1 0.3673 0.3161 0.3166 
        H144  1 0.3668 0.2316 0.4016 
        H145  1 0.3194 0.2519 0.4287 
        H149  1 0.3225 0.4038 0.2736 
        H150  1 0.3277 0.3433 0.3290 
     H167542  1 0.4333 0.2837 0.2830 
     H169604  1 0.3712 0.3116 0.3172 
     H169607  1 0.3669 0.2605 0.3726 
     H169608  1 0.2672 0.4415 0.2912 
     H169633  1 0.4297 0.2455 0.3248 
     H169688  1 0.3049 0.2867 0.4085 
     H169714  1 0.3013 0.3969 0.3018 
     H171802  1 0.2880 0.4055 0.3065 
     H171805  1 0.3646 0.2708 0.3646 
     H171807  1 0.3109 0.3646 0.3245 
     H171814  1 0.3188 0.2537 0.4275 
     H171816  1 0.3088 0.3792 0.3120 
     H171817  1 0.3504 0.3592 0.2904 
     H171818  1 0.3790 0.3144 0.3066 
     H171819  1 0.3253 0.3634 0.3112 
     H171834  1 0.3605 0.3283 0.3111 
     H171835  1 0.2515 0.4778 0.2707 
     H171836  1 0.4367 0.2025 0.3607 
     H171837  1 0.3336 0.3801 0.2863 
     H171838  1 0.3413 0.2772 0.3815 
     H171839  1 0.3393 0.3765 0.2842 
     H171841  1 0.2358 0.4529 0.3113 
     H171860  1 0.3621 0.3387 0.2992 
     H171861  1 0.4675 0.2123 0.3202 
     H171862  1 0.3415 0.3314 0.3271 
     H171868  1 0.4256 0.2948 0.2796 
     H171869  1 0.2988 0.2931 0.4081 
     H171870  1 0.3186 0.3181 0.3633 
     H171871  1 0.3442 0.2880 0.3678 
     H171872  1 0.3490 0.3741 0.2768 
     H171873  1 0.2851 0.3399 0.3750 
     H171874  1 0.3457 0.2950 0.3593 
     H171875  1 0.4040 0.2284 0.3676 
     H171876  1 0.3711 0.2966 0.3323 
     H171877  1 0.4343 0.3038 0.2619 
     H171878  1 0.2546 0.3562 0.3892 
     H171901  1 0.3000 0.3883 0.3116 
     H171902  1 0.2887 0.3130 0.3983 
     H171903  1 0.3465 0.3387 0.3148 
     H171935  1 0.2723 0.3929 0.3348 
     H171936  1 0.4029 0.2738 0.3233 
     H171940  1 0.3398 0.3514 0.3087 
     H171945  1 0.3112 0.3169 0.3720 
     H171948  1 0.3558 0.3697 0.2746 
     H171949  1 0.2950 0.4130 0.2920 
     H171950  1 0.2551 0.4727 0.2722 
     H171963  1 0.3405 0.2657 0.3938 
     H171964  1 0.2649 0.2876 0.4475 
     H171966  1 0.3289 0.3282 0.3429 
     H171968  1 0.2959 0.3518 0.3523 
     H171971  1 0.3142 0.3303 0.3555 
     H171972  1 0.3311 0.2811 0.3879 
     H171977  1 0.3030 0.2780 0.4189 
     H171978  1 0.2936 0.3665 0.3399 
     H171979  1 0.4053 0.2327 0.3620 
        H176  1 0.3610 0.3100 0.3290 
        H177  1 0.3095 0.4209 0.2696 
        H179  1 0.3412 0.3973 0.2615 
        H181  1 0.3690 0.2461 0.3849 
        H182  1 0.3818 0.2443 0.3738 
        H183  1 0.3213 0.2601 0.4185 
        H184  1 0.3689 0.3461 0.2850 
        H185  1 0.3793 0.2522 0.3685 
        H186  1 0.2801 0.3638 0.3561 
        H187  1 0.3467 0.3239 0.3294 
        H188  1 0.3585 0.3696 0.2719 
        H192  1 0.3158 0.3837 0.3005 
        H193  1 0.3485 0.2542 0.3973 
        H194  1 0.3650 0.3363 0.2987 
        H195  1 0.2908 0.2524 0.4568 
        H199  1 0.2977 0.2741 0.4282 
        H200  1 0.3224 0.3579 0.3197 
        H414  1 0.3390 0.3101 0.3509 
        H415  1 0.3671 0.3027 0.3302 
        H422  1 0.2926 0.3466 0.3608 
        H423  1 0.2592 0.4628 0.2780 
        H424  1 0.3745 0.2475 0.3780 
        H425  1 0.3007 0.2717 0.4276 
        H426  1 0.2618 0.2958 0.4424 
        H443  1 0.3178 0.2769 0.4052 
        H466  1 0.3422 0.3414 0.3163 
        H467  1 0.2605 0.4318 0.3078 
        H472  1 0.3449 0.3025 0.3527 
        H483  1 0.4054 0.2440 0.3505 
        H504  1 0.3027 0.2617 0.4355 
        H505  1 0.3385 0.3608 0.3007 
        H506  1 0.3149 0.3259 0.3592 
        H507  1 0.4083 0.2186 0.3731 
        H508  1 0.3041 0.3525 0.3434 
        H524  1 0.4074 0.2447 0.3479 
        H525  1 0.3409 0.3074 0.3517 
        H526  1 0.4052 0.2685 0.3263 
        H527  1 0.3137 0.3884 0.2979 
        H528  1 0.3624 0.2637 0.3739 
        H529  1 0.3956 0.2378 0.3666 
        H533  1 0.4188 0.2369 0.3443 
        H538  1 0.3536 0.3401 0.3063 
        H539  1 0.3286 0.2931 0.3783 
        H540  1 0.3626 0.3235 0.3138 
        H541  1 0.3841 0.3184 0.2974 
        H558  1 0.2987 0.2855 0.4157 
        H559  1 0.3426 0.3258 0.3316 
        H579  1 0.3445 0.2837 0.3718 
        H584  1 0.3174 0.2885 0.3942 
        H585  1 0.3576 0.2901 0.3523 
        H605  1 0.3569 0.3196 0.3235 
        H606  1 0.2935 0.4258 0.2808 
        H632  1 0.2877 0.2802 0.4321 
        H634  1 0.3528 0.2985 0.3487 
        H671  1 0.2765 0.4328 0.2907 
        H672  1 0.3450 0.3170 0.3380 
        H673  1 0.3714 0.2777 0.3509 
        H689  1 0.3322 0.2786 0.3892 
        H690  1 0.3463 0.3949 0.2588 
        H691  1 0.3686 0.3246 0.3068 
        H692  1 0.4414 0.1866 0.3720 
        H709  1 0.3580 0.3211 0.3208 
        H710  1 0.3763 0.2292 0.3945 
       H7355  1 0.4124 0.2676 0.3200 
       H7356  1 0.3257 0.3062 0.3681 
       H7357  1 0.3840 0.3253 0.2907 
       H7358  1 0.3836 0.2525 0.3639 
       H7380  1 0.3648 0.2972 0.3379 
       H7381  1 0.2761 0.3987 0.3252 
       H7382  1 0.3513 0.2968 0.3520 
        H904  1 0.2581 0.5162 0.2258 
        H923  1 0.3136 0.3209 0.3655 
        H924  1 0.3216 0.3608 0.3176 
        H925  1 0.3774 0.2773 0.3453 
       H9558  1 0.2921 0.2758 0.4321 
        H008  2 0.4570 0.2326 0.3105 
        H021  2 0.3060 0.3965 0.2975 
        H023  2 0.3289 0.3920 0.2792 
        H024  2 0.3452 0.2381 0.4168 
        H025  2 0.2826 0.3779 0.3395 
        H026  2 0.3070 0.2608 0.4321 
        H027  2 0.3993 0.2939 0.3068 
        H028  2 0.3546 0.2683 0.3771 
        H029  2 0.3510 0.2763 0.3728 
        H030  2 0.3226 0.2640 0.4134 
        H038  2 0.2908 0.3826 0.3266 
        H039  2 0.2100 0.5589 0.2310 
        H040  2 0.2867 0.3957 0.3176 
        H041  2 0.4157 0.3005 0.2838 
        H042  2 0.3571 0.3372 0.3057 
        H043  2 0.2460 0.4276 0.3265 
        H044  2 0.3626 0.2607 0.3768 
        H047  2 0.2593 0.4004 0.3403 
        H050  2 0.3221 0.2867 0.3911 
        H058  2 0.3061 0.3693 0.3246 
        H062  2 0.3209 0.3637 0.3153 
        H063  2 0.3088 0.4253 0.2659 
        H065  2 0.2932 0.3193 0.3875 
        H066  2 0.3035 0.3243 0.3722 
        H067  2 0.3832 0.2917 0.3251 
        H068  2 0.2568 0.4366 0.3066 
        H069  2 0.3067 0.3148 0.3785 
        H071  2 0.3158 0.3994 0.2849 
        H072  2 0.2974 0.4438 0.2588 
        H073  2 0.3555 0.2876 0.3569 
        H081  2 0.4152 0.3284 0.2563 
        H082  2 0.4071 0.2235 0.3694 
        H083  2 0.3555 0.2599 0.3846 
        H084  2 0.3311 0.3529 0.3160 
        H085  2 0.4125 0.3059 0.2816 
        H087  2 0.4175 0.3033 0.2791 
        H088  2 0.3431 0.3972 0.2597 
        H089  2 0.4061 0.2715 0.3224 
        H090  2 0.3412 0.2681 0.3907 
        H091  2 0.3869 0.2649 0.3482 
        H098  2 0.4046 0.2728 0.3226 
      H10001  2 0.2056 0.5568 0.2376 
      H10002  2 0.3554 0.3868 0.2577 
        H101  2 0.3297 0.2942 0.3761 
        H108  2 0.3638 0.3641 0.2721 
        H109  2 0.3013 0.3717 0.3271 
        H110  2 0.4455 0.2696 0.2848 
        H116  2 0.3279 0.2955 0.3766 
        H117  2 0.4352 0.2749 0.2899 
        H118  2 0.3666 0.2250 0.4084 
        H119  2 0.3131 0.4028 0.2840 
        H120  2 0.2983 0.4617 0.2400 
        H121  2 0.3589 0.2709 0.3702 
        H125  2 0.2150 0.5610 0.2240 
        H126  2 0.3119 0.2971 0.3910 
        H128  2 0.3213 0.1834 0.4953 
        H129  2 0.3274 0.2373 0.4353 
        H130  2 0.2420 0.3990 0.3590 
        H133  2 0.2481 0.4631 0.2888 
        H134  2 0.2582 0.2381 0.5037 
        H135  2 0.3802 0.3319 0.2878 
        H137  2 0.3660 0.3115 0.3225 
        H138  2 0.3111 0.2728 0.4162 
        H140  2 0.3386 0.3151 0.3463 
        H146  2 0.3366 0.2849 0.3786 
        H147  2 0.4172 0.2849 0.2980 
        H148  2 0.4126 0.3047 0.2828 
     H166022  2 0.4211 0.2564 0.3225 
     H167359  2 0.3617 0.3077 0.3305 
     H167397  2 0.4355 0.1873 0.3772 
     H167428  2 0.4210 0.2081 0.3709 
     H167496  2 0.3188 0.4398 0.2414 
     H167513  2 0.3423 0.3051 0.3526 
     H167545  2 0.3268 0.2696 0.4036 
     H167547  2 0.2962 0.2439 0.4599 
     H169621  2 0.3623 0.2735 0.3641 
     H169622  2 0.3778 0.2606 0.3616 
     H169750  2 0.2741 0.3888 0.3371 
     H171806  2 0.2799 0.3799 0.3402 
     H171808  2 0.3312 0.3060 0.3628 
     H171809  2 0.3713 0.3244 0.3043 
     H171813  2 0.2844 0.3315 0.3841 
     H171815  2 0.2475 0.4552 0.2973 
     H171824  2 0.3250 0.4314 0.2436 
     H171825  2 0.3534 0.3025 0.3441 
     H171826  2 0.3351 0.3753 0.2896 
     H171827  2 0.3231 0.3602 0.3167 
     H171828  2 0.2714 0.5047 0.2239 
     H171829  2 0.2643 0.3526 0.3830 
     H171830  2 0.3703 0.3286 0.3011 
     H171831  2 0.3522 0.2335 0.4143 
     H171832  2 0.3448 0.2983 0.3569 
     H171863  2 0.3228 0.2318 0.4454 
     H171864  2 0.4030 0.3000 0.2969 
     H171865  2 0.2782 0.4341 0.2877 
     H171879  2 0.3315 0.3113 0.3572 
     H171880  2 0.3794 0.2953 0.3253 
     H171881  2 0.4116 0.2658 0.3226 
     H171882  2 0.2713 0.4754 0.2533 
     H171929  2 0.4131 0.2789 0.3080 
     H171930  2 0.3371 0.2489 0.4141 
     H171933  2 0.3601 0.3018 0.3381 
     H171934  2 0.4001 0.3018 0.2982 
     H171937  2 0.3074 0.2819 0.4107 
     H171962  2 0.3924 0.2768 0.3308 
        H190  2 0.3936 0.2538 0.3525 
        H191  2 0.3440 0.3162 0.3398 
        H396  2 0.3601 0.3151 0.3248 
        H397  2 0.3514 0.2965 0.3520 
        H398  2 0.2987 0.3494 0.3519 
        H400  2 0.3634 0.3113 0.3253 
        H401  2 0.3571 0.2161 0.4268 
        H402  2 0.4427 0.2461 0.3112 
        H427  2 0.3787 0.3058 0.3154 
        H428  2 0.4279 0.2091 0.3630 
        H497  2 0.3126 0.3488 0.3386 
        H512  2 0.3568 0.3270 0.3161 
        H513  2 0.3420 0.3108 0.3472 
        H514  2 0.3031 0.3229 0.3741 
        H519  2 0.3471 0.3191 0.3338 
        H532  2 0.4060 0.2638 0.3302 
        H543  2 0.4220 0.2659 0.3121 
        H544  2 0.2834 0.3067 0.4099 
        H545  2 0.3116 0.2568 0.4316 
        H546  2 0.2949 0.3669 0.3383 
        H547  2 0.3000 0.2456 0.4544 
        H548  2 0.4156 0.2814 0.3030 
        H549  2 0.3320 0.2636 0.4044 
        H620  2 0.2771 0.4835 0.2394 
        H623  2 0.3598 0.2583 0.3819 
        H624  2 0.2238 0.3916 0.3845 
        H625  2 0.3941 0.2790 0.3268 
        H626  2 0.3440 0.3234 0.3326 
        H654  2 0.2268 0.5062 0.2670 
        H655  2 0.2774 0.4124 0.3102 
        H656  2 0.2881 0.4350 0.2769 
        H666  2 0.2382 0.4732 0.2886 
        H667  2 0.3606 0.3129 0.3265 
        H677  2 0.3710 0.2973 0.3317 
        H693  2 0.3392 0.4067 0.2541 
        H694  2 0.3691 0.2457 0.3852 
        H701  2 0.4038 0.2636 0.3326 
        H702  2 0.3442 0.3670 0.2889 
        H731  2 0.2969 0.4096 0.2935 
       H7359  2 0.3616 0.3112 0.3272 
       H7389  2 0.3189 0.3222 0.3589 
       H7390  2 0.2662 0.4522 0.2817 
       H7391  2 0.4539 0.2871 0.2590 
       H7392  2 0.2957 0.3401 0.3643 
       H7393  2 0.3227 0.3714 0.3058 
       H7398  2 0.4108 0.3131 0.2761 
       H7399  2 0.3709 0.2682 0.3609 
       H7400  2 0.2459 0.4864 0.2678 
        H745  2 0.3127 0.2494 0.4379 
        H746  2 0.3659 0.2697 0.3644 
        H747  2 0.2900 0.4165 0.2935 
        H748  2 0.3150 0.3506 0.3345 
       H7484  2 0.2821 0.4309 0.2870 
       H7485  2 0.3481 0.2807 0.3712 
        H749  2 0.3564 0.2619 0.3817 
        H930  2 0.3460 0.2614 0.3926 
        H931  2 0.3798 0.3082 0.3119 
        H932  2 0.3078 0.3614 0.3308 
        H111  3 0.3378 0.2724 0.3899 
        H951  3 0.3497 0.2687 0.3816 
        H952  3 0.2714 0.3460 0.3825 
        H953  3 0.3673 0.2788 0.3539 
        H954  3 0.2995 0.4400 0.2605 
        H955  3 0.3662 0.2674 0.3664 
        H956  3 0.3150 0.3833 0.3016 
       H9563  3 0.3766 0.3512 0.2722 
        H002  4 0.2633 0.4153 0.3215 
        H003  4 0.3835 0.2742 0.3422 
        H009  4 0.3035 0.2807 0.4158 
        H010  4 0.3543 0.3138 0.3319 
        H011  4 0.3088 0.4329 0.2584 
        H012  4 0.4469 0.2548 0.2983 
        H013  4 0.3637 0.3573 0.2790 
        H014  4 0.3279 0.3316 0.3404 
        H045  4 0.3941 0.3359 0.2700 
        H046  4 0.3550 0.2730 0.3720 
        H051  4 0.3600 0.3864 0.2536 
        H052  4 0.2589 0.3472 0.3939 
        H053  4 0.2900 0.4017 0.3083 
        H056  4 0.2783 0.3937 0.3280 
        H076  4 0.3581 0.2563 0.3855 
        H151  4 0.2279 0.4938 0.2782 
        H152  4 0.2277 0.4240 0.3483 
     H171803  4 0.2982 0.4132 0.2887 
     H171804  4 0.3437 0.3741 0.2822 
     H171833  4 0.3006 0.2665 0.4329 
     H171855  4 0.2313 0.4544 0.3143 
     H171856  4 0.3247 0.3374 0.3379 
     H171857  4 0.2555 0.4309 0.3136 
     H171858  4 0.3043 0.3297 0.3660 
     H171859  4 0.3064 0.3524 0.3412 
     H171961  4 0.3224 0.3895 0.2881 
        H198  4 0.3727 0.2546 0.3727 
      H20001  4 0.3024 0.2698 0.4278 
        H403  4 0.2901 0.3355 0.3744 
        H404  4 0.3893 0.2809 0.3297 
        H405  4 0.3983 0.2627 0.3390 
        H406  4 0.2707 0.2945 0.4348 
        H407  4 0.3062 0.3753 0.3185 
        H410  4 0.3790 0.2465 0.3745 
        H411  4 0.2931 0.2820 0.4249 
        H468  4 0.2880 0.3270 0.3850 
        H476  4 0.3083 0.3563 0.3354 
        H477  4 0.2599 0.2864 0.4537 
        H478  4 0.4152 0.2551 0.3297 
        H479  4 0.3555 0.3390 0.3056 
        H480  4 0.3342 0.2696 0.3963 
        H498  4 0.3414 0.3219 0.3368 
        H499  4 0.3246 0.3441 0.3313 
        H500  4 0.3064 0.4470 0.2466 
        H515  4 0.3056 0.4008 0.2936 
        H516  4 0.2973 0.3365 0.3661 
        H517  4 0.3355 0.3309 0.3336 
        H518  4 0.2760 0.3508 0.3732 
        H520  4 0.2771 0.4148 0.3082 
        H521  4 0.3947 0.2903 0.3150 
        H522  4 0.3177 0.3633 0.3190 
        H523  4 0.3127 0.3829 0.3044 
        H536  4 0.3630 0.3030 0.3340 
        H645  4 0.3822 0.3579 0.2599 
        H646  4 0.3597 0.2572 0.3832 
        H647  4 0.3124 0.3076 0.3800 
        H657  4 0.3724 0.2566 0.3710 
        H658  4 0.3233 0.3741 0.3026 
        H659  4 0.2317 0.5183 0.2500 
        H660  4 0.3431 0.3506 0.3063 
        H661  4 0.2607 0.3900 0.3493 
        H668  4 0.4088 0.2761 0.3151 
        H669  4 0.3640 0.3397 0.2963 
        H670  4 0.3714 0.3661 0.2625 
        H678  4 0.3211 0.3429 0.3360 
        H679  4 0.4076 0.2496 0.3428 
        H680  4 0.3013 0.3301 0.3686 
        H681  4 0.3457 0.3634 0.2909 
        H682  4 0.4061 0.3119 0.2820 
        H683  4 0.2505 0.3814 0.3682 
        H718  4 0.2917 0.4068 0.3014 
        H719  4 0.4113 0.3201 0.2686 
        H720  4 0.3127 0.3044 0.3829 
        H721  4 0.2816 0.3435 0.3749 
        H722  4 0.2491 0.3646 0.3863 
        H723  4 0.3450 0.3952 0.2598 
        H724  4 0.2470 0.4884 0.2646 
        H725  4 0.2604 0.4520 0.2876 
        H726  4 0.2953 0.4132 0.2915 
        H727  4 0.3200 0.4129 0.2672 
        H910  4 0.3285 0.3947 0.2768 
        H911  4 0.3558 0.2826 0.3616 
        H912  4 0.2990 0.3626 0.3384 
        H913  4 0.2749 0.4229 0.3022 
        H914  4 0.3245 0.4262 0.2493 
        H915  4 0.3280 0.3523 0.3197 
        H916  4 0.2846 0.3366 0.3788 
       H9572  4 0.3433 0.3266 0.3301 
        H015  5 0.3613 0.2562 0.3825 
        H016  5 0.3092 0.2731 0.4177 
        H017  5 0.2552 0.3534 0.3913 
        H019  5 0.3574 0.2826 0.3600 
        H020  5 0.2926 0.3580 0.3495 
        H032  5 0.3082 0.3542 0.3376 
        H033  5 0.4161 0.2881 0.2958 
        H034  5 0.3343 0.4029 0.2628 
        H035  5 0.3169 0.3457 0.3375 
        H036  5 0.3427 0.3089 0.3485 
        H037  5 0.2773 0.4303 0.2924 
        H048  5 0.3328 0.4064 0.2608 
        H049  5 0.3002 0.3190 0.3808 
        H054  5 0.3346 0.3471 0.3183 
        H055  5 0.3029 0.3709 0.3262 
        H057  5 0.2772 0.3252 0.3975 
        H060  5 0.2643 0.3926 0.3431 
        H061  5 0.3796 0.2828 0.3377 
        H064  5 0.3142 0.3568 0.3290 
        H070  5 0.3450 0.3865 0.2686 
        H077  5 0.2888 0.4189 0.2923 
        H078  5 0.2528 0.4162 0.3310 
        H079  5 0.4107 0.2623 0.3270 
        H097  5 0.2484 0.3648 0.3868 
        H107  5 0.2788 0.4943 0.2269 
        H122  5 0.3102 0.3171 0.3726 
        H123  5 0.3491 0.2720 0.3788 
        H124  5 0.3707 0.2787 0.3507 
        H131  5 0.3624 0.2852 0.3524 
        H132  5 0.3543 0.3465 0.2992 
        H141  5 0.3141 0.3714 0.3145 
        H142  5 0.3624 0.2689 0.3687 
        H157  5 0.2993 0.4253 0.2754 
        H158  5 0.2838 0.2880 0.4281 
        H159  5 0.3833 0.2460 0.3707 
        H160  5 0.3124 0.3283 0.3593 
        H163  5 0.3493 0.2997 0.3510 
        H164  5 0.3886 0.2881 0.3233 
        H165  5 0.4258 0.2363 0.3379 
        H166  5 0.3470 0.2848 0.3682 
        H169  5 0.3306 0.3491 0.3203 
     H169613  5 0.2971 0.3655 0.3374 
     H169653  5 0.3584 0.2913 0.3503 
     H169728  5 0.3383 0.3001 0.3616 
     H169742  5 0.3551 0.3405 0.3043 
        H170  5 0.2740 0.2956 0.4304 
        H171  5 0.3024 0.2900 0.4077 
     H171851  5 0.3253 0.3218 0.3529 
     H171852  5 0.2682 0.3990 0.3328 
     H171853  5 0.3631 0.3533 0.2837 
     H171854  5 0.3228 0.3370 0.3402 
     H171938  5 0.4098 0.3303 0.2599 
     H171939  5 0.3002 0.2749 0.4249 
     H171941  5 0.2959 0.4380 0.2661 
     H171965  5 0.3384 0.2869 0.3747 
     H171970  5 0.2839 0.4538 0.2623 
     H171973  5 0.4124 0.2753 0.3122 
     H171974  5 0.3711 0.3377 0.2912 
     H171975  5 0.3464 0.3539 0.2997 
     H171976  5 0.2693 0.3104 0.4203 
        H175  5 0.3208 0.4036 0.2757 
        H178  5 0.3425 0.3426 0.3149 
        H189  5 0.3514 0.2490 0.3996 
        H399  5 0.2607 0.3008 0.4385 
        H416  5 0.3216 0.3538 0.3246 
        H438  5 0.3971 0.3318 0.2710 
        H450  5 0.2608 0.4374 0.3018 
        H455  5 0.3104 0.4435 0.2461 
        H456  5 0.3667 0.3387 0.2946 
        H457  5 0.2694 0.3911 0.3395 
        H458  5 0.3094 0.4039 0.2866 
        H459  5 0.3835 0.2632 0.3533 
        H460  5 0.3258 0.3517 0.3225 
        H461  5 0.2715 0.3242 0.4043 
        H462  5 0.3854 0.2873 0.3273 
        H469  5 0.4011 0.2554 0.3435 
        H470  5 0.3474 0.3427 0.3099 
        H471  5 0.3092 0.2572 0.4337 
        H481  5 0.2501 0.4895 0.2604 
        H482  5 0.3032 0.3791 0.3177 
        H501  5 0.3656 0.3446 0.2898 
        H502  5 0.3465 0.2561 0.3975 
        H503  5 0.3307 0.2923 0.3770 
        H509  5 0.3280 0.3913 0.2807 
        H510  5 0.3528 0.3071 0.3402 
        H511  5 0.3311 0.3009 0.3680 
        H530  5 0.3599 0.3612 0.2789 
        H531  5 0.2733 0.4070 0.3197 
        H564  5 0.3198 0.3508 0.3295 
        H565  5 0.2492 0.4504 0.3004 
        H567  5 0.3528 0.2389 0.4083 
     H568???  5 0.3003 0.2822 0.4176 
        H608  5 0.2695 0.4444 0.2861 
        H609  5 0.3955 0.3034 0.3011 
        H612  5 0.3082 0.4580 0.2337 
        H614  5 0.2373 0.4616 0.3011 
        H615  5 0.2508 0.4141 0.3351 
        H616  5 0.2626 0.5129 0.2245 
        H617  5 0.4168 0.2529 0.3303 
        H618  5 0.3075 0.4185 0.2740 
        H619  5 0.3866 0.2699 0.3435 
        H635  5 0.3549 0.3218 0.3233 
        H636  5 0.4198 0.2916 0.2886 
        H637  5 0.3409 0.3363 0.3228 
        H644  5 0.3290 0.1991 0.4719 
        H711  5 0.2833 0.3045 0.4121 
        H712  5 0.3343 0.3820 0.2836 
       H7360  5 0.3115 0.3185 0.3700 
       H7361  5 0.2904 0.4065 0.3031 
       H7362  5 0.3356 0.2222 0.4422 
       H7363  5 0.2807 0.3735 0.3459 
       H7394  5 0.3491 0.2937 0.3572 
       H7395  5 0.3572 0.3357 0.3071 
       H7396  5 0.3286 0.3503 0.3212 
        H742  5 0.3570 0.3424 0.3006 
        H743  5 0.2900 0.3482 0.3618 
        H744  5 0.2644 0.4667 0.2689 
        H957  5 0.3069 0.3169 0.3762 
        H958  5 0.3534 0.3020 0.3446 
        H959  5 0.3332 0.4122 0.2546 
        H960  5 0.3411 0.3259 0.3330 
      H_PALI  6 0.3653 0.3177 0.3170 
        H581  6 0.2988 0.3717 0.3294 
        H582  6 0.2637 0.4234 0.3129 
        H583  6 0.3158 0.3545 0.3298 
        H595  6 0.3608 0.2542 0.3850 
        H596  6 0.3801 0.2408 0.3790 
        H597  6 0.3228 0.2634 0.4138 
        H598  6 0.3529 0.3538 0.2933 
        H599  6 0.3150 0.3930 0.2920 
        H642  6 0.3229 0.2786 0.3984 
        H643  6 0.3428 0.3466 0.3105 
        H664  6 0.2393 0.4196 0.3411 
        H665  6 0.4039 0.3158 0.2803 
        H674  6 0.3018 0.2241 0.4740 
        H675  6 0.2565 0.3861 0.3575 
        H676  6 0.3324 0.2831 0.3846 
        H686  6 0.3281 0.3149 0.3570 
        H687  6 0.3110 0.3428 0.3462 
        H917  6 0.4470 0.2392 0.3138 
        H918  6 0.4160 0.2754 0.3086 
        H919  6 0.2938 0.4548 0.2515 
        H920  6 0.3308 0.3653 0.3039 
        H631  7 0.3052 0.3833 0.3115 
        H684  7 0.3114 0.2696 0.4190 
        H685  7 0.2373 0.4771 0.2857 
        H713  7 0.2976 0.4317 0.2707 
        H715  7 0.3016 0.2988 0.3996 
        H716  7 0.3335 0.3613 0.3052 
        H717  7 0.3472 0.3285 0.3243 
        H729  7 0.4524 0.2438 0.3038 
        H730  7 0.3784 0.3426 0.2790 
        H431  8 0.2802 0.4256 0.2942 
        H432  8 0.3604 0.2289 0.4107 
        H433  8 0.4204 0.2918 0.2877 
        H434  8 0.3544 0.3090 0.3365 
        H444  8 0.4308 0.2731 0.2960 
        H454  8 0.3283 0.4260 0.2457 
        H475  8 0.2755 0.4595 0.2650 
        H491  8 0.3219 0.3681 0.3100 
        H492  8 0.3102 0.3997 0.2901 
        H493  8 0.3088 0.3347 0.3565 
        H494  8 0.3401 0.3383 0.3215 
        H495  8 0.2180 0.4250 0.3570 
        H662  8 0.2985 0.3009 0.4006 
        H663  8 0.3622 0.3269 0.3109 
        H695  8 0.3559 0.3535 0.2906 
       H7367  8 0.4006 0.2590 0.3405 
       H7368  8 0.3347 0.2930 0.3724 
       H7369  8 0.3859 0.3127 0.3014 
       H7370  8 0.4046 0.2404 0.3549 
       H7371  8 0.3883 0.3117 0.3001 
        H600  9 0.3068 0.4051 0.2880 
        H648  9 0.3190 0.3244 0.3566 
        H696  9 0.3116 0.2167 0.4717 
        H697  9 0.3373 0.3187 0.3440 
        H698  9 0.3476 0.2886 0.3638 
        H699  9 0.3434 0.3162 0.3404 
        H700  9 0.3192 0.4005 0.2803 
        H732  9 0.2691 0.4281 0.3028 
        H733  9 0.4154 0.2586 0.3260 
        H734  9 0.3382 0.2571 0.4047 
        H735  9 0.3340 0.2906 0.3754 
        H736  9 0.3156 0.3439 0.3405 
        H737  9 0.2747 0.3914 0.3339 
        H905  9 0.3281 0.3926 0.2793 
        H921  9 0.3716 0.3626 0.2658 
        H922  9 0.4251 0.2318 0.3431 
     H169705 10 0.3486 0.3265 0.3249 
     H171942 10 0.3778 0.2172 0.4050 
     H171943 10 0.2948 0.3316 0.3736 
     H171944 10 0.3589 0.3402 0.3010 
     H171946 10 0.2388 0.4111 0.3501 
     H171947 10 0.3706 0.2914 0.3379 
     H229641 10 0.3575 0.3303 0.3122 
      H30001 10 0.3695 0.3515 0.2790 
      H30002 10 0.3400 0.3468 0.3132 
      H30005 10 0.3389 0.3287 0.3324 
      H30006 10 0.3113 0.2748 0.4139 
      H30007 10 0.2658 0.2327 0.5015 
        H451 10 0.4271 0.2380 0.3349 
        H452 10 0.3016 0.3141 0.3843 
        H453 10 0.2404 0.4544 0.3051 
        H473 10 0.3156 0.3448 0.3396 
        H474 10 0.2228 0.4781 0.2991 
        H486 10 0.3341 0.3712 0.2947 
        H487 10 0.3015 0.3893 0.3091 
        H488 10 0.4101 0.3248 0.2651 
        H489 10 0.2915 0.4387 0.2698 
        H550 10 0.2923 0.2932 0.4145 
        H551 10 0.3844 0.3412 0.2744 
        H553 10 0.2634 0.4161 0.3205 
        H554 10 0.3871 0.2717 0.3412 
        H556 10 0.2795 0.3541 0.3664 
        H580 10 0.3658 0.3003 0.3339 
        H591 10 0.2828 0.4647 0.2525 
        H592 10 0.3248 0.3858 0.2893 
        H593 10 0.3688 0.2930 0.3382 
        H594 10 0.3740 0.2246 0.4014 
        H627 10 0.3111 0.3424 0.3465 
        H628 10 0.4494 0.2164 0.3342 
        H629 10 0.2841 0.3306 0.3853 
        H630 10 0.2948 0.3501 0.3551 
        H638 10 0.3645 0.3057 0.3298 
        H639 10 0.2661 0.4109 0.3230 
        H640 10 0.3492 0.2746 0.3762 
        H704 10 0.3236 0.2679 0.4085 
        H705 10 0.3468 0.3294 0.3239 
        H706 10 0.3385 0.4109 0.2506 
        H708 10 0.2551 0.4658 0.2792 
       H7351 10 0.3315 0.3090 0.3595 
       H7352 10 0.3202 0.3572 0.3226 
       H7353 10 0.2969 0.2736 0.4295 
       H7354 10 0.3004 0.3999 0.2997 
       H7365 10 0.2872 0.4440 0.2688 
       H7383 10 0.3551 0.3717 0.2732 
       H7384 10 0.3170 0.3956 0.2874 
       H7385 10 0.2997 0.4143 0.2860 
       H7386 10 0.4031 0.2983 0.2986 
       H7387 10 0.3429 0.3227 0.3344 
       H7388 10 0.3249 0.3344 0.3406 
        H906 10 0.3050 0.3653 0.3297 
        H907 10 0.3590 0.2711 0.3698 
        H908 10 0.3650 0.3289 0.3061 
        H909 10 0.3575 0.3426 0.2999 
       H9552 10 0.3107 0.3391 0.3502 
       H9553 10 0.2879 0.3833 0.3289 
       H9555 10 0.4068 0.2780 0.3153 
       H9575 10 0.2632 0.4256 0.3112 
       H9703 10 0.2409 0.4772 0.2819 
       H9707 10 0.3090 0.4015 0.2894 
       HSAA4 10 0.3675 0.3013 0.3312 
        H001 11 0.3114 0.3823 0.3064 
        H004 11 0.3349 0.3261 0.3390 
        H005 11 0.2977 0.4562 0.2461 
        H006 11 0.3647 0.3427 0.2926 
        H007 11 0.3440 0.4005 0.2554 
        H031 11 0.2814 0.4827 0.2359 
        H074 11 0.2796 0.4263 0.2941 
        H075 11 0.3112 0.4242 0.2646 
        H080 11 0.2946 0.4303 0.2751 
        H086 11 0.3016 0.3648 0.3335 
        H092 11 0.3018 0.3999 0.2982 
        H093 11 0.3547 0.2303 0.4150 
        H094 11 0.3169 0.3191 0.3639 
        H095 11 0.2815 0.4065 0.3121 
        H096 11 0.3794 0.3464 0.2742 
        H099 11 0.3174 0.3867 0.2959 
        H100 11 0.3427 0.2676 0.3897 
        H127 11 0.3334 0.3630 0.3036 
        H136 11 0.2532 0.4673 0.2795 
        H153 11 0.3553 0.3094 0.3353 
        H154 11 0.2663 0.4518 0.2820 
        H155 11 0.4568 0.2281 0.3151 
        H156 11 0.4330 0.2206 0.3464 
        H161 11 0.3283 0.2942 0.3775 
        H162 11 0.3729 0.2587 0.3684 
        H167 11 0.3606 0.3125 0.3269 
        H168 11 0.3382 0.3338 0.3280 
     H169586 11 0.2263 0.3769 0.3968 
     H169738 11 0.4244 0.2596 0.3160 
     H169741 11 0.2814 0.4299 0.2887 
     H171801 11 0.3747 0.2530 0.3723 
     H171810 11 0.2791 0.4153 0.3056 
     H171811 11 0.2311 0.4317 0.3372 
     H171812 11 0.3565 0.3454 0.2981 
     H171820 11 0.2729 0.4276 0.2995 
     H171821 11 0.3430 0.3100 0.3469 
     H171822 11 0.3416 0.3241 0.3343 
     H171823 11 0.2429 0.3977 0.3594 
     H171866 11 0.3429 0.2791 0.3780 
     H171867 11 0.4442 0.2719 0.2839 
     H171967 11 0.3364 0.4121 0.2515 
     H171969 11 0.3519 0.3170 0.3311 
        H172 11 0.3554 0.3230 0.3216 
        H173 11 0.4093 0.3206 0.2702 
        H174 11 0.3289 0.2521 0.4190 
        H196 11 0.3633 0.2774 0.3594 
        H197 11 0.4094 0.2922 0.2984 
        H346 11 0.3548 0.3595 0.2858 
        H355 11 0.3346 0.3524 0.3129 
        H356 11 0.2967 0.3695 0.3339 
        H357 11 0.3463 0.3705 0.2832 
        H358 11 0.3606 0.3531 0.2864 
        H359 11 0.3330 0.3336 0.3334 
        H360 11 0.3564 0.3427 0.3009 
        H361 11 0.3362 0.3198 0.3439 
        H362 11 0.4139 0.2362 0.3499 
        H363 11 0.2933 0.4385 0.2683 
        H364 11 0.2865 0.3580 0.3555 
        H365 11 0.3735 0.2745 0.3520 
        H366 11 0.3841 0.2703 0.3456 
        H367 11 0.2698 0.4307 0.2995 
        H368 11 0.3047 0.2881 0.4072 
        H369 11 0.2988 0.4614 0.2398 
        H370 11 0.3772 0.2886 0.3342 
        H371 11 0.3362 0.3403 0.3234 
        H372 11 0.3333 0.3360 0.3307 
        H373 11 0.3202 0.3547 0.3251 
        H374 11 0.3149 0.3984 0.2867 
        H375 11 0.3872 0.3326 0.2802 
        H376 11 0.3392 0.2851 0.3757 
        H377 11 0.3326 0.3698 0.2976 
        H378 11 0.2867 0.3858 0.3275 
        H379 11 0.3375 0.3311 0.3314 
        H380 11 0.4387 0.2521 0.3093 
        H381 11 0.2819 0.3952 0.3229 
        H382 11 0.4194 0.2133 0.3673 
        H383 11 0.3574 0.2555 0.3871 
        H384 11 0.2566 0.4293 0.3141 
        H385 11 0.3045 0.3872 0.3083 
        H386 11 0.4210 0.3098 0.2692 
        H387 11 0.2291 0.3508 0.4202 
        H388 11 0.3816 0.2371 0.3813 
        H389 11 0.4026 0.3249 0.2725 
        H390 11 0.3759 0.2973 0.3268 
        H391 11 0.2751 0.3020 0.4229 
        H392 11 0.3107 0.4278 0.2615 
        H393 11 0.3505 0.2428 0.4067 
        H394 11 0.3026 0.2474 0.4500 
        H395 11 0.3017 0.4258 0.2725 
        H408 11 0.3569 0.3532 0.2899 
        H412 11 0.2150 0.4442 0.3408 
        H417 11 0.3098 0.3831 0.3071 
        H418 11 0.2548 0.3618 0.3834 
        H429 11 0.3791 0.2979 0.3230 
        H430 11 0.4177 0.2618 0.3205 
        H439 11 0.3337 0.3666 0.2997 
        H440 11 0.2624 0.4571 0.2806 
        H441 11 0.3888 0.2753 0.3359 
        H442 11 0.3633 0.2816 0.3551 
        H446 11 0.3076 0.3467 0.3457 
        H447 11 0.4213 0.2776 0.3011 
        H448 11 0.4269 0.2855 0.2876 
        H534 11 0.2345 0.4855 0.2800 
        H537 11 0.2763 0.4232 0.3005 
        H568 11 0.2641 0.4600 0.2759 
        H569 11 0.4375 0.2169 0.3456 
        H586 11 0.2227 0.3614 0.4159 
        H587 11 0.2566 0.4905 0.2529 
        H588 11 0.2978 0.2631 0.4391 
        H589 11 0.2623 0.4523 0.2854 
        H590 11 0.2964 0.3949 0.3087 
        H601 11 0.4084 0.2325 0.3591 
        H602 11 0.3094 0.3829 0.3077 
        H603 11 0.4391 0.2603 0.3006 
        H610 11 0.3412 0.3712 0.2876 
        H611 11 0.2968 0.4031 0.3001 
        H649 11 0.3395 0.3319 0.3286 
        H650 11 0.3104 0.3002 0.3894 
        H651 11 0.3894 0.3237 0.2869 
        H652 11 0.2835 0.3713 0.3452 
       H7364 11 0.3640 0.2978 0.3382 
       H7366 11 0.3775 0.3361 0.2863 
       H7378 11 0.3030 0.1911 0.5059 
       H7379 11 0.3353 0.3390 0.3257 
        H739 11 0.2834 0.4225 0.2941 
        H740 11 0.3254 0.2948 0.3797 
        H741 11 0.2823 0.4336 0.2841 
        H926 11 0.3249 0.3006 0.3745 
        H927 11 0.3797 0.2946 0.3257 
        H928 11 0.3341 0.3417 0.3242 
       H9560 11 0.2895 0.3396 0.3709 
        H409 12 0.4589 0.2345 0.3066 
        H413 12 0.3278 0.2384 0.4337 
        H419 12 0.3826 0.3075 0.3099 
        H420 12 0.3281 0.3732 0.2987 
        H421 12 0.3747 0.2369 0.3884 
        H435 12 0.3549 0.2798 0.3653 
        H436 12 0.3909 0.3302 0.2790 
        H437 12 0.2704 0.4143 0.3153 
        H445 12 0.4134 0.2738 0.3128 
        H449 12 0.3026 0.3163 0.3811 
        H463 12 0.3002 0.3900 0.3098 
        H464 12 0.3483 0.2471 0.4046 
        H465 12 0.2488 0.3223 0.4289 
        H490 12 0.3587 0.2514 0.3899 
        H561 12 0.3318 0.3232 0.3450 
        H562 12 0.3960 0.3283 0.2757 
        H563 12 0.3729 0.3558 0.2714 
        H570 12 0.3508 0.3854 0.2638 
        H571 12 0.2904 0.3274 0.3822 
        H572 12 0.3542 0.3354 0.3104 
        H573 12 0.4301 0.2524 0.3175 
       H7372 12 0.4127 0.2373 0.3500 
       H7373 12 0.2746 0.2735 0.4519 
       H7374 12 0.3322 0.3733 0.2945 
       H7375 12 0.3533 0.3707 0.2760 
       H7376 12 0.4789 0.2327 0.2883 
       H7377 12 0.3083 0.4002 0.2915 
