        H102  1 0.1075 0.1340 0.1336 0.4927 0.1322 
        H103  1 0.1143 0.0877 0.3069 0.1830 0.3080 
        H104  1 0.2373 0.3011 0.1235 0.1999 0.1382 
        H105  1 0.2167 0.1543 0.1705 0.2570 0.2015 
        H106  1 0.1655 0.1980 0.2077 0.1728 0.2561 
        H112  1 0.1647 0.2349 0.1673 0.2610 0.1721 
        H113  1 0.3701 0.1421 0.1413 0.1665 0.1800 
        H114  1 0.3520 0.1024 0.1390 0.2044 0.2021 
        H115  1 0.2184 0.1726 0.1323 0.3509 0.1258 
        H143  1 0.1983 0.1211 0.1864 0.3426 0.1515 
        H144  1 0.1801 0.0887 0.3460 0.2402 0.1449 
        H145  1 0.1354 0.0820 0.2741 0.2634 0.2451 
        H149  1 0.1577 0.3437 0.1444 0.2099 0.1444 
        H150  1 0.2126 0.1615 0.2879 0.1849 0.1531 
     H167542  1 0.3739 0.1163 0.1350 0.2342 0.1405 
     H169604  1 0.2233 0.1493 0.1704 0.3121 0.1449 
     H169607  1 0.2028 0.1262 0.2376 0.2792 0.1541 
     H169608  1 0.1160 0.2311 0.1722 0.3254 0.1552 
     H169633  1 0.3742 0.0961 0.1876 0.1558 0.1863 
     H169688  1 0.1111 0.1486 0.2710 0.2106 0.2588 
     H169714  1 0.1933 0.2637 0.1656 0.2054 0.1720 
     H171802  1 0.1951 0.3346 0.1512 0.1316 0.1875 
     H171805  1 0.1565 0.1299 0.2154 0.2413 0.2568 
     H171807  1 0.1266 0.2627 0.1882 0.2323 0.1903 
     H171814  1 0.2843 0.1021 0.2856 0.1453 0.1827 
     H171816  1 0.1614 0.2629 0.1746 0.2090 0.1921 
     H171817  1 0.1854 0.2625 0.1552 0.1991 0.1978 
     H171818  1 0.2001 0.1720 0.1802 0.2041 0.2437 
     H171819  1 0.2069 0.2078 0.1856 0.1919 0.2078 
     H171834  1 0.1651 0.1273 0.1752 0.3336 0.1987 
     H171835  1 0.2494 0.3421 0.1392 0.1308 0.1385 
     H171836  1 0.2357 0.0726 0.1949 0.1401 0.3567 
     H171837  1 0.2779 0.2157 0.1757 0.1949 0.1358 
     H171838  1 0.1329 0.1162 0.1999 0.1771 0.3739 
     H171839  1 0.2834 0.2517 0.1462 0.1834 0.1353 
     H171841  1 0.0901 0.4195 0.1628 0.1478 0.1798 
     H171860  1 0.2915 0.1598 0.1523 0.2259 0.1705 
     H171861  1 0.2237 0.0733 0.1940 0.2269 0.2822 
     H171862  1 0.1575 0.1575 0.1955 0.2785 0.2111 
     H171868  1 0.2333 0.1319 0.1486 0.3373 0.1490 
     H171869  1 0.1449 0.1245 0.3189 0.2023 0.2094 
     H171870  1 0.1288 0.2253 0.2279 0.1786 0.2395 
     H171871  1 0.1523 0.1139 0.2401 0.1705 0.3232 
     H171872  1 0.2368 0.2260 0.1415 0.2554 0.1403 
     H171873  1 0.1753 0.2233 0.2606 0.1516 0.1891 
     H171874  1 0.1651 0.1172 0.1877 0.3421 0.1879 
     H171875  1 0.2981 0.0828 0.2055 0.2247 0.1890 
     H171876  1 0.1962 0.1095 0.1908 0.3258 0.1777 
     H171877  1 0.3918 0.1273 0.1347 0.1990 0.1472 
     H171878  1 0.1151 0.2505 0.2474 0.1743 0.2128 
     H171901  1 0.1547 0.2819 0.1772 0.1680 0.2182 
     H171902  1 0.1394 0.2294 0.2582 0.2416 0.1314 
     H171903  1 0.1822 0.1603 0.1677 0.2959 0.1939 
     H171935  1 0.1107 0.2792 0.1825 0.1619 0.2657 
     H171936  1 0.4235 0.1137 0.1499 0.1516 0.1613 
     H171940  1 0.1827 0.2646 0.1785 0.2219 0.1524 
     H171945  1 0.1893 0.1968 0.2655 0.1642 0.1841 
     H171948  1 0.1640 0.2190 0.1680 0.2248 0.2242 
     H171949  1 0.1561 0.3908 0.1526 0.1588 0.1417 
     H171950  1 0.1143 0.3934 0.1315 0.2256 0.1353 
     H171963  1 0.1645 0.1111 0.2777 0.1528 0.2940 
     H171964  1 0.1488 0.1272 0.4144 0.1469 0.1626 
     H171966  1 0.1432 0.1914 0.2209 0.1601 0.2843 
     H171968  1 0.1320 0.2278 0.2201 0.3028 0.1172 
     H171971  1 0.1480 0.1575 0.2109 0.1790 0.3047 
     H171972  1 0.1720 0.0966 0.2172 0.2426 0.2716 
     H171977  1 0.2317 0.1133 0.3277 0.1403 0.1870 
     H171978  1 0.1126 0.2484 0.2261 0.2181 0.1949 
     H171979  1 0.1559 0.0981 0.2164 0.1831 0.3465 
        H176  1 0.2714 0.1571 0.2029 0.2119 0.1566 
        H177  1 0.1269 0.3658 0.1361 0.2230 0.1482 
        H179  1 0.2839 0.3196 0.1213 0.1618 0.1134 
        H181  1 0.1946 0.1177 0.2596 0.1703 0.2579 
        H182  1 0.1532 0.0756 0.2132 0.2830 0.2751 
        H183  1 0.1431 0.1536 0.2865 0.1315 0.2853 
        H184  1 0.1788 0.2493 0.1581 0.2030 0.2108 
        H185  1 0.2590 0.1186 0.2103 0.1437 0.2684 
        H186  1 0.1101 0.1775 0.2915 0.3025 0.1184 
        H187  1 0.1671 0.1845 0.1844 0.1636 0.3005 
        H188  1 0.3612 0.2521 0.1270 0.1415 0.1182 
        H192  1 0.1417 0.3265 0.1594 0.1735 0.1989 
        H193  1 0.1168 0.0952 0.2353 0.3336 0.2191 
        H194  1 0.2138 0.2262 0.1879 0.2024 0.1698 
        H195  1 0.1253 0.1209 0.3148 0.2058 0.2332 
        H199  1 0.1704 0.1263 0.3623 0.1652 0.1758 
        H200  1 0.2210 0.2842 0.1759 0.1563 0.1626 
        H414  1 0.1279 0.1354 0.2366 0.2566 0.2435 
        H415  1 0.2525 0.1151 0.1775 0.2486 0.2062 
        H422  1 0.1312 0.2110 0.2469 0.2546 0.1565 
        H423  1 0.1044 0.5316 0.1150 0.1203 0.1286 
        H424  1 0.1785 0.1082 0.3235 0.1346 0.2552 
        H425  1 0.1823 0.1268 0.3979 0.1459 0.1471 
        H426  1 0.0970 0.1432 0.3738 0.1766 0.2094 
        H443  1 0.1833 0.1122 0.3676 0.2552 0.0817 
        H466  1 0.1698 0.2199 0.2123 0.2078 0.1903 
        H467  1 0.1541 0.3835 0.1740 0.1592 0.1293 
        H472  1 0.2362 0.2571 0.2015 0.1411 0.1641 
        H483  1 0.2194 0.1251 0.2088 0.2619 0.1848 
        H504  1 0.1926 0.1126 0.3242 0.1637 0.2070 
        H505  1 0.2097 0.2929 0.1574 0.1645 0.1757 
        H506  1 0.1580 0.1619 0.2278 0.2973 0.1551 
        H507  1 0.2158 0.0828 0.2372 0.1911 0.2730 
        H508  1 0.1313 0.2932 0.2188 0.1576 0.1991 
        H524  1 0.3530 0.1074 0.1895 0.1436 0.2064 
        H525  1 0.2139 0.1227 0.2460 0.2451 0.1723 
        H526  1 0.4237 0.1217 0.1432 0.1874 0.1239 
        H527  1 0.1184 0.2312 0.1704 0.2677 0.2123 
        H528  1 0.2563 0.1040 0.2516 0.1968 0.1914 
        H529  1 0.2270 0.0877 0.3050 0.1756 0.2048 
        H533  1 0.1468 0.0736 0.1842 0.1942 0.4011 
        H538  1 0.2484 0.1930 0.1723 0.2416 0.1447 
        H539  1 0.1153 0.1418 0.2161 0.1978 0.3290 
        H540  1 0.1825 0.1646 0.1967 0.2240 0.2323 
        H541  1 0.3029 0.1423 0.1669 0.2350 0.1529 
        H558  1 0.1041 0.1321 0.2486 0.1576 0.3576 
        H559  1 0.1753 0.1592 0.1960 0.3532 0.1164 
        H579  1 0.1440 0.1046 0.2597 0.2575 0.2342 
        H584  1 0.1916 0.1181 0.3244 0.1742 0.1918 
        H585  1 0.2094 0.1575 0.2502 0.1509 0.2319 
        H605  1 0.1634 0.2400 0.1959 0.2065 0.1941 
        H606  1 0.1576 0.3405 0.1390 0.2559 0.1069 
        H632  1 0.1667 0.1027 0.3246 0.2550 0.1509 
        H634  1 0.1786 0.1388 0.2477 0.2082 0.2267 
        H671  1 0.1595 0.4559 0.1312 0.1334 0.1200 
        H672  1 0.3160 0.1722 0.1710 0.1490 0.1920 
        H673  1 0.1828 0.1203 0.2970 0.2323 0.1676 
        H689  1 0.2307 0.1223 0.2384 0.2416 0.1671 
        H690  1 0.2277 0.1705 0.1350 0.2976 0.1692 
        H691  1 0.2687 0.1357 0.1455 0.3287 0.1214 
        H692  1 0.1945 0.0638 0.3100 0.1798 0.2520 
        H709  1 0.2010 0.1199 0.2074 0.2423 0.2293 
        H710  1 0.1661 0.0738 0.2937 0.2363 0.2302 
       H7355  1 0.2991 0.0947 0.1668 0.2538 0.1856 
       H7356  1 0.1602 0.1611 0.2758 0.1931 0.2098 
       H7357  1 0.1917 0.2193 0.1584 0.2615 0.1691 
       H7358  1 0.3338 0.1182 0.1967 0.1738 0.1775 
       H7380  1 0.1556 0.1249 0.2195 0.3466 0.1535 
       H7381  1 0.1322 0.2704 0.2550 0.1733 0.1691 
       H7382  1 0.1646 0.1236 0.2060 0.3320 0.1738 
        H904  1 0.1310 0.4387 0.1094 0.2283 0.0926 
        H923  1 0.2605 0.2218 0.2074 0.1477 0.1626 
        H924  1 0.2292 0.2337 0.1922 0.1946 0.1503 
        H925  1 0.4156 0.1329 0.1598 0.1583 0.1334 
       H9558  1 0.0952 0.1206 0.2668 0.1563 0.3612 
        H008  2 0.2744 0.0960 0.2027 0.1760 0.2509 
        H021  2 0.1955 0.2758 0.1551 0.2311 0.1425 
        H023  2 0.2135 0.2452 0.1533 0.2280 0.1599 
        H024  2 0.3161 0.0896 0.2270 0.1033 0.2639 
        H025  2 0.1280 0.3186 0.2339 0.1373 0.1823 
        H026  2 0.2583 0.1116 0.3441 0.1057 0.1803 
        H027  2 0.3526 0.1403 0.1643 0.1847 0.1581 
        H028  2 0.2015 0.1483 0.2214 0.1731 0.2558 
        H029  2 0.3458 0.1261 0.1981 0.1500 0.1801 
        H030  2 0.2078 0.0947 0.2519 0.1366 0.3089 
        H038  2 0.1833 0.3143 0.1558 0.1599 0.1867 
        H039  2 0.0966 0.6189 0.0927 0.1050 0.0867 
        H040  2 0.1398 0.3173 0.1677 0.1763 0.1989 
        H041  2 0.3925 0.1473 0.1411 0.1588 0.1603 
        H042  2 0.2204 0.2096 0.1781 0.1875 0.2044 
        H043  2 0.0882 0.3636 0.1485 0.1666 0.2332 
        H044  2 0.1334 0.1104 0.1878 0.1643 0.4042 
        H047  2 0.1651 0.2432 0.2171 0.1524 0.2221 
        H050  2 0.2542 0.1142 0.2049 0.1640 0.2628 
        H058  2 0.1253 0.2499 0.1838 0.1602 0.2808 
        H062  2 0.2394 0.2617 0.1587 0.2165 0.1237 
        H063  2 0.1762 0.3165 0.1462 0.1653 0.1958 
        H065  2 0.1527 0.1993 0.3729 0.1504 0.1247 
        H066  2 0.1969 0.1498 0.1980 0.1245 0.3309 
        H067  2 0.2356 0.1429 0.2023 0.2752 0.1439 
        H068  2 0.1605 0.3523 0.1675 0.1277 0.1920 
        H069  2 0.1753 0.1985 0.2375 0.1328 0.2558 
        H071  2 0.1723 0.2403 0.1875 0.2423 0.1575 
        H072  2 0.1594 0.4266 0.1305 0.1280 0.1555 
        H073  2 0.2275 0.1499 0.2657 0.2042 0.1528 
        H081  2 0.2982 0.1852 0.1349 0.2310 0.1508 
        H082  2 0.1742 0.0858 0.2151 0.1320 0.3929 
        H083  2 0.1265 0.0942 0.2698 0.1943 0.3152 
        H084  2 0.2125 0.2233 0.1902 0.1300 0.2438 
        H085  2 0.4114 0.1270 0.1330 0.2068 0.1218 
        H087  2 0.3048 0.1509 0.1316 0.2760 0.1367 
        H088  2 0.1738 0.2744 0.1461 0.2213 0.1844 
        H089  2 0.2910 0.1343 0.1756 0.2343 0.1648 
        H090  2 0.3387 0.1046 0.2031 0.1507 0.2028 
        H091  2 0.4313 0.0873 0.1628 0.1655 0.1531 
        H098  2 0.2621 0.1575 0.1746 0.1171 0.2887 
      H10001  2 0.0860 0.6217 0.0916 0.1239 0.0768 
      H10002  2 0.1426 0.2062 0.1262 0.3660 0.1590 
        H101  2 0.2546 0.1189 0.1893 0.1108 0.3263 
        H108  2 0.1751 0.3588 0.1381 0.2244 0.1037 
        H109  2 0.1985 0.2143 0.1793 0.1235 0.2844 
        H110  2 0.2101 0.0962 0.1306 0.3975 0.1656 
        H116  2 0.1846 0.1239 0.2833 0.1900 0.2182 
        H117  2 0.4938 0.1095 0.1185 0.1159 0.1623 
        H118  2 0.3905 0.0877 0.2404 0.1450 0.1365 
        H119  2 0.2629 0.2344 0.1535 0.2194 0.1298 
        H120  2 0.1557 0.4592 0.1155 0.1670 0.1027 
        H121  2 0.4139 0.0978 0.1840 0.1559 0.1484 
        H125  2 0.0897 0.6348 0.0923 0.1004 0.0828 
        H126  2 0.1358 0.1549 0.3120 0.1735 0.2238 
        H128  2 0.3628 0.0573 0.2737 0.1020 0.2042 
        H129  2 0.1312 0.1056 0.3738 0.1834 0.2060 
        H130  2 0.0713 0.2942 0.1929 0.2331 0.2085 
        H133  2 0.1122 0.4545 0.1632 0.1404 0.1298 
        H134  2 0.1220 0.0948 0.5258 0.1129 0.1445 
        H135  2 0.2179 0.1796 0.1606 0.2604 0.1815 
        H137  2 0.2907 0.1795 0.1673 0.1139 0.2485 
        H138  2 0.1170 0.1003 0.3018 0.2429 0.2381 
        H140  2 0.2665 0.1898 0.1906 0.1606 0.1925 
        H146  2 0.3962 0.1217 0.1891 0.1350 0.1580 
        H147  2 0.2652 0.1216 0.1628 0.2389 0.2115 
        H148  2 0.3772 0.1095 0.1303 0.2146 0.1685 
     H166022  2 0.2058 0.1016 0.1841 0.2275 0.2809 
     H167359  2 0.1829 0.1590 0.1958 0.1784 0.2839 
     H167397  2 0.2960 0.0588 0.1972 0.1426 0.3054 
     H167428  2 0.4359 0.0667 0.1846 0.1825 0.1302 
     H167496  2 0.2036 0.4230 0.1079 0.1476 0.1179 
     H167513  2 0.1511 0.1771 0.1637 0.1066 0.4014 
     H167545  2 0.1495 0.0903 0.2372 0.2049 0.3182 
     H167547  2 0.2352 0.1017 0.2797 0.1021 0.2812 
     H169621  2 0.2240 0.1045 0.1975 0.2027 0.2712 
     H169622  2 0.1616 0.1086 0.2376 0.2979 0.1944 
     H169750  2 0.1112 0.2885 0.1991 0.1404 0.2608 
     H171806  2 0.2986 0.2017 0.2184 0.1457 0.1357 
     H171808  2 0.2553 0.1597 0.2490 0.1711 0.1650 
     H171809  2 0.2074 0.1863 0.1838 0.2599 0.1626 
     H171813  2 0.1702 0.1583 0.2777 0.1942 0.1996 
     H171815  2 0.1175 0.4418 0.1542 0.1494 0.1371 
     H171824  2 0.2521 0.2721 0.1074 0.2592 0.1093 
     H171825  2 0.1622 0.1327 0.2281 0.2983 0.1787 
     H171826  2 0.2367 0.2241 0.1686 0.2043 0.1664 
     H171827  2 0.1312 0.1520 0.1732 0.3627 0.1810 
     H171828  2 0.1709 0.4934 0.1015 0.1486 0.0855 
     H171829  2 0.1427 0.2030 0.2711 0.1824 0.2008 
     H171830  2 0.2150 0.1642 0.1732 0.1391 0.3085 
     H171831  2 0.2108 0.0949 0.2994 0.1424 0.2524 
     H171832  2 0.1403 0.1406 0.2769 0.1750 0.2672 
     H171863  2 0.1669 0.0799 0.2756 0.1343 0.3433 
     H171864  2 0.3166 0.1697 0.1587 0.1346 0.2204 
     H171865  2 0.1662 0.4320 0.1420 0.1069 0.1529 
     H171879  2 0.2957 0.1533 0.1960 0.1405 0.2144 
     H171880  2 0.3159 0.1263 0.1566 0.1221 0.2792 
     H171881  2 0.2392 0.1391 0.1918 0.2302 0.1997 
     H171882  2 0.1032 0.5252 0.1071 0.1497 0.1148 
     H171929  2 0.2900 0.1444 0.1944 0.1602 0.2109 
     H171930  2 0.1858 0.0975 0.2097 0.1249 0.3821 
     H171933  2 0.2228 0.1674 0.1914 0.1997 0.2186 
     H171934  2 0.3392 0.1189 0.1686 0.2164 0.1568 
     H171937  2 0.1399 0.1172 0.2995 0.1486 0.2948 
     H171962  2 0.2328 0.1225 0.2157 0.1932 0.2358 
        H190  2 0.1742 0.1384 0.2276 0.1962 0.2636 
        H191  2 0.2331 0.2002 0.2163 0.1408 0.2096 
        H396  2 0.3318 0.2099 0.1534 0.1933 0.1115 
        H397  2 0.1620 0.1341 0.2103 0.2239 0.2698 
        H398  2 0.2024 0.2061 0.3110 0.1499 0.1306 
        H400  2 0.3031 0.1517 0.1738 0.1980 0.1734 
        H401  2 0.3305 0.0689 0.2044 0.0916 0.3047 
        H402  2 0.2238 0.1089 0.1659 0.1927 0.3087 
        H427  2 0.3022 0.1655 0.1645 0.2379 0.1300 
        H428  2 0.4437 0.0650 0.1757 0.1820 0.1336 
        H497  2 0.1325 0.2302 0.1641 0.1589 0.3144 
        H512  2 0.2335 0.1509 0.1837 0.1997 0.2322 
        H513  2 0.1435 0.1747 0.1598 0.1015 0.4205 
        H514  2 0.1042 0.1247 0.2473 0.2863 0.2375 
        H519  2 0.1543 0.1596 0.1576 0.1074 0.4212 
        H532  2 0.3987 0.1041 0.1606 0.1940 0.1426 
        H543  2 0.1767 0.0975 0.1771 0.2819 0.2668 
        H544  2 0.1102 0.1796 0.3106 0.1476 0.2520 
        H545  2 0.1367 0.0890 0.2520 0.1927 0.3296 
        H546  2 0.1256 0.3872 0.1729 0.1405 0.1738 
        H547  2 0.2292 0.1053 0.2815 0.0974 0.2866 
        H548  2 0.2764 0.1438 0.1776 0.1869 0.2153 
        H549  2 0.1593 0.1779 0.1973 0.1243 0.3413 
        H620  2 0.1168 0.5225 0.1097 0.1473 0.1037 
        H623  2 0.1249 0.1227 0.2706 0.1479 0.3339 
        H624  2 0.0872 0.2492 0.2473 0.2077 0.2085 
        H625  2 0.2659 0.1527 0.2022 0.1813 0.1979 
        H626  2 0.1945 0.2025 0.1892 0.1536 0.2603 
        H654  2 0.0795 0.5614 0.1020 0.1184 0.1387 
        H655  2 0.1151 0.2002 0.1746 0.3011 0.2091 
        H656  2 0.1307 0.5088 0.1275 0.1487 0.0844 
        H666  2 0.1197 0.5318 0.1325 0.1089 0.1071 
        H667  2 0.1992 0.1197 0.1674 0.3407 0.1730 
        H677  2 0.2700 0.1347 0.2013 0.2321 0.1619 
        H693  2 0.1969 0.3464 0.1324 0.2069 0.1174 
        H694  2 0.1561 0.1584 0.2419 0.1236 0.3200 
        H701  2 0.1807 0.1069 0.1794 0.1960 0.3371 
        H702  2 0.1555 0.1983 0.1559 0.2304 0.2598 
        H731  2 0.1771 0.2500 0.1391 0.3016 0.1322 
       H7359  2 0.1979 0.1537 0.1970 0.1827 0.2687 
       H7389  2 0.3659 0.1394 0.2027 0.1292 0.1628 
       H7390  2 0.1110 0.4097 0.1515 0.1780 0.1498 
       H7391  2 0.4752 0.1172 0.1110 0.1835 0.1131 
       H7392  2 0.1712 0.2267 0.2282 0.2208 0.1531 
       H7393  2 0.1804 0.2465 0.1609 0.1859 0.2263 
       H7398  2 0.3549 0.1757 0.1391 0.1715 0.1588 
       H7399  2 0.2040 0.0913 0.2175 0.3096 0.1776 
       H7400  2 0.0899 0.5881 0.1072 0.1191 0.0957 
        H745  2 0.1396 0.0957 0.4262 0.1124 0.2261 
        H746  2 0.1545 0.0909 0.2256 0.3516 0.1774 
        H747  2 0.1790 0.3616 0.1584 0.1356 0.1654 
        H748  2 0.1426 0.1693 0.1856 0.2565 0.2460 
       H7484  2 0.1565 0.4725 0.1269 0.1146 0.1294 
       H7485  2 0.1481 0.1644 0.2138 0.1494 0.3243 
        H749  2 0.1648 0.1196 0.2295 0.2298 0.2563 
        H930  2 0.2076 0.1059 0.2025 0.1261 0.3579 
        H931  2 0.3245 0.1567 0.1816 0.1772 0.1600 
        H932  2 0.3123 0.1757 0.2012 0.1471 0.1636 
        H111  3 0.1358 0.1031 0.2498 0.1680 0.3432 
        H951  3 0.2268 0.1027 0.2456 0.1410 0.2838 
        H952  3 0.2158 0.1624 0.2974 0.1675 0.1570 
        H953  3 0.5129 0.1100 0.1423 0.1273 0.1076 
        H954  3 0.1260 0.3388 0.1383 0.1809 0.2159 
        H955  3 0.1499 0.1012 0.2372 0.1937 0.3180 
        H956  3 0.2838 0.1988 0.1425 0.2000 0.1749 
       H9563  3 0.2892 0.2226 0.1426 0.1495 0.1961 
        H002  4 0.0894 0.2758 0.2288 0.2460 0.1601 
        H003  4 0.1851 0.0993 0.2119 0.3644 0.1393 
        H009  4 0.1630 0.1307 0.2905 0.1505 0.2652 
        H010  4 0.2461 0.1491 0.1821 0.2487 0.1740 
        H011  4 0.1504 0.4109 0.1222 0.1847 0.1318 
        H012  4 0.2206 0.1011 0.1643 0.2833 0.2307 
        H013  4 0.1593 0.2370 0.1551 0.2946 0.1541 
        H014  4 0.1353 0.1628 0.2236 0.2493 0.2290 
        H045  4 0.3490 0.2555 0.1299 0.1432 0.1225 
        H046  4 0.1768 0.1117 0.2918 0.2697 0.1501 
        H051  4 0.1910 0.2871 0.1481 0.2047 0.1691 
        H052  4 0.1472 0.3107 0.2453 0.1410 0.1558 
        H053  4 0.1635 0.2345 0.1800 0.2457 0.1763 
        H056  4 0.1264 0.3290 0.1842 0.1486 0.2117 
        H076  4 0.2342 0.1141 0.2912 0.1969 0.1636 
        H151  4 0.1001 0.3777 0.1684 0.2152 0.1386 
        H152  4 0.1323 0.2549 0.2492 0.2295 0.1341 
     H171803  4 0.1372 0.2815 0.1663 0.2455 0.1694 
     H171804  4 0.1762 0.2688 0.1708 0.1764 0.2079 
     H171833  4 0.1133 0.1159 0.3045 0.1902 0.2761 
     H171855  4 0.0972 0.4487 0.1871 0.1335 0.1335 
     H171856  4 0.2255 0.2030 0.1810 0.1545 0.2359 
     H171857  4 0.1510 0.3563 0.1958 0.1445 0.1524 
     H171858  4 0.2268 0.1605 0.2390 0.2283 0.1455 
     H171859  4 0.2093 0.2009 0.2186 0.2311 0.1402 
     H171961  4 0.1776 0.3078 0.1551 0.1919 0.1675 
        H198  4 0.1785 0.0835 0.2383 0.3200 0.1798 
      H20001  4 0.1000 0.1025 0.2845 0.1602 0.3527 
        H403  4 0.1966 0.2633 0.2100 0.1369 0.1932 
        H404  4 0.1929 0.0930 0.1835 0.3505 0.1802 
        H405  4 0.2251 0.1132 0.2641 0.2088 0.1887 
        H406  4 0.2188 0.1753 0.2589 0.0806 0.2664 
        H407  4 0.3267 0.1973 0.1608 0.1680 0.1473 
        H410  4 0.5202 0.0917 0.1518 0.0902 0.1461 
        H411  4 0.1108 0.1052 0.2784 0.1984 0.3073 
        H468  4 0.1022 0.1997 0.2779 0.1191 0.3010 
        H476  4 0.1049 0.2076 0.1729 0.1891 0.3254 
        H477  4 0.1063 0.0988 0.3339 0.2092 0.2518 
        H478  4 0.1523 0.1010 0.1778 0.3093 0.2597 
        H479  4 0.1869 0.2781 0.1791 0.2155 0.1403 
        H480  4 0.1242 0.0977 0.2578 0.2015 0.3188 
        H498  4 0.1304 0.1411 0.2301 0.3216 0.1767 
        H499  4 0.1683 0.1688 0.2283 0.2337 0.2009 
        H500  4 0.1613 0.3376 0.1270 0.2172 0.1569 
        H515  4 0.1629 0.2269 0.1715 0.2197 0.2190 
        H516  4 0.1644 0.1987 0.2162 0.2077 0.2131 
        H517  4 0.3006 0.1688 0.1999 0.1604 0.1703 
        H518  4 0.1251 0.3084 0.2515 0.1357 0.1793 
        H520  4 0.1319 0.3193 0.1828 0.1912 0.1747 
        H521  4 0.2696 0.1520 0.2116 0.1761 0.1907 
        H522  4 0.1572 0.2010 0.1875 0.2270 0.2273 
        H523  4 0.1830 0.1754 0.1791 0.2310 0.2315 
        H536  4 0.2110 0.1460 0.2824 0.2289 0.1317 
        H645  4 0.2969 0.2156 0.1265 0.2510 0.1100 
        H646  4 0.3101 0.0999 0.2282 0.1232 0.2386 
        H647  4 0.1870 0.1891 0.2397 0.1651 0.2191 
        H657  4 0.2494 0.1203 0.2382 0.1840 0.2081 
        H658  4 0.1943 0.1848 0.1879 0.2052 0.2278 
        H659  4 0.0861 0.4408 0.1219 0.1915 0.1597 
        H660  4 0.1343 0.1836 0.1904 0.2073 0.2843 
        H661  4 0.1049 0.3136 0.1968 0.1881 0.1966 
        H668  4 0.1878 0.0979 0.1626 0.3744 0.1773 
        H669  4 0.2480 0.1970 0.1726 0.2134 0.1690 
        H670  4 0.2078 0.1605 0.1252 0.4048 0.1017 
        H678  4 0.1744 0.1872 0.1928 0.1848 0.2608 
        H679  4 0.2606 0.1088 0.1656 0.1350 0.3300 
        H680  4 0.1853 0.1828 0.2767 0.1441 0.2110 
        H681  4 0.1593 0.2143 0.1578 0.3017 0.1669 
        H682  4 0.2355 0.1251 0.1499 0.2087 0.2808 
        H683  4 0.1342 0.3271 0.2228 0.1143 0.2016 
        H718  4 0.1864 0.4394 0.1438 0.1179 0.1126 
        H719  4 0.2126 0.2462 0.1624 0.1876 0.1913 
        H720  4 0.1438 0.2598 0.2297 0.1488 0.2179 
        H721  4 0.1302 0.2431 0.2982 0.1676 0.1609 
        H722  4 0.1100 0.2704 0.3291 0.1246 0.1658 
        H723  4 0.2393 0.3059 0.1364 0.1713 0.1471 
        H724  4 0.1463 0.5165 0.1209 0.1058 0.1105 
        H725  4 0.1076 0.4744 0.1600 0.1305 0.1275 
        H726  4 0.1552 0.3258 0.1607 0.1876 0.1706 
        H727  4 0.2211 0.2630 0.1502 0.2203 0.1453 
        H910  4 0.2211 0.2375 0.1489 0.1972 0.1953 
        H911  4 0.3074 0.1459 0.1964 0.1275 0.2229 
        H912  4 0.1653 0.2268 0.2329 0.1501 0.2250 
        H913  4 0.1643 0.2466 0.1726 0.2457 0.1707 
        H914  4 0.2008 0.2770 0.1155 0.2790 0.1278 
        H915  4 0.1748 0.1982 0.1924 0.1672 0.2675 
        H916  4 0.1578 0.1435 0.2263 0.1446 0.3278 
       H9572  4 0.1699 0.2749 0.1702 0.1400 0.2449 
        H015  5 0.1321 0.1219 0.2446 0.1379 0.3635 
        H016  5 0.1603 0.1153 0.3320 0.2031 0.1893 
        H017  5 0.1056 0.1683 0.2497 0.2095 0.2669 
        H019  5 0.1507 0.1510 0.2285 0.1845 0.2852 
        H020  5 0.2512 0.2095 0.1918 0.1996 0.1479 
        H032  5 0.1598 0.2492 0.1938 0.1853 0.2118 
        H033  5 0.1802 0.1228 0.1636 0.2942 0.2393 
        H034  5 0.1729 0.2643 0.1395 0.2834 0.1400 
        H035  5 0.1999 0.2029 0.2065 0.1826 0.2081 
        H036  5 0.2690 0.1442 0.2217 0.1211 0.2441 
        H037  5 0.1437 0.2615 0.1609 0.2656 0.1683 
        H048  5 0.2255 0.4166 0.1290 0.1185 0.1104 
        H049  5 0.1263 0.1770 0.2753 0.1536 0.2678 
        H054  5 0.2509 0.1997 0.2662 0.1497 0.1335 
        H055  5 0.1677 0.2049 0.1891 0.3135 0.1248 
        H057  5 0.0869 0.1527 0.3807 0.2002 0.1795 
        H060  5 0.1155 0.1680 0.2085 0.3747 0.1333 
        H061  5 0.2309 0.1387 0.1917 0.2705 0.1682 
        H064  5 0.1834 0.2445 0.2202 0.2006 0.1513 
        H070  5 0.1857 0.1792 0.1494 0.3129 0.1728 
        H077  5 0.1114 0.3803 0.1517 0.1620 0.1946 
        H078  5 0.1435 0.2779 0.2268 0.1539 0.1979 
        H079  5 0.3438 0.1033 0.1659 0.2133 0.1737 
        H097  5 0.0800 0.1950 0.2341 0.1923 0.2986 
        H107  5 0.1139 0.4880 0.1012 0.2054 0.0915 
        H122  5 0.1489 0.1695 0.2444 0.2128 0.2244 
        H123  5 0.3029 0.1129 0.2315 0.1510 0.2018 
        H124  5 0.3641 0.1174 0.1980 0.1634 0.1572 
        H131  5 0.2847 0.1356 0.1823 0.1914 0.2060 
        H132  5 0.2412 0.2084 0.1795 0.2002 0.1708 
        H141  5 0.1590 0.2508 0.1667 0.2354 0.1881 
        H142  5 0.1195 0.0935 0.1778 0.3660 0.2432 
        H157  5 0.1561 0.3623 0.1669 0.1806 0.1342 
        H158  5 0.1830 0.1104 0.3454 0.1466 0.2144 
        H159  5 0.1560 0.1300 0.2625 0.1717 0.2798 
        H160  5 0.1545 0.2197 0.2247 0.1913 0.2098 
        H163  5 0.1770 0.1338 0.2137 0.1898 0.2857 
        H164  5 0.1402 0.1357 0.1950 0.2335 0.2955 
        H165  5 0.3544 0.1044 0.1409 0.2444 0.1558 
        H166  5 0.2017 0.1377 0.2324 0.1804 0.2478 
        H169  5 0.1488 0.1311 0.1759 0.3555 0.1887 
     H169613  5 0.1150 0.1698 0.1963 0.3127 0.2062 
     H169653  5 0.1580 0.1273 0.2450 0.2610 0.2087 
     H169728  5 0.1500 0.1601 0.2436 0.1695 0.2769 
     H169742  5 0.2888 0.1672 0.1538 0.2702 0.1201 
        H170  5 0.1285 0.1611 0.3295 0.1818 0.1991 
        H171  5 0.1326 0.1354 0.3536 0.1696 0.2089 
     H171851  5 0.1422 0.1723 0.2413 0.1910 0.2531 
     H171852  5 0.1418 0.3302 0.2172 0.1678 0.1430 
     H171853  5 0.1917 0.2729 0.1600 0.1805 0.1949 
     H171854  5 0.1370 0.1737 0.1967 0.1781 0.3145 
     H171938  5 0.2104 0.1549 0.1407 0.3352 0.1588 
     H171939  5 0.2310 0.1357 0.2894 0.1512 0.1927 
     H171941  5 0.1485 0.3103 0.1618 0.2557 0.1237 
     H171965  5 0.1065 0.1014 0.2343 0.3851 0.1727 
     H171970  5 0.1151 0.4721 0.1220 0.1624 0.1285 
     H171973  5 0.2859 0.1257 0.1926 0.2262 0.1695 
     H171974  5 0.2257 0.1681 0.1566 0.2848 0.1648 
     H171975  5 0.2444 0.2543 0.1775 0.1548 0.1690 
     H171976  5 0.0975 0.2136 0.2825 0.1349 0.2715 
        H175  5 0.2383 0.3072 0.1499 0.1744 0.1302 
        H178  5 0.1811 0.2012 0.1985 0.2437 0.1756 
        H189  5 0.2113 0.0971 0.2157 0.2560 0.2199 
        H399  5 0.1389 0.2016 0.4194 0.0975 0.1425 
        H416  5 0.2279 0.2213 0.1777 0.1964 0.1767 
        H438  5 0.2781 0.1806 0.1598 0.1872 0.1943 
        H450  5 0.0989 0.2425 0.1681 0.3481 0.1424 
        H455  5 0.1756 0.4071 0.1203 0.1859 0.1111 
        H456  5 0.2722 0.1701 0.1684 0.2457 0.1436 
        H457  5 0.1074 0.2963 0.2229 0.2038 0.1697 
        H458  5 0.1650 0.2467 0.1774 0.2667 0.1441 
        H459  5 0.1931 0.0999 0.2053 0.2597 0.2420 
        H460  5 0.1384 0.1939 0.1746 0.2375 0.2556 
        H461  5 0.1150 0.1588 0.2873 0.1856 0.2533 
        H462  5 0.2887 0.1153 0.1845 0.1517 0.2597 
        H469  5 0.2783 0.1097 0.1908 0.1678 0.2534 
        H470  5 0.1616 0.1965 0.1775 0.1862 0.2782 
        H471  5 0.1749 0.1130 0.3081 0.1500 0.2540 
        H481  5 0.1553 0.4550 0.1300 0.1484 0.1113 
        H482  5 0.1276 0.2326 0.1865 0.2470 0.2063 
        H501  5 0.1900 0.1986 0.1814 0.2046 0.2253 
        H502  5 0.1538 0.1029 0.2373 0.2423 0.2636 
        H503  5 0.2066 0.1238 0.2415 0.1799 0.2482 
        H509  5 0.2040 0.3731 0.1524 0.1218 0.1486 
        H510  5 0.1347 0.1548 0.1988 0.2834 0.2284 
        H511  5 0.1513 0.1125 0.2179 0.3022 0.2162 
        H530  5 0.2506 0.2475 0.1444 0.2153 0.1422 
        H531  5 0.1387 0.4136 0.1623 0.1293 0.1561 
        H564  5 0.1383 0.2743 0.2079 0.1860 0.1936 
        H565  5 0.1324 0.4299 0.1529 0.1346 0.1502 
        H567  5 0.3432 0.0940 0.2111 0.1277 0.2239 
     H568???  5 0.1654 0.1174 0.3025 0.1946 0.2200 
        H608  5 0.1138 0.2439 0.1670 0.3298 0.1455 
        H609  5 0.3110 0.1450 0.1525 0.2575 0.1340 
        H612  5 0.1687 0.3936 0.1133 0.2061 0.1183 
        H614  5 0.1286 0.4154 0.1917 0.1427 0.1216 
        H615  5 0.1241 0.3319 0.1893 0.1743 0.1804 
        H616  5 0.1704 0.4694 0.1018 0.1710 0.0874 
        H617  5 0.2603 0.1156 0.1795 0.1995 0.2451 
        H618  5 0.1936 0.3824 0.1539 0.1315 0.1385 
        H619  5 0.2655 0.1310 0.1434 0.3499 0.1103 
        H635  5 0.1710 0.1701 0.1907 0.2294 0.2387 
        H636  5 0.2185 0.1082 0.1291 0.4067 0.1375 
        H637  5 0.2118 0.2335 0.1829 0.2100 0.1618 
        H644  5 0.1741 0.0708 0.3894 0.1288 0.2368 
        H711  5 0.1384 0.1575 0.3036 0.1835 0.2169 
        H712  5 0.2654 0.2598 0.1410 0.2247 0.1092 
       H7360  5 0.1197 0.2237 0.2374 0.2316 0.1876 
       H7361  5 0.1333 0.3096 0.1854 0.1976 0.1740 
       H7362  5 0.1885 0.0836 0.3976 0.1204 0.2098 
       H7363  5 0.1721 0.2141 0.2296 0.1748 0.2093 
       H7394  5 0.1548 0.1071 0.1734 0.2787 0.2860 
       H7395  5 0.1461 0.1505 0.1937 0.3482 0.1614 
       H7396  5 0.1849 0.1549 0.1808 0.2503 0.2291 
        H742  5 0.2862 0.1805 0.1449 0.2716 0.1168 
        H743  5 0.3060 0.2363 0.1907 0.1357 0.1313 
        H744  5 0.2600 0.4125 0.1134 0.1116 0.1025 
        H957  5 0.1083 0.1816 0.2555 0.1957 0.2589 
        H958  5 0.2118 0.1385 0.1950 0.1912 0.2636 
        H959  5 0.1608 0.3308 0.1366 0.2327 0.1391 
        H960  5 0.3413 0.1711 0.1631 0.1556 0.1689 
      H_PALI  6 0.1177 0.1247 0.1895 0.2687 0.2995 
        H581  6 0.1770 0.2881 0.1873 0.1302 0.2175 
        H582  6 0.0958 0.4589 0.1594 0.1443 0.1416 
        H583  6 0.1896 0.2472 0.1906 0.1961 0.1765 
        H595  6 0.2272 0.0990 0.2021 0.1389 0.3328 
        H596  6 0.2505 0.0924 0.1756 0.1527 0.3289 
        H597  6 0.2309 0.0935 0.2844 0.2006 0.1906 
        H598  6 0.1918 0.1879 0.1587 0.2727 0.1888 
        H599  6 0.2117 0.3224 0.1587 0.1587 0.1486 
        H642  6 0.1669 0.1449 0.2620 0.1178 0.3085 
        H643  6 0.2703 0.1819 0.1688 0.2143 0.1647 
        H664  6 0.1003 0.3665 0.1933 0.1160 0.2240 
        H665  6 0.2362 0.1484 0.1550 0.2891 0.1714 
        H674  6 0.1787 0.0890 0.3292 0.1099 0.2931 
        H675  6 0.1832 0.2303 0.2314 0.1627 0.1925 
        H676  6 0.1463 0.1181 0.2058 0.1915 0.3383 
        H686  6 0.1172 0.1425 0.2359 0.2817 0.2227 
        H687  6 0.1423 0.1862 0.2316 0.1951 0.2449 
        H917  6 0.2746 0.1005 0.1691 0.1916 0.2642 
        H918  6 0.2281 0.1414 0.1685 0.2991 0.1628 
        H919  6 0.2160 0.3953 0.1252 0.1510 0.1126 
        H920  6 0.1202 0.2801 0.1730 0.1971 0.2296 
        H631  7 0.1555 0.2429 0.1878 0.2463 0.1674 
        H684  7 0.1120 0.0965 0.2937 0.2381 0.2599 
        H685  7 0.2002 0.3876 0.1362 0.1055 0.1705 
        H713  7 0.1074 0.4035 0.1231 0.2185 0.1475 
        H715  7 0.1320 0.1191 0.2650 0.2225 0.2613 
        H716  7 0.1952 0.2196 0.2122 0.2409 0.1321 
        H717  7 0.2113 0.2351 0.2019 0.1573 0.1944 
        H729  7 0.4006 0.0817 0.1527 0.1705 0.1944 
        H730  7 0.4272 0.1910 0.1303 0.1317 0.1198 
        H431  8 0.2371 0.2988 0.1578 0.1650 0.1413 
        H432  8 0.2020 0.0991 0.3382 0.1320 0.2288 
        H433  8 0.2188 0.1333 0.1663 0.2288 0.2527 
        H434  8 0.2020 0.1072 0.2002 0.2737 0.2169 
        H444  8 0.2145 0.1484 0.1953 0.2367 0.2050 
        H454  8 0.1467 0.4027 0.1288 0.1723 0.1496 
        H475  8 0.0974 0.3701 0.1394 0.2190 0.1740 
        H491  8 0.1277 0.2267 0.1963 0.2777 0.1716 
        H492  8 0.1615 0.2869 0.1606 0.1728 0.2182 
        H493  8 0.1481 0.1559 0.2454 0.2446 0.2059 
        H494  8 0.2333 0.2327 0.1957 0.1421 0.1961 
        H495  8 0.0899 0.3415 0.2053 0.1782 0.1852 
        H662  8 0.1960 0.2001 0.2728 0.1357 0.1954 
        H663  8 0.2519 0.1878 0.1990 0.1586 0.2027 
        H695  8 0.2507 0.2090 0.1578 0.2028 0.1798 
       H7367  8 0.3739 0.0890 0.1638 0.1301 0.2433 
       H7368  8 0.1639 0.1359 0.2638 0.2147 0.2216 
       H7369  8 0.2741 0.1745 0.1625 0.2219 0.1669 
       H7370  8 0.2730 0.0888 0.1522 0.1244 0.3616 
       H7371  8 0.2735 0.1478 0.1681 0.1807 0.2299 
        H600  9 0.1270 0.2747 0.1701 0.2780 0.1502 
        H648  9 0.1600 0.1900 0.2593 0.1553 0.2353 
        H696  9 0.1940 0.0916 0.3353 0.1059 0.2730 
        H697  9 0.3133 0.1737 0.1984 0.1465 0.1682 
        H698  9 0.3510 0.1393 0.1943 0.1295 0.1859 
        H699  9 0.2362 0.1859 0.2005 0.1707 0.2068 
        H700  9 0.1119 0.1723 0.1449 0.4199 0.1510 
        H732  9 0.1414 0.4205 0.1676 0.1261 0.1444 
        H733  9 0.3045 0.1057 0.1673 0.1516 0.2709 
        H734  9 0.1334 0.0991 0.2180 0.1937 0.3558 
        H735  9 0.2582 0.1477 0.1771 0.1095 0.3076 
        H736  9 0.1549 0.2078 0.1850 0.2243 0.2280 
        H737  9 0.3393 0.1962 0.1737 0.1856 0.1052 
        H905  9 0.1802 0.2008 0.1516 0.3215 0.1459 
        H921  9 0.2408 0.2181 0.1528 0.2054 0.1829 
        H922  9 0.2528 0.0893 0.2102 0.1301 0.3176 
     H169705 10 0.3223 0.1370 0.1457 0.1386 0.2564 
     H171942 10 0.2203 0.1049 0.3209 0.1260 0.2279 
     H171943 10 0.1719 0.1510 0.2321 0.2082 0.2367 
     H171944 10 0.2202 0.1605 0.1732 0.2064 0.2396 
     H171946 10 0.1233 0.3042 0.2268 0.1603 0.1854 
     H171947 10 0.2362 0.1380 0.1986 0.1834 0.2438 
     H229641 10 0.1671 0.2002 0.1919 0.1589 0.2819 
      H30001 10 0.1734 0.1847 0.1826 0.2152 0.2442 
      H30002 10 0.1712 0.1461 0.1575 0.3709 0.1544 
      H30005 10 0.3293 0.1215 0.1828 0.1480 0.2184 
      H30006 10 0.3324 0.1379 0.2241 0.1139 0.1917 
      H30007 10 0.1687 0.0858 0.3550 0.1449 0.2456 
        H451 10 0.1641 0.1150 0.1891 0.2546 0.2773 
        H452 10 0.3859 0.1571 0.1871 0.0952 0.1747 
        H453 10 0.1238 0.3651 0.1918 0.1909 0.1283 
        H473 10 0.1928 0.2584 0.2103 0.1946 0.1439 
        H474 10 0.0895 0.4179 0.1518 0.1523 0.1885 
        H486 10 0.2129 0.2830 0.1619 0.1482 0.1939 
        H487 10 0.2516 0.2386 0.1752 0.1841 0.1505 
        H488 10 0.2220 0.1929 0.1386 0.2898 0.1567 
        H489 10 0.1842 0.3438 0.1403 0.1653 0.1663 
        H550 10 0.1046 0.1229 0.2330 0.2527 0.2869 
        H551 10 0.3524 0.1832 0.1349 0.1238 0.2057 
        H553 10 0.2597 0.3384 0.1566 0.1154 0.1299 
        H554 10 0.1402 0.1184 0.2051 0.2500 0.2863 
        H556 10 0.2000 0.2421 0.2403 0.1514 0.1663 
        H580 10 0.3083 0.1210 0.2041 0.1886 0.1780 
        H591 10 0.1611 0.4406 0.1187 0.1479 0.1318 
        H592 10 0.1724 0.2627 0.1739 0.1601 0.2310 
        H593 10 0.1621 0.1444 0.1887 0.2301 0.2747 
        H594 10 0.2543 0.0858 0.2747 0.1370 0.2482 
        H627 10 0.1221 0.1876 0.2193 0.1801 0.2908 
        H628 10 0.3955 0.0774 0.1752 0.2264 0.1255 
        H629 10 0.1333 0.2454 0.2781 0.1225 0.2206 
        H630 10 0.1780 0.1797 0.2017 0.1456 0.2950 
        H638 10 0.2090 0.1488 0.1723 0.1244 0.3456 
        H639 10 0.1262 0.4187 0.1920 0.1213 0.1419 
        H640 10 0.1784 0.1304 0.2133 0.1504 0.3275 
        H704 10 0.2283 0.1075 0.3301 0.1639 0.1702 
        H705 10 0.3292 0.1328 0.1349 0.1449 0.2582 
        H706 10 0.3052 0.2346 0.1232 0.2145 0.1225 
        H708 10 0.1399 0.3903 0.1303 0.1714 0.1681 
       H7351 10 0.1460 0.1625 0.2242 0.2463 0.2210 
       H7352 10 0.2026 0.2432 0.1973 0.1728 0.1841 
       H7353 10 0.1430 0.1028 0.4587 0.1368 0.1588 
       H7354 10 0.1190 0.1669 0.1575 0.4277 0.1289 
       H7365 10 0.1346 0.4490 0.1214 0.1729 0.1221 
       H7383 10 0.1670 0.2218 0.1443 0.3027 0.1642 
       H7384 10 0.2623 0.1859 0.1458 0.2647 0.1413 
       H7385 10 0.1639 0.2304 0.1522 0.2887 0.1648 
       H7386 10 0.2555 0.1588 0.1792 0.2144 0.1921 
       H7387 10 0.1561 0.1313 0.2198 0.3078 0.1850 
       H7388 10 0.4131 0.1642 0.1563 0.1264 0.1400 
        H906 10 0.1413 0.2753 0.2581 0.1700 0.1552 
        H907 10 0.1758 0.1147 0.2320 0.1553 0.3221 
        H908 10 0.1856 0.1502 0.1765 0.2469 0.2409 
        H909 10 0.1657 0.1357 0.1633 0.4131 0.1222 
       H9552 10 0.2232 0.1834 0.2487 0.1815 0.1631 
       H9553 10 0.3365 0.2553 0.1562 0.1214 0.1305 
       H9555 10 0.2626 0.1191 0.1715 0.1919 0.2549 
       H9575 10 0.1123 0.3564 0.1862 0.1928 0.1522 
       H9703 10 0.1975 0.4247 0.1444 0.1434 0.0900 
       H9707 10 0.1572 0.3166 0.1602 0.1571 0.2089 
       HSAA4 10 0.3010 0.1251 0.2032 0.1942 0.1765 
        H001 11 0.2237 0.2118 0.1949 0.2439 0.1257 
        H004 11 0.1606 0.1582 0.1946 0.2467 0.2399 
        H005 11 0.1251 0.3639 0.1220 0.2691 0.1199 
        H006 11 0.1454 0.1608 0.1678 0.3426 0.1834 
        H007 11 0.2233 0.3080 0.1339 0.2229 0.1119 
        H031 11 0.1551 0.4604 0.1075 0.1382 0.1388 
        H074 11 0.1237 0.3876 0.1662 0.1348 0.1877 
        H075 11 0.1916 0.3180 0.1402 0.2167 0.1334 
        H080 11 0.2136 0.3186 0.1541 0.1702 0.1435 
        H086 11 0.3277 0.1406 0.1762 0.1872 0.1683 
        H092 11 0.2108 0.2316 0.1729 0.2039 0.1808 
        H093 11 0.1678 0.0945 0.3477 0.1862 0.2038 
        H094 11 0.1516 0.1336 0.2063 0.1815 0.3270 
        H095 11 0.1810 0.3017 0.1795 0.2147 0.1232 
        H096 11 0.2048 0.2328 0.1343 0.2895 0.1387 
        H099 11 0.1728 0.2231 0.1800 0.2052 0.2188 
        H100 11 0.2772 0.0868 0.2684 0.1977 0.1699 
        H127 11 0.3111 0.2365 0.1656 0.1462 0.1407 
        H136 11 0.1380 0.3549 0.1490 0.1916 0.1664 
        H153 11 0.1195 0.1551 0.2030 0.2361 0.2863 
        H154 11 0.1301 0.3957 0.1541 0.1467 0.1734 
        H155 11 0.4705 0.0934 0.1509 0.1488 0.1363 
        H156 11 0.2977 0.0735 0.1734 0.2559 0.1995 
        H161 11 0.1571 0.1295 0.2272 0.2050 0.2812 
        H162 11 0.2530 0.1256 0.2072 0.1465 0.2677 
        H167 11 0.2134 0.1052 0.2007 0.3171 0.1636 
        H168 11 0.2780 0.1503 0.1984 0.2045 0.1688 
     H169586 11 0.0887 0.2640 0.2956 0.1791 0.1726 
     H169738 11 0.3982 0.0927 0.1522 0.1828 0.1741 
     H169741 11 0.1289 0.2885 0.1551 0.2341 0.1934 
     H171801 11 0.1473 0.1285 0.3030 0.1512 0.2700 
     H171810 11 0.1165 0.2475 0.1639 0.2136 0.2585 
     H171811 11 0.1085 0.3618 0.1729 0.1863 0.1705 
     H171812 11 0.2929 0.1914 0.1483 0.2489 0.1185 
     H171820 11 0.1331 0.3819 0.1624 0.1644 0.1582 
     H171821 11 0.2227 0.1300 0.1993 0.2206 0.2274 
     H171822 11 0.2287 0.1527 0.1972 0.1866 0.2348 
     H171823 11 0.0796 0.3538 0.2185 0.1554 0.1927 
     H171866 11 0.3265 0.1131 0.2158 0.1601 0.1845 
     H171867 11 0.2963 0.1106 0.1501 0.2267 0.2163 
     H171967 11 0.2150 0.3461 0.1318 0.1715 0.1356 
     H171969 11 0.1810 0.1633 0.1963 0.2363 0.2231 
        H172 11 0.2352 0.1649 0.2074 0.2037 0.1888 
        H173 11 0.3647 0.1517 0.1388 0.1730 0.1718 
        H174 11 0.1874 0.0884 0.2892 0.1315 0.3034 
        H196 11 0.5370 0.1044 0.1395 0.0938 0.1253 
        H197 11 0.2106 0.1115 0.1738 0.2634 0.2407 
        H346 11 0.1767 0.1874 0.1435 0.3463 0.1461 
        H355 11 0.2110 0.2725 0.1813 0.2004 0.1348 
        H356 11 0.2689 0.1672 0.2048 0.1971 0.1620 
        H357 11 0.1988 0.2910 0.1443 0.1518 0.2140 
        H358 11 0.2065 0.1343 0.1416 0.3761 0.1415 
        H359 11 0.1514 0.1893 0.1969 0.2076 0.2548 
        H360 11 0.2212 0.1530 0.1580 0.2821 0.1857 
        H361 11 0.2809 0.1348 0.1937 0.2465 0.1442 
        H362 11 0.2348 0.0787 0.1891 0.1576 0.3398 
        H363 11 0.1053 0.2711 0.1291 0.3429 0.1517 
        H364 11 0.1268 0.1654 0.2173 0.3401 0.1503 
        H365 11 0.3711 0.1442 0.1676 0.1601 0.1569 
        H366 11 0.3741 0.1465 0.1937 0.1617 0.1240 
        H367 11 0.1530 0.4644 0.1429 0.1009 0.1388 
        H368 11 0.1146 0.1242 0.2665 0.1802 0.3145 
        H369 11 0.1505 0.4113 0.1176 0.1973 0.1233 
        H370 11 0.1796 0.1110 0.1980 0.2713 0.2401 
        H371 11 0.2441 0.1787 0.1982 0.1185 0.2605 
        H372 11 0.2891 0.1577 0.1828 0.1919 0.1785 
        H373 11 0.1545 0.1458 0.1963 0.3012 0.2022 
        H374 11 0.1596 0.1668 0.1606 0.3729 0.1401 
        H375 11 0.2113 0.2673 0.1582 0.1874 0.1757 
        H376 11 0.1827 0.1359 0.2792 0.1983 0.2038 
        H377 11 0.1576 0.1779 0.1555 0.2937 0.2152 
        H378 11 0.1661 0.2299 0.2341 0.2038 0.1661 
        H379 11 0.1445 0.1447 0.1884 0.2391 0.2833 
        H380 11 0.2149 0.1093 0.1654 0.3197 0.1906 
        H381 11 0.0975 0.3835 0.1736 0.1502 0.1951 
        H382 11 0.1947 0.0744 0.2159 0.2156 0.2995 
        H383 11 0.1994 0.1027 0.2436 0.2865 0.1677 
        H384 11 0.1455 0.2652 0.1694 0.2783 0.1416 
        H385 11 0.1525 0.2172 0.1678 0.1972 0.2653 
        H386 11 0.2434 0.1129 0.1425 0.3581 0.1431 
        H387 11 0.0980 0.1828 0.3492 0.2220 0.1480 
        H388 11 0.4056 0.0949 0.1860 0.1719 0.1416 
        H389 11 0.2380 0.2035 0.1511 0.2093 0.1982 
        H390 11 0.1627 0.1490 0.1824 0.2653 0.2406 
        H391 11 0.2383 0.1412 0.2771 0.1321 0.2112 
        H392 11 0.1579 0.2460 0.1568 0.3216 0.1176 
        H393 11 0.2205 0.1140 0.2889 0.1817 0.1949 
        H394 11 0.1530 0.1342 0.4010 0.1176 0.1943 
        H395 11 0.1921 0.3378 0.1444 0.1960 0.1297 
        H408 11 0.2145 0.1813 0.1350 0.3480 0.1212 
        H412 11 0.0848 0.4929 0.1761 0.0912 0.1549 
        H417 11 0.2051 0.2289 0.1600 0.2278 0.1782 
        H418 11 0.1569 0.2070 0.2677 0.1618 0.2066 
        H429 11 0.1906 0.1532 0.2092 0.2945 0.1525 
        H430 11 0.2684 0.1109 0.2054 0.1815 0.2339 
        H439 11 0.2176 0.1724 0.1533 0.2547 0.2020 
        H440 11 0.1336 0.3327 0.1549 0.2592 0.1197 
        H441 11 0.2619 0.1433 0.1921 0.1504 0.2523 
        H442 11 0.2624 0.1359 0.2047 0.2323 0.1647 
        H446 11 0.1429 0.1417 0.2348 0.3007 0.1798 
        H447 11 0.2416 0.1044 0.1775 0.2848 0.1917 
        H448 11 0.4367 0.1467 0.1363 0.1351 0.1452 
        H534 11 0.1132 0.3311 0.1886 0.2114 0.1557 
        H537 11 0.1077 0.4097 0.2005 0.1618 0.1203 
        H568 11 0.1208 0.4789 0.1144 0.1268 0.1592 
        H569 11 0.4068 0.0760 0.1580 0.1156 0.2437 
        H586 11 0.0871 0.2686 0.2780 0.1750 0.1914 
        H587 11 0.1210 0.4274 0.1229 0.2135 0.1151 
        H588 11 0.1401 0.0927 0.3947 0.1929 0.1796 
        H589 11 0.1334 0.3783 0.1423 0.2308 0.1152 
        H590 11 0.1505 0.3440 0.1693 0.1743 0.1619 
        H601 11 0.2787 0.0973 0.2261 0.1430 0.2549 
        H602 11 0.2470 0.2417 0.1740 0.1618 0.1755 
        H603 11 0.2249 0.1099 0.1591 0.2627 0.2434 
        H610 11 0.2605 0.1854 0.1743 0.1859 0.1939 
        H611 11 0.1354 0.2955 0.1708 0.1592 0.2391 
        H649 11 0.1798 0.1929 0.2030 0.1847 0.2396 
        H650 11 0.1393 0.1126 0.1960 0.1863 0.3658 
        H651 11 0.3175 0.1590 0.1437 0.2200 0.1598 
        H652 11 0.1318 0.1802 0.2739 0.2169 0.1972 
       H7364 11 0.2584 0.1313 0.2075 0.2092 0.1937 
       H7366 11 0.2740 0.1946 0.1547 0.2393 0.1374 
       H7378 11 0.1797 0.0695 0.3853 0.0827 0.2828 
       H7379 11 0.2544 0.1920 0.2113 0.1617 0.1806 
        H739 11 0.1882 0.3460 0.1537 0.1473 0.1648 
        H740 11 0.1370 0.1317 0.2007 0.2207 0.3099 
        H741 11 0.1393 0.2904 0.1475 0.2200 0.2028 
        H926 11 0.1529 0.1284 0.1979 0.2065 0.3143 
        H927 11 0.3824 0.1249 0.1421 0.1750 0.1756 
        H928 11 0.1776 0.1781 0.1771 0.1560 0.3111 
       H9560 11 0.1795 0.1464 0.2430 0.2002 0.2309 
        H409 12 0.2225 0.1146 0.1910 0.2274 0.2445 
        H413 12 0.1179 0.0919 0.3072 0.1256 0.3575 
        H419 12 0.3063 0.1333 0.1648 0.2122 0.1834 
        H420 12 0.1964 0.2607 0.1945 0.1816 0.1668 
        H421 12 0.1636 0.0802 0.2149 0.2747 0.2666 
        H435 12 0.1581 0.0988 0.2578 0.2524 0.2328 
        H436 12 0.2310 0.1908 0.1425 0.2857 0.1500 
        H437 12 0.1134 0.3036 0.2101 0.1972 0.1756 
        H445 12 0.2747 0.1036 0.1526 0.3128 0.1563 
        H449 12 0.2424 0.1427 0.2736 0.1736 0.1677 
        H463 12 0.1313 0.2647 0.1887 0.2274 0.1879 
        H464 12 0.1433 0.1116 0.3119 0.1458 0.2874 
        H465 12 0.1098 0.1835 0.3070 0.1252 0.2745 
        H490 12 0.1251 0.1058 0.3684 0.1671 0.2335 
        H561 12 0.2123 0.1810 0.1960 0.1385 0.2721 
        H562 12 0.2352 0.1608 0.1484 0.3201 0.1356 
        H563 12 0.2915 0.2129 0.1495 0.1522 0.1939 
        H570 12 0.1872 0.2489 0.1263 0.2920 0.1456 
        H571 12 0.1209 0.1679 0.2846 0.1734 0.2532 
        H572 12 0.1829 0.2628 0.1748 0.1517 0.2278 
        H573 12 0.2537 0.0987 0.1906 0.2307 0.2263 
       H7372 12 0.2786 0.0769 0.1634 0.3366 0.1445 
       H7373 12 0.0975 0.1118 0.3144 0.2138 0.2626 
       H7374 12 0.1762 0.2744 0.1768 0.2530 0.1196 
       H7375 12 0.2246 0.2991 0.1512 0.1767 0.1483 
       H7376 12 0.4087 0.0897 0.1420 0.2124 0.1472 
       H7377 12 0.1427 0.2817 0.1610 0.1851 0.2295 
