        H102  1 0.6354 0.3646 
        H103  1 0.2950 0.7050 
        H104  1 0.6952 0.3048 
        H105  1 0.5585 0.4415 
        H106  1 0.5053 0.4947 
        H112  1 0.6258 0.3742 
        H113  1 0.5462 0.4538 
        H114  1 0.4726 0.5274 
        H115  1 0.6870 0.3130 
        H143  1 0.5719 0.4281 
        H144  1 0.3717 0.6283 
        H145  1 0.3405 0.6595 
        H149  1 0.6150 0.3850 
        H150  1 0.5098 0.4902 
     H167542  1 0.5829 0.4171 
     H169604  1 0.5208 0.4792 
     H169607  1 0.4360 0.5640 
     H169608  1 0.6447 0.3553 
     H169633  1 0.4329 0.5671 
     H169688  1 0.3751 0.6249 
     H169714  1 0.5849 0.4151 
     H171802  1 0.5481 0.4519 
     H171805  1 0.4224 0.5776 
     H171807  1 0.5431 0.4569 
     H171814  1 0.3383 0.6617 
     H171816  1 0.5474 0.4526 
     H171817  1 0.5842 0.4158 
     H171818  1 0.4785 0.5215 
     H171819  1 0.5111 0.4889 
     H171834  1 0.5314 0.4686 
     H171835  1 0.6408 0.3592 
     H171836  1 0.3007 0.6993 
     H171837  1 0.6393 0.3607 
     H171838  1 0.3498 0.6502 
     H171839  1 0.6073 0.3927 
     H171841  1 0.5894 0.4106 
     H171860  1 0.5496 0.4504 
     H171861  1 0.3453 0.6547 
     H171862  1 0.5203 0.4797 
     H171868  1 0.5663 0.4337 
     H171869  1 0.3979 0.6021 
     H171870  1 0.4809 0.5191 
     H171871  1 0.3636 0.6364 
     H171872  1 0.6320 0.3680 
     H171873  1 0.4766 0.5234 
     H171874  1 0.4353 0.5647 
     H171875  1 0.3612 0.6388 
     H171876  1 0.4730 0.5270 
     H171877  1 0.6344 0.3656 
     H171878  1 0.4950 0.5050 
     H171901  1 0.5371 0.4629 
     H171902  1 0.4618 0.5382 
     H171903  1 0.5240 0.4760 
     H171935  1 0.4704 0.5296 
     H171936  1 0.4828 0.5172 
     H171940  1 0.6016 0.3984 
     H171945  1 0.4926 0.5074 
     H171948  1 0.5770 0.4230 
     H171949  1 0.6342 0.3658 
     H171950  1 0.6663 0.3337 
     H171963  1 0.3638 0.6362 
     H171964  1 0.3868 0.6132 
     H171966  1 0.4580 0.5420 
     H171968  1 0.5479 0.4521 
     H171971  1 0.4090 0.5910 
     H171972  1 0.3554 0.6446 
     H171977  1 0.3899 0.6101 
     H171978  1 0.5291 0.4709 
     H171979  1 0.3188 0.6812 
        H176  1 0.5157 0.4843 
        H177  1 0.6850 0.3150 
        H179  1 0.6696 0.3304 
        H181  1 0.3920 0.6080 
        H182  1 0.3480 0.6520 
        H183  1 0.3551 0.6449 
        H184  1 0.5663 0.4337 
        H185  1 0.4037 0.5963 
        H186  1 0.5422 0.4578 
        H187  1 0.4481 0.5519 
        H188  1 0.6508 0.3492 
        H192  1 0.5939 0.4061 
        H193  1 0.3889 0.6111 
        H194  1 0.5545 0.4455 
        H195  1 0.3407 0.6593 
        H199  1 0.3746 0.6254 
        H200  1 0.5455 0.4545 
        H414  1 0.4248 0.5752 
        H415  1 0.4493 0.5507 
        H422  1 0.5117 0.4883 
        H423  1 0.6761 0.3239 
        H424  1 0.3543 0.6457 
        H425  1 0.3845 0.6155 
        H426  1 0.3430 0.6570 
        H443  1 0.4574 0.5426 
        H466  1 0.5422 0.4578 
        H467  1 0.6272 0.3728 
        H472  1 0.5045 0.4955 
        H483  1 0.4491 0.5509 
        H504  1 0.3467 0.6533 
        H505  1 0.5910 0.4090 
        H506  1 0.4854 0.5146 
        H507  1 0.3413 0.6587 
        H508  1 0.5072 0.4928 
        H524  1 0.3844 0.6156 
        H525  1 0.4855 0.5145 
        H526  1 0.5549 0.4451 
        H527  1 0.5788 0.4212 
        H528  1 0.3730 0.6270 
        H529  1 0.3890 0.6110 
        H533  1 0.3306 0.6694 
        H538  1 0.5792 0.4208 
        H539  1 0.3910 0.6090 
        H540  1 0.5151 0.4849 
        H541  1 0.5489 0.4511 
        H558  1 0.3438 0.6562 
        H559  1 0.5520 0.4480 
        H579  1 0.4254 0.5746 
        H584  1 0.3855 0.6145 
        H585  1 0.4331 0.5669 
        H605  1 0.5410 0.4590 
        H606  1 0.6872 0.3128 
        H632  1 0.4054 0.5946 
        H634  1 0.4607 0.5393 
        H671  1 0.6183 0.3817 
        H672  1 0.4706 0.5294 
        H673  1 0.4639 0.5361 
        H689  1 0.4692 0.5308 
        H690  1 0.6732 0.3268 
        H691  1 0.5963 0.4037 
        H692  1 0.2758 0.7242 
        H709  1 0.4654 0.5346 
        H710  1 0.3278 0.6722 
       H7355  1 0.4932 0.5068 
       H7356  1 0.4607 0.5393 
       H7357  1 0.5965 0.4035 
       H7358  1 0.4390 0.5610 
       H7380  1 0.4994 0.5006 
       H7381  1 0.5582 0.4418 
       H7382  1 0.4795 0.5205 
        H904  1 0.7536 0.2464 
        H923  1 0.5245 0.4755 
        H924  1 0.5677 0.4323 
        H925  1 0.5204 0.4796 
       H9558  1 0.3166 0.6834 
        H008  2 0.3990 0.6010 
        H021  2 0.6222 0.3778 
        H023  2 0.6480 0.3520 
        H024  2 0.3075 0.6925 
        H025  2 0.5294 0.4706 
        H026  2 0.3311 0.6689 
        H027  2 0.5170 0.4830 
        H028  2 0.4168 0.5832 
        H029  2 0.3755 0.6245 
        H030  2 0.3240 0.6760 
        H038  2 0.5732 0.4268 
        H039  2 0.7510 0.2490 
        H040  2 0.5512 0.4488 
        H041  2 0.5284 0.4716 
        H042  2 0.5509 0.4491 
        H043  2 0.5617 0.4383 
        H044  2 0.3269 0.6731 
        H047  2 0.5123 0.4877 
        H050  2 0.3619 0.6381 
        H058  2 0.5095 0.4905 
        H062  2 0.6314 0.3686 
        H063  2 0.6128 0.3872 
        H065  2 0.4886 0.5114 
        H066  2 0.3797 0.6203 
        H067  2 0.5296 0.4704 
        H068  2 0.5636 0.4364 
        H069  2 0.4156 0.5844 
        H071  2 0.6137 0.3863 
        H072  2 0.6563 0.3437 
        H073  2 0.4762 0.5238 
        H081  2 0.6535 0.3465 
        H082  2 0.3107 0.6893 
        H083  2 0.3390 0.6610 
        H084  2 0.4796 0.5204 
        H085  2 0.5633 0.4367 
        H087  2 0.6153 0.3847 
        H088  2 0.6258 0.3742 
        H089  2 0.5386 0.4614 
        H090  2 0.3492 0.6508 
        H091  2 0.4164 0.5836 
        H098  2 0.4254 0.5746 
      H10001  2 0.7523 0.2477 
      H10002  2 0.6786 0.3214 
        H101  2 0.3113 0.6887 
        H108  2 0.6926 0.3074 
        H109  2 0.4770 0.5230 
        H110  2 0.5246 0.4754 
        H116  2 0.3894 0.6106 
        H117  2 0.4482 0.5518 
        H118  2 0.3640 0.6360 
        H119  2 0.6160 0.3840 
        H120  2 0.7411 0.2589 
        H121  2 0.4171 0.5829 
        H125  2 0.7415 0.2585 
        H126  2 0.4198 0.5802 
        H128  2 0.2114 0.7886 
        H129  2 0.3121 0.6879 
        H130  2 0.4920 0.5080 
        H133  2 0.6314 0.3686 
        H134  2 0.2761 0.7239 
        H135  2 0.5669 0.4331 
        H137  2 0.4514 0.5486 
        H138  2 0.3391 0.6609 
        H140  2 0.4803 0.5197 
        H146  2 0.4178 0.5822 
        H147  2 0.4907 0.5093 
        H148  2 0.5710 0.4290 
     H166022  2 0.3826 0.6174 
     H167359  2 0.4604 0.5396 
     H167397  2 0.2501 0.7499 
     H167428  2 0.3576 0.6424 
     H167496  2 0.7120 0.2880 
     H167513  2 0.3863 0.6137 
     H167545  2 0.3522 0.6478 
     H167547  2 0.2440 0.7560 
     H169621  2 0.3925 0.6075 
     H169622  2 0.4250 0.5750 
     H169750  2 0.4688 0.5312 
     H171806  2 0.5064 0.4936 
     H171808  2 0.4758 0.5242 
     H171809  2 0.5873 0.4127 
     H171813  2 0.4748 0.5252 
     H171815  2 0.6207 0.3793 
     H171824  2 0.7103 0.2897 
     H171825  2 0.4916 0.5084 
     H171826  2 0.5747 0.4253 
     H171827  2 0.5701 0.4299 
     H171828  2 0.7688 0.2312 
     H171829  2 0.4327 0.5673 
     H171830  2 0.4623 0.5377 
     H171831  2 0.3140 0.6860 
     H171832  2 0.4215 0.5785 
     H171863  2 0.2666 0.7334 
     H171864  2 0.5173 0.4827 
     H171865  2 0.5820 0.4180 
     H171879  2 0.4364 0.5636 
     H171880  2 0.3760 0.6240 
     H171881  2 0.4786 0.5214 
     H171882  2 0.7223 0.2777 
     H171929  2 0.4792 0.5208 
     H171930  2 0.2951 0.7049 
     H171933  2 0.4641 0.5359 
     H171934  2 0.5653 0.4347 
     H171937  2 0.3690 0.6310 
     H171962  2 0.4978 0.5022 
        H190  2 0.4460 0.5540 
        H191  2 0.4706 0.5294 
        H396  2 0.5933 0.4067 
        H397  2 0.4530 0.5470 
        H398  2 0.5234 0.4766 
        H400  2 0.5620 0.4380 
        H401  2 0.2521 0.7479 
        H402  2 0.3888 0.6112 
        H427  2 0.5413 0.4587 
        H428  2 0.3714 0.6286 
        H497  2 0.5073 0.4927 
        H512  2 0.4780 0.5220 
        H513  2 0.3875 0.6125 
        H514  2 0.4029 0.5971 
        H519  2 0.4072 0.5928 
        H532  2 0.4836 0.5164 
        H543  2 0.4272 0.5728 
        H544  2 0.4023 0.5977 
        H545  2 0.3252 0.6748 
        H546  2 0.5558 0.4442 
        H547  2 0.2413 0.7587 
        H548  2 0.5137 0.4863 
        H549  2 0.3748 0.6252 
        H620  2 0.7310 0.2690 
        H623  2 0.3820 0.6180 
        H624  2 0.4805 0.5195 
        H625  2 0.4947 0.5053 
        H626  2 0.4935 0.5065 
        H654  2 0.6978 0.3022 
        H655  2 0.5750 0.4250 
        H656  2 0.7200 0.2800 
        H666  2 0.6324 0.3676 
        H667  2 0.5157 0.4843 
        H677  2 0.5042 0.4958 
        H693  2 0.7233 0.2767 
        H694  2 0.3624 0.6376 
        H701  2 0.3974 0.6026 
        H702  2 0.5319 0.4681 
        H731  2 0.6277 0.3723 
       H7359  2 0.4795 0.5205 
       H7389  2 0.4558 0.5442 
       H7390  2 0.6261 0.3739 
       H7391  2 0.6183 0.3817 
       H7392  2 0.5175 0.4825 
       H7393  2 0.5311 0.4689 
       H7398  2 0.5646 0.4354 
       H7399  2 0.4470 0.5530 
       H7400  2 0.7157 0.2843 
        H745  2 0.3260 0.6740 
        H746  2 0.4304 0.5696 
        H747  2 0.5785 0.4215 
        H748  2 0.4685 0.5315 
       H7484  2 0.6648 0.3352 
       H7485  2 0.4130 0.5870 
        H749  2 0.4062 0.5938 
        H930  2 0.3178 0.6822 
        H931  2 0.5360 0.4640 
        H932  2 0.5023 0.4977 
        H111  3 0.3412 0.6588 
        H951  3 0.3647 0.6353 
        H952  3 0.4385 0.5615 
        H953  3 0.5097 0.4903 
        H954  3 0.6262 0.3738 
        H955  3 0.3423 0.6577 
        H956  3 0.5520 0.4480 
       H9563  3 0.5946 0.4054 
        H002  4 0.5792 0.4208 
        H003  4 0.4876 0.5124 
        H009  4 0.3870 0.6130 
        H010  4 0.5081 0.4919 
        H011  4 0.7013 0.2987 
        H012  4 0.4587 0.5413 
        H013  4 0.6132 0.3868 
        H014  4 0.4645 0.5355 
        H045  4 0.6096 0.3904 
        H046  4 0.4564 0.5436 
        H051  4 0.6640 0.3360 
        H052  4 0.4803 0.5197 
        H053  4 0.5626 0.4374 
        H056  4 0.5650 0.4350 
        H076  4 0.4052 0.5948 
        H151  4 0.6505 0.3495 
        H152  4 0.5655 0.4345 
     H171803  4 0.6079 0.3921 
     H171804  4 0.5848 0.4152 
     H171833  4 0.3403 0.6597 
     H171855  4 0.5905 0.4095 
     H171856  4 0.4870 0.5130 
     H171857  4 0.5587 0.4413 
     H171858  4 0.5102 0.4898 
     H171859  4 0.5424 0.4576 
     H171961  4 0.6401 0.3599 
        H198  4 0.3647 0.6353 
      H20001  4 0.3404 0.6596 
        H403  4 0.4732 0.5268 
        H404  4 0.5066 0.4934 
        H405  4 0.4392 0.5608 
        H406  4 0.3145 0.6855 
        H407  4 0.5842 0.4158 
        H410  4 0.3675 0.6325 
        H411  4 0.3442 0.6558 
        H468  4 0.3562 0.6438 
        H476  4 0.4331 0.5669 
        H477  4 0.3382 0.6618 
        H478  4 0.4491 0.5509 
        H479  4 0.6134 0.3866 
        H480  4 0.3117 0.6883 
        H498  4 0.4770 0.5230 
        H499  4 0.5256 0.4744 
        H500  4 0.6849 0.3151 
        H515  4 0.5480 0.4520 
        H516  4 0.4659 0.5341 
        H517  4 0.4547 0.5453 
        H518  4 0.4642 0.5358 
        H520  4 0.5591 0.4409 
        H521  4 0.4991 0.5009 
        H522  4 0.5123 0.4877 
        H523  4 0.4833 0.5167 
        H536  4 0.5357 0.4643 
        H645  4 0.6879 0.3121 
        H646  4 0.3413 0.6587 
        H647  4 0.4392 0.5608 
        H657  4 0.3844 0.6156 
        H658  4 0.5165 0.4835 
        H659  4 0.6844 0.3156 
        H660  4 0.5190 0.4810 
        H661  4 0.5707 0.4293 
        H668  4 0.4696 0.5304 
        H669  4 0.5694 0.4306 
        H670  4 0.6747 0.3253 
        H678  4 0.4766 0.5234 
        H679  4 0.3829 0.6171 
        H680  4 0.4497 0.5503 
        H681  4 0.6102 0.3898 
        H682  4 0.4630 0.5370 
        H683  4 0.4748 0.5252 
        H718  4 0.6360 0.3640 
        H719  4 0.5809 0.4191 
        H720  4 0.5154 0.4846 
        H721  4 0.5102 0.4898 
        H722  4 0.4727 0.5273 
        H723  4 0.6554 0.3446 
        H724  4 0.6681 0.3319 
        H725  4 0.6294 0.3706 
        H726  4 0.6022 0.3978 
        H727  4 0.6456 0.3544 
        H910  4 0.6116 0.3884 
        H911  4 0.3957 0.6043 
        H912  4 0.4721 0.5279 
        H913  4 0.5802 0.4198 
        H914  4 0.7059 0.2941 
        H915  4 0.4644 0.5356 
        H916  4 0.4010 0.5990 
       H9572  4 0.5079 0.4921 
        H015  5 0.3277 0.6723 
        H016  5 0.3967 0.6033 
        H017  5 0.4434 0.5566 
        H019  5 0.4175 0.5825 
        H020  5 0.5441 0.4559 
        H032  5 0.4804 0.5196 
        H033  5 0.4894 0.5106 
        H034  5 0.6599 0.3401 
        H035  5 0.4695 0.5305 
        H036  5 0.4420 0.5580 
        H037  5 0.6232 0.3768 
        H048  5 0.6632 0.3368 
        H049  5 0.4242 0.5758 
        H054  5 0.5359 0.4641 
        H055  5 0.5920 0.4080 
        H057  5 0.4473 0.5527 
        H060  5 0.5769 0.4231 
        H061  5 0.4596 0.5404 
        H064  5 0.5771 0.4229 
        H070  5 0.6216 0.3784 
        H077  5 0.5991 0.4009 
        H078  5 0.5313 0.4687 
        H079  5 0.4797 0.5203 
        H097  5 0.4294 0.5706 
        H107  5 0.7529 0.2471 
        H122  5 0.4376 0.5624 
        H123  5 0.3545 0.6455 
        H124  5 0.4234 0.5766 
        H131  5 0.4330 0.5670 
        H132  5 0.5692 0.4308 
        H141  5 0.5726 0.4274 
        H142  5 0.4024 0.5976 
        H157  5 0.6526 0.3474 
        H158  5 0.3197 0.6803 
        H159  5 0.3547 0.6453 
        H160  5 0.4789 0.5211 
        H163  5 0.4161 0.5839 
        H164  5 0.4627 0.5373 
        H165  5 0.4634 0.5366 
        H166  5 0.4406 0.5594 
        H169  5 0.5232 0.4768 
     H169613  5 0.4981 0.5019 
     H169653  5 0.4289 0.5711 
     H169728  5 0.4121 0.5879 
     H169742  5 0.6495 0.3505 
        H170  5 0.3838 0.6162 
        H171  5 0.3800 0.6200 
     H171851  5 0.4598 0.5402 
     H171852  5 0.5438 0.4562 
     H171853  5 0.5603 0.4397 
     H171854  5 0.4181 0.5819 
     H171938  5 0.6191 0.3809 
     H171939  5 0.3963 0.6037 
     H171941  5 0.6876 0.3124 
     H171965  5 0.4189 0.5811 
     H171970  5 0.6845 0.3155 
     H171973  5 0.5137 0.4863 
     H171974  5 0.5492 0.4508 
     H171975  5 0.5743 0.4257 
     H171976  5 0.3667 0.6333 
        H175  5 0.6588 0.3412 
        H178  5 0.5635 0.4365 
        H189  5 0.3451 0.6549 
        H399  5 0.3500 0.6500 
        H416  5 0.5574 0.4426 
        H438  5 0.5543 0.4457 
        H450  5 0.6423 0.3577 
        H455  5 0.7112 0.2888 
        H456  5 0.5708 0.4292 
        H457  5 0.5390 0.4610 
        H458  5 0.5985 0.4015 
        H459  5 0.3723 0.6277 
        H460  5 0.5220 0.4780 
        H461  5 0.3861 0.6139 
        H462  5 0.4638 0.5362 
        H469  5 0.3821 0.6179 
        H470  5 0.5178 0.4822 
        H471  5 0.3052 0.6948 
        H481  5 0.6916 0.3084 
        H482  5 0.5460 0.4540 
        H501  5 0.5316 0.4684 
        H502  5 0.3573 0.6427 
        H503  5 0.4373 0.5627 
        H509  5 0.5793 0.4207 
        H510  5 0.5081 0.4919 
        H511  5 0.4123 0.5877 
        H530  5 0.6129 0.3871 
        H531  5 0.5715 0.4285 
        H564  5 0.5591 0.4409 
        H565  5 0.6424 0.3576 
        H567  5 0.3169 0.6831 
     H568???  5 0.3660 0.6340 
        H608  5 0.6466 0.3534 
        H609  5 0.5673 0.4327 
        H612  5 0.7248 0.2752 
        H614  5 0.6127 0.3873 
        H615  5 0.5516 0.4484 
        H616  5 0.7675 0.2325 
        H617  5 0.4253 0.5747 
        H618  5 0.6314 0.3686 
        H619  5 0.5704 0.4296 
        H635  5 0.4672 0.5328 
        H636  5 0.5865 0.4135 
        H637  5 0.6022 0.3978 
        H644  5 0.2399 0.7601 
        H711  5 0.3893 0.6107 
        H712  5 0.6796 0.3204 
       H7360  5 0.4593 0.5407 
       H7361  5 0.5969 0.4031 
       H7362  5 0.2868 0.7132 
       H7363  5 0.5078 0.4922 
       H7394  5 0.3696 0.6304 
       H7395  5 0.5760 0.4240 
       H7396  5 0.5036 0.4964 
        H742  5 0.6481 0.3519 
        H743  5 0.5605 0.4395 
        H744  5 0.6886 0.3114 
        H957  5 0.4211 0.5789 
        H958  5 0.4389 0.5611 
        H959  5 0.6899 0.3101 
        H960  5 0.5353 0.4647 
      H_PALI  6 0.4539 0.5461 
        H581  6 0.5148 0.4852 
        H582  6 0.6069 0.3931 
        H583  6 0.5196 0.4804 
        H595  6 0.2954 0.7046 
        H596  6 0.3473 0.6527 
        H597  6 0.3725 0.6275 
        H598  6 0.5683 0.4317 
        H599  6 0.6187 0.3813 
        H642  6 0.3273 0.6727 
        H643  6 0.5339 0.4661 
        H664  6 0.5011 0.4989 
        H665  6 0.5876 0.4124 
        H674  6 0.2660 0.7340 
        H675  6 0.5008 0.4992 
        H676  6 0.3489 0.6511 
        H686  6 0.4450 0.5550 
        H687  6 0.4743 0.5257 
        H917  6 0.4153 0.5847 
        H918  6 0.5696 0.4304 
        H919  6 0.7119 0.2881 
        H920  6 0.5553 0.4447 
        H631  7 0.5912 0.4088 
        H684  7 0.3413 0.6587 
        H685  7 0.5453 0.4547 
        H713  7 0.6582 0.3418 
        H715  7 0.3923 0.6077 
        H716  7 0.6234 0.3766 
        H717  7 0.5350 0.4650 
        H729  7 0.4230 0.5770 
        H730  7 0.6256 0.3744 
        H431  8 0.5704 0.4296 
        H432  8 0.3490 0.6510 
        H433  8 0.4863 0.5137 
        H434  8 0.4935 0.5065 
        H444  8 0.5067 0.4933 
        H454  8 0.6674 0.3326 
        H475  8 0.6352 0.3648 
        H491  8 0.6039 0.3961 
        H492  8 0.6057 0.3943 
        H493  8 0.4106 0.5894 
        H494  8 0.5100 0.4900 
        H495  8 0.5553 0.4447 
        H662  8 0.4213 0.5787 
        H663  8 0.5487 0.4513 
        H695  8 0.6013 0.3987 
       H7367  8 0.3647 0.6353 
       H7368  8 0.4161 0.5839 
       H7369  8 0.5680 0.4320 
       H7370  8 0.2910 0.7090 
       H7371  8 0.4859 0.5141 
        H600  9 0.6314 0.3686 
        H648  9 0.4581 0.5419 
        H696  9 0.2547 0.7453 
        H697  9 0.4963 0.5037 
        H698  9 0.4150 0.5850 
        H699  9 0.4622 0.5378 
        H700  9 0.6802 0.3198 
        H732  9 0.5916 0.4084 
        H733  9 0.4040 0.5960 
        H734  9 0.3238 0.6762 
        H735  9 0.3995 0.6005 
        H736  9 0.5198 0.4802 
        H737  9 0.5824 0.4176 
        H905  9 0.6579 0.3421 
        H921  9 0.6149 0.3851 
        H922  9 0.3488 0.6512 
     H169705 10 0.4282 0.5718 
     H171942 10 0.3495 0.6505 
     H171943 10 0.4473 0.5527 
     H171944 10 0.5003 0.4997 
     H171946 10 0.4979 0.5021 
     H171947 10 0.4375 0.5625 
     H229641 10 0.4634 0.5366 
      H30001 10 0.5474 0.4526 
      H30002 10 0.5462 0.4538 
      H30005 10 0.4730 0.5270 
      H30006 10 0.3612 0.6388 
      H30007 10 0.3044 0.6956 
        H451 10 0.3969 0.6031 
        H452 10 0.4009 0.5991 
        H453 10 0.6028 0.3972 
        H473 10 0.5533 0.4467 
        H474 10 0.6088 0.3912 
        H486 10 0.5580 0.4420 
        H487 10 0.5941 0.4059 
        H488 10 0.6242 0.3758 
        H489 10 0.6268 0.3732 
        H550 10 0.3444 0.6556 
        H551 10 0.5743 0.4257 
        H553 10 0.5807 0.4193 
        H554 10 0.4434 0.5566 
        H556 10 0.4987 0.5013 
        H580 10 0.4670 0.5330 
        H591 10 0.7004 0.2996 
        H592 10 0.5406 0.4594 
        H593 10 0.4663 0.5337 
        H594 10 0.3024 0.6976 
        H627 10 0.4518 0.5482 
        H628 10 0.4622 0.5378 
        H629 10 0.4205 0.5795 
        H630 10 0.4452 0.5548 
        H638 10 0.4000 0.6000 
        H639 10 0.5490 0.4510 
        H640 10 0.3807 0.6193 
        H704 10 0.4015 0.5985 
        H705 10 0.4356 0.5644 
        H706 10 0.6989 0.3011 
        H708 10 0.6489 0.3511 
       H7351 10 0.4486 0.5514 
       H7352 10 0.4868 0.5132 
       H7353 10 0.3514 0.6486 
       H7354 10 0.6294 0.3706 
       H7365 10 0.6712 0.3288 
       H7383 10 0.6386 0.3614 
       H7384 10 0.6129 0.3871 
       H7385 10 0.6495 0.3505 
       H7386 10 0.5206 0.4794 
       H7387 10 0.4839 0.5161 
       H7388 10 0.4771 0.5229 
        H906 10 0.5745 0.4255 
        H907 10 0.3264 0.6736 
        H908 10 0.5171 0.4829 
        H909 10 0.6155 0.3845 
       H9552 10 0.4785 0.5215 
       H9553 10 0.5448 0.4552 
       H9555 10 0.4802 0.5198 
       H9575 10 0.5705 0.4295 
       H9703 10 0.6614 0.3386 
       H9707 10 0.5867 0.4133 
       HSAA4 10 0.4732 0.5268 
        H001 11 0.6078 0.3922 
        H004 11 0.4919 0.5081 
        H005 11 0.6962 0.3038 
        H006 11 0.5588 0.4412 
        H007 11 0.7135 0.2865 
        H031 11 0.7066 0.2934 
        H074 11 0.5541 0.4459 
        H075 11 0.7099 0.2901 
        H080 11 0.6115 0.3885 
        H086 11 0.5344 0.4656 
        H092 11 0.5709 0.4291 
        H093 11 0.3507 0.6493 
        H094 11 0.3759 0.6241 
        H095 11 0.6247 0.3753 
        H096 11 0.6387 0.3613 
        H099 11 0.5819 0.4181 
        H100 11 0.4221 0.5779 
        H127 11 0.5696 0.4304 
        H136 11 0.6552 0.3448 
        H153 11 0.4313 0.5687 
        H154 11 0.5983 0.4017 
        H155 11 0.4385 0.5615 
        H156 11 0.3664 0.6336 
        H161 11 0.4505 0.5495 
        H162 11 0.3536 0.6464 
        H167 11 0.5029 0.4971 
        H168 11 0.4965 0.5035 
     H169586 11 0.4670 0.5330 
     H169738 11 0.5093 0.4907 
     H169741 11 0.5682 0.4318 
     H171801 11 0.3632 0.6368 
     H171810 11 0.5607 0.4393 
     H171811 11 0.5810 0.4190 
     H171812 11 0.6483 0.3517 
     H171820 11 0.6313 0.3687 
     H171821 11 0.4544 0.5456 
     H171822 11 0.4926 0.5074 
     H171823 11 0.5321 0.4679 
     H171866 11 0.4251 0.5749 
     H171867 11 0.5051 0.4949 
     H171967 11 0.6725 0.3275 
     H171969 11 0.5412 0.4588 
        H172 11 0.5235 0.4765 
        H173 11 0.5549 0.4451 
        H174 11 0.3118 0.6882 
        H196 11 0.4381 0.5619 
        H197 11 0.4778 0.5222 
        H346 11 0.6184 0.3816 
        H355 11 0.5966 0.4034 
        H356 11 0.5673 0.4327 
        H357 11 0.6041 0.3959 
        H358 11 0.6339 0.3661 
        H359 11 0.4784 0.5216 
        H360 11 0.5332 0.4668 
        H361 11 0.4899 0.5101 
        H362 11 0.3302 0.6698 
        H363 11 0.6570 0.3430 
        H364 11 0.5325 0.4675 
        H365 11 0.4980 0.5020 
        H366 11 0.4816 0.5184 
        H367 11 0.5777 0.4223 
        H368 11 0.3550 0.6450 
        H369 11 0.6977 0.3023 
        H370 11 0.4230 0.5770 
        H371 11 0.4457 0.5543 
        H372 11 0.5280 0.4720 
        H373 11 0.5310 0.4690 
        H374 11 0.6459 0.3541 
        H375 11 0.6132 0.3868 
        H376 11 0.4170 0.5830 
        H377 11 0.5688 0.4312 
        H378 11 0.5403 0.4597 
        H379 11 0.4623 0.5377 
        H380 11 0.4655 0.5345 
        H381 11 0.5420 0.4580 
        H382 11 0.3066 0.6934 
        H383 11 0.4233 0.5767 
        H384 11 0.5965 0.4035 
        H385 11 0.5401 0.4599 
        H386 11 0.5911 0.4089 
        H387 11 0.4206 0.5794 
        H388 11 0.4088 0.5912 
        H389 11 0.6244 0.3756 
        H390 11 0.4713 0.5287 
        H391 11 0.3962 0.6038 
        H392 11 0.7126 0.2874 
        H393 11 0.3858 0.6142 
        H394 11 0.3283 0.6717 
        H395 11 0.6419 0.3581 
        H408 11 0.6143 0.3857 
        H412 11 0.5036 0.4964 
        H417 11 0.5770 0.4230 
        H418 11 0.4406 0.5594 
        H429 11 0.5563 0.4437 
        H430 11 0.4400 0.5600 
        H439 11 0.5827 0.4173 
        H440 11 0.6811 0.3189 
        H441 11 0.4060 0.5940 
        H442 11 0.4473 0.5527 
        H446 11 0.4889 0.5111 
        H447 11 0.4995 0.5005 
        H448 11 0.5631 0.4369 
        H534 11 0.6413 0.3587 
        H537 11 0.6027 0.3973 
        H568 11 0.6664 0.3336 
        H569 11 0.3373 0.6627 
        H586 11 0.4447 0.5553 
        H587 11 0.6988 0.3012 
        H588 11 0.3545 0.6455 
        H589 11 0.6831 0.3169 
        H590 11 0.5937 0.4063 
        H601 11 0.3664 0.6336 
        H602 11 0.5734 0.4266 
        H603 11 0.4733 0.5267 
        H610 11 0.5603 0.4397 
        H611 11 0.5195 0.4805 
        H649 11 0.5097 0.4903 
        H650 11 0.3384 0.6616 
        H651 11 0.5732 0.4268 
        H652 11 0.4680 0.5320 
       H7364 11 0.4993 0.5007 
       H7366 11 0.5786 0.4214 
       H7378 11 0.2103 0.7897 
       H7379 11 0.4781 0.5219 
        H739 11 0.5817 0.4183 
        H740 11 0.3732 0.6268 
        H741 11 0.5859 0.4141 
        H926 11 0.3972 0.6028 
        H927 11 0.4610 0.5390 
        H928 11 0.4286 0.5714 
       H9560 11 0.4654 0.5346 
        H409 12 0.4471 0.5529 
        H413 12 0.3046 0.6954 
        H419 12 0.5168 0.4832 
        H420 12 0.5590 0.4410 
        H421 12 0.3508 0.6492 
        H435 12 0.4179 0.5821 
        H436 12 0.6215 0.3785 
        H437 12 0.5913 0.4087 
        H445 12 0.5284 0.4716 
        H449 12 0.4239 0.5761 
        H463 12 0.5786 0.4214 
        H464 12 0.3271 0.6729 
        H465 12 0.3521 0.6479 
        H490 12 0.3188 0.6812 
        H561 12 0.4415 0.5585 
        H562 12 0.6127 0.3873 
        H563 12 0.5929 0.4071 
        H570 12 0.6596 0.3404 
        H571 12 0.4321 0.5679 
        H572 12 0.5327 0.4673 
        H573 12 0.4610 0.5390 
       H7372 12 0.3920 0.6080 
       H7373 12 0.3347 0.6653 
       H7374 12 0.6201 0.3799 
       H7375 12 0.6008 0.3992 
       H7376 12 0.5149 0.4851 
       H7377 12 0.5597 0.4403 
