        H102  1 0.6258 0.3742 
        H103  1 0.2773 0.7227 
        H104  1 0.6855 0.3145 
        H105  1 0.5525 0.4475 
        H106  1 0.4843 0.5157 
        H112  1 0.6420 0.3580 
        H113  1 0.5652 0.4348 
        H114  1 0.4873 0.5127 
        H115  1 0.6898 0.3102 
        H143  1 0.5846 0.4154 
        H144  1 0.3688 0.6312 
        H145  1 0.3646 0.6354 
        H149  1 0.6320 0.3680 
        H150  1 0.5062 0.4938 
     H167542  1 0.5886 0.4114 
     H169604  1 0.5110 0.4890 
     H169607  1 0.4048 0.5952 
     H169608  1 0.6513 0.3487 
     H169633  1 0.4408 0.5592 
     H169688  1 0.3255 0.6745 
     H169714  1 0.5855 0.4145 
     H171802  1 0.5500 0.4500 
     H171805  1 0.4053 0.5947 
     H171807  1 0.5148 0.4852 
     H171814  1 0.3481 0.6519 
     H171816  1 0.5455 0.4545 
     H171817  1 0.6004 0.3996 
     H171818  1 0.4807 0.5193 
     H171819  1 0.5193 0.4807 
     H171834  1 0.5314 0.4686 
     H171835  1 0.6761 0.3239 
     H171836  1 0.2912 0.7088 
     H171837  1 0.6635 0.3365 
     H171838  1 0.3422 0.6578 
     H171839  1 0.6241 0.3759 
     H171841  1 0.5723 0.4277 
     H171860  1 0.5730 0.4270 
     H171861  1 0.3520 0.6480 
     H171862  1 0.5163 0.4837 
     H171868  1 0.6001 0.3999 
     H171869  1 0.3921 0.6079 
     H171870  1 0.4477 0.5523 
     H171871  1 0.3590 0.6410 
     H171872  1 0.6253 0.3747 
     H171873  1 0.4599 0.5401 
     H171874  1 0.4125 0.5875 
     H171875  1 0.3687 0.6313 
     H171876  1 0.4662 0.5338 
     H171877  1 0.6415 0.3585 
     H171878  1 0.4677 0.5323 
     H171901  1 0.5266 0.4734 
     H171902  1 0.4573 0.5427 
     H171903  1 0.5223 0.4777 
     H171935  1 0.4581 0.5419 
     H171936  1 0.5022 0.4978 
     H171940  1 0.6016 0.3984 
     H171945  1 0.4677 0.5323 
     H171948  1 0.5753 0.4247 
     H171949  1 0.6321 0.3679 
     H171950  1 0.6635 0.3365 
     H171963  1 0.3521 0.6479 
     H171964  1 0.3938 0.6062 
     H171966  1 0.4721 0.5279 
     H171968  1 0.5485 0.4515 
     H171971  1 0.3989 0.6011 
     H171972  1 0.3453 0.6547 
     H171977  1 0.3910 0.6090 
     H171978  1 0.5301 0.4699 
     H171979  1 0.3152 0.6848 
        H176  1 0.5580 0.4420 
        H177  1 0.6580 0.3420 
        H179  1 0.6827 0.3173 
        H181  1 0.3810 0.6190 
        H182  1 0.3459 0.6541 
        H183  1 0.3308 0.6692 
        H184  1 0.5639 0.4361 
        H185  1 0.4070 0.5930 
        H186  1 0.5256 0.4744 
        H187  1 0.4222 0.5778 
        H188  1 0.6817 0.3183 
        H192  1 0.5875 0.4125 
        H193  1 0.3783 0.6217 
        H194  1 0.5778 0.4222 
        H195  1 0.3091 0.6909 
        H199  1 0.3621 0.6379 
        H200  1 0.5439 0.4561 
        H414  1 0.3979 0.6021 
        H415  1 0.4470 0.5530 
        H422  1 0.5101 0.4899 
        H423  1 0.6639 0.3361 
        H424  1 0.3474 0.6526 
        H425  1 0.3684 0.6316 
        H426  1 0.3357 0.6643 
        H443  1 0.4529 0.5471 
        H466  1 0.5388 0.4612 
        H467  1 0.6293 0.3707 
        H472  1 0.5054 0.4946 
        H483  1 0.4431 0.5569 
        H504  1 0.3382 0.6618 
        H505  1 0.5909 0.4091 
        H506  1 0.4778 0.5222 
        H507  1 0.3351 0.6649 
        H508  1 0.4820 0.5180 
        H524  1 0.3852 0.6148 
        H525  1 0.4941 0.5059 
        H526  1 0.5568 0.4432 
        H527  1 0.5526 0.4474 
        H528  1 0.3905 0.6095 
        H529  1 0.3809 0.6191 
        H533  1 0.3147 0.6853 
        H538  1 0.5730 0.4270 
        H539  1 0.3595 0.6405 
        H540  1 0.5156 0.4844 
        H541  1 0.5652 0.4348 
        H558  1 0.3199 0.6801 
        H559  1 0.5493 0.4507 
        H579  1 0.4311 0.5689 
        H584  1 0.3916 0.6084 
        H585  1 0.4213 0.5787 
        H605  1 0.5397 0.4603 
        H606  1 0.6948 0.3052 
        H632  1 0.4202 0.5798 
        H634  1 0.4398 0.5602 
        H671  1 0.6397 0.3603 
        H672  1 0.4640 0.5360 
        H673  1 0.4576 0.5424 
        H689  1 0.4649 0.5351 
        H690  1 0.6794 0.3206 
        H691  1 0.5897 0.4103 
        H692  1 0.2641 0.7359 
        H709  1 0.4836 0.5164 
        H710  1 0.3220 0.6780 
       H7355  1 0.5162 0.4838 
       H7356  1 0.4414 0.5586 
       H7357  1 0.6095 0.3905 
       H7358  1 0.4221 0.5779 
       H7380  1 0.5024 0.4976 
       H7381  1 0.5436 0.4564 
       H7382  1 0.4557 0.5443 
        H904  1 0.7632 0.2368 
        H923  1 0.5063 0.4937 
        H924  1 0.5606 0.4394 
        H925  1 0.5376 0.4624 
       H9558  1 0.2962 0.7038 
        H008  2 0.3945 0.6055 
        H021  2 0.6182 0.3818 
        H023  2 0.6553 0.3447 
        H024  2 0.2940 0.7060 
        H025  2 0.5128 0.4872 
        H026  2 0.3524 0.6476 
        H027  2 0.5278 0.4722 
        H028  2 0.4100 0.5900 
        H029  2 0.3905 0.6095 
        H030  2 0.3181 0.6819 
        H038  2 0.5766 0.4234 
        H039  2 0.7628 0.2372 
        H040  2 0.5451 0.4549 
        H041  2 0.5220 0.4780 
        H042  2 0.5535 0.4465 
        H043  2 0.5188 0.4812 
        H044  2 0.3134 0.6866 
        H047  2 0.5173 0.4827 
        H050  2 0.3651 0.6349 
        H058  2 0.4998 0.5002 
        H062  2 0.6605 0.3395 
        H063  2 0.6136 0.3864 
        H065  2 0.4857 0.5143 
        H066  2 0.3992 0.6008 
        H067  2 0.5329 0.4671 
        H068  2 0.5732 0.4268 
        H069  2 0.3952 0.6048 
        H071  2 0.6358 0.3642 
        H072  2 0.6634 0.3366 
        H073  2 0.4707 0.5293 
        H081  2 0.6443 0.3557 
        H082  2 0.3136 0.6864 
        H083  2 0.3341 0.6659 
        H084  2 0.4935 0.5065 
        H085  2 0.5814 0.4186 
        H087  2 0.6335 0.3665 
        H088  2 0.6316 0.3684 
        H089  2 0.5234 0.4766 
        H090  2 0.3542 0.6458 
        H091  2 0.4068 0.5932 
        H098  2 0.4179 0.5821 
      H10001  2 0.7400 0.2600 
      H10002  2 0.6590 0.3410 
        H101  2 0.3219 0.6781 
        H108  2 0.7004 0.2996 
        H109  2 0.4957 0.5043 
        H110  2 0.5059 0.4941 
        H116  2 0.3815 0.6185 
        H117  2 0.4892 0.5108 
        H118  2 0.3649 0.6351 
        H119  2 0.6367 0.3633 
        H120  2 0.7432 0.2568 
        H121  2 0.3979 0.6021 
        H125  2 0.7560 0.2440 
        H126  2 0.3892 0.6108 
        H128  2 0.2028 0.7972 
        H129  2 0.3123 0.6877 
        H130  2 0.4860 0.5140 
        H133  2 0.6289 0.3711 
        H134  2 0.2741 0.7259 
        H135  2 0.5670 0.4330 
        H137  2 0.4586 0.5414 
        H138  2 0.3608 0.6392 
        H140  2 0.4765 0.5235 
        H146  2 0.4081 0.5919 
        H147  2 0.4767 0.5233 
        H148  2 0.5860 0.4140 
     H166022  2 0.3772 0.6228 
     H167359  2 0.4568 0.5432 
     H167397  2 0.2440 0.7560 
     H167428  2 0.3619 0.6381 
     H167496  2 0.7022 0.2978 
     H167513  2 0.3780 0.6220 
     H167545  2 0.3383 0.6617 
     H167547  2 0.2478 0.7522 
     H169621  2 0.3853 0.6147 
     H169622  2 0.4022 0.5978 
     H169750  2 0.4718 0.5282 
     H171806  2 0.5460 0.4540 
     H171808  2 0.5086 0.4914 
     H171809  2 0.5957 0.4043 
     H171813  2 0.4751 0.5249 
     H171815  2 0.6043 0.3957 
     H171824  2 0.7105 0.2895 
     H171825  2 0.4866 0.5134 
     H171826  2 0.6120 0.3880 
     H171827  2 0.5508 0.4492 
     H171828  2 0.7749 0.2251 
     H171829  2 0.4264 0.5736 
     H171830  2 0.4437 0.5563 
     H171831  2 0.3207 0.6793 
     H171832  2 0.4357 0.5643 
     H171863  2 0.2599 0.7401 
     H171864  2 0.5338 0.4662 
     H171865  2 0.5745 0.4255 
     H171879  2 0.4379 0.5621 
     H171880  2 0.3953 0.6047 
     H171881  2 0.4879 0.5121 
     H171882  2 0.7033 0.2967 
     H171929  2 0.4779 0.5221 
     H171930  2 0.2983 0.7017 
     H171933  2 0.4391 0.5609 
     H171934  2 0.5960 0.4040 
     H171937  2 0.3633 0.6367 
     H171962  2 0.4992 0.5008 
        H190  2 0.4257 0.5743 
        H191  2 0.4766 0.5234 
        H396  2 0.6085 0.3915 
        H397  2 0.4292 0.5708 
        H398  2 0.5614 0.4386 
        H400  2 0.5761 0.4239 
        H401  2 0.2624 0.7376 
        H402  2 0.3833 0.6167 
        H427  2 0.5531 0.4469 
        H428  2 0.3629 0.6371 
        H497  2 0.4776 0.5224 
        H512  2 0.4675 0.5325 
        H513  2 0.3816 0.6184 
        H514  2 0.3716 0.6284 
        H519  2 0.4003 0.5997 
        H532  2 0.5260 0.4740 
        H543  2 0.3981 0.6019 
        H544  2 0.3795 0.6205 
        H545  2 0.3128 0.6872 
        H546  2 0.5453 0.4547 
        H547  2 0.2448 0.7552 
        H548  2 0.4999 0.5001 
        H549  2 0.3367 0.6633 
        H620  2 0.7310 0.2690 
        H623  2 0.3416 0.6584 
        H624  2 0.4578 0.5422 
        H625  2 0.4969 0.5031 
        H626  2 0.4955 0.5045 
        H654  2 0.6914 0.3086 
        H655  2 0.5650 0.4350 
        H656  2 0.7243 0.2757 
        H666  2 0.6318 0.3682 
        H667  2 0.5214 0.4786 
        H677  2 0.5183 0.4817 
        H693  2 0.7237 0.2763 
        H694  2 0.3478 0.6522 
        H701  2 0.3918 0.6082 
        H702  2 0.5435 0.4565 
        H731  2 0.6176 0.3824 
       H7359  2 0.4599 0.5401 
       H7389  2 0.4934 0.5066 
       H7390  2 0.6538 0.3462 
       H7391  2 0.6347 0.3653 
       H7392  2 0.5177 0.4823 
       H7393  2 0.5444 0.4556 
       H7398  2 0.5748 0.4252 
       H7399  2 0.4394 0.5606 
       H7400  2 0.7092 0.2908 
        H745  2 0.3377 0.6623 
        H746  2 0.4278 0.5722 
        H747  2 0.5838 0.4162 
        H748  2 0.4648 0.5352 
       H7484  2 0.6764 0.3236 
       H7485  2 0.3822 0.6178 
        H749  2 0.3982 0.6018 
        H930  2 0.3220 0.6780 
        H931  2 0.5303 0.4697 
        H932  2 0.5496 0.4504 
        H111  3 0.3330 0.6670 
        H951  3 0.3692 0.6308 
        H952  3 0.4416 0.5584 
        H953  3 0.5378 0.4622 
        H954  3 0.6148 0.3852 
        H955  3 0.3294 0.6706 
        H956  3 0.5526 0.4474 
       H9563  3 0.5883 0.4117 
        H002  4 0.5631 0.4369 
        H003  4 0.4735 0.5265 
        H009  4 0.3633 0.6367 
        H010  4 0.5287 0.4713 
        H011  4 0.7132 0.2868 
        H012  4 0.4604 0.5396 
        H013  4 0.6051 0.3949 
        H014  4 0.4741 0.5259 
        H045  4 0.6267 0.3733 
        H046  4 0.4407 0.5593 
        H051  4 0.6545 0.3455 
        H052  4 0.4834 0.5166 
        H053  4 0.5568 0.4432 
        H056  4 0.5487 0.4513 
        H076  4 0.4136 0.5864 
        H151  4 0.6699 0.3301 
        H152  4 0.5625 0.4375 
     H171803  4 0.6177 0.3823 
     H171804  4 0.5883 0.4117 
     H171833  4 0.3168 0.6832 
     H171855  4 0.6125 0.3875 
     H171856  4 0.5069 0.4931 
     H171857  4 0.5860 0.4140 
     H171858  4 0.5068 0.4932 
     H171859  4 0.5335 0.4665 
     H171961  4 0.6289 0.3711 
        H198  4 0.3567 0.6433 
      H20001  4 0.3392 0.6608 
        H403  4 0.4693 0.5307 
        H404  4 0.4841 0.5159 
        H405  4 0.4314 0.5686 
        H406  4 0.3198 0.6802 
        H407  4 0.6080 0.3920 
        H410  4 0.3900 0.6100 
        H411  4 0.3510 0.6490 
        H468  4 0.3620 0.6380 
        H476  4 0.4185 0.5815 
        H477  4 0.3361 0.6639 
        H478  4 0.4222 0.5778 
        H479  4 0.6000 0.4000 
        H480  4 0.3099 0.6901 
        H498  4 0.4620 0.5380 
        H499  4 0.5176 0.4824 
        H500  4 0.6722 0.3278 
        H515  4 0.5494 0.4506 
        H516  4 0.4591 0.5409 
        H517  4 0.4830 0.5170 
        H518  4 0.4776 0.5224 
        H520  4 0.5478 0.4522 
        H521  4 0.5261 0.4739 
        H522  4 0.4985 0.5015 
        H523  4 0.4845 0.5155 
        H536  4 0.5300 0.4700 
        H645  4 0.7010 0.2990 
        H646  4 0.3625 0.6375 
        H647  4 0.4259 0.5741 
        H657  4 0.3994 0.6006 
        H658  4 0.5241 0.4759 
        H659  4 0.6864 0.3136 
        H660  4 0.4978 0.5022 
        H661  4 0.5680 0.4320 
        H668  4 0.4870 0.5130 
        H669  4 0.5726 0.4274 
        H670  4 0.6833 0.3167 
        H678  4 0.4822 0.5178 
        H679  4 0.3695 0.6305 
        H680  4 0.4838 0.5162 
        H681  4 0.5774 0.4226 
        H682  4 0.4507 0.5493 
        H683  4 0.4743 0.5257 
        H718  4 0.6335 0.3665 
        H719  4 0.5778 0.4222 
        H720  4 0.5054 0.4946 
        H721  4 0.5214 0.4786 
        H722  4 0.4485 0.5515 
        H723  4 0.6577 0.3423 
        H724  4 0.6832 0.3168 
        H725  4 0.6125 0.3875 
        H726  4 0.6108 0.3892 
        H727  4 0.6746 0.3254 
        H910  4 0.6277 0.3723 
        H911  4 0.3956 0.6044 
        H912  4 0.4640 0.5360 
        H913  4 0.5502 0.4498 
        H914  4 0.7225 0.2775 
        H915  4 0.4575 0.5425 
        H916  4 0.4081 0.5919 
       H9572  4 0.5070 0.4930 
        H015  5 0.3366 0.6634 
        H016  5 0.3574 0.6426 
        H017  5 0.4199 0.5801 
        H019  5 0.4007 0.5993 
        H020  5 0.5296 0.4704 
        H032  5 0.4914 0.5086 
        H033  5 0.4770 0.5230 
        H034  5 0.6922 0.3078 
        H035  5 0.4745 0.5255 
        H036  5 0.4373 0.5627 
        H037  5 0.6201 0.3799 
        H048  5 0.6820 0.3180 
        H049  5 0.4137 0.5863 
        H054  5 0.5653 0.4347 
        H055  5 0.6178 0.3822 
        H057  5 0.4310 0.5690 
        H060  5 0.5777 0.4223 
        H061  5 0.4946 0.5054 
        H064  5 0.5692 0.4308 
        H070  5 0.6224 0.3776 
        H077  5 0.5982 0.4018 
        H078  5 0.5335 0.4665 
        H079  5 0.4650 0.5350 
        H097  5 0.3989 0.6011 
        H107  5 0.7564 0.2436 
        H122  5 0.4462 0.5538 
        H123  5 0.3544 0.6456 
        H124  5 0.4317 0.5683 
        H131  5 0.4354 0.5646 
        H132  5 0.5668 0.4332 
        H141  5 0.5782 0.4218 
        H142  5 0.3750 0.6250 
        H157  5 0.6597 0.3403 
        H158  5 0.3240 0.6760 
        H159  5 0.3575 0.6425 
        H160  5 0.4653 0.5347 
        H163  5 0.4272 0.5728 
        H164  5 0.4281 0.5719 
        H165  5 0.4537 0.5463 
        H166  5 0.4279 0.5721 
        H169  5 0.5200 0.4800 
     H169613  5 0.4847 0.5153 
     H169653  5 0.4210 0.5790 
     H169728  5 0.4148 0.5852 
     H169742  5 0.6344 0.3656 
        H170  5 0.3931 0.6069 
        H171  5 0.3701 0.6299 
     H171851  5 0.4558 0.5442 
     H171852  5 0.5292 0.4708 
     H171853  5 0.5945 0.4055 
     H171854  5 0.4171 0.5829 
     H171938  5 0.6063 0.3937 
     H171939  5 0.3812 0.6188 
     H171941  5 0.7000 0.3000 
     H171965  5 0.4136 0.5864 
     H171970  5 0.6875 0.3125 
     H171973  5 0.5255 0.4745 
     H171974  5 0.5801 0.4199 
     H171975  5 0.6109 0.3891 
     H171976  5 0.3655 0.6345 
        H175  5 0.6735 0.3265 
        H178  5 0.5661 0.4339 
        H189  5 0.3154 0.6846 
        H399  5 0.3771 0.6229 
        H416  5 0.5703 0.4297 
        H438  5 0.5642 0.4358 
        H450  5 0.6398 0.3602 
        H455  5 0.7379 0.2621 
        H456  5 0.5907 0.4093 
        H457  5 0.5401 0.4599 
        H458  5 0.6193 0.3807 
        H459  5 0.3668 0.6332 
        H460  5 0.4924 0.5076 
        H461  5 0.3918 0.6082 
        H462  5 0.4920 0.5080 
        H469  5 0.3845 0.6155 
        H470  5 0.5258 0.4742 
        H471  5 0.2851 0.7149 
        H481  5 0.6885 0.3115 
        H482  5 0.5488 0.4512 
        H501  5 0.5155 0.4845 
        H502  5 0.3346 0.6654 
        H503  5 0.4293 0.5707 
        H509  5 0.6292 0.3708 
        H510  5 0.5110 0.4890 
        H511  5 0.4087 0.5913 
        H530  5 0.6300 0.3700 
        H531  5 0.5751 0.4249 
        H564  5 0.5438 0.4562 
        H565  5 0.6393 0.3607 
        H567  5 0.3115 0.6885 
     H568???  5 0.3739 0.6261 
        H608  5 0.6552 0.3448 
        H609  5 0.5838 0.4162 
        H612  5 0.7335 0.2665 
        H614  5 0.6051 0.3949 
        H615  5 0.5387 0.4613 
        H616  5 0.7820 0.2180 
        H617  5 0.4105 0.5895 
        H618  5 0.6615 0.3385 
        H619  5 0.5383 0.4617 
        H635  5 0.4818 0.5182 
        H636  5 0.5840 0.4160 
        H637  5 0.5755 0.4245 
        H644  5 0.2145 0.7855 
        H711  5 0.3756 0.6244 
        H712  5 0.6815 0.3185 
       H7360  5 0.4345 0.5655 
       H7361  5 0.6043 0.3957 
       H7362  5 0.2669 0.7331 
       H7363  5 0.5353 0.4647 
       H7394  5 0.3756 0.6244 
       H7395  5 0.5836 0.4164 
       H7396  5 0.4842 0.5158 
        H742  5 0.6505 0.3495 
        H743  5 0.5327 0.4673 
        H744  5 0.6920 0.3080 
        H957  5 0.4317 0.5683 
        H958  5 0.4178 0.5822 
        H959  5 0.6885 0.3115 
        H960  5 0.5520 0.4480 
      H_PALI  6 0.4421 0.5579 
        H581  6 0.5214 0.4786 
        H582  6 0.6262 0.3738 
        H583  6 0.5215 0.4785 
        H595  6 0.2935 0.7065 
        H596  6 0.3385 0.6615 
        H597  6 0.3939 0.6061 
        H598  6 0.5661 0.4339 
        H599  6 0.6258 0.3742 
        H642  6 0.3283 0.6717 
        H643  6 0.5295 0.4705 
        H664  6 0.5238 0.4762 
        H665  6 0.5968 0.4032 
        H674  6 0.2775 0.7225 
        H675  6 0.5081 0.4919 
        H676  6 0.3512 0.6488 
        H686  6 0.4388 0.5612 
        H687  6 0.4568 0.5432 
        H917  6 0.4050 0.5950 
        H918  6 0.5423 0.4577 
        H919  6 0.7268 0.2732 
        H920  6 0.5344 0.4656 
        H631  7 0.6067 0.3933 
        H684  7 0.3447 0.6553 
        H685  7 0.5656 0.4344 
        H713  7 0.6533 0.3467 
        H715  7 0.4159 0.5841 
        H716  7 0.6272 0.3728 
        H717  7 0.5616 0.4384 
        H729  7 0.4361 0.5639 
        H730  7 0.6362 0.3638 
        H431  8 0.6077 0.3923 
        H432  8 0.3466 0.6534 
        H433  8 0.4588 0.5412 
        H434  8 0.4670 0.5330 
        H444  8 0.4977 0.5023 
        H454  8 0.6721 0.3279 
        H475  8 0.6217 0.3783 
        H491  8 0.5911 0.4089 
        H492  8 0.5843 0.4157 
        H493  8 0.4175 0.5825 
        H494  8 0.5348 0.4652 
        H495  8 0.5370 0.4630 
        H662  8 0.4185 0.5815 
        H663  8 0.5558 0.4442 
        H695  8 0.5908 0.4092 
       H7367  8 0.4050 0.5950 
       H7368  8 0.4253 0.5747 
       H7369  8 0.5794 0.4206 
       H7370  8 0.2902 0.7098 
       H7371  8 0.4876 0.5124 
        H600  9 0.6259 0.3741 
        H648  9 0.4670 0.5330 
        H696  9 0.2432 0.7568 
        H697  9 0.5349 0.4651 
        H698  9 0.4167 0.5833 
        H699  9 0.4565 0.5435 
        H700  9 0.6645 0.3355 
        H732  9 0.5861 0.4139 
        H733  9 0.3918 0.6082 
        H734  9 0.2944 0.7056 
        H735  9 0.4125 0.5875 
        H736  9 0.4962 0.5038 
        H737  9 0.5904 0.4096 
        H905  9 0.6508 0.3492 
        H921  9 0.6232 0.3768 
        H922  9 0.3541 0.6459 
     H169705 10 0.4319 0.5681 
     H171942 10 0.3353 0.6647 
     H171943 10 0.4437 0.5563 
     H171944 10 0.5198 0.4802 
     H171946 10 0.5122 0.4878 
     H171947 10 0.4305 0.5695 
     H229641 10 0.4500 0.5500 
      H30001 10 0.5567 0.4433 
      H30002 10 0.5159 0.4841 
      H30005 10 0.4893 0.5107 
      H30006 10 0.3611 0.6389 
      H30007 10 0.3033 0.6967 
        H451 10 0.3804 0.6196 
        H452 10 0.4183 0.5817 
        H453 10 0.6195 0.3805 
        H473 10 0.5734 0.4266 
        H474 10 0.5984 0.4016 
        H486 10 0.5441 0.4559 
        H487 10 0.6135 0.3865 
        H488 10 0.6186 0.3814 
        H489 10 0.6575 0.3425 
        H550 10 0.3318 0.6682 
        H551 10 0.5752 0.4248 
        H553 10 0.5774 0.4226 
        H554 10 0.4136 0.5864 
        H556 10 0.4745 0.5255 
        H580 10 0.5119 0.4881 
        H591 10 0.7033 0.2967 
        H592 10 0.5448 0.4552 
        H593 10 0.4514 0.5486 
        H594 10 0.3078 0.6922 
        H627 10 0.4275 0.5725 
        H628 10 0.4822 0.5178 
        H629 10 0.4235 0.5765 
        H630 10 0.4415 0.5585 
        H638 10 0.4158 0.5842 
        H639 10 0.5450 0.4550 
        H640 10 0.3583 0.6417 
        H704 10 0.4113 0.5887 
        H705 10 0.4427 0.5573 
        H706 10 0.7162 0.2838 
        H708 10 0.6566 0.3434 
       H7351 10 0.4374 0.5626 
       H7352 10 0.5154 0.4846 
       H7353 10 0.3429 0.6571 
       H7354 10 0.6318 0.3682 
       H7365 10 0.6787 0.3213 
       H7383 10 0.6411 0.3589 
       H7384 10 0.6164 0.3836 
       H7385 10 0.6605 0.3395 
       H7386 10 0.5181 0.4819 
       H7387 10 0.4974 0.5026 
       H7388 10 0.5088 0.4912 
        H906 10 0.5678 0.4322 
        H907 10 0.3295 0.6705 
        H908 10 0.5231 0.4769 
        H909 10 0.6066 0.3934 
       H9552 10 0.4959 0.5041 
       H9553 10 0.5506 0.4494 
       H9555 10 0.4775 0.5225 
       H9575 10 0.5729 0.4271 
       H9703 10 0.6676 0.3324 
       H9707 10 0.5680 0.4320 
       HSAA4 10 0.5178 0.4822 
        H001 11 0.6331 0.3669 
        H004 11 0.4886 0.5114 
        H005 11 0.7101 0.2899 
        H006 11 0.5483 0.4517 
        H007 11 0.7199 0.2801 
        H031 11 0.7166 0.2834 
        H074 11 0.5799 0.4201 
        H075 11 0.7209 0.2791 
        H080 11 0.6421 0.3579 
        H086 11 0.5464 0.4536 
        H092 11 0.5934 0.4066 
        H093 11 0.3184 0.6816 
        H094 11 0.3847 0.6153 
        H095 11 0.6351 0.3649 
        H096 11 0.6433 0.3567 
        H099 11 0.6008 0.3992 
        H100 11 0.4255 0.5745 
        H127 11 0.5874 0.4126 
        H136 11 0.6577 0.3423 
        H153 11 0.4194 0.5806 
        H154 11 0.6219 0.3781 
        H155 11 0.4635 0.5365 
        H156 11 0.3699 0.6301 
        H161 11 0.4241 0.5759 
        H162 11 0.3526 0.6474 
        H167 11 0.5020 0.4980 
        H168 11 0.5139 0.4861 
     H169586 11 0.4194 0.5806 
     H169738 11 0.4864 0.5136 
     H169741 11 0.5645 0.4355 
     H171801 11 0.3450 0.6550 
     H171810 11 0.5618 0.4382 
     H171811 11 0.5914 0.4086 
     H171812 11 0.6609 0.3391 
     H171820 11 0.6169 0.3831 
     H171821 11 0.4714 0.5286 
     H171822 11 0.5231 0.4769 
     H171823 11 0.5187 0.4813 
     H171866 11 0.4038 0.5962 
     H171867 11 0.4992 0.5008 
     H171967 11 0.6893 0.3107 
     H171969 11 0.5148 0.4852 
        H172 11 0.5120 0.4880 
        H173 11 0.5665 0.4335 
        H174 11 0.3307 0.6693 
        H196 11 0.4718 0.5282 
        H197 11 0.4861 0.5139 
        H346 11 0.6010 0.3990 
        H355 11 0.5865 0.4135 
        H356 11 0.5668 0.4332 
        H357 11 0.6155 0.3845 
        H358 11 0.6309 0.3691 
        H359 11 0.4829 0.5171 
        H360 11 0.5271 0.4729 
        H361 11 0.4954 0.5046 
        H362 11 0.3285 0.6715 
        H363 11 0.6548 0.3452 
        H364 11 0.5127 0.4873 
        H365 11 0.4891 0.5109 
        H366 11 0.4896 0.5104 
        H367 11 0.6160 0.3840 
        H368 11 0.3307 0.6693 
        H369 11 0.7075 0.2925 
        H370 11 0.4016 0.5984 
        H371 11 0.4669 0.5331 
        H372 11 0.5355 0.4645 
        H373 11 0.5528 0.4472 
        H374 11 0.6446 0.3554 
        H375 11 0.6074 0.3926 
        H376 11 0.4124 0.5876 
        H377 11 0.5406 0.4594 
        H378 11 0.5761 0.4239 
        H379 11 0.4605 0.5395 
        H380 11 0.4556 0.5444 
        H381 11 0.5259 0.4741 
        H382 11 0.3075 0.6925 
        H383 11 0.4163 0.5837 
        H384 11 0.5898 0.4102 
        H385 11 0.5542 0.4458 
        H386 11 0.6067 0.3933 
        H387 11 0.4186 0.5814 
        H388 11 0.4275 0.5725 
        H389 11 0.6172 0.3828 
        H390 11 0.4522 0.5478 
        H391 11 0.4240 0.5760 
        H392 11 0.7116 0.2884 
        H393 11 0.3876 0.6124 
        H394 11 0.3085 0.6915 
        H395 11 0.6490 0.3510 
        H408 11 0.6177 0.3823 
        H412 11 0.5008 0.4992 
        H417 11 0.5507 0.4493 
        H418 11 0.4600 0.5400 
        H429 11 0.5392 0.4608 
        H430 11 0.4460 0.5540 
        H439 11 0.5908 0.4092 
        H440 11 0.6926 0.3074 
        H441 11 0.4348 0.5652 
        H442 11 0.4429 0.5571 
        H446 11 0.4784 0.5216 
        H447 11 0.4966 0.5034 
        H448 11 0.5772 0.4228 
        H534 11 0.6712 0.3288 
        H537 11 0.6122 0.3878 
        H568 11 0.6771 0.3229 
        H569 11 0.3384 0.6616 
        H586 11 0.4064 0.5936 
        H587 11 0.7070 0.2930 
        H588 11 0.3728 0.6272 
        H589 11 0.6866 0.3134 
        H590 11 0.5895 0.4105 
        H601 11 0.3682 0.6318 
        H602 11 0.5979 0.4021 
        H603 11 0.4596 0.5404 
        H610 11 0.5778 0.4222 
        H611 11 0.5153 0.4847 
        H649 11 0.5075 0.4925 
        H650 11 0.3172 0.6828 
        H651 11 0.5817 0.4183 
        H652 11 0.4871 0.5129 
       H7364 11 0.5048 0.4952 
       H7366 11 0.6024 0.3976 
       H7378 11 0.1987 0.8013 
       H7379 11 0.4735 0.5265 
        H739 11 0.5745 0.4255 
        H740 11 0.3599 0.6401 
        H741 11 0.5725 0.4275 
        H926 11 0.3984 0.6016 
        H927 11 0.4818 0.5182 
        H928 11 0.4061 0.5939 
       H9560 11 0.4456 0.5544 
        H409 12 0.4413 0.5587 
        H413 12 0.3134 0.6866 
        H419 12 0.5332 0.4668 
        H420 12 0.5677 0.4323 
        H421 12 0.3581 0.6419 
        H435 12 0.4267 0.5733 
        H436 12 0.6181 0.3819 
        H437 12 0.5766 0.4234 
        H445 12 0.5428 0.4572 
        H449 12 0.4356 0.5644 
        H463 12 0.5845 0.4155 
        H464 12 0.3305 0.6695 
        H465 12 0.3631 0.6369 
        H490 12 0.3307 0.6693 
        H561 12 0.4375 0.5625 
        H562 12 0.6280 0.3720 
        H563 12 0.5909 0.4091 
        H570 12 0.6793 0.3207 
        H571 12 0.4449 0.5551 
        H572 12 0.5359 0.4641 
        H573 12 0.4703 0.5297 
       H7372 12 0.3892 0.6108 
       H7373 12 0.3036 0.6964 
       H7374 12 0.6389 0.3611 
       H7375 12 0.6126 0.3874 
       H7376 12 0.5210 0.4790 
       H7377 12 0.5738 0.4262 
