        H102  1 0.6216 0.3784 
        H103  1 0.2887 0.7113 
        H104  1 0.6835 0.3165 
        H105  1 0.5374 0.4626 
        H106  1 0.5100 0.4900 
        H112  1 0.6329 0.3671 
        H113  1 0.5419 0.4581 
        H114  1 0.4765 0.5235 
        H115  1 0.6717 0.3283 
        H143  1 0.5764 0.4236 
        H144  1 0.3739 0.6261 
        H145  1 0.3513 0.6487 
        H149  1 0.6374 0.3626 
        H150  1 0.5107 0.4893 
     H167542  1 0.5814 0.4186 
     H169604  1 0.5021 0.4979 
     H169607  1 0.4094 0.5906 
     H169608  1 0.6370 0.3630 
     H169633  1 0.4407 0.5593 
     H169688  1 0.3580 0.6420 
     H169714  1 0.5800 0.4200 
     H171802  1 0.5448 0.4552 
     H171805  1 0.3987 0.6013 
     H171807  1 0.5436 0.4564 
     H171814  1 0.3509 0.6491 
     H171816  1 0.5544 0.4456 
     H171817  1 0.5922 0.4078 
     H171818  1 0.4865 0.5135 
     H171819  1 0.5133 0.4867 
     H171834  1 0.5238 0.4762 
     H171835  1 0.6596 0.3404 
     H171836  1 0.2968 0.7032 
     H171837  1 0.6396 0.3604 
     H171838  1 0.3559 0.6441 
     H171839  1 0.6183 0.3817 
     H171841  1 0.5933 0.4067 
     H171860  1 0.5423 0.4577 
     H171861  1 0.3624 0.6376 
     H171862  1 0.5243 0.4757 
     H171868  1 0.5632 0.4368 
     H171869  1 0.4030 0.5970 
     H171870  1 0.4635 0.5365 
     H171871  1 0.3670 0.6330 
     H171872  1 0.6048 0.3952 
     H171873  1 0.4706 0.5294 
     H171874  1 0.4228 0.5772 
     H171875  1 0.3686 0.6314 
     H171876  1 0.4660 0.5340 
     H171877  1 0.6397 0.3603 
     H171878  1 0.4773 0.5227 
     H171901  1 0.5305 0.4695 
     H171902  1 0.4688 0.5312 
     H171903  1 0.5084 0.4916 
     H171935  1 0.4760 0.5240 
     H171936  1 0.4869 0.5131 
     H171940  1 0.5915 0.4085 
     H171945  1 0.4709 0.5291 
     H171948  1 0.5767 0.4233 
     H171949  1 0.6282 0.3718 
     H171950  1 0.6559 0.3441 
     H171963  1 0.3629 0.6371 
     H171964  1 0.3971 0.6029 
     H171966  1 0.4739 0.5261 
     H171968  1 0.5573 0.4427 
     H171971  1 0.4123 0.5877 
     H171972  1 0.3579 0.6421 
     H171977  1 0.4106 0.5894 
     H171978  1 0.5347 0.4653 
     H171979  1 0.3152 0.6848 
        H176  1 0.5335 0.4665 
        H177  1 0.6665 0.3335 
        H179  1 0.6626 0.3374 
        H181  1 0.3869 0.6131 
        H182  1 0.3431 0.6569 
        H183  1 0.3561 0.6439 
        H184  1 0.5484 0.4516 
        H185  1 0.4028 0.5972 
        H186  1 0.5362 0.4638 
        H187  1 0.4425 0.5575 
        H188  1 0.6485 0.3515 
        H192  1 0.5812 0.4188 
        H193  1 0.3839 0.6161 
        H194  1 0.5528 0.4472 
        H195  1 0.3265 0.6735 
        H199  1 0.3760 0.6240 
        H200  1 0.5480 0.4520 
        H414  1 0.4214 0.5786 
        H415  1 0.4387 0.5613 
        H422  1 0.5111 0.4889 
        H423  1 0.6691 0.3309 
        H424  1 0.3589 0.6411 
        H425  1 0.3839 0.6161 
        H426  1 0.3622 0.6378 
        H443  1 0.4515 0.5485 
        H466  1 0.5376 0.4624 
        H467  1 0.6229 0.3771 
        H472  1 0.4919 0.5081 
        H483  1 0.4539 0.5461 
        H504  1 0.3471 0.6529 
        H505  1 0.5839 0.4161 
        H506  1 0.5001 0.4999 
        H507  1 0.3346 0.6654 
        H508  1 0.5058 0.4942 
        H524  1 0.3933 0.6067 
        H525  1 0.4842 0.5158 
        H526  1 0.5228 0.4772 
        H527  1 0.5653 0.4347 
        H528  1 0.3828 0.6172 
        H529  1 0.3849 0.6151 
        H533  1 0.3313 0.6687 
        H538  1 0.5622 0.4378 
        H539  1 0.3820 0.6180 
        H540  1 0.5072 0.4928 
        H541  1 0.5443 0.4557 
        H558  1 0.3510 0.6490 
        H559  1 0.5553 0.4447 
        H579  1 0.4317 0.5683 
        H584  1 0.3853 0.6147 
        H585  1 0.4375 0.5625 
        H605  1 0.5547 0.4453 
        H606  1 0.6745 0.3255 
        H632  1 0.4290 0.5710 
        H634  1 0.4597 0.5403 
        H671  1 0.6417 0.3583 
        H672  1 0.4648 0.5352 
        H673  1 0.4662 0.5338 
        H689  1 0.4460 0.5540 
        H690  1 0.6651 0.3349 
        H691  1 0.5776 0.4224 
        H692  1 0.2702 0.7298 
        H709  1 0.4819 0.5181 
        H710  1 0.3351 0.6649 
       H7355  1 0.4945 0.5055 
       H7356  1 0.4536 0.5464 
       H7357  1 0.5993 0.4007 
       H7358  1 0.4259 0.5741 
       H7380  1 0.4938 0.5062 
       H7381  1 0.5540 0.4460 
       H7382  1 0.4554 0.5446 
        H904  1 0.7547 0.2453 
        H923  1 0.5021 0.4979 
        H924  1 0.5682 0.4318 
        H925  1 0.5135 0.4865 
       H9558  1 0.3273 0.6727 
        H008  2 0.4008 0.5992 
        H021  2 0.6087 0.3913 
        H023  2 0.6535 0.3465 
        H024  2 0.3029 0.6971 
        H025  2 0.5141 0.4859 
        H026  2 0.3476 0.6524 
        H027  2 0.5096 0.4904 
        H028  2 0.4238 0.5762 
        H029  2 0.3878 0.6122 
        H030  2 0.3306 0.6694 
        H038  2 0.5560 0.4440 
        H039  2 0.7463 0.2537 
        H040  2 0.5478 0.4522 
        H041  2 0.5238 0.4762 
        H042  2 0.5384 0.4616 
        H043  2 0.5479 0.4521 
        H044  2 0.3262 0.6738 
        H047  2 0.5211 0.4789 
        H050  2 0.3775 0.6225 
        H058  2 0.5135 0.4865 
        H062  2 0.6336 0.3664 
        H063  2 0.6244 0.3756 
        H065  2 0.4883 0.5117 
        H066  2 0.4018 0.5982 
        H067  2 0.5210 0.4790 
        H068  2 0.5754 0.4246 
        H069  2 0.4156 0.5844 
        H071  2 0.6220 0.3780 
        H072  2 0.6551 0.3449 
        H073  2 0.4657 0.5343 
        H081  2 0.6272 0.3728 
        H082  2 0.3175 0.6825 
        H083  2 0.3526 0.6474 
        H084  2 0.4932 0.5068 
        H085  2 0.5660 0.4340 
        H087  2 0.6080 0.3920 
        H088  2 0.6201 0.3799 
        H089  2 0.5211 0.4789 
        H090  2 0.3638 0.6362 
        H091  2 0.4171 0.5829 
        H098  2 0.4161 0.5839 
      H10001  2 0.7507 0.2493 
      H10002  2 0.6543 0.3457 
        H101  2 0.3323 0.6677 
        H108  2 0.6854 0.3146 
        H109  2 0.4892 0.5108 
        H110  2 0.4994 0.5006 
        H116  2 0.3973 0.6027 
        H117  2 0.4566 0.5434 
        H118  2 0.3610 0.6390 
        H119  2 0.6164 0.3836 
        H120  2 0.7337 0.2663 
        H121  2 0.3959 0.6041 
        H125  2 0.7445 0.2555 
        H126  2 0.4118 0.5882 
        H128  2 0.2158 0.7842 
        H129  2 0.3341 0.6659 
        H130  2 0.4971 0.5029 
        H133  2 0.6313 0.3687 
        H134  2 0.2903 0.7097 
        H135  2 0.5635 0.4365 
        H137  2 0.4749 0.5251 
        H138  2 0.3605 0.6395 
        H140  2 0.4670 0.5330 
        H146  2 0.4060 0.5940 
        H147  2 0.4748 0.5252 
        H148  2 0.5609 0.4391 
     H166022  2 0.3808 0.6192 
     H167359  2 0.4488 0.5512 
     H167397  2 0.2569 0.7431 
     H167428  2 0.3600 0.6400 
     H167496  2 0.6978 0.3022 
     H167513  2 0.3921 0.6079 
     H167545  2 0.3553 0.6447 
     H167547  2 0.2608 0.7392 
     H169621  2 0.3920 0.6080 
     H169622  2 0.4146 0.5854 
     H169750  2 0.4783 0.5217 
     H171806  2 0.5436 0.4564 
     H171808  2 0.4865 0.5135 
     H171809  2 0.6009 0.3991 
     H171813  2 0.4690 0.5310 
     H171815  2 0.6156 0.3844 
     H171824  2 0.7014 0.2986 
     H171825  2 0.4668 0.5332 
     H171826  2 0.5897 0.4103 
     H171827  2 0.5538 0.4462 
     H171828  2 0.7610 0.2390 
     H171829  2 0.4377 0.5623 
     H171830  2 0.4676 0.5324 
     H171831  2 0.3154 0.6846 
     H171832  2 0.4333 0.5667 
     H171863  2 0.2723 0.7277 
     H171864  2 0.5209 0.4791 
     H171865  2 0.5865 0.4135 
     H171879  2 0.4446 0.5554 
     H171880  2 0.3907 0.6093 
     H171881  2 0.4778 0.5222 
     H171882  2 0.7098 0.2902 
     H171929  2 0.4703 0.5297 
     H171930  2 0.3157 0.6843 
     H171933  2 0.4582 0.5418 
     H171934  2 0.5614 0.4386 
     H171937  2 0.3763 0.6237 
     H171962  2 0.5042 0.4958 
        H190  2 0.4288 0.5712 
        H191  2 0.4991 0.5009 
        H396  2 0.5837 0.4163 
        H397  2 0.4394 0.5606 
        H398  2 0.5370 0.4630 
        H400  2 0.5488 0.4512 
        H401  2 0.2636 0.7364 
        H402  2 0.3849 0.6151 
        H427  2 0.5481 0.4519 
        H428  2 0.3712 0.6288 
        H497  2 0.4824 0.5176 
        H512  2 0.4688 0.5312 
        H513  2 0.3926 0.6074 
        H514  2 0.4045 0.5955 
        H519  2 0.4136 0.5864 
        H532  2 0.4955 0.5045 
        H543  2 0.4180 0.5820 
        H544  2 0.3991 0.6009 
        H545  2 0.3247 0.6753 
        H546  2 0.5615 0.4385 
        H547  2 0.2652 0.7348 
        H548  2 0.5046 0.4954 
        H549  2 0.3695 0.6305 
        H620  2 0.7264 0.2736 
        H623  2 0.3704 0.6296 
        H624  2 0.4806 0.5194 
        H625  2 0.4906 0.5094 
        H626  2 0.5048 0.4952 
        H654  2 0.6922 0.3078 
        H655  2 0.5641 0.4359 
        H656  2 0.7085 0.2915 
        H666  2 0.6450 0.3550 
        H667  2 0.5018 0.4982 
        H677  2 0.4893 0.5107 
        H693  2 0.7097 0.2903 
        H694  2 0.3682 0.6318 
        H701  2 0.4001 0.5999 
        H702  2 0.5381 0.4619 
        H731  2 0.6119 0.3881 
       H7359  2 0.4615 0.5385 
       H7389  2 0.4760 0.5240 
       H7390  2 0.6459 0.3541 
       H7391  2 0.6136 0.3864 
       H7392  2 0.5161 0.4839 
       H7393  2 0.5283 0.4717 
       H7398  2 0.5622 0.4378 
       H7399  2 0.4302 0.5698 
       H7400  2 0.7079 0.2921 
        H745  2 0.3412 0.6588 
        H746  2 0.4060 0.5940 
        H747  2 0.5954 0.4046 
        H748  2 0.4633 0.5367 
       H7484  2 0.6699 0.3301 
       H7485  2 0.4043 0.5957 
        H749  2 0.3951 0.6049 
        H930  2 0.3338 0.6662 
        H931  2 0.5279 0.4721 
        H932  2 0.5227 0.4773 
        H111  3 0.3423 0.6577 
        H951  3 0.3663 0.6337 
        H952  3 0.4595 0.5405 
        H953  3 0.5092 0.4908 
        H954  3 0.6154 0.3846 
        H955  3 0.3460 0.6540 
        H956  3 0.5560 0.4440 
       H9563  3 0.5779 0.4221 
        H002  4 0.5804 0.4196 
        H003  4 0.4678 0.5322 
        H009  4 0.3752 0.6248 
        H010  4 0.5227 0.4773 
        H011  4 0.6989 0.3011 
        H012  4 0.4397 0.5603 
        H013  4 0.6059 0.3941 
        H014  4 0.4726 0.5274 
        H045  4 0.6135 0.3865 
        H046  4 0.4387 0.5613 
        H051  4 0.6422 0.3578 
        H052  4 0.4895 0.5105 
        H053  4 0.5592 0.4408 
        H056  4 0.5566 0.4434 
        H076  4 0.4142 0.5858 
        H151  4 0.6657 0.3343 
        H152  4 0.5586 0.4414 
     H171803  4 0.6207 0.3793 
     H171804  4 0.5822 0.4178 
     H171833  4 0.3454 0.6546 
     H171855  4 0.6128 0.3872 
     H171856  4 0.4953 0.5047 
     H171857  4 0.5749 0.4251 
     H171858  4 0.4970 0.5030 
     H171859  4 0.5412 0.4588 
     H171961  4 0.6297 0.3703 
        H198  4 0.3677 0.6323 
      H20001  4 0.3459 0.6541 
        H403  4 0.4793 0.5207 
        H404  4 0.4821 0.5179 
        H405  4 0.4366 0.5634 
        H406  4 0.3377 0.6623 
        H407  4 0.6072 0.3928 
        H410  4 0.3876 0.6124 
        H411  4 0.3522 0.6478 
        H468  4 0.3856 0.6144 
        H476  4 0.4479 0.5521 
        H477  4 0.3525 0.6475 
        H478  4 0.4203 0.5797 
        H479  4 0.6008 0.3992 
        H480  4 0.3138 0.6862 
        H498  4 0.4703 0.5297 
        H499  4 0.5298 0.4702 
        H500  4 0.6793 0.3207 
        H515  4 0.5470 0.4530 
        H516  4 0.4615 0.5385 
        H517  4 0.4806 0.5194 
        H518  4 0.4862 0.5138 
        H520  4 0.5621 0.4379 
        H521  4 0.5163 0.4837 
        H522  4 0.5160 0.4840 
        H523  4 0.4947 0.5053 
        H536  4 0.5313 0.4687 
        H645  4 0.6846 0.3154 
        H646  4 0.3490 0.6510 
        H647  4 0.4355 0.5645 
        H657  4 0.4038 0.5962 
        H658  4 0.5196 0.4804 
        H659  4 0.6871 0.3129 
        H660  4 0.5049 0.4951 
        H661  4 0.5654 0.4346 
        H668  4 0.4683 0.5317 
        H669  4 0.5697 0.4303 
        H670  4 0.6525 0.3475 
        H678  4 0.4879 0.5121 
        H679  4 0.3778 0.6222 
        H680  4 0.4899 0.5101 
        H681  4 0.5879 0.4121 
        H682  4 0.4689 0.5311 
        H683  4 0.4836 0.5164 
        H718  4 0.6259 0.3741 
        H719  4 0.5791 0.4209 
        H720  4 0.4994 0.5006 
        H721  4 0.5275 0.4725 
        H722  4 0.4677 0.5323 
        H723  4 0.6416 0.3584 
        H724  4 0.6801 0.3199 
        H725  4 0.6371 0.3629 
        H726  4 0.5891 0.4109 
        H727  4 0.6629 0.3371 
        H910  4 0.6140 0.3860 
        H911  4 0.4057 0.5943 
        H912  4 0.4748 0.5252 
        H913  4 0.5703 0.4297 
        H914  4 0.6984 0.3016 
        H915  4 0.4732 0.5268 
        H916  4 0.4215 0.5785 
       H9572  4 0.5104 0.4896 
        H015  5 0.3517 0.6483 
        H016  5 0.3908 0.6092 
        H017  5 0.4420 0.5580 
        H019  5 0.4025 0.5975 
        H020  5 0.5351 0.4649 
        H032  5 0.4902 0.5098 
        H033  5 0.4755 0.5245 
        H034  5 0.6693 0.3307 
        H035  5 0.4738 0.5262 
        H036  5 0.4535 0.5465 
        H037  5 0.6187 0.3813 
        H048  5 0.6785 0.3215 
        H049  5 0.4332 0.5668 
        H054  5 0.5560 0.4440 
        H055  5 0.5996 0.4004 
        H057  5 0.4488 0.5512 
        H060  5 0.5843 0.4157 
        H061  5 0.4576 0.5424 
        H064  5 0.5703 0.4297 
        H070  5 0.6044 0.3956 
        H077  5 0.5965 0.4035 
        H078  5 0.5512 0.4488 
        H079  5 0.4644 0.5356 
        H097  5 0.4231 0.5769 
        H107  5 0.7520 0.2480 
        H122  5 0.4475 0.5525 
        H123  5 0.3661 0.6339 
        H124  5 0.4224 0.5776 
        H131  5 0.4310 0.5690 
        H132  5 0.5584 0.4416 
        H141  5 0.5707 0.4293 
        H142  5 0.3826 0.6174 
        H157  5 0.6549 0.3451 
        H158  5 0.3441 0.6559 
        H159  5 0.3541 0.6459 
        H160  5 0.4804 0.5196 
        H163  5 0.4279 0.5721 
        H164  5 0.4460 0.5540 
        H165  5 0.4316 0.5684 
        H166  5 0.4332 0.5668 
        H169  5 0.5286 0.4714 
     H169613  5 0.4773 0.5227 
     H169653  5 0.4319 0.5681 
     H169728  5 0.4240 0.5760 
     H169742  5 0.6254 0.3746 
        H170  5 0.3873 0.6127 
        H171  5 0.3895 0.6105 
     H171851  5 0.4569 0.5431 
     H171852  5 0.5449 0.4551 
     H171853  5 0.5938 0.4062 
     H171854  5 0.4224 0.5776 
     H171938  5 0.5979 0.4021 
     H171939  5 0.3931 0.6069 
     H171941  5 0.6918 0.3082 
     H171965  5 0.4159 0.5841 
     H171970  5 0.6882 0.3118 
     H171973  5 0.5051 0.4949 
     H171974  5 0.5532 0.4468 
     H171975  5 0.5912 0.4088 
     H171976  5 0.3893 0.6107 
        H175  5 0.6664 0.3336 
        H178  5 0.5588 0.4412 
        H189  5 0.3253 0.6747 
        H399  5 0.3898 0.6102 
        H416  5 0.5555 0.4445 
        H438  5 0.5642 0.4358 
        H450  5 0.6375 0.3625 
        H455  5 0.7233 0.2767 
        H456  5 0.5765 0.4235 
        H457  5 0.5380 0.4620 
        H458  5 0.6165 0.3835 
        H459  5 0.3704 0.6296 
        H460  5 0.5178 0.4822 
        H461  5 0.3993 0.6007 
        H462  5 0.4764 0.5236 
        H469  5 0.3866 0.6134 
        H470  5 0.5259 0.4741 
        H471  5 0.3050 0.6950 
        H481  5 0.6828 0.3172 
        H482  5 0.5507 0.4493 
        H501  5 0.5305 0.4695 
        H502  5 0.3515 0.6485 
        H503  5 0.4460 0.5540 
        H509  5 0.6173 0.3827 
        H510  5 0.5144 0.4856 
        H511  5 0.4120 0.5880 
        H530  5 0.6057 0.3943 
        H531  5 0.5755 0.4245 
        H564  5 0.5513 0.4487 
        H565  5 0.6454 0.3546 
        H567  5 0.3179 0.6821 
     H568???  5 0.3624 0.6376 
        H608  5 0.6574 0.3426 
        H609  5 0.5517 0.4483 
        H612  5 0.7265 0.2735 
        H614  5 0.6296 0.3704 
        H615  5 0.5475 0.4525 
        H616  5 0.7574 0.2426 
        H617  5 0.4069 0.5931 
        H618  5 0.6533 0.3467 
        H619  5 0.5222 0.4778 
        H635  5 0.4809 0.5191 
        H636  5 0.5781 0.4219 
        H637  5 0.5706 0.4294 
        H644  5 0.2387 0.7613 
        H711  5 0.3897 0.6103 
        H712  5 0.6710 0.3290 
       H7360  5 0.4524 0.5476 
       H7361  5 0.6096 0.3904 
       H7362  5 0.2956 0.7044 
       H7363  5 0.5339 0.4661 
       H7394  5 0.3861 0.6139 
       H7395  5 0.5840 0.4160 
       H7396  5 0.4980 0.5020 
        H742  5 0.6408 0.3592 
        H743  5 0.5471 0.4529 
        H744  5 0.6928 0.3072 
        H957  5 0.4314 0.5686 
        H958  5 0.4297 0.5703 
        H959  5 0.6844 0.3156 
        H960  5 0.5352 0.4648 
      H_PALI  6 0.4438 0.5562 
        H581  6 0.5164 0.4836 
        H582  6 0.6213 0.3787 
        H583  6 0.5119 0.4881 
        H595  6 0.3060 0.6940 
        H596  6 0.3450 0.6550 
        H597  6 0.3819 0.6181 
        H598  6 0.5551 0.4449 
        H599  6 0.6279 0.3721 
        H642  6 0.3354 0.6646 
        H643  6 0.5340 0.4660 
        H664  6 0.5310 0.4690 
        H665  6 0.5852 0.4148 
        H674  6 0.2849 0.7151 
        H675  6 0.5219 0.4781 
        H676  6 0.3612 0.6388 
        H686  6 0.4500 0.5500 
        H687  6 0.4778 0.5222 
        H917  6 0.4092 0.5908 
        H918  6 0.5382 0.4618 
        H919  6 0.7178 0.2822 
        H920  6 0.5536 0.4464 
        H631  7 0.5931 0.4069 
        H684  7 0.3593 0.6407 
        H685  7 0.5728 0.4272 
        H713  7 0.6518 0.3482 
        H715  7 0.4192 0.5808 
        H716  7 0.6148 0.3852 
        H717  7 0.5499 0.4501 
        H729  7 0.4248 0.5752 
        H730  7 0.6206 0.3794 
        H431  8 0.5986 0.4014 
        H432  8 0.3595 0.6405 
        H433  8 0.4734 0.5266 
        H434  8 0.4760 0.5240 
        H444  8 0.5033 0.4967 
        H454  8 0.6680 0.3320 
        H475  8 0.6337 0.3663 
        H491  8 0.5964 0.4036 
        H492  8 0.5827 0.4173 
        H493  8 0.4284 0.5716 
        H494  8 0.5262 0.4738 
        H495  8 0.5458 0.4542 
        H662  8 0.4201 0.5799 
        H663  8 0.5437 0.4563 
        H695  8 0.5783 0.4217 
       H7367  8 0.3812 0.6188 
       H7368  8 0.4382 0.5618 
       H7369  8 0.5496 0.4504 
       H7370  8 0.2996 0.7004 
       H7371  8 0.4937 0.5063 
        H600  9 0.6161 0.3839 
        H648  9 0.4739 0.5261 
        H696  9 0.2581 0.7419 
        H697  9 0.5081 0.4919 
        H698  9 0.4197 0.5803 
        H699  9 0.4682 0.5318 
        H700  9 0.6563 0.3437 
        H732  9 0.6003 0.3997 
        H733  9 0.3941 0.6059 
        H734  9 0.3218 0.6782 
        H735  9 0.4017 0.5983 
        H736  9 0.4957 0.5043 
        H737  9 0.5811 0.4189 
        H905  9 0.6602 0.3398 
        H921  9 0.6121 0.3879 
        H922  9 0.3553 0.6447 
     H169705 10 0.4386 0.5614 
     H171942 10 0.3486 0.6514 
     H171943 10 0.4551 0.5449 
     H171944 10 0.5163 0.4837 
     H171946 10 0.5178 0.4822 
     H171947 10 0.4135 0.5865 
     H229641 10 0.4540 0.5460 
      H30001 10 0.5536 0.4464 
      H30002 10 0.5276 0.4724 
      H30005 10 0.4881 0.5119 
      H30006 10 0.3653 0.6347 
      H30007 10 0.3030 0.6970 
        H451 10 0.3896 0.6104 
        H452 10 0.4129 0.5871 
        H453 10 0.6219 0.3781 
        H473 10 0.5474 0.4526 
        H474 10 0.6020 0.3980 
        H486 10 0.5645 0.4355 
        H487 10 0.6047 0.3953 
        H488 10 0.6080 0.3920 
        H489 10 0.6316 0.3684 
        H550 10 0.3408 0.6592 
        H551 10 0.5814 0.4186 
        H553 10 0.5850 0.4150 
        H554 10 0.4207 0.5793 
        H556 10 0.4935 0.5065 
        H580 10 0.4894 0.5106 
        H591 10 0.6895 0.3105 
        H592 10 0.5492 0.4508 
        H593 10 0.4409 0.5591 
        H594 10 0.3073 0.6927 
        H627 10 0.4435 0.5565 
        H628 10 0.4579 0.5421 
        H629 10 0.4350 0.5650 
        H630 10 0.4469 0.5531 
        H638 10 0.4212 0.5788 
        H639 10 0.5546 0.4454 
        H640 10 0.3724 0.6276 
        H704 10 0.4058 0.5942 
        H705 10 0.4515 0.5485 
        H706 10 0.7022 0.2978 
        H708 10 0.6399 0.3601 
       H7351 10 0.4392 0.5608 
       H7352 10 0.4976 0.5024 
       H7353 10 0.3557 0.6443 
       H7354 10 0.6214 0.3786 
       H7365 10 0.6749 0.3251 
       H7383 10 0.6279 0.3721 
       H7384 10 0.6078 0.3922 
       H7385 10 0.6411 0.3589 
       H7386 10 0.5187 0.4813 
       H7387 10 0.4956 0.5044 
       H7388 10 0.4973 0.5027 
        H906 10 0.5765 0.4235 
        H907 10 0.3417 0.6583 
        H908 10 0.5291 0.4709 
        H909 10 0.5914 0.4086 
       H9552 10 0.5029 0.4971 
       H9553 10 0.5533 0.4467 
       H9555 10 0.4718 0.5282 
       H9575 10 0.5916 0.4084 
       H9703 10 0.6650 0.3350 
       H9707 10 0.5839 0.4161 
       HSAA4 10 0.4912 0.5088 
        H001 11 0.6214 0.3786 
        H004 11 0.4808 0.5192 
        H005 11 0.6881 0.3119 
        H006 11 0.5476 0.4524 
        H007 11 0.7022 0.2978 
        H031 11 0.7069 0.2931 
        H074 11 0.5778 0.4222 
        H075 11 0.7100 0.2900 
        H080 11 0.6327 0.3673 
        H086 11 0.5385 0.4615 
        H092 11 0.5837 0.4163 
        H093 11 0.3310 0.6690 
        H094 11 0.3911 0.6089 
        H095 11 0.6268 0.3732 
        H096 11 0.6154 0.3846 
        H099 11 0.5821 0.4179 
        H100 11 0.4159 0.5841 
        H127 11 0.5729 0.4271 
        H136 11 0.6381 0.3619 
        H153 11 0.4255 0.5745 
        H154 11 0.6200 0.3800 
        H155 11 0.4353 0.5647 
        H156 11 0.3747 0.6253 
        H161 11 0.4153 0.5847 
        H162 11 0.3633 0.6367 
        H167 11 0.4856 0.5144 
        H168 11 0.5135 0.4865 
     H169586 11 0.4573 0.5427 
     H169738 11 0.4904 0.5096 
     H169741 11 0.5653 0.4347 
     H171801 11 0.3660 0.6340 
     H171810 11 0.5638 0.4362 
     H171811 11 0.5918 0.4082 
     H171812 11 0.6436 0.3564 
     H171820 11 0.6238 0.3762 
     H171821 11 0.4573 0.5427 
     H171822 11 0.5116 0.4884 
     H171823 11 0.5368 0.4632 
     H171866 11 0.4133 0.5867 
     H171867 11 0.4915 0.5085 
     H171967 11 0.6674 0.3326 
     H171969 11 0.5178 0.4822 
        H172 11 0.5080 0.4920 
        H173 11 0.5659 0.4341 
        H174 11 0.3307 0.6693 
        H196 11 0.4541 0.5459 
        H197 11 0.4752 0.5248 
        H346 11 0.5888 0.4112 
        H355 11 0.5842 0.4158 
        H356 11 0.5568 0.4432 
        H357 11 0.6201 0.3799 
        H358 11 0.6217 0.3783 
        H359 11 0.4825 0.5175 
        H360 11 0.5264 0.4736 
        H361 11 0.4888 0.5112 
        H362 11 0.3315 0.6685 
        H363 11 0.6455 0.3545 
        H364 11 0.5227 0.4773 
        H365 11 0.4868 0.5132 
        H366 11 0.4783 0.5217 
        H367 11 0.6099 0.3901 
        H368 11 0.3461 0.6539 
        H369 11 0.6998 0.3002 
        H370 11 0.4190 0.5810 
        H371 11 0.4624 0.5376 
        H372 11 0.5256 0.4744 
        H373 11 0.5405 0.4595 
        H374 11 0.6260 0.3740 
        H375 11 0.6036 0.3964 
        H376 11 0.4281 0.5719 
        H377 11 0.5443 0.4557 
        H378 11 0.5658 0.4342 
        H379 11 0.4532 0.5468 
        H380 11 0.4569 0.5431 
        H381 11 0.5488 0.4512 
        H382 11 0.3165 0.6835 
        H383 11 0.4142 0.5858 
        H384 11 0.5949 0.4051 
        H385 11 0.5372 0.4628 
        H386 11 0.5942 0.4058 
        H387 11 0.4254 0.5746 
        H388 11 0.4055 0.5945 
        H389 11 0.6040 0.3960 
        H390 11 0.4564 0.5436 
        H391 11 0.4104 0.5896 
        H392 11 0.7057 0.2943 
        H393 11 0.3698 0.6302 
        H394 11 0.3236 0.6764 
        H395 11 0.6428 0.3572 
        H408 11 0.6002 0.3998 
        H412 11 0.5216 0.4784 
        H417 11 0.5644 0.4356 
        H418 11 0.4693 0.5307 
        H429 11 0.5424 0.4576 
        H430 11 0.4409 0.5591 
        H439 11 0.5846 0.4154 
        H440 11 0.6721 0.3279 
        H441 11 0.4229 0.5771 
        H442 11 0.4448 0.5552 
        H446 11 0.4914 0.5086 
        H447 11 0.4985 0.5015 
        H448 11 0.5602 0.4398 
        H534 11 0.6703 0.3297 
        H537 11 0.6161 0.3839 
        H568 11 0.6640 0.3360 
        H569 11 0.3380 0.6620 
        H586 11 0.4317 0.5683 
        H587 11 0.6979 0.3021 
        H588 11 0.3731 0.6269 
        H589 11 0.6719 0.3281 
        H590 11 0.5932 0.4068 
        H601 11 0.3692 0.6308 
        H602 11 0.5835 0.4165 
        H603 11 0.4625 0.5375 
        H610 11 0.5673 0.4327 
        H611 11 0.5299 0.4701 
        H649 11 0.4998 0.5002 
        H650 11 0.3369 0.6631 
        H651 11 0.5734 0.4266 
        H652 11 0.4839 0.5161 
       H7364 11 0.4909 0.5091 
       H7366 11 0.5735 0.4265 
       H7378 11 0.2149 0.7851 
       H7379 11 0.4851 0.5149 
        H739 11 0.5803 0.4197 
        H740 11 0.3752 0.6248 
        H741 11 0.5670 0.4330 
        H926 11 0.4127 0.5873 
        H927 11 0.4599 0.5401 
        H928 11 0.4330 0.5670 
       H9560 11 0.4454 0.5546 
        H409 12 0.4438 0.5562 
        H413 12 0.3208 0.6792 
        H419 12 0.5214 0.4786 
        H420 12 0.5793 0.4207 
        H421 12 0.3555 0.6445 
        H435 12 0.4310 0.5690 
        H436 12 0.6035 0.3965 
        H437 12 0.5766 0.4234 
        H445 12 0.5154 0.4846 
        H449 12 0.4330 0.5670 
        H463 12 0.5772 0.4228 
        H464 12 0.3295 0.6705 
        H465 12 0.3815 0.6185 
        H490 12 0.3405 0.6595 
        H561 12 0.4340 0.5660 
        H562 12 0.6145 0.3855 
        H563 12 0.5800 0.4200 
        H570 12 0.6622 0.3378 
        H571 12 0.4454 0.5546 
        H572 12 0.5431 0.4569 
        H573 12 0.4598 0.5402 
       H7372 12 0.3906 0.6094 
       H7373 12 0.3368 0.6632 
       H7374 12 0.6226 0.3774 
       H7375 12 0.6075 0.3925 
       H7376 12 0.4961 0.5039 
       H7377 12 0.5679 0.4321 
