        H102  1 0.6426 0.3574 
        H103  1 0.3030 0.6970 
        H104  1 0.6758 0.3242 
        H105  1 0.5721 0.4279 
        H106  1 0.5142 0.4858 
        H112  1 0.6273 0.3727 
        H113  1 0.5439 0.4561 
        H114  1 0.4819 0.5181 
        H115  1 0.6776 0.3224 
        H143  1 0.5842 0.4158 
        H144  1 0.3959 0.6041 
        H145  1 0.3754 0.6246 
        H149  1 0.6055 0.3945 
        H150  1 0.5259 0.4741 
     H167542  1 0.5885 0.4115 
     H169604  1 0.5197 0.4803 
     H169607  1 0.4243 0.5757 
     H169608  1 0.6389 0.3611 
     H169633  1 0.4595 0.5405 
     H169688  1 0.3497 0.6503 
     H169714  1 0.5702 0.4298 
     H171802  1 0.5340 0.4660 
     H171805  1 0.4045 0.5955 
     H171807  1 0.5401 0.4599 
     H171814  1 0.3573 0.6427 
     H171816  1 0.5548 0.4452 
     H171817  1 0.5823 0.4177 
     H171818  1 0.4939 0.5061 
     H171819  1 0.5060 0.4940 
     H171834  1 0.5579 0.4421 
     H171835  1 0.6296 0.3704 
     H171836  1 0.3146 0.6854 
     H171837  1 0.6343 0.3657 
     H171838  1 0.3779 0.6221 
     H171839  1 0.5756 0.4244 
     H171841  1 0.5810 0.4190 
     H171860  1 0.5677 0.4323 
     H171861  1 0.3660 0.6340 
     H171862  1 0.5288 0.4712 
     H171868  1 0.5789 0.4211 
     H171869  1 0.4140 0.5860 
     H171870  1 0.4467 0.5533 
     H171871  1 0.3727 0.6273 
     H171872  1 0.6094 0.3906 
     H171873  1 0.4561 0.5439 
     H171874  1 0.4328 0.5672 
     H171875  1 0.3804 0.6196 
     H171876  1 0.4818 0.5182 
     H171877  1 0.6346 0.3654 
     H171878  1 0.4737 0.5263 
     H171901  1 0.5131 0.4869 
     H171902  1 0.4797 0.5203 
     H171903  1 0.5090 0.4910 
     H171935  1 0.4667 0.5333 
     H171936  1 0.4883 0.5117 
     H171940  1 0.5985 0.4015 
     H171945  1 0.4753 0.5247 
     H171948  1 0.5778 0.4222 
     H171949  1 0.6203 0.3797 
     H171950  1 0.6327 0.3673 
     H171963  1 0.3728 0.6272 
     H171964  1 0.3999 0.6001 
     H171966  1 0.4666 0.5334 
     H171968  1 0.5660 0.4340 
     H171971  1 0.4372 0.5628 
     H171972  1 0.3682 0.6318 
     H171977  1 0.4023 0.5977 
     H171978  1 0.5157 0.4843 
     H171979  1 0.3370 0.6630 
        H176  1 0.5426 0.4574 
        H177  1 0.6625 0.3375 
        H179  1 0.6490 0.3510 
        H181  1 0.4092 0.5908 
        H182  1 0.3810 0.6190 
        H183  1 0.3608 0.6392 
        H184  1 0.5630 0.4370 
        H185  1 0.4392 0.5608 
        H186  1 0.5555 0.4445 
        H187  1 0.4219 0.5781 
        H188  1 0.6443 0.3557 
        H192  1 0.5688 0.4312 
        H193  1 0.3852 0.6148 
        H194  1 0.5587 0.4413 
        H195  1 0.3587 0.6413 
        H199  1 0.3889 0.6111 
        H200  1 0.5399 0.4601 
        H414  1 0.4183 0.5817 
        H415  1 0.4528 0.5472 
        H422  1 0.5187 0.4813 
        H423  1 0.6502 0.3498 
        H424  1 0.3647 0.6353 
        H425  1 0.3922 0.6078 
        H426  1 0.3495 0.6505 
        H443  1 0.4683 0.5317 
        H466  1 0.5181 0.4819 
        H467  1 0.5790 0.4210 
        H472  1 0.4910 0.5090 
        H483  1 0.4866 0.5134 
        H504  1 0.3564 0.6436 
        H505  1 0.5735 0.4265 
        H506  1 0.4919 0.5081 
        H507  1 0.3462 0.6538 
        H508  1 0.4555 0.5445 
        H524  1 0.4060 0.5940 
        H525  1 0.4946 0.5054 
        H526  1 0.5499 0.4501 
        H527  1 0.5885 0.4115 
        H528  1 0.3894 0.6106 
        H529  1 0.4069 0.5931 
        H533  1 0.3313 0.6687 
        H538  1 0.5724 0.4276 
        H539  1 0.3770 0.6230 
        H540  1 0.5240 0.4760 
        H541  1 0.5439 0.4561 
        H558  1 0.3568 0.6432 
        H559  1 0.5590 0.4410 
        H579  1 0.4634 0.5366 
        H584  1 0.4125 0.5875 
        H585  1 0.4311 0.5689 
        H605  1 0.5467 0.4533 
        H606  1 0.6817 0.3183 
        H632  1 0.4317 0.5683 
        H634  1 0.4667 0.5333 
        H671  1 0.6055 0.3945 
        H672  1 0.4627 0.5373 
        H673  1 0.5051 0.4949 
        H689  1 0.4681 0.5319 
        H690  1 0.6479 0.3521 
        H691  1 0.5787 0.4213 
        H692  1 0.3101 0.6899 
        H709  1 0.4862 0.5138 
        H710  1 0.3538 0.6462 
       H7355  1 0.5097 0.4903 
       H7356  1 0.4598 0.5402 
       H7357  1 0.5821 0.4179 
       H7358  1 0.4416 0.5584 
       H7380  1 0.5174 0.4826 
       H7381  1 0.5584 0.4416 
       H7382  1 0.4871 0.5129 
        H904  1 0.7337 0.2663 
        H923  1 0.4752 0.5248 
        H924  1 0.5631 0.4369 
        H925  1 0.5320 0.4680 
       H9558  1 0.3396 0.6604 
        H008  2 0.4136 0.5864 
        H021  2 0.6047 0.3953 
        H023  2 0.6585 0.3415 
        H024  2 0.3253 0.6747 
        H025  2 0.5126 0.4874 
        H026  2 0.3558 0.6442 
        H027  2 0.5245 0.4755 
        H028  2 0.4341 0.5659 
        H029  2 0.3820 0.6180 
        H030  2 0.3348 0.6652 
        H038  2 0.5492 0.4508 
        H039  2 0.7302 0.2698 
        H040  2 0.4903 0.5097 
        H041  2 0.5315 0.4685 
        H042  2 0.5583 0.4417 
        H043  2 0.5270 0.4730 
        H044  2 0.3426 0.6574 
        H047  2 0.5252 0.4748 
        H050  2 0.3639 0.6361 
        H058  2 0.4781 0.5219 
        H062  2 0.6491 0.3509 
        H063  2 0.6131 0.3869 
        H065  2 0.4975 0.5025 
        H066  2 0.3899 0.6101 
        H067  2 0.5313 0.4687 
        H068  2 0.5413 0.4587 
        H069  2 0.4028 0.5972 
        H071  2 0.6125 0.3875 
        H072  2 0.6476 0.3524 
        H073  2 0.4898 0.5102 
        H081  2 0.6399 0.3601 
        H082  2 0.3423 0.6577 
        H083  2 0.3862 0.6138 
        H084  2 0.4642 0.5358 
        H085  2 0.5811 0.4189 
        H087  2 0.6295 0.3705 
        H088  2 0.6208 0.3792 
        H089  2 0.5195 0.4805 
        H090  2 0.3751 0.6249 
        H091  2 0.4207 0.5793 
        H098  2 0.4200 0.5800 
      H10001  2 0.7285 0.2715 
      H10002  2 0.6633 0.3367 
        H101  2 0.3245 0.6755 
        H108  2 0.6882 0.3118 
        H109  2 0.4756 0.5244 
        H110  2 0.5276 0.4724 
        H116  2 0.3986 0.6014 
        H117  2 0.4750 0.5250 
        H118  2 0.3820 0.6180 
        H119  2 0.6129 0.3871 
        H120  2 0.7249 0.2751 
        H121  2 0.4257 0.5743 
        H125  2 0.7126 0.2874 
        H126  2 0.4373 0.5627 
        H128  2 0.2230 0.7770 
        H129  2 0.3436 0.6564 
        H130  2 0.5057 0.4943 
        H133  2 0.6160 0.3840 
        H134  2 0.3033 0.6967 
        H135  2 0.5581 0.4419 
        H137  2 0.4498 0.5502 
        H138  2 0.3786 0.6214 
        H140  2 0.4920 0.5080 
        H146  2 0.4114 0.5886 
        H147  2 0.4887 0.5113 
        H148  2 0.5563 0.4437 
     H166022  2 0.3954 0.6046 
     H167359  2 0.4612 0.5388 
     H167397  2 0.2722 0.7278 
     H167428  2 0.3871 0.6129 
     H167496  2 0.6899 0.3101 
     H167513  2 0.3904 0.6096 
     H167545  2 0.3671 0.6329 
     H167547  2 0.2510 0.7490 
     H169621  2 0.4090 0.5910 
     H169622  2 0.4234 0.5766 
     H169750  2 0.4630 0.5370 
     H171806  2 0.5243 0.4757 
     H171808  2 0.4849 0.5151 
     H171809  2 0.5825 0.4175 
     H171813  2 0.4683 0.5317 
     H171815  2 0.6038 0.3962 
     H171824  2 0.6831 0.3169 
     H171825  2 0.4883 0.5117 
     H171826  2 0.5862 0.4138 
     H171827  2 0.5430 0.4570 
     H171828  2 0.7449 0.2551 
     H171829  2 0.4494 0.5506 
     H171830  2 0.4561 0.5439 
     H171831  2 0.3475 0.6525 
     H171832  2 0.4461 0.5539 
     H171863  2 0.2940 0.7060 
     H171864  2 0.5059 0.4941 
     H171865  2 0.5702 0.4298 
     H171879  2 0.4172 0.5828 
     H171880  2 0.3930 0.6070 
     H171881  2 0.5065 0.4935 
     H171882  2 0.6907 0.3093 
     H171929  2 0.5060 0.4940 
     H171930  2 0.3124 0.6876 
     H171933  2 0.4460 0.5540 
     H171934  2 0.5875 0.4125 
     H171937  2 0.3788 0.6212 
     H171962  2 0.5295 0.4705 
        H190  2 0.4427 0.5573 
        H191  2 0.4850 0.5150 
        H396  2 0.6039 0.3961 
        H397  2 0.4467 0.5533 
        H398  2 0.5495 0.4505 
        H400  2 0.5478 0.4522 
        H401  2 0.2822 0.7178 
        H402  2 0.3939 0.6061 
        H427  2 0.5556 0.4444 
        H428  2 0.3976 0.6024 
        H497  2 0.4833 0.5167 
        H512  2 0.4804 0.5196 
        H513  2 0.3934 0.6066 
        H514  2 0.4250 0.5750 
        H519  2 0.4125 0.5875 
        H532  2 0.5153 0.4847 
        H543  2 0.4093 0.5907 
        H544  2 0.4082 0.5918 
        H545  2 0.3443 0.6557 
        H546  2 0.5417 0.4583 
        H547  2 0.2473 0.7527 
        H548  2 0.5043 0.4957 
        H549  2 0.3540 0.6460 
        H620  2 0.7220 0.2780 
        H623  2 0.3947 0.6053 
        H624  2 0.4860 0.5140 
        H625  2 0.5146 0.4854 
        H626  2 0.4803 0.5197 
        H654  2 0.6685 0.3315 
        H655  2 0.5618 0.4382 
        H656  2 0.7114 0.2886 
        H666  2 0.6189 0.3811 
        H667  2 0.5182 0.4818 
        H677  2 0.5138 0.4862 
        H693  2 0.7034 0.2966 
        H694  2 0.3767 0.6233 
        H701  2 0.4136 0.5864 
        H702  2 0.5263 0.4737 
        H731  2 0.6117 0.3883 
       H7359  2 0.4704 0.5296 
       H7389  2 0.4780 0.5220 
       H7390  2 0.5909 0.4091 
       H7391  2 0.6282 0.3718 
       H7392  2 0.5072 0.4928 
       H7393  2 0.5237 0.4763 
       H7398  2 0.5635 0.4365 
       H7399  2 0.4592 0.5408 
       H7400  2 0.6930 0.3070 
        H745  2 0.3545 0.6455 
        H746  2 0.4445 0.5555 
        H747  2 0.5659 0.4341 
        H748  2 0.4569 0.5431 
       H7484  2 0.6445 0.3555 
       H7485  2 0.4033 0.5967 
        H749  2 0.3940 0.6060 
        H930  2 0.3259 0.6741 
        H931  2 0.5362 0.4638 
        H932  2 0.5161 0.4839 
        H111  3 0.3498 0.6502 
        H951  3 0.3754 0.6246 
        H952  3 0.4502 0.5498 
        H953  3 0.5163 0.4837 
        H954  3 0.6001 0.3999 
        H955  3 0.3569 0.6431 
        H956  3 0.5187 0.4813 
       H9563  3 0.5899 0.4101 
        H002  4 0.5884 0.4116 
        H003  4 0.5090 0.4910 
        H009  4 0.3701 0.6299 
        H010  4 0.5145 0.4855 
        H011  4 0.7043 0.2957 
        H012  4 0.4857 0.5143 
        H013  4 0.6102 0.3898 
        H014  4 0.4996 0.5004 
        H045  4 0.6161 0.3839 
        H046  4 0.4592 0.5408 
        H051  4 0.6550 0.3450 
        H052  4 0.4854 0.5146 
        H053  4 0.5481 0.4519 
        H056  4 0.5572 0.4428 
        H076  4 0.4331 0.5669 
        H151  4 0.6488 0.3512 
        H152  4 0.5719 0.4281 
     H171803  4 0.5874 0.4126 
     H171804  4 0.5640 0.4360 
     H171833  4 0.3498 0.6502 
     H171855  4 0.5812 0.4188 
     H171856  4 0.4661 0.5339 
     H171857  4 0.5576 0.4424 
     H171858  4 0.4938 0.5062 
     H171859  4 0.5142 0.4858 
     H171961  4 0.6239 0.3761 
        H198  4 0.3831 0.6169 
      H20001  4 0.3540 0.6460 
        H403  4 0.4527 0.5473 
        H404  4 0.5030 0.4970 
        H405  4 0.4475 0.5525 
        H406  4 0.3288 0.6712 
        H407  4 0.5608 0.4392 
        H410  4 0.3831 0.6169 
        H411  4 0.3603 0.6397 
        H468  4 0.3641 0.6359 
        H476  4 0.4241 0.5759 
        H477  4 0.3409 0.6591 
        H478  4 0.4429 0.5571 
        H479  4 0.5942 0.4058 
        H480  4 0.3221 0.6779 
        H498  4 0.5044 0.4956 
        H499  4 0.5146 0.4854 
        H500  4 0.6588 0.3412 
        H515  4 0.5452 0.4548 
        H516  4 0.4578 0.5422 
        H517  4 0.4314 0.5686 
        H518  4 0.4729 0.5271 
        H520  4 0.5361 0.4639 
        H521  4 0.5171 0.4829 
        H522  4 0.4965 0.5035 
        H523  4 0.4871 0.5129 
        H536  4 0.5477 0.4523 
        H645  4 0.6761 0.3239 
        H646  4 0.3627 0.6373 
        H647  4 0.4322 0.5678 
        H657  4 0.3976 0.6024 
        H658  4 0.5053 0.4947 
        H659  4 0.6511 0.3489 
        H660  4 0.5219 0.4781 
        H661  4 0.5379 0.4621 
        H668  4 0.4875 0.5125 
        H669  4 0.5640 0.4360 
        H670  4 0.6662 0.3338 
        H678  4 0.4665 0.5335 
        H679  4 0.3828 0.6172 
        H680  4 0.4628 0.5372 
        H681  4 0.5755 0.4245 
        H682  4 0.4483 0.5517 
        H683  4 0.4797 0.5203 
        H718  4 0.6225 0.3775 
        H719  4 0.5728 0.4272 
        H720  4 0.5156 0.4844 
        H721  4 0.5063 0.4937 
        H722  4 0.4695 0.5305 
        H723  4 0.6400 0.3600 
        H724  4 0.6402 0.3598 
        H725  4 0.6033 0.3967 
        H726  4 0.6005 0.3995 
        H727  4 0.6354 0.3646 
        H910  4 0.5919 0.4081 
        H911  4 0.4200 0.5800 
        H912  4 0.4686 0.5314 
        H913  4 0.5409 0.4591 
        H914  4 0.6775 0.3225 
        H915  4 0.4470 0.5530 
        H916  4 0.4158 0.5842 
       H9572  4 0.4962 0.5038 
        H015  5 0.3727 0.6273 
        H016  5 0.3936 0.6064 
        H017  5 0.4262 0.5738 
        H019  5 0.4325 0.5675 
        H020  5 0.5285 0.4715 
        H032  5 0.4855 0.5145 
        H033  5 0.4848 0.5152 
        H034  5 0.6632 0.3368 
        H035  5 0.4545 0.5455 
        H036  5 0.4383 0.5617 
        H037  5 0.5928 0.4072 
        H048  5 0.6555 0.3445 
        H049  5 0.4324 0.5676 
        H054  5 0.5470 0.4530 
        H055  5 0.6073 0.3927 
        H057  5 0.4628 0.5372 
        H060  5 0.5740 0.4260 
        H061  5 0.4791 0.5209 
        H064  5 0.5659 0.4341 
        H070  5 0.6222 0.3778 
        H077  5 0.5965 0.4035 
        H078  5 0.5102 0.4898 
        H079  5 0.4629 0.5371 
        H097  5 0.4235 0.5765 
        H107  5 0.7453 0.2547 
        H122  5 0.4344 0.5656 
        H123  5 0.3718 0.6282 
        H124  5 0.4377 0.5623 
        H131  5 0.4426 0.5574 
        H132  5 0.5776 0.4224 
        H141  5 0.5425 0.4575 
        H142  5 0.4091 0.5909 
        H157  5 0.6335 0.3665 
        H158  5 0.3416 0.6584 
        H159  5 0.3617 0.6383 
        H160  5 0.4496 0.5504 
        H163  5 0.4353 0.5647 
        H164  5 0.4595 0.5405 
        H165  5 0.4540 0.5460 
        H166  5 0.4541 0.5459 
        H169  5 0.5169 0.4831 
     H169613  5 0.4941 0.5059 
     H169653  5 0.4480 0.5520 
     H169728  5 0.4049 0.5951 
     H169742  5 0.6255 0.3745 
        H170  5 0.4072 0.5928 
        H171  5 0.3986 0.6014 
     H171851  5 0.4641 0.5359 
     H171852  5 0.5311 0.4689 
     H171853  5 0.5529 0.4471 
     H171854  5 0.4295 0.5705 
     H171938  5 0.6166 0.3834 
     H171939  5 0.4141 0.5859 
     H171941  5 0.6893 0.3107 
     H171965  5 0.4551 0.5449 
     H171970  5 0.6776 0.3224 
     H171973  5 0.4936 0.5064 
     H171974  5 0.5650 0.4350 
     H171975  5 0.5940 0.4060 
     H171976  5 0.3748 0.6252 
        H175  5 0.6494 0.3506 
        H178  5 0.5806 0.4194 
        H189  5 0.3527 0.6473 
        H399  5 0.3652 0.6348 
        H416  5 0.5535 0.4465 
        H438  5 0.5560 0.4440 
        H450  5 0.6311 0.3689 
        H455  5 0.7178 0.2822 
        H456  5 0.5818 0.4182 
        H457  5 0.5436 0.4564 
        H458  5 0.6025 0.3975 
        H459  5 0.3916 0.6084 
        H460  5 0.4817 0.5183 
        H461  5 0.4054 0.5946 
        H462  5 0.4769 0.5231 
        H469  5 0.4115 0.5885 
        H470  5 0.5239 0.4761 
        H471  5 0.3058 0.6942 
        H481  5 0.6640 0.3360 
        H482  5 0.5517 0.4483 
        H501  5 0.5354 0.4646 
        H502  5 0.3699 0.6301 
        H503  5 0.4384 0.5616 
        H509  5 0.5810 0.4190 
        H510  5 0.5416 0.4584 
        H511  5 0.4229 0.5771 
        H530  5 0.5988 0.4012 
        H531  5 0.5443 0.4557 
        H564  5 0.5282 0.4718 
        H565  5 0.6208 0.3792 
        H567  5 0.3296 0.6704 
     H568???  5 0.3748 0.6252 
        H608  5 0.6337 0.3663 
        H609  5 0.5770 0.4230 
        H612  5 0.6973 0.3027 
        H614  5 0.6044 0.3956 
        H615  5 0.5426 0.4574 
        H616  5 0.7479 0.2521 
        H617  5 0.4164 0.5836 
        H618  5 0.6351 0.3649 
        H619  5 0.5488 0.4512 
        H635  5 0.4984 0.5016 
        H636  5 0.5722 0.4278 
        H637  5 0.5877 0.4123 
        H644  5 0.2581 0.7419 
        H711  5 0.3916 0.6084 
        H712  5 0.6743 0.3257 
       H7360  5 0.4487 0.5513 
       H7361  5 0.5974 0.4026 
       H7362  5 0.3067 0.6933 
       H7363  5 0.5220 0.4780 
       H7394  5 0.3914 0.6086 
       H7395  5 0.5935 0.4065 
       H7396  5 0.4930 0.5070 
        H742  5 0.6286 0.3714 
        H743  5 0.5308 0.4692 
        H744  5 0.6565 0.3435 
        H957  5 0.4145 0.5855 
        H958  5 0.4276 0.5724 
        H959  5 0.6736 0.3264 
        H960  5 0.5285 0.4715 
      H_PALI  6 0.4679 0.5321 
        H581  6 0.5035 0.4965 
        H582  6 0.5803 0.4197 
        H583  6 0.5230 0.4770 
        H595  6 0.3079 0.6921 
        H596  6 0.3527 0.6473 
        H597  6 0.4020 0.5980 
        H598  6 0.5510 0.4490 
        H599  6 0.6205 0.3795 
        H642  6 0.3254 0.6746 
        H643  6 0.5316 0.4684 
        H664  6 0.4992 0.5008 
        H665  6 0.5971 0.4029 
        H674  6 0.2958 0.7042 
        H675  6 0.4994 0.5006 
        H676  6 0.3709 0.6291 
        H686  6 0.4494 0.5506 
        H687  6 0.4698 0.5302 
        H917  6 0.4190 0.5810 
        H918  6 0.5655 0.4345 
        H919  6 0.6860 0.3140 
        H920  6 0.5590 0.4410 
        H631  7 0.5994 0.4006 
        H684  7 0.3802 0.6198 
        H685  7 0.5178 0.4822 
        H713  7 0.6091 0.3909 
        H715  7 0.4288 0.5712 
        H716  7 0.6318 0.3682 
        H717  7 0.5522 0.4478 
        H729  7 0.4468 0.5532 
        H730  7 0.6152 0.3848 
        H431  8 0.5719 0.4281 
        H432  8 0.3759 0.6241 
        H433  8 0.4718 0.5282 
        H434  8 0.4824 0.5176 
        H444  8 0.5332 0.4668 
        H454  8 0.6653 0.3347 
        H475  8 0.6358 0.3642 
        H491  8 0.6072 0.3928 
        H492  8 0.5679 0.4321 
        H493  8 0.4275 0.5725 
        H494  8 0.5027 0.4973 
        H495  8 0.5371 0.4629 
        H662  8 0.4120 0.5880 
        H663  8 0.5494 0.4506 
        H695  8 0.5801 0.4199 
       H7367  8 0.3892 0.6108 
       H7368  8 0.4322 0.5678 
       H7369  8 0.5888 0.4112 
       H7370  8 0.3007 0.6993 
       H7371  8 0.4965 0.5035 
        H600  9 0.6017 0.3983 
        H648  9 0.4568 0.5432 
        H696  9 0.2636 0.7364 
        H697  9 0.5084 0.4916 
        H698  9 0.4191 0.5809 
        H699  9 0.4787 0.5213 
        H700  9 0.6589 0.3411 
        H732  9 0.5827 0.4173 
        H733  9 0.4201 0.5799 
        H734  9 0.3177 0.6823 
        H735  9 0.4030 0.5970 
        H736  9 0.4899 0.5101 
        H737  9 0.5652 0.4348 
        H905  9 0.6579 0.3421 
        H921  9 0.6219 0.3781 
        H922  9 0.3630 0.6370 
     H169705 10 0.4174 0.5826 
     H171942 10 0.3717 0.6283 
     H171943 10 0.4357 0.5643 
     H171944 10 0.5003 0.4997 
     H171946 10 0.4842 0.5158 
     H171947 10 0.4531 0.5469 
     H229641 10 0.4587 0.5413 
      H30001 10 0.5500 0.4500 
      H30002 10 0.5393 0.4607 
      H30005 10 0.4633 0.5367 
      H30006 10 0.3640 0.6360 
      H30007 10 0.3356 0.6644 
        H451 10 0.4195 0.5805 
        H452 10 0.4073 0.5927 
        H453 10 0.6213 0.3787 
        H473 10 0.5695 0.4305 
        H474 10 0.5719 0.4281 
        H486 10 0.5495 0.4505 
        H487 10 0.5890 0.4110 
        H488 10 0.6129 0.3871 
        H489 10 0.6147 0.3853 
        H550 10 0.3559 0.6441 
        H551 10 0.5567 0.4433 
        H553 10 0.5394 0.4606 
        H554 10 0.4435 0.5565 
        H556 10 0.4625 0.5375 
        H580 10 0.5046 0.4954 
        H591 10 0.6769 0.3231 
        H592 10 0.5210 0.4790 
        H593 10 0.4593 0.5407 
        H594 10 0.3278 0.6722 
        H627 10 0.4434 0.5566 
        H628 10 0.4864 0.5136 
        H629 10 0.4146 0.5854 
        H630 10 0.4322 0.5678 
        H638 10 0.4014 0.5986 
        H639 10 0.5260 0.4740 
        H640 10 0.3707 0.6293 
        H704 10 0.4312 0.5688 
        H705 10 0.4206 0.5794 
        H706 10 0.6864 0.3136 
        H708 10 0.6120 0.3880 
       H7351 10 0.4346 0.5654 
       H7352 10 0.5018 0.4982 
       H7353 10 0.3778 0.6222 
       H7354 10 0.6337 0.3663 
       H7365 10 0.6323 0.3677 
       H7383 10 0.6236 0.3764 
       H7384 10 0.6138 0.3862 
       H7385 10 0.6233 0.3767 
       H7386 10 0.5222 0.4778 
       H7387 10 0.4948 0.5052 
       H7388 10 0.4758 0.5242 
        H906 10 0.5883 0.4117 
        H907 10 0.3423 0.6577 
        H908 10 0.5085 0.4915 
        H909 10 0.6194 0.3806 
       H9552 10 0.4756 0.5244 
       H9553 10 0.5070 0.4930 
       H9555 10 0.4732 0.5268 
       H9575 10 0.5614 0.4386 
       H9703 10 0.6443 0.3557 
       H9707 10 0.5641 0.4359 
       HSAA4 10 0.5043 0.4957 
        H001 11 0.6015 0.3985 
        H004 11 0.4931 0.5069 
        H005 11 0.6928 0.3072 
        H006 11 0.5540 0.4460 
        H007 11 0.7012 0.2988 
        H031 11 0.6780 0.3220 
        H074 11 0.5374 0.4626 
        H075 11 0.6903 0.3097 
        H080 11 0.6140 0.3860 
        H086 11 0.5292 0.4708 
        H092 11 0.5723 0.4277 
        H093 11 0.3599 0.6401 
        H094 11 0.3790 0.6210 
        H095 11 0.5961 0.4039 
        H096 11 0.6291 0.3709 
        H099 11 0.5689 0.4311 
        H100 11 0.4295 0.5705 
        H127 11 0.5528 0.4472 
        H136 11 0.6427 0.3573 
        H153 11 0.4459 0.5541 
        H154 11 0.5783 0.4217 
        H155 11 0.4633 0.5367 
        H156 11 0.3980 0.6020 
        H161 11 0.4590 0.5410 
        H162 11 0.3731 0.6269 
        H167 11 0.5129 0.4871 
        H168 11 0.5044 0.4956 
     H169586 11 0.4502 0.5498 
     H169738 11 0.5061 0.4939 
     H169741 11 0.5579 0.4421 
     H171801 11 0.3942 0.6058 
     H171810 11 0.5649 0.4351 
     H171811 11 0.5405 0.4595 
     H171812 11 0.6545 0.3455 
     H171820 11 0.5884 0.4116 
     H171821 11 0.4614 0.5386 
     H171822 11 0.4937 0.5063 
     H171823 11 0.5264 0.4736 
     H171866 11 0.4293 0.5707 
     H171867 11 0.4946 0.5054 
     H171967 11 0.6478 0.3522 
     H171969 11 0.5242 0.4758 
        H172 11 0.4980 0.5020 
        H173 11 0.5554 0.4446 
        H174 11 0.3205 0.6795 
        H196 11 0.4411 0.5589 
        H197 11 0.4852 0.5148 
        H346 11 0.6123 0.3877 
        H355 11 0.5799 0.4201 
        H356 11 0.5493 0.4507 
        H357 11 0.6035 0.3965 
        H358 11 0.6110 0.3890 
        H359 11 0.4809 0.5191 
        H360 11 0.5308 0.4692 
        H361 11 0.5167 0.4833 
        H362 11 0.3290 0.6710 
        H363 11 0.6354 0.3646 
        H364 11 0.5291 0.4709 
        H365 11 0.5097 0.4903 
        H366 11 0.4555 0.5445 
        H367 11 0.5742 0.4258 
        H368 11 0.3387 0.6613 
        H369 11 0.6740 0.3260 
        H370 11 0.4308 0.5692 
        H371 11 0.4627 0.5373 
        H372 11 0.5241 0.4759 
        H373 11 0.5423 0.4577 
        H374 11 0.6375 0.3625 
        H375 11 0.5977 0.4023 
        H376 11 0.4331 0.5669 
        H377 11 0.5479 0.4521 
        H378 11 0.5504 0.4496 
        H379 11 0.4652 0.5348 
        H380 11 0.4725 0.5275 
        H381 11 0.5145 0.4855 
        H382 11 0.3302 0.6698 
        H383 11 0.4479 0.5521 
        H384 11 0.5753 0.4247 
        H385 11 0.5432 0.4568 
        H386 11 0.5905 0.4095 
        H387 11 0.4309 0.5691 
        H388 11 0.4178 0.5822 
        H389 11 0.5949 0.4051 
        H390 11 0.4500 0.5500 
        H391 11 0.3913 0.6087 
        H392 11 0.7006 0.2994 
        H393 11 0.3954 0.6046 
        H394 11 0.3295 0.6705 
        H395 11 0.6160 0.3840 
        H408 11 0.6080 0.3920 
        H412 11 0.4559 0.5441 
        H417 11 0.5516 0.4484 
        H418 11 0.4506 0.5494 
        H429 11 0.5456 0.4544 
        H430 11 0.4656 0.5344 
        H439 11 0.5627 0.4373 
        H440 11 0.6767 0.3233 
        H441 11 0.4064 0.5936 
        H442 11 0.4599 0.5401 
        H446 11 0.4882 0.5118 
        H447 11 0.4903 0.5097 
        H448 11 0.5482 0.4518 
        H534 11 0.6606 0.3394 
        H537 11 0.5867 0.4133 
        H568 11 0.6432 0.3568 
        H569 11 0.3431 0.6569 
        H586 11 0.4219 0.5781 
        H587 11 0.6724 0.3276 
        H588 11 0.3944 0.6056 
        H589 11 0.6714 0.3286 
        H590 11 0.5969 0.4031 
        H601 11 0.3870 0.6130 
        H602 11 0.5550 0.4450 
        H603 11 0.4860 0.5140 
        H610 11 0.5625 0.4375 
        H611 11 0.4945 0.5055 
        H649 11 0.5265 0.4735 
        H650 11 0.3418 0.6582 
        H651 11 0.5702 0.4298 
        H652 11 0.4926 0.5074 
       H7364 11 0.5008 0.4992 
       H7366 11 0.5899 0.4101 
       H7378 11 0.2216 0.7784 
       H7379 11 0.5004 0.4996 
        H739 11 0.5531 0.4469 
        H740 11 0.3923 0.6077 
        H741 11 0.5631 0.4369 
        H926 11 0.4150 0.5850 
        H927 11 0.4353 0.5647 
        H928 11 0.4191 0.5809 
       H9560 11 0.4287 0.5713 
        H409 12 0.4536 0.5464 
        H413 12 0.3230 0.6770 
        H419 12 0.5214 0.4786 
        H420 12 0.5757 0.4243 
        H421 12 0.3851 0.6149 
        H435 12 0.4425 0.5575 
        H436 12 0.5928 0.4072 
        H437 12 0.5915 0.4085 
        H445 12 0.5262 0.4738 
        H449 12 0.4498 0.5502 
        H463 12 0.5664 0.4336 
        H464 12 0.3468 0.6532 
        H465 12 0.3597 0.6403 
        H490 12 0.3534 0.6466 
        H561 12 0.4449 0.5551 
        H562 12 0.6127 0.3873 
        H563 12 0.5881 0.4119 
        H570 12 0.6465 0.3535 
        H571 12 0.4169 0.5831 
        H572 12 0.5330 0.4670 
        H573 12 0.4756 0.5244 
       H7372 12 0.4127 0.5873 
       H7373 12 0.3367 0.6633 
       H7374 12 0.6135 0.3865 
       H7375 12 0.5958 0.4042 
       H7376 12 0.5420 0.4580 
       H7377 12 0.5339 0.4661 
