        H102  1 0.0495 0.0778 0.0847 0.1787 0.0633 0.0290 0.0873 0.3639 0.0659 
        H103  1 0.1146 0.1260 0.3998 0.0737 0.0608 0.0730 0.0716 0.0614 0.0190 
        H104  1 0.0956 0.0771 0.0541 0.0821 0.0869 0.2053 0.0750 0.0783 0.2456 
        H105  1 0.1151 0.1179 0.1209 0.1689 0.0355 0.0713 0.1403 0.1117 0.1185 
        H106  1 0.0878 0.1011 0.1936 0.0748 0.1416 0.0463 0.1052 0.1177 0.1319 
        H112  1 0.0751 0.1124 0.0612 0.1587 0.0844 0.0936 0.0817 0.1932 0.1398 
        H113  1 0.2454 0.0962 0.0561 0.0873 0.0578 0.1549 0.0782 0.1454 0.0786 
        H114  1 0.2399 0.0957 0.0933 0.1086 0.0597 0.1357 0.0952 0.1407 0.0311 
        H115  1 0.0607 0.0575 0.0656 0.1797 0.0512 0.1634 0.0866 0.2567 0.0785 
        H143  1 0.0944 0.1298 0.1157 0.1849 0.0321 0.0610 0.1200 0.2065 0.0556 
        H144  1 0.0428 0.2285 0.1158 0.1946 0.0427 0.0666 0.2427 0.0408 0.0254 
        H145  1 0.1135 0.1265 0.1125 0.1829 0.0435 0.0366 0.0749 0.2854 0.0243 
        H149  1 0.0538 0.0897 0.0768 0.1026 0.1669 0.1003 0.0909 0.0854 0.2336 
        H150  1 0.1309 0.1977 0.0855 0.0851 0.0442 0.1445 0.1116 0.1424 0.0581 
     H167542  1 0.0493 0.0654 0.1990 0.0628 0.0391 0.0893 0.3630 0.0639 0.0682 
     H169604  1 0.0671 0.1146 0.1067 0.1321 0.0507 0.2151 0.1233 0.1166 0.0738 
     H169607  1 0.0892 0.1481 0.1740 0.1540 0.0631 0.1043 0.1467 0.0663 0.0543 
     H169608  1 0.0326 0.0365 0.0548 0.1839 0.0402 0.0313 0.0534 0.4577 0.1096 
     H169633  1 0.1824 0.1210 0.0904 0.0962 0.0526 0.1526 0.1683 0.0954 0.0411 
     H169688  1 0.0396 0.1766 0.0793 0.2303 0.2222 0.0677 0.0833 0.0648 0.0363 
     H169714  1 0.0970 0.0888 0.0840 0.1066 0.1786 0.1569 0.0819 0.1146 0.0916 
     H171802  1 0.0855 0.0837 0.0797 0.0647 0.1308 0.2427 0.0602 0.0493 0.2034 
     H171805  1 0.1301 0.1414 0.2972 0.1008 0.0901 0.0458 0.0928 0.0718 0.0300 
     H171807  1 0.0506 0.1158 0.0863 0.1266 0.0686 0.1271 0.1033 0.1124 0.2094 
     H171814  1 0.1675 0.1508 0.0470 0.1070 0.0588 0.2559 0.0882 0.0958 0.0289 
     H171816  1 0.0888 0.1200 0.0919 0.1461 0.0999 0.0948 0.0840 0.1591 0.1155 
     H171817  1 0.1640 0.0924 0.0899 0.1086 0.1027 0.0867 0.0777 0.1332 0.1447 
     H171818  1 0.1309 0.1284 0.1012 0.1363 0.1355 0.0711 0.1467 0.0756 0.0742 
     H171819  1 0.2618 0.1074 0.0869 0.0856 0.0817 0.0678 0.0841 0.1232 0.1014 
     H171834  1 0.1004 0.1279 0.1188 0.1523 0.0635 0.0712 0.1231 0.1957 0.0470 
     H171835  1 0.0409 0.0698 0.0393 0.0588 0.3373 0.1627 0.0519 0.0887 0.1507 
     H171836  1 0.2077 0.1348 0.2199 0.1067 0.0454 0.1079 0.0915 0.0646 0.0215 
     H171837  1 0.0875 0.0892 0.0744 0.1194 0.1028 0.1138 0.1787 0.1323 0.1018 
     H171838  1 0.2210 0.1146 0.2049 0.0965 0.0890 0.0503 0.0560 0.1407 0.0271 
     H171839  1 0.0813 0.1040 0.0676 0.0795 0.1655 0.1973 0.1130 0.0866 0.1050 
     H171841  1 0.0348 0.0650 0.0441 0.0994 0.0659 0.0260 0.0504 0.1371 0.4773 
     H171860  1 0.1012 0.1036 0.0908 0.1332 0.0480 0.1582 0.1059 0.1665 0.0926 
     H171861  1 0.2160 0.1063 0.2650 0.1282 0.0422 0.0518 0.0979 0.0648 0.0279 
     H171862  1 0.1285 0.1424 0.1210 0.1099 0.0701 0.0947 0.0911 0.1842 0.0582 
     H171868  1 0.0954 0.0975 0.1118 0.1435 0.0501 0.0622 0.1915 0.1909 0.0571 
     H171869  1 0.0632 0.2206 0.0971 0.1350 0.1567 0.0701 0.1389 0.0794 0.0389 
     H171870  1 0.0397 0.1279 0.0883 0.1494 0.2637 0.0828 0.0940 0.0732 0.0809 
     H171871  1 0.1413 0.1160 0.1317 0.1161 0.1097 0.1971 0.0724 0.0868 0.0288 
     H171872  1 0.1347 0.0870 0.0675 0.1047 0.0799 0.1943 0.0671 0.1339 0.1308 
     H171873  1 0.0619 0.1523 0.1898 0.0917 0.1907 0.0925 0.1030 0.0554 0.0628 
     H171874  1 0.0643 0.1589 0.0909 0.2909 0.0513 0.0701 0.1451 0.0915 0.0371 
     H171875  1 0.1887 0.1345 0.1544 0.1731 0.0270 0.0847 0.1509 0.0525 0.0342 
     H171876  1 0.0587 0.1451 0.1199 0.1723 0.0459 0.1594 0.1727 0.0772 0.0488 
     H171877  1 0.0734 0.0518 0.1354 0.0767 0.0643 0.0847 0.3588 0.0786 0.0763 
     H171878  1 0.0437 0.1262 0.0938 0.1565 0.2801 0.0537 0.1005 0.0935 0.0520 
     H171901  1 0.0540 0.0839 0.0790 0.1146 0.2126 0.1360 0.0672 0.1322 0.1204 
     H171902  1 0.0596 0.1828 0.1030 0.1314 0.0870 0.0467 0.1338 0.1145 0.1412 
     H171903  1 0.0928 0.1228 0.0866 0.1682 0.1093 0.1874 0.0715 0.1197 0.0417 
     H171935  1 0.0605 0.1284 0.0620 0.0984 0.2739 0.0906 0.0589 0.1152 0.1122 
     H171936  1 0.2520 0.0975 0.0801 0.1131 0.0574 0.1252 0.1536 0.0797 0.0414 
     H171940  1 0.0574 0.1170 0.1242 0.1176 0.0622 0.0454 0.2273 0.0971 0.1518 
     H171945  1 0.0706 0.1917 0.0889 0.1583 0.1436 0.0573 0.0990 0.0785 0.1121 
     H171948  1 0.1193 0.1014 0.1082 0.1284 0.0581 0.0774 0.0736 0.1567 0.1769 
     H171949  1 0.0538 0.0822 0.0695 0.0844 0.1058 0.0877 0.1244 0.0842 0.3081 
     H171950  1 0.0459 0.0564 0.0722 0.0951 0.2558 0.1193 0.0454 0.1406 0.1693 
     H171963  1 0.0687 0.1121 0.0892 0.1146 0.3310 0.0507 0.0983 0.1097 0.0256 
     H171964  1 0.0922 0.2714 0.0869 0.1717 0.0595 0.0408 0.1289 0.1102 0.0383 
     H171966  1 0.1137 0.1180 0.1017 0.0990 0.2471 0.0404 0.0918 0.1200 0.0684 
     H171968  1 0.0447 0.1381 0.1172 0.1945 0.0736 0.0413 0.1377 0.1184 0.1345 
     H171971  1 0.1468 0.1382 0.0954 0.1316 0.1230 0.0867 0.0612 0.1675 0.0496 
     H171972  1 0.0983 0.1578 0.0846 0.1652 0.0504 0.1989 0.0952 0.1261 0.0234 
     H171977  1 0.0809 0.1780 0.1573 0.0812 0.1261 0.0771 0.1806 0.0749 0.0439 
     H171978  1 0.0715 0.1380 0.1087 0.1230 0.1163 0.0638 0.0824 0.1429 0.1534 
     H171979  1 0.1590 0.1606 0.1459 0.1544 0.0655 0.1125 0.0832 0.0910 0.0280 
        H176  1 0.2300 0.0883 0.0592 0.1409 0.0417 0.0804 0.0837 0.2031 0.0728 
        H177  1 0.0389 0.0749 0.0825 0.1090 0.1416 0.0579 0.0997 0.1212 0.2742 
        H179  1 0.0865 0.0880 0.1166 0.0909 0.1022 0.0838 0.1556 0.0730 0.2034 
        H181  1 0.1227 0.1995 0.0760 0.1196 0.1041 0.0755 0.1162 0.1188 0.0676 
        H182  1 0.1329 0.1097 0.3138 0.1427 0.0321 0.0374 0.0863 0.1212 0.0240 
        H183  1 0.1209 0.1341 0.2795 0.1181 0.0624 0.0740 0.0936 0.0550 0.0623 
        H184  1 0.1450 0.0951 0.1008 0.1479 0.0547 0.0517 0.0997 0.1020 0.2030 
        H185  1 0.1692 0.1457 0.1128 0.1348 0.0727 0.0553 0.1300 0.1165 0.0630 
        H186  1 0.0343 0.2211 0.0744 0.2118 0.0865 0.0450 0.1629 0.0937 0.0701 
        H187  1 0.1179 0.0909 0.2113 0.1079 0.1579 0.0734 0.0961 0.0692 0.0752 
        H188  1 0.0554 0.0618 0.1231 0.0601 0.0698 0.1013 0.2784 0.0491 0.2009 
        H192  1 0.0813 0.1185 0.1021 0.1028 0.1354 0.0578 0.1029 0.1045 0.1947 
        H193  1 0.0701 0.1270 0.1698 0.1572 0.0762 0.0318 0.1470 0.1936 0.0274 
        H194  1 0.1473 0.1408 0.0995 0.1024 0.0924 0.1169 0.1027 0.1000 0.0980 
        H195  1 0.0435 0.1624 0.0781 0.2637 0.1361 0.0640 0.1096 0.1038 0.0388 
        H199  1 0.0667 0.1905 0.1681 0.1776 0.0838 0.0669 0.1245 0.0646 0.0574 
        H200  1 0.1054 0.1054 0.0830 0.0823 0.0617 0.1793 0.1379 0.0724 0.1726 
        H414  1 0.0628 0.1390 0.1294 0.1111 0.1320 0.1857 0.0694 0.1220 0.0487 
        H415  1 0.2465 0.1071 0.0721 0.1260 0.0468 0.1662 0.0814 0.1074 0.0465 
        H422  1 0.0837 0.2133 0.1035 0.1314 0.0549 0.0433 0.1052 0.1574 0.1072 
        H423  1 0.0387 0.0452 0.0360 0.0413 0.0650 0.0396 0.0412 0.0515 0.6414 
        H424  1 0.0993 0.2188 0.1792 0.1205 0.1040 0.0708 0.0874 0.0662 0.0540 
        H425  1 0.0609 0.2588 0.1014 0.1705 0.1317 0.0713 0.1297 0.0453 0.0304 
        H426  1 0.0551 0.2393 0.1634 0.1841 0.0665 0.0514 0.1198 0.0683 0.0520 
        H443  1 0.0247 0.2471 0.0907 0.2189 0.0358 0.0480 0.2285 0.0770 0.0292 
        H466  1 0.0653 0.1228 0.0879 0.1143 0.1816 0.1388 0.1064 0.0965 0.0863 
        H467  1 0.0549 0.1184 0.0540 0.0761 0.2741 0.0745 0.0794 0.0888 0.1799 
        H472  1 0.1090 0.1276 0.0882 0.1041 0.0971 0.1142 0.1579 0.0722 0.1297 
        H483  1 0.0959 0.1377 0.0948 0.1395 0.0499 0.0750 0.2564 0.0862 0.0645 
        H504  1 0.1253 0.2232 0.1655 0.1259 0.0756 0.0741 0.0987 0.0715 0.0402 
        H505  1 0.0583 0.0992 0.1018 0.1171 0.1293 0.1147 0.1950 0.0699 0.1148 
        H506  1 0.0878 0.1142 0.0682 0.1794 0.0468 0.0514 0.1664 0.2109 0.0749 
        H507  1 0.1182 0.1389 0.1364 0.1068 0.1158 0.1333 0.1575 0.0738 0.0193 
        H508  1 0.0649 0.1122 0.0607 0.0512 0.3801 0.0839 0.0769 0.0717 0.0985 
        H524  1 0.0810 0.0921 0.1235 0.0781 0.0787 0.3049 0.1422 0.0562 0.0433 
        H525  1 0.0628 0.1061 0.0870 0.2158 0.0785 0.0585 0.1700 0.1826 0.0385 
        H526  1 0.1277 0.0946 0.1309 0.1212 0.0285 0.0970 0.2307 0.0675 0.1020 
        H527  1 0.0646 0.0930 0.0962 0.1769 0.1129 0.0506 0.0867 0.1686 0.1503 
        H528  1 0.2214 0.1538 0.1549 0.0911 0.0304 0.0987 0.0907 0.1199 0.0392 
        H529  1 0.1053 0.1765 0.1735 0.0816 0.1047 0.0812 0.1690 0.0835 0.0248 
        H533  1 0.1670 0.0873 0.2044 0.0911 0.1308 0.1216 0.0636 0.1158 0.0183 
        H538  1 0.0513 0.1170 0.1149 0.0919 0.0535 0.2037 0.1807 0.0847 0.1024 
        H539  1 0.0594 0.0889 0.1709 0.1435 0.2977 0.0468 0.0726 0.0815 0.0386 
        H540  1 0.1129 0.1176 0.1320 0.1331 0.1022 0.1001 0.1290 0.1150 0.0582 
        H541  1 0.0864 0.1033 0.1028 0.1119 0.0812 0.1911 0.1911 0.0799 0.0524 
        H558  1 0.2079 0.0925 0.3530 0.0958 0.0504 0.0372 0.0566 0.0600 0.0465 
        H559  1 0.0752 0.1008 0.0784 0.2237 0.0329 0.0430 0.1903 0.1605 0.0952 
        H579  1 0.1148 0.1083 0.1880 0.2459 0.0327 0.0398 0.0919 0.1319 0.0468 
        H584  1 0.0686 0.2216 0.1376 0.1338 0.0734 0.0950 0.1413 0.0845 0.0443 
        H585  1 0.1431 0.1780 0.0976 0.0980 0.1459 0.0878 0.1090 0.0786 0.0619 
        H605  1 0.0704 0.1024 0.1696 0.0889 0.0706 0.0768 0.0986 0.0734 0.2492 
        H606  1 0.0384 0.0769 0.0675 0.1423 0.0692 0.0513 0.1024 0.1613 0.2907 
        H632  1 0.0853 0.1676 0.0711 0.1634 0.0533 0.0409 0.1556 0.2367 0.0262 
        H634  1 0.0743 0.1329 0.2715 0.1110 0.0595 0.0679 0.1270 0.0856 0.0704 
        H671  1 0.0698 0.0820 0.0484 0.0603 0.0971 0.0569 0.0514 0.0558 0.4782 
        H672  1 0.0739 0.0703 0.0613 0.0504 0.0617 0.5250 0.0545 0.0404 0.0624 
        H673  1 0.0518 0.2041 0.1343 0.1282 0.0315 0.0605 0.2504 0.0789 0.0602 
        H689  1 0.1128 0.1872 0.1131 0.1210 0.0438 0.0884 0.2071 0.0834 0.0433 
        H690  1 0.0716 0.0690 0.0700 0.1878 0.0758 0.1136 0.0661 0.2652 0.0808 
        H691  1 0.0490 0.1000 0.1037 0.1295 0.0772 0.1564 0.2347 0.1017 0.0477 
        H692  1 0.1480 0.2810 0.1582 0.1036 0.0267 0.0949 0.1152 0.0505 0.0218 
        H709  1 0.0632 0.1048 0.1369 0.1180 0.0898 0.2406 0.0687 0.1273 0.0507 
        H710  1 0.1533 0.1584 0.3007 0.0905 0.0260 0.0724 0.0930 0.0792 0.0264 
       H7355  1 0.2546 0.0624 0.0988 0.1315 0.0413 0.0548 0.1153 0.2091 0.0321 
       H7356  1 0.0733 0.1549 0.3048 0.0839 0.0508 0.0804 0.1088 0.0857 0.0575 
       H7357  1 0.0757 0.1003 0.1238 0.1093 0.1159 0.0951 0.1126 0.1362 0.1313 
       H7358  1 0.0508 0.0827 0.1493 0.0979 0.0421 0.1098 0.3518 0.0535 0.0621 
       H7380  1 0.1273 0.1446 0.0880 0.1567 0.0503 0.0621 0.1163 0.2038 0.0509 
       H7381  1 0.0548 0.2173 0.0864 0.0968 0.0848 0.0746 0.1069 0.1363 0.1420 
       H7382  1 0.0720 0.1405 0.0851 0.1836 0.0577 0.0906 0.1402 0.1918 0.0386 
        H904  1 0.0363 0.0591 0.0417 0.1131 0.1186 0.0583 0.0811 0.1086 0.3831 
        H923  1 0.0978 0.1393 0.0868 0.1063 0.0780 0.0891 0.1782 0.0861 0.1383 
        H924  1 0.0454 0.1167 0.1354 0.0944 0.0700 0.0887 0.1806 0.0882 0.1806 
        H925  1 0.0644 0.1026 0.1558 0.0932 0.0531 0.0745 0.3414 0.0525 0.0625 
       H9558  1 0.2009 0.0881 0.4099 0.0910 0.0355 0.0321 0.0447 0.0585 0.0394 
        H008  2 0.2366 0.1015 0.1471 0.0860 0.0433 0.1288 0.1280 0.0944 0.0343 
        H021  2 0.0429 0.0942 0.0760 0.1015 0.1725 0.1855 0.1103 0.1169 0.1003 
        H023  2 0.0497 0.0758 0.1733 0.0867 0.1385 0.0412 0.1895 0.1005 0.1447 
        H024  2 0.3437 0.1105 0.0660 0.0466 0.0316 0.1848 0.0522 0.1292 0.0355 
        H025  2 0.0534 0.1295 0.0985 0.0953 0.0555 0.0643 0.1117 0.0635 0.3283 
        H026  2 0.1071 0.2681 0.0697 0.1182 0.0549 0.1663 0.1315 0.0560 0.0282 
        H027  2 0.0524 0.0960 0.0693 0.0984 0.0992 0.3333 0.1514 0.0623 0.0377 
        H028  2 0.1584 0.1671 0.1208 0.1425 0.0487 0.0956 0.1165 0.0787 0.0717 
        H029  2 0.2450 0.1188 0.0786 0.1116 0.0512 0.1316 0.1345 0.0942 0.0346 
        H030  2 0.1739 0.1366 0.0685 0.1427 0.0597 0.2078 0.0655 0.1173 0.0279 
        H038  2 0.0414 0.0663 0.0561 0.1170 0.4694 0.0495 0.0803 0.0663 0.0539 
        H039  2 0.0273 0.0304 0.0202 0.0374 0.0388 0.0244 0.0244 0.0395 0.7575 
        H040  2 0.0534 0.0653 0.0693 0.0819 0.4409 0.1064 0.0387 0.0548 0.0894 
        H041  2 0.2710 0.0833 0.1160 0.0593 0.0313 0.1221 0.1286 0.0852 0.1031 
        H042  2 0.1058 0.1230 0.1497 0.1051 0.0625 0.0653 0.1533 0.0894 0.1459 
        H043  2 0.0320 0.0630 0.0515 0.1285 0.3677 0.0369 0.0371 0.1254 0.1580 
        H044  2 0.1990 0.1320 0.1786 0.1474 0.0845 0.0678 0.0629 0.0945 0.0333 
        H047  2 0.1366 0.0990 0.2068 0.0829 0.0555 0.0734 0.0733 0.0898 0.1827 
        H050  2 0.1101 0.0782 0.0644 0.0538 0.0510 0.5073 0.0443 0.0646 0.0263 
        H058  2 0.0610 0.0904 0.0759 0.0667 0.4259 0.0707 0.0641 0.0777 0.0677 
        H062  2 0.0340 0.0790 0.1530 0.1443 0.0847 0.0371 0.2849 0.0792 0.1037 
        H063  2 0.0690 0.0814 0.0745 0.0719 0.1606 0.0856 0.1041 0.0951 0.2578 
        H065  2 0.0477 0.2976 0.0920 0.1132 0.0480 0.0347 0.1775 0.0572 0.1321 
        H066  2 0.2256 0.1160 0.1338 0.0756 0.1490 0.0855 0.0670 0.1078 0.0398 
        H067  2 0.0818 0.1707 0.1214 0.1251 0.0727 0.0753 0.1794 0.1206 0.0530 
        H068  2 0.0426 0.0908 0.1114 0.0703 0.1633 0.0740 0.1312 0.0877 0.2287 
        H069  2 0.0579 0.1203 0.1097 0.1826 0.2062 0.0832 0.1222 0.0688 0.0490 
        H071  2 0.0593 0.1170 0.0928 0.1445 0.1340 0.1229 0.1029 0.1264 0.1003 
        H072  2 0.0707 0.0527 0.0599 0.0659 0.0592 0.0557 0.0547 0.0776 0.5037 
        H073  2 0.0888 0.2117 0.1312 0.1355 0.1319 0.0961 0.0954 0.0600 0.0493 
        H081  2 0.1006 0.0790 0.0856 0.0918 0.0387 0.1122 0.1950 0.0922 0.2048 
        H082  2 0.1581 0.1076 0.1669 0.1197 0.0903 0.1288 0.0722 0.1236 0.0327 
        H083  2 0.1039 0.1380 0.1287 0.2281 0.0561 0.1043 0.1078 0.0934 0.0397 
        H084  2 0.1240 0.1108 0.0681 0.0905 0.2491 0.1226 0.0761 0.0918 0.0669 
        H085  2 0.0496 0.0665 0.0679 0.0875 0.0317 0.4103 0.1701 0.0558 0.0606 
        H087  2 0.1247 0.0862 0.1473 0.1312 0.0309 0.0579 0.1941 0.1418 0.0859 
        H088  2 0.0740 0.0976 0.0920 0.1379 0.0954 0.0867 0.1383 0.0981 0.1800 
        H089  2 0.0602 0.0954 0.0967 0.1102 0.0846 0.1145 0.3158 0.0571 0.0655 
        H090  2 0.0800 0.0668 0.0624 0.0465 0.0318 0.5583 0.0559 0.0419 0.0564 
        H091  2 0.0399 0.0446 0.0418 0.0544 0.0327 0.6611 0.0700 0.0322 0.0232 
        H098  2 0.3084 0.0912 0.1192 0.0588 0.0588 0.0786 0.0804 0.1098 0.0947 
      H10001  2 0.0197 0.0277 0.0202 0.0429 0.0535 0.0313 0.0284 0.0628 0.7136 
      H10002  2 0.0544 0.0874 0.0878 0.1644 0.0851 0.0592 0.1001 0.2411 0.1205 
        H101  2 0.1089 0.0592 0.0604 0.0359 0.0701 0.5459 0.0397 0.0510 0.0289 
        H108  2 0.0396 0.0686 0.0742 0.0713 0.0271 0.0263 0.1546 0.0684 0.4698 
        H109  2 0.1907 0.1037 0.0720 0.0813 0.1708 0.1098 0.0542 0.1090 0.1085 
        H110  2 0.1752 0.0960 0.1227 0.1643 0.0346 0.0793 0.1023 0.1820 0.0436 
        H116  2 0.1668 0.1903 0.1113 0.1192 0.0810 0.0977 0.0990 0.0918 0.0430 
        H117  2 0.2676 0.0773 0.0517 0.0527 0.0491 0.2989 0.0617 0.1083 0.0328 
        H118  2 0.0693 0.0944 0.0573 0.0778 0.0284 0.4987 0.0949 0.0528 0.0264 
        H119  2 0.3486 0.0735 0.0460 0.0694 0.0700 0.0747 0.0737 0.1495 0.0945 
        H120  2 0.0413 0.0474 0.0512 0.0457 0.0416 0.0396 0.1528 0.0703 0.5101 
        H121  2 0.0484 0.0676 0.0522 0.0343 0.0314 0.6308 0.0767 0.0270 0.0316 
        H125  2 0.0332 0.0302 0.0291 0.0305 0.1428 0.0394 0.0313 0.0376 0.6259 
        H126  2 0.1360 0.2332 0.2279 0.0876 0.0301 0.0331 0.0726 0.0438 0.1356 
        H128  2 0.0590 0.0487 0.0268 0.0421 0.0283 0.7096 0.0374 0.0345 0.0136 
        H129  2 0.0658 0.2323 0.1661 0.1231 0.1056 0.0503 0.1684 0.0558 0.0327 
        H130  2 0.0540 0.1250 0.1046 0.1122 0.0733 0.0334 0.0737 0.2241 0.1997 
        H133  2 0.0415 0.0748 0.0395 0.0721 0.0958 0.0566 0.0566 0.0831 0.4800 
        H134  2 0.0905 0.3506 0.1114 0.1471 0.0242 0.0354 0.1610 0.0550 0.0249 
        H135  2 0.1043 0.1263 0.1544 0.1372 0.0538 0.0865 0.1362 0.0856 0.1157 
        H137  2 0.1906 0.0915 0.0875 0.0498 0.0806 0.2297 0.0514 0.1034 0.1156 
        H138  2 0.0943 0.1908 0.1420 0.2016 0.0611 0.0484 0.0954 0.1437 0.0227 
        H140  2 0.0998 0.1206 0.0715 0.0873 0.0281 0.3500 0.0639 0.0611 0.1176 
        H146  2 0.0596 0.0540 0.0280 0.0637 0.0228 0.6691 0.0366 0.0341 0.0321 
        H147  2 0.1558 0.0896 0.0871 0.1123 0.0504 0.2462 0.0970 0.1099 0.0517 
        H148  2 0.1904 0.0832 0.0667 0.1105 0.0624 0.2105 0.0746 0.1543 0.0474 
     H166022  2 0.2113 0.1312 0.1747 0.0939 0.0635 0.0779 0.1031 0.1128 0.0314 
     H167359  2 0.1560 0.1295 0.0978 0.1921 0.0589 0.0877 0.0975 0.1019 0.0786 
     H167397  2 0.3978 0.0954 0.0569 0.0856 0.0291 0.0993 0.0835 0.1372 0.0151 
     H167428  2 0.0765 0.0854 0.1532 0.0650 0.0187 0.1945 0.3460 0.0364 0.0245 
     H167496  2 0.0461 0.0565 0.0506 0.0537 0.0773 0.0968 0.0709 0.0529 0.4953 
     H167513  2 0.0712 0.0500 0.0366 0.0562 0.5026 0.0446 0.0376 0.1615 0.0397 
     H167545  2 0.1294 0.0909 0.4374 0.0845 0.0561 0.0394 0.0703 0.0677 0.0243 
     H167547  2 0.5698 0.0442 0.0314 0.0308 0.0431 0.0389 0.0205 0.2043 0.0169 
     H169621  2 0.1176 0.1063 0.0790 0.1054 0.0520 0.3380 0.0745 0.0939 0.0334 
     H169622  2 0.0615 0.1317 0.0992 0.2460 0.0941 0.0674 0.1494 0.1230 0.0278 
     H169750  2 0.0673 0.1360 0.0918 0.1503 0.1373 0.1307 0.0726 0.0975 0.1165 
     H171806  2 0.1310 0.0813 0.0485 0.0871 0.0862 0.2800 0.0921 0.1091 0.0846 
     H171808  2 0.0507 0.1364 0.1208 0.1386 0.0970 0.0848 0.2157 0.0738 0.0820 
     H171809  2 0.1251 0.1086 0.1181 0.1284 0.0585 0.0556 0.1541 0.1456 0.1059 
     H171813  2 0.0681 0.1233 0.1168 0.1198 0.1620 0.0792 0.1121 0.1656 0.0531 
     H171815  2 0.0434 0.0795 0.0651 0.0924 0.2382 0.0418 0.0618 0.0714 0.3064 
     H171824  2 0.0927 0.0827 0.0827 0.0964 0.0839 0.1184 0.1293 0.1552 0.1588 
     H171825  2 0.0803 0.1434 0.1468 0.1993 0.0847 0.0586 0.1572 0.0890 0.0408 
     H171826  2 0.1720 0.1061 0.0722 0.1292 0.1161 0.0669 0.1104 0.1231 0.1041 
     H171827  2 0.0517 0.0820 0.0804 0.1389 0.2586 0.0991 0.0902 0.1674 0.0317 
     H171828  2 0.0392 0.0395 0.0308 0.0482 0.0672 0.0679 0.0780 0.0975 0.5317 
     H171829  2 0.0913 0.1818 0.0974 0.0938 0.1372 0.0979 0.0901 0.1096 0.1011 
     H171830  2 0.2409 0.0794 0.1286 0.0856 0.0763 0.0916 0.0819 0.1061 0.1096 
     H171831  2 0.1574 0.2118 0.1016 0.1148 0.0791 0.0485 0.1335 0.1258 0.0276 
     H171832  2 0.1229 0.0934 0.2333 0.1977 0.0418 0.0418 0.0776 0.1350 0.0565 
     H171863  2 0.1512 0.2099 0.1361 0.1586 0.0716 0.0761 0.1071 0.0660 0.0234 
     H171864  2 0.1670 0.0845 0.0927 0.0619 0.1192 0.1525 0.1167 0.1131 0.0924 
     H171865  2 0.0928 0.0818 0.0827 0.0716 0.0946 0.0434 0.0818 0.0607 0.3907 
     H171879  2 0.3135 0.0937 0.0572 0.0806 0.0529 0.1817 0.0645 0.0869 0.0691 
     H171880  2 0.2059 0.0818 0.0766 0.0743 0.0795 0.2890 0.0582 0.1006 0.0341 
     H171881  2 0.0850 0.1298 0.0976 0.1456 0.0813 0.0914 0.2204 0.1022 0.0467 
     H171882  2 0.0271 0.0317 0.0298 0.0325 0.0369 0.0310 0.0334 0.0323 0.7453 
     H171929  2 0.1326 0.1199 0.0758 0.1123 0.0648 0.1580 0.1378 0.1015 0.0973 
     H171930  2 0.1730 0.0684 0.4372 0.0600 0.0477 0.0819 0.0513 0.0565 0.0240 
     H171933  2 0.1195 0.1194 0.0762 0.1093 0.0969 0.2528 0.0954 0.0745 0.0559 
     H171934  2 0.1127 0.0899 0.1424 0.1150 0.0707 0.0928 0.1981 0.1262 0.0522 
     H171937  2 0.1580 0.1453 0.3337 0.0891 0.0345 0.0556 0.0639 0.0722 0.0477 
     H171962  2 0.0993 0.0979 0.1925 0.1611 0.0477 0.0630 0.2164 0.0752 0.0467 
        H190  2 0.1163 0.1408 0.2037 0.0890 0.1077 0.1017 0.1051 0.0801 0.0556 
        H191  2 0.1749 0.1263 0.0665 0.0627 0.1212 0.0682 0.1352 0.1214 0.1236 
        H396  2 0.0453 0.0738 0.1236 0.1094 0.0855 0.1070 0.2932 0.0515 0.1106 
        H397  2 0.0855 0.1171 0.1642 0.0990 0.0898 0.1983 0.0917 0.0979 0.0564 
        H398  2 0.0465 0.2036 0.0693 0.1350 0.1071 0.0674 0.2095 0.0760 0.0857 
        H400  2 0.0534 0.0959 0.1259 0.1410 0.0718 0.0789 0.2808 0.0829 0.0694 
        H401  2 0.5658 0.0388 0.0343 0.0240 0.0297 0.0602 0.0248 0.2026 0.0198 
        H402  2 0.1798 0.1060 0.1005 0.1460 0.1384 0.1257 0.0889 0.0865 0.0282 
        H427  2 0.1554 0.0906 0.1344 0.1432 0.0451 0.0596 0.1861 0.1060 0.0797 
        H428  2 0.0829 0.0594 0.1600 0.0754 0.0179 0.1899 0.3498 0.0341 0.0306 
        H497  2 0.0503 0.0638 0.0671 0.0839 0.4054 0.0415 0.0638 0.1269 0.0972 
        H512  2 0.2590 0.1077 0.0572 0.0957 0.1025 0.1106 0.0661 0.1432 0.0579 
        H513  2 0.0744 0.0452 0.0384 0.0453 0.5168 0.0366 0.0342 0.1730 0.0362 
        H514  2 0.0989 0.1860 0.1150 0.2052 0.0801 0.0584 0.0932 0.1178 0.0453 
        H519  2 0.0930 0.0526 0.0564 0.0610 0.4068 0.0514 0.0516 0.1766 0.0507 
        H532  2 0.1329 0.0960 0.1348 0.1726 0.0512 0.0947 0.2220 0.0673 0.0286 
        H543  2 0.1299 0.1355 0.1127 0.1111 0.0919 0.2284 0.0867 0.0771 0.0265 
        H544  2 0.0693 0.1988 0.1032 0.2338 0.0660 0.0417 0.1135 0.0731 0.1006 
        H545  2 0.1460 0.0728 0.5031 0.0701 0.0464 0.0356 0.0630 0.0397 0.0233 
        H546  2 0.0562 0.1193 0.0724 0.0551 0.1228 0.0430 0.1053 0.0638 0.3621 
        H547  2 0.5781 0.0516 0.0305 0.0262 0.0344 0.0369 0.0231 0.2020 0.0172 
        H548  2 0.1357 0.0982 0.1229 0.1173 0.0800 0.0964 0.2120 0.0763 0.0613 
        H549  2 0.0287 0.0390 0.0408 0.0674 0.6316 0.0364 0.0394 0.0890 0.0277 
        H620  2 0.0331 0.0337 0.0323 0.0378 0.0383 0.0226 0.0416 0.0333 0.7273 
        H623  2 0.1570 0.1311 0.3257 0.0824 0.0493 0.0637 0.0621 0.0544 0.0744 
        H624  2 0.0282 0.0739 0.1015 0.2418 0.2192 0.0340 0.0581 0.1717 0.0715 
        H625  2 0.0717 0.0996 0.1539 0.1059 0.0799 0.0652 0.2855 0.0696 0.0686 
        H626  2 0.1426 0.1167 0.0780 0.0649 0.2878 0.0631 0.0790 0.1163 0.0515 
        H654  2 0.0205 0.0458 0.0370 0.0675 0.3221 0.0203 0.0314 0.0543 0.4012 
        H655  2 0.0503 0.1104 0.1430 0.1525 0.0904 0.1069 0.0769 0.2146 0.0549 
        H656  2 0.0233 0.0350 0.0411 0.0388 0.0240 0.0205 0.0550 0.0302 0.7321 
        H666  2 0.0282 0.0470 0.0267 0.0339 0.0605 0.1335 0.0390 0.0346 0.5966 
        H667  2 0.1372 0.1030 0.0710 0.2217 0.1022 0.0394 0.1099 0.1833 0.0323 
        H677  2 0.1311 0.1255 0.1116 0.1910 0.0700 0.1025 0.1017 0.1182 0.0484 
        H693  2 0.0406 0.0484 0.1200 0.0548 0.0523 0.0304 0.2710 0.0623 0.3203 
        H694  2 0.1611 0.1186 0.3304 0.0671 0.0345 0.0865 0.0595 0.0413 0.1009 
        H701  2 0.1827 0.1174 0.1697 0.1186 0.0539 0.1780 0.0720 0.0731 0.0345 
        H702  2 0.1155 0.1186 0.0856 0.1075 0.1768 0.1066 0.0843 0.1371 0.0680 
        H731  2 0.0630 0.0866 0.0783 0.1230 0.0611 0.1793 0.0803 0.1372 0.1912 
       H7359  2 0.1480 0.1133 0.0873 0.1870 0.0765 0.1109 0.1013 0.0983 0.0774 
       H7389  2 0.1741 0.0929 0.0828 0.1087 0.1429 0.1132 0.1641 0.0820 0.0393 
       H7390  2 0.0377 0.0720 0.0407 0.0822 0.4576 0.0918 0.0504 0.0817 0.0859 
       H7391  2 0.2645 0.0651 0.1242 0.0631 0.0376 0.1106 0.1893 0.0753 0.0704 
       H7392  2 0.0451 0.1353 0.0821 0.1694 0.1144 0.1530 0.1528 0.0765 0.0714 
       H7393  2 0.0976 0.1157 0.0793 0.1221 0.1648 0.0978 0.0705 0.1581 0.0941 
       H7398  2 0.1930 0.0707 0.0964 0.0666 0.0377 0.2423 0.1048 0.0818 0.1066 
       H7399  2 0.0712 0.1407 0.1005 0.1936 0.0738 0.1796 0.1067 0.1060 0.0280 
       H7400  2 0.0234 0.0324 0.0394 0.0490 0.0531 0.0203 0.0426 0.0386 0.7013 
        H745  2 0.0848 0.3310 0.0451 0.0998 0.1211 0.0655 0.1074 0.1173 0.0280 
        H746  2 0.0818 0.1113 0.0926 0.2966 0.1061 0.0453 0.1069 0.1353 0.0240 
        H747  2 0.0481 0.0756 0.0534 0.0483 0.1736 0.2012 0.0523 0.0690 0.2786 
        H748  2 0.1443 0.1460 0.0920 0.1529 0.1278 0.0749 0.0775 0.1357 0.0488 
       H7484  2 0.0634 0.0470 0.0504 0.0486 0.0457 0.0475 0.0498 0.0538 0.5938 
       H7485  2 0.0643 0.0691 0.0552 0.0912 0.4230 0.0498 0.0878 0.1120 0.0475 
        H749  2 0.0733 0.1016 0.1149 0.2286 0.1853 0.0454 0.1360 0.0893 0.0257 
        H930  2 0.1618 0.0742 0.3991 0.0474 0.0654 0.1072 0.0549 0.0597 0.0303 
        H931  2 0.2016 0.1014 0.0854 0.0962 0.0366 0.1187 0.1752 0.0831 0.1019 
        H932  2 0.2629 0.1194 0.0458 0.0903 0.1032 0.1245 0.0780 0.1289 0.0470 
        H111  3 0.1443 0.1545 0.2813 0.0952 0.0716 0.0538 0.0851 0.0757 0.0385 
        H951  3 0.2358 0.1536 0.0988 0.0691 0.0789 0.0760 0.0934 0.1586 0.0357 
        H952  3 0.0666 0.1527 0.0654 0.0799 0.1121 0.3130 0.0909 0.0634 0.0559 
        H953  3 0.2395 0.0638 0.1119 0.0633 0.0533 0.1167 0.2139 0.0950 0.0427 
        H954  3 0.0802 0.0818 0.0510 0.1037 0.1423 0.0891 0.0577 0.1150 0.2792 
        H955  3 0.1295 0.1204 0.2970 0.1028 0.0733 0.1031 0.0869 0.0605 0.0263 
        H956  3 0.0411 0.0539 0.0477 0.0526 0.1093 0.5504 0.0449 0.0524 0.0476 
       H9563  3 0.2459 0.0721 0.0635 0.0620 0.0581 0.1225 0.1032 0.0992 0.1734 
        H002  4 0.0777 0.1069 0.2142 0.1173 0.0753 0.0243 0.0678 0.1369 0.1795 
        H003  4 0.0828 0.1577 0.0926 0.2537 0.0754 0.0528 0.1374 0.1150 0.0327 
        H009  4 0.0532 0.1153 0.0992 0.2363 0.1678 0.0933 0.0851 0.1182 0.0316 
        H010  4 0.1029 0.1577 0.0728 0.1220 0.0728 0.1773 0.1366 0.1018 0.0560 
        H011  4 0.0419 0.0591 0.0869 0.0663 0.0710 0.0383 0.1560 0.0760 0.4047 
        H012  4 0.1403 0.1119 0.0901 0.1833 0.0454 0.1142 0.1093 0.1669 0.0386 
        H013  4 0.0949 0.1032 0.0842 0.1057 0.0755 0.0780 0.1594 0.1001 0.1990 
        H014  4 0.1342 0.1261 0.1127 0.1402 0.0639 0.0703 0.1035 0.1929 0.0562 
        H045  4 0.1177 0.0547 0.1107 0.0624 0.0702 0.1052 0.1936 0.0591 0.2264 
        H046  4 0.0657 0.1911 0.1554 0.1674 0.0571 0.0656 0.1526 0.0991 0.0460 
        H051  4 0.0786 0.0890 0.0678 0.0773 0.0503 0.0650 0.1507 0.0832 0.3381 
        H052  4 0.0560 0.1201 0.0747 0.1012 0.0407 0.0535 0.1007 0.0923 0.3608 
        H053  4 0.0780 0.1228 0.0838 0.1240 0.1208 0.1574 0.0834 0.1550 0.0749 
        H056  4 0.0708 0.0873 0.0619 0.0634 0.0944 0.0332 0.0745 0.0913 0.4230 
        H076  4 0.1964 0.1966 0.0873 0.1105 0.0589 0.0563 0.1303 0.1226 0.0412 
        H151  4 0.0447 0.0816 0.0513 0.1200 0.2142 0.0585 0.0718 0.2227 0.1353 
        H152  4 0.0566 0.1347 0.1056 0.1157 0.0392 0.0412 0.1282 0.2067 0.1721 
     H171803  4 0.0410 0.0604 0.0764 0.0879 0.4941 0.0618 0.0597 0.0726 0.0461 
     H171804  4 0.1048 0.0907 0.0861 0.0844 0.1851 0.1045 0.0914 0.1186 0.1344 
     H171833  4 0.1573 0.1664 0.2643 0.1318 0.0539 0.0389 0.1045 0.0519 0.0310 
     H171855  4 0.0520 0.0827 0.0418 0.0616 0.3965 0.0294 0.0651 0.0828 0.1881 
     H171856  4 0.0442 0.0744 0.0573 0.0759 0.4100 0.1711 0.0529 0.0770 0.0372 
     H171857  4 0.1030 0.1105 0.0549 0.0818 0.1505 0.0640 0.0819 0.1204 0.2331 
     H171858  4 0.1117 0.1710 0.1044 0.1266 0.0393 0.0732 0.0972 0.1999 0.0768 
     H171859  4 0.1285 0.1433 0.0801 0.1266 0.0673 0.0915 0.1228 0.1333 0.1065 
     H171961  4 0.0592 0.1028 0.0887 0.0778 0.1662 0.0593 0.1516 0.0705 0.2240 
        H198  4 0.1062 0.1684 0.1381 0.2523 0.0427 0.0641 0.1384 0.0684 0.0213 
      H20001  4 0.1104 0.0894 0.3441 0.0751 0.1668 0.0267 0.0635 0.1055 0.0184 
        H403  4 0.1233 0.1274 0.0565 0.1045 0.2602 0.0753 0.0723 0.0975 0.0831 
        H404  4 0.0815 0.1418 0.0993 0.1639 0.0520 0.0855 0.1736 0.1688 0.0337 
        H405  4 0.1459 0.1879 0.1476 0.1067 0.0654 0.0614 0.1373 0.1104 0.0376 
        H406  4 0.4265 0.0817 0.0828 0.0356 0.0531 0.0466 0.0433 0.1526 0.0777 
        H407  4 0.1249 0.1094 0.0538 0.0698 0.1971 0.1837 0.0943 0.1059 0.0610 
        H410  4 0.5585 0.0364 0.0302 0.0233 0.0279 0.0789 0.0422 0.1818 0.0208 
        H411  4 0.1941 0.1000 0.1554 0.0968 0.0839 0.0360 0.0578 0.2486 0.0274 
        H468  4 0.0874 0.1322 0.2489 0.0691 0.2245 0.0738 0.0587 0.0468 0.0585 
        H476  4 0.0962 0.1019 0.1878 0.1153 0.1563 0.0979 0.0539 0.1148 0.0759 
        H477  4 0.0834 0.1760 0.2576 0.1083 0.1486 0.0354 0.0727 0.0996 0.0184 
        H478  4 0.0752 0.0925 0.1166 0.2240 0.1651 0.0397 0.1074 0.1515 0.0279 
        H479  4 0.0499 0.0988 0.1153 0.0932 0.0646 0.1038 0.1248 0.0736 0.2761 
        H480  4 0.1152 0.1333 0.2321 0.0959 0.1146 0.1098 0.0707 0.1040 0.0243 
        H498  4 0.0658 0.1678 0.1575 0.1871 0.0587 0.0749 0.1300 0.0801 0.0782 
        H499  4 0.0821 0.1045 0.2413 0.0938 0.1092 0.0382 0.1668 0.0983 0.0658 
        H500  4 0.0811 0.0592 0.0583 0.1049 0.2045 0.0816 0.0733 0.0893 0.2478 
        H515  4 0.1067 0.1090 0.1032 0.1205 0.1048 0.0787 0.0822 0.1877 0.1073 
        H516  4 0.1180 0.1372 0.1234 0.0973 0.0643 0.2141 0.0707 0.1128 0.0622 
        H517  4 0.4201 0.0762 0.0423 0.0565 0.0440 0.1087 0.0507 0.1494 0.0522 
        H518  4 0.0538 0.1675 0.0847 0.0709 0.0965 0.1012 0.0824 0.0824 0.2608 
        H520  4 0.0655 0.1079 0.0528 0.0658 0.2116 0.1434 0.0599 0.0823 0.2108 
        H521  4 0.0827 0.1244 0.1218 0.1027 0.1479 0.1079 0.1523 0.1005 0.0597 
        H522  4 0.0529 0.1220 0.1552 0.0738 0.2536 0.1183 0.0861 0.0990 0.0392 
        H523  4 0.0638 0.0910 0.0856 0.0981 0.0835 0.3360 0.0567 0.1189 0.0665 
        H536  4 0.0651 0.2427 0.1188 0.0984 0.0600 0.0730 0.1937 0.0721 0.0763 
        H645  4 0.0748 0.0723 0.1462 0.0943 0.0594 0.0407 0.3171 0.0653 0.1298 
        H646  4 0.0559 0.1022 0.0528 0.0668 0.0419 0.5249 0.0718 0.0556 0.0282 
        H647  4 0.0727 0.1182 0.0924 0.1651 0.1905 0.0914 0.1028 0.1192 0.0477 
        H657  4 0.2913 0.1299 0.0647 0.0851 0.0829 0.1169 0.0726 0.1272 0.0295 
        H658  4 0.0595 0.0872 0.1124 0.0754 0.1115 0.3336 0.0665 0.1071 0.0469 
        H659  4 0.0350 0.0476 0.0331 0.0670 0.5363 0.0396 0.0354 0.0785 0.1273 
        H660  4 0.0776 0.1166 0.1191 0.1859 0.1054 0.0647 0.0935 0.1559 0.0812 
        H661  4 0.0444 0.0928 0.0709 0.0880 0.4150 0.0382 0.0620 0.1101 0.0786 
        H668  4 0.1290 0.0965 0.1414 0.1861 0.0384 0.0624 0.1113 0.1964 0.0385 
        H669  4 0.1109 0.1103 0.0688 0.1146 0.0912 0.1953 0.0976 0.0919 0.1193 
        H670  4 0.0664 0.0645 0.1092 0.1675 0.0315 0.0465 0.1082 0.3072 0.0989 
        H678  4 0.0928 0.0951 0.0601 0.0828 0.3713 0.0736 0.0772 0.1051 0.0421 
        H679  4 0.2431 0.0900 0.1361 0.0888 0.0550 0.1855 0.0890 0.0690 0.0435 
        H680  4 0.0988 0.1225 0.0532 0.0603 0.3610 0.0322 0.0873 0.1483 0.0362 
        H681  4 0.0922 0.1042 0.0832 0.1565 0.0565 0.0661 0.1630 0.1294 0.1489 
        H682  4 0.2037 0.0892 0.1760 0.0983 0.1057 0.1262 0.0670 0.0925 0.0414 
        H683  4 0.0781 0.1155 0.0559 0.0940 0.0862 0.1384 0.0733 0.0814 0.2772 
        H718  4 0.0327 0.0568 0.0450 0.0386 0.0414 0.0937 0.0454 0.0377 0.6087 
        H719  4 0.0589 0.0772 0.1549 0.0686 0.0582 0.1158 0.2346 0.0498 0.1819 
        H720  4 0.0392 0.0918 0.1050 0.0836 0.2871 0.0273 0.1017 0.1177 0.1466 
        H721  4 0.0527 0.1590 0.0848 0.1225 0.2226 0.0445 0.1069 0.0986 0.1085 
        H722  4 0.0443 0.2482 0.0482 0.0819 0.1646 0.0681 0.0802 0.0801 0.1843 
        H723  4 0.2321 0.0706 0.0461 0.1018 0.0750 0.0717 0.0826 0.1052 0.2147 
        H724  4 0.0434 0.0594 0.0424 0.0398 0.1494 0.1264 0.0618 0.0550 0.4223 
        H725  4 0.0426 0.0742 0.0576 0.0426 0.1377 0.0661 0.0456 0.0582 0.4755 
        H726  4 0.1133 0.0979 0.0795 0.0966 0.0885 0.0862 0.0746 0.1116 0.2517 
        H727  4 0.0931 0.0926 0.0856 0.0851 0.1021 0.1140 0.1160 0.1253 0.1864 
        H910  4 0.0926 0.0864 0.1075 0.1018 0.1027 0.1213 0.0762 0.1522 0.1593 
        H911  4 0.4202 0.0863 0.0487 0.0470 0.0373 0.0970 0.0590 0.1325 0.0722 
        H912  4 0.1793 0.1165 0.1086 0.1088 0.1430 0.0550 0.0809 0.1040 0.1038 
        H913  4 0.0366 0.0732 0.0850 0.0579 0.1628 0.3812 0.0679 0.0819 0.0536 
        H914  4 0.0554 0.0624 0.0515 0.1315 0.1907 0.1403 0.0968 0.1856 0.0857 
        H915  4 0.2067 0.0984 0.1445 0.0900 0.1619 0.0651 0.0650 0.1139 0.0543 
        H916  4 0.1089 0.1422 0.2015 0.0780 0.1689 0.0696 0.0724 0.1204 0.0381 
       H9572  4 0.0635 0.0711 0.0526 0.0723 0.3778 0.0738 0.0745 0.1296 0.0846 
        H015  5 0.1437 0.1235 0.2898 0.1141 0.0639 0.0525 0.0893 0.0805 0.0427 
        H016  5 0.1099 0.2528 0.1061 0.1369 0.0754 0.0922 0.1208 0.0550 0.0508 
        H017  5 0.0443 0.0867 0.0902 0.0742 0.4334 0.0636 0.0718 0.1078 0.0280 
        H019  5 0.1159 0.1382 0.1838 0.1392 0.0438 0.0608 0.1205 0.1096 0.0884 
        H020  5 0.0336 0.0927 0.0948 0.0598 0.0710 0.1682 0.3150 0.0555 0.1095 
        H032  5 0.1650 0.1315 0.1345 0.1038 0.0639 0.0972 0.0654 0.1017 0.1371 
        H033  5 0.1305 0.0944 0.2041 0.1262 0.0473 0.1683 0.1199 0.0683 0.0410 
        H034  5 0.0936 0.0856 0.0714 0.1076 0.0587 0.0728 0.0765 0.2353 0.1987 
        H035  5 0.0854 0.1122 0.0740 0.0964 0.2825 0.1558 0.0797 0.0652 0.0489 
        H036  5 0.1398 0.1102 0.2109 0.0553 0.0702 0.1346 0.1292 0.0755 0.0743 
        H037  5 0.0408 0.0957 0.0913 0.1058 0.2158 0.1092 0.0990 0.1652 0.0772 
        H048  5 0.0746 0.0741 0.0887 0.0557 0.1596 0.0668 0.1375 0.0546 0.2884 
        H049  5 0.1363 0.0922 0.4334 0.0531 0.0385 0.0443 0.0955 0.0377 0.0690 
        H054  5 0.2195 0.1995 0.0553 0.0698 0.0505 0.1129 0.0890 0.1088 0.0946 
        H055  5 0.0674 0.1374 0.0688 0.1543 0.0690 0.0480 0.1508 0.2260 0.0783 
        H057  5 0.0392 0.3117 0.1301 0.1317 0.0995 0.0408 0.0973 0.0901 0.0596 
        H060  5 0.0370 0.0723 0.0578 0.1809 0.0353 0.0310 0.0869 0.4219 0.0769 
        H061  5 0.0956 0.1407 0.0862 0.2142 0.0826 0.0635 0.1175 0.1613 0.0383 
        H064  5 0.0458 0.1397 0.0514 0.1428 0.1397 0.0638 0.1512 0.0916 0.1740 
        H070  5 0.0700 0.0685 0.0674 0.1838 0.0444 0.0746 0.0660 0.3392 0.0861 
        H077  5 0.0646 0.0684 0.0658 0.0938 0.0633 0.0394 0.0513 0.1236 0.4298 
        H078  5 0.0490 0.1033 0.0480 0.0987 0.3386 0.0998 0.0755 0.1024 0.0847 
        H079  5 0.0514 0.0691 0.0683 0.0780 0.0718 0.4746 0.1040 0.0545 0.0282 
        H097  5 0.0706 0.1307 0.0889 0.1927 0.0751 0.0949 0.0715 0.1789 0.0966 
        H107  5 0.0349 0.0606 0.0537 0.0605 0.0904 0.0659 0.0847 0.0737 0.4756 
        H122  5 0.0600 0.1443 0.0867 0.1217 0.2202 0.0862 0.0916 0.1605 0.0289 
        H123  5 0.2990 0.1076 0.0866 0.0546 0.0799 0.1650 0.0756 0.1082 0.0234 
        H124  5 0.2496 0.1135 0.0671 0.1035 0.0581 0.1856 0.1012 0.0885 0.0328 
        H131  5 0.1211 0.1196 0.0940 0.0634 0.0524 0.3648 0.0865 0.0603 0.0378 
        H132  5 0.1252 0.1248 0.0958 0.1218 0.0834 0.0895 0.1416 0.1110 0.1069 
        H141  5 0.0653 0.0950 0.1032 0.1387 0.2483 0.0580 0.0967 0.1120 0.0828 
        H142  5 0.1035 0.1676 0.1798 0.1570 0.0526 0.0825 0.0958 0.1317 0.0294 
        H157  5 0.0678 0.0950 0.0670 0.0801 0.2101 0.1065 0.0799 0.0906 0.2028 
        H158  5 0.0896 0.1371 0.3154 0.0827 0.0647 0.1547 0.0813 0.0452 0.0293 
        H159  5 0.1660 0.1787 0.1454 0.1071 0.1043 0.0542 0.0895 0.1044 0.0503 
        H160  5 0.1037 0.1316 0.1475 0.0804 0.2033 0.1450 0.0622 0.0556 0.0707 
        H163  5 0.1791 0.1002 0.2683 0.0942 0.0421 0.0685 0.0659 0.1391 0.0425 
        H164  5 0.1754 0.1152 0.0946 0.2282 0.0589 0.0514 0.0997 0.1128 0.0636 
        H165  5 0.1158 0.1035 0.0719 0.1230 0.0597 0.2390 0.1918 0.0702 0.0250 
        H166  5 0.0626 0.0997 0.2672 0.0875 0.0459 0.1110 0.2094 0.0532 0.0636 
        H169  5 0.1350 0.0910 0.2711 0.1338 0.0458 0.0610 0.1062 0.1115 0.0446 
     H169613  5 0.0693 0.0998 0.1030 0.1399 0.0371 0.1347 0.1058 0.2233 0.0871 
     H169653  5 0.1010 0.1703 0.2427 0.0938 0.0308 0.1026 0.1229 0.0776 0.0582 
     H169728  5 0.1403 0.1353 0.2120 0.0916 0.1263 0.0668 0.0651 0.0954 0.0671 
     H169742  5 0.0235 0.0617 0.1744 0.0894 0.0504 0.0420 0.3970 0.0623 0.0992 
        H170  5 0.0880 0.1656 0.0891 0.2037 0.0525 0.0329 0.1366 0.1779 0.0536 
        H171  5 0.1075 0.2444 0.1147 0.1000 0.0770 0.0669 0.1305 0.1163 0.0426 
     H171851  5 0.0821 0.1387 0.1457 0.1737 0.0545 0.1010 0.1202 0.1016 0.0826 
     H171852  5 0.0650 0.1119 0.0546 0.1540 0.1546 0.0878 0.0730 0.0704 0.2288 
     H171853  5 0.1470 0.0984 0.0767 0.0818 0.1975 0.0932 0.0843 0.1161 0.1051 
     H171854  5 0.1923 0.1123 0.1470 0.1255 0.1047 0.0453 0.0740 0.0987 0.1002 
     H171938  5 0.1434 0.1092 0.1147 0.1256 0.0611 0.0773 0.1283 0.1196 0.1210 
     H171939  5 0.0747 0.1669 0.0913 0.1822 0.0731 0.1119 0.1921 0.0639 0.0440 
     H171941  5 0.0338 0.0849 0.0839 0.0840 0.0611 0.0711 0.1889 0.1173 0.2749 
     H171965  5 0.1028 0.1309 0.1523 0.2007 0.0344 0.0579 0.1068 0.1805 0.0338 
     H171970  5 0.0468 0.0478 0.0494 0.0609 0.0611 0.0505 0.0800 0.1087 0.4947 
     H171973  5 0.1328 0.1401 0.1252 0.1038 0.0763 0.0710 0.2161 0.0855 0.0493 
     H171974  5 0.0943 0.1027 0.0776 0.1399 0.0966 0.1112 0.1685 0.1695 0.0398 
     H171975  5 0.1303 0.0909 0.1194 0.0618 0.0514 0.0516 0.1610 0.1042 0.2294 
     H171976  5 0.1031 0.1223 0.3513 0.0818 0.0738 0.0257 0.0725 0.0524 0.1171 
        H175  5 0.0626 0.0887 0.0875 0.0928 0.1083 0.1246 0.1176 0.0694 0.2483 
        H178  5 0.0505 0.0975 0.1343 0.1266 0.0524 0.0975 0.2288 0.0879 0.1244 
        H189  5 0.1203 0.1146 0.0908 0.1340 0.0432 0.3144 0.0862 0.0702 0.0263 
        H399  5 0.1534 0.3221 0.0462 0.0568 0.1627 0.0681 0.0689 0.0651 0.0567 
        H416  5 0.1107 0.0975 0.1100 0.1210 0.1060 0.0429 0.2099 0.1096 0.0924 
        H438  5 0.1273 0.1118 0.1088 0.0873 0.1352 0.1377 0.1014 0.1029 0.0877 
        H450  5 0.0301 0.0523 0.0674 0.1864 0.0505 0.0233 0.0767 0.3945 0.1188 
        H455  5 0.0363 0.0470 0.0592 0.0531 0.0610 0.0539 0.1388 0.0793 0.4716 
        H456  5 0.0984 0.1009 0.1593 0.1501 0.0774 0.0684 0.1922 0.0837 0.0696 
        H457  5 0.0599 0.1388 0.0892 0.1165 0.0744 0.0392 0.0951 0.1430 0.2439 
        H458  5 0.0726 0.1215 0.0900 0.1202 0.1529 0.1097 0.1077 0.1405 0.0850 
        H459  5 0.1056 0.1291 0.1394 0.1198 0.0569 0.2510 0.1019 0.0722 0.0241 
        H460  5 0.0752 0.0818 0.1166 0.0961 0.3269 0.0703 0.0576 0.1020 0.0734 
        H461  5 0.1683 0.1178 0.3333 0.0907 0.0629 0.0397 0.0609 0.0718 0.0546 
        H462  5 0.1009 0.0946 0.2061 0.0915 0.0615 0.2021 0.1091 0.0833 0.0510 
        H469  5 0.2514 0.1234 0.1200 0.0833 0.0376 0.1472 0.0810 0.1158 0.0403 
        H470  5 0.1215 0.1060 0.0830 0.1129 0.2417 0.0728 0.0725 0.1283 0.0614 
        H471  5 0.1057 0.1566 0.0860 0.1167 0.0879 0.2523 0.0697 0.0900 0.0351 
        H481  5 0.0314 0.0576 0.0465 0.0633 0.0947 0.1282 0.0654 0.0597 0.4533 
        H482  5 0.0861 0.0801 0.0426 0.1679 0.0565 0.0444 0.0681 0.3375 0.1167 
        H501  5 0.0900 0.1058 0.1441 0.1654 0.1236 0.0768 0.1348 0.0641 0.0954 
        H502  5 0.1184 0.1438 0.2395 0.1348 0.0399 0.1038 0.0952 0.0968 0.0279 
        H503  5 0.1325 0.1471 0.2144 0.0843 0.1177 0.0786 0.0814 0.0939 0.0500 
        H509  5 0.1071 0.0717 0.0779 0.0548 0.1893 0.1239 0.0791 0.0801 0.2161 
        H510  5 0.1195 0.0910 0.2207 0.1378 0.0409 0.0274 0.1148 0.1438 0.1041 
        H511  5 0.1382 0.1315 0.1297 0.1582 0.0499 0.0746 0.1059 0.1751 0.0369 
        H530  5 0.1000 0.1193 0.0951 0.1118 0.0984 0.1417 0.1277 0.0863 0.1197 
        H531  5 0.0431 0.0936 0.0568 0.0836 0.3398 0.0683 0.0683 0.0826 0.1640 
        H564  5 0.0631 0.1032 0.1816 0.0870 0.1230 0.0287 0.1804 0.0779 0.1551 
        H565  5 0.0507 0.0688 0.1328 0.0835 0.1050 0.0210 0.1714 0.0611 0.3056 
        H567  5 0.0959 0.0937 0.0700 0.0433 0.0323 0.4782 0.1052 0.0512 0.0301 
     H568???  5 0.0993 0.1985 0.1590 0.1606 0.0644 0.0842 0.1263 0.0679 0.0398 
        H608  5 0.0345 0.0426 0.0550 0.1786 0.0388 0.0307 0.0616 0.4577 0.1004 
        H609  5 0.0506 0.0843 0.1227 0.0870 0.0434 0.1492 0.2960 0.0797 0.0871 
        H612  5 0.0557 0.0556 0.0612 0.0631 0.2058 0.0523 0.1653 0.0967 0.2443 
        H614  5 0.0458 0.0870 0.0653 0.1071 0.2010 0.0751 0.0538 0.0852 0.2797 
        H615  5 0.0420 0.0787 0.1066 0.1680 0.1309 0.0656 0.0620 0.1569 0.1893 
        H616  5 0.0343 0.0352 0.0386 0.0538 0.0561 0.0604 0.0557 0.0854 0.5806 
        H617  5 0.1712 0.1165 0.1785 0.1048 0.0750 0.1500 0.0940 0.0796 0.0304 
        H618  5 0.0863 0.0689 0.0816 0.0597 0.1209 0.0498 0.1046 0.0769 0.3513 
        H619  5 0.0336 0.0870 0.1386 0.1369 0.0427 0.0553 0.3579 0.0798 0.0681 
        H635  5 0.1266 0.1146 0.1455 0.1600 0.0347 0.0644 0.0902 0.1375 0.1265 
        H636  5 0.1002 0.0754 0.1177 0.1708 0.0509 0.0656 0.1578 0.2066 0.0549 
        H637  5 0.0298 0.0702 0.1037 0.1205 0.0550 0.0552 0.3115 0.0638 0.1903 
        H644  5 0.0982 0.2797 0.0822 0.0836 0.0288 0.2445 0.0910 0.0685 0.0234 
        H711  5 0.0751 0.1408 0.1304 0.2463 0.0940 0.0614 0.1019 0.1085 0.0416 
        H712  5 0.0512 0.0820 0.0806 0.0828 0.0552 0.1602 0.1899 0.1048 0.1932 
       H7360  5 0.0504 0.1584 0.0791 0.1873 0.1145 0.0691 0.1563 0.0816 0.1032 
       H7361  5 0.0928 0.1016 0.1298 0.0958 0.0636 0.0460 0.0773 0.1842 0.2087 
       H7362  5 0.1150 0.3095 0.1615 0.0462 0.0523 0.1101 0.1149 0.0620 0.0286 
       H7363  5 0.1021 0.1037 0.1423 0.0966 0.1271 0.0699 0.1109 0.1314 0.1161 
       H7394  5 0.1892 0.0814 0.2629 0.1093 0.0309 0.1388 0.0649 0.0936 0.0291 
       H7395  5 0.0567 0.1135 0.1110 0.1599 0.0852 0.0737 0.1638 0.1698 0.0666 
       H7396  5 0.0673 0.1092 0.1438 0.1145 0.0989 0.1786 0.1181 0.1187 0.0510 
        H742  5 0.0304 0.0541 0.1758 0.0851 0.0497 0.0410 0.4159 0.0567 0.0913 
        H743  5 0.0594 0.0829 0.0818 0.0962 0.0791 0.1306 0.2316 0.0503 0.1883 
        H744  5 0.0931 0.0651 0.0450 0.0517 0.0904 0.1224 0.0642 0.0793 0.3888 
        H957  5 0.0972 0.1253 0.2223 0.1972 0.0938 0.0344 0.0631 0.1237 0.0431 
        H958  5 0.0774 0.1113 0.1754 0.0864 0.1074 0.2132 0.0805 0.0874 0.0609 
        H959  5 0.0757 0.0786 0.0784 0.1021 0.0720 0.0474 0.1222 0.1502 0.2735 
        H960  5 0.1876 0.1228 0.1274 0.0758 0.0631 0.1012 0.1237 0.1128 0.0854 
      H_PALI  6 0.1090 0.1039 0.1640 0.1856 0.0728 0.0818 0.0883 0.1423 0.0523 
        H581  6 0.1023 0.1099 0.1649 0.1168 0.1653 0.0495 0.0966 0.0686 0.1261 
        H582  6 0.0420 0.0850 0.0877 0.0652 0.2948 0.0534 0.0661 0.0833 0.2224 
        H583  6 0.1017 0.1425 0.0905 0.1473 0.1648 0.0802 0.1034 0.0976 0.0721 
        H595  6 0.2837 0.1241 0.1729 0.0797 0.0789 0.0618 0.0695 0.1048 0.0246 
        H596  6 0.2826 0.0963 0.2074 0.0769 0.0528 0.0971 0.0571 0.1033 0.0264 
        H597  6 0.1818 0.1989 0.0987 0.0962 0.0571 0.0778 0.1308 0.1280 0.0306 
        H598  6 0.1156 0.1087 0.0909 0.1284 0.0741 0.1341 0.0764 0.1616 0.1102 
        H599  6 0.0422 0.0657 0.1181 0.0666 0.0572 0.0919 0.2704 0.0648 0.2229 
        H642  6 0.1952 0.1101 0.0597 0.0715 0.2853 0.0556 0.0470 0.1518 0.0238 
        H643  6 0.1805 0.1044 0.0621 0.0746 0.0769 0.2087 0.0950 0.1340 0.0637 
        H664  6 0.0380 0.0552 0.0409 0.0502 0.5906 0.0430 0.0404 0.0806 0.0610 
        H665  6 0.1428 0.1059 0.1336 0.1504 0.0671 0.0712 0.1343 0.1373 0.0573 
        H674  6 0.1735 0.2178 0.0597 0.1359 0.0396 0.0895 0.1302 0.1225 0.0312 
        H675  6 0.0728 0.1303 0.0655 0.0844 0.1471 0.0991 0.1453 0.1265 0.1290 
        H676  6 0.2176 0.0991 0.2692 0.0930 0.0479 0.0368 0.0553 0.1318 0.0493 
        H686  6 0.0747 0.1633 0.1543 0.1524 0.0816 0.0447 0.1238 0.1496 0.0555 
        H687  6 0.1083 0.1634 0.1284 0.1041 0.1268 0.1227 0.0843 0.1056 0.0564 
        H917  6 0.1916 0.0920 0.2345 0.0758 0.0524 0.1267 0.1045 0.0804 0.0421 
        H918  6 0.0431 0.0931 0.1406 0.1196 0.0586 0.0642 0.3640 0.0490 0.0678 
        H919  6 0.0662 0.0712 0.0840 0.0587 0.0905 0.0680 0.1447 0.0986 0.3181 
        H920  6 0.1037 0.1249 0.0990 0.1250 0.0964 0.0521 0.0763 0.0945 0.2280 
        H631  7 0.0526 0.1133 0.1463 0.1320 0.1085 0.0441 0.1201 0.1621 0.1210 
        H684  7 0.1081 0.1197 0.1179 0.2565 0.0282 0.0382 0.0996 0.1988 0.0330 
        H685  7 0.0595 0.0568 0.0414 0.0371 0.3740 0.2240 0.0348 0.0750 0.0973 
        H713  7 0.0476 0.0524 0.0327 0.0678 0.4621 0.0756 0.0402 0.0790 0.1426 
        H715  7 0.0894 0.1314 0.1020 0.2348 0.0422 0.0435 0.1001 0.2210 0.0356 
        H716  7 0.0570 0.0869 0.1972 0.0815 0.0351 0.0383 0.2465 0.0812 0.1764 
        H717  7 0.0745 0.1294 0.0877 0.0868 0.1429 0.0615 0.1413 0.0950 0.1809 
        H729  7 0.0925 0.0860 0.0682 0.0994 0.0404 0.4391 0.0971 0.0515 0.0258 
        H730  7 0.0846 0.0689 0.0796 0.0582 0.0727 0.3197 0.1459 0.0554 0.1150 
        H431  8 0.3658 0.0662 0.0545 0.0648 0.0727 0.0627 0.0522 0.1365 0.1245 
        H432  8 0.0879 0.0777 0.4354 0.0673 0.0237 0.0434 0.1765 0.0558 0.0325 
        H433  8 0.1490 0.0914 0.1745 0.0797 0.0525 0.2137 0.0871 0.0668 0.0853 
        H434  8 0.0458 0.1028 0.0615 0.0959 0.0945 0.3531 0.0873 0.1304 0.0287 
        H444  8 0.1055 0.1014 0.1335 0.1181 0.0364 0.0731 0.2315 0.0662 0.1343 
        H454  8 0.0475 0.0731 0.0768 0.0713 0.0692 0.0752 0.1301 0.0647 0.3920 
        H475  8 0.0503 0.0564 0.0750 0.0986 0.0684 0.0345 0.0467 0.1980 0.3719 
        H491  8 0.0489 0.1190 0.1112 0.1104 0.0983 0.0531 0.1526 0.1664 0.1402 
        H492  8 0.0585 0.0928 0.1322 0.0908 0.1882 0.1022 0.1041 0.0978 0.1334 
        H493  8 0.1087 0.1439 0.1017 0.1952 0.0622 0.1204 0.1002 0.1159 0.0519 
        H494  8 0.0827 0.1050 0.1374 0.0532 0.1073 0.0893 0.2130 0.0853 0.1268 
        H495  8 0.0341 0.0818 0.0507 0.1038 0.3852 0.0279 0.0612 0.1388 0.1165 
        H662  8 0.0538 0.1398 0.0775 0.0858 0.3352 0.0816 0.1209 0.0670 0.0385 
        H663  8 0.1151 0.0958 0.1645 0.0819 0.1219 0.0708 0.1319 0.1073 0.1108 
        H695  8 0.1274 0.1052 0.1023 0.1183 0.0758 0.1607 0.1056 0.0803 0.1245 
       H7367  8 0.1027 0.0699 0.0470 0.0744 0.0454 0.5306 0.0518 0.0573 0.0209 
       H7368  8 0.1612 0.2010 0.1543 0.1079 0.0445 0.0451 0.1070 0.1266 0.0523 
       H7369  8 0.1675 0.1064 0.0889 0.1492 0.0446 0.0578 0.1541 0.1336 0.0979 
       H7370  8 0.1741 0.0685 0.1494 0.0834 0.0926 0.3022 0.0500 0.0578 0.0220 
       H7371  8 0.1654 0.1069 0.1255 0.1111 0.0815 0.1151 0.1373 0.0859 0.0712 
        H600  9 0.0545 0.0966 0.0660 0.1371 0.0933 0.0820 0.0729 0.2180 0.1797 
        H648  9 0.1674 0.1264 0.1142 0.0838 0.1600 0.0627 0.0747 0.1430 0.0677 
        H696  9 0.1230 0.1681 0.0756 0.1027 0.1861 0.1268 0.0910 0.1065 0.0202 
        H697  9 0.3368 0.1025 0.0521 0.0738 0.0542 0.0645 0.0977 0.1445 0.0739 
        H698  9 0.4420 0.0765 0.0424 0.0415 0.0506 0.1033 0.0577 0.1464 0.0396 
        H699  9 0.1062 0.1133 0.0850 0.0876 0.0852 0.2482 0.1106 0.0800 0.0838 
        H700  9 0.0323 0.0530 0.0551 0.1877 0.0841 0.0468 0.0645 0.4057 0.0707 
        H732  9 0.0470 0.0944 0.0654 0.0833 0.2479 0.0864 0.0757 0.0602 0.2396 
        H733  9 0.4094 0.1053 0.0469 0.0678 0.0463 0.0809 0.0628 0.1405 0.0402 
        H734  9 0.1107 0.1057 0.2206 0.1509 0.1338 0.1022 0.0776 0.0706 0.0279 
        H735  9 0.2031 0.0826 0.0542 0.0531 0.2685 0.0955 0.0543 0.1544 0.0343 
        H736  9 0.0501 0.1163 0.0946 0.2187 0.2173 0.0621 0.1053 0.0804 0.0552 
        H737  9 0.1808 0.1072 0.0479 0.0925 0.0584 0.1860 0.0999 0.1363 0.0912 
        H905  9 0.0679 0.0897 0.0645 0.1546 0.0414 0.0711 0.1054 0.2417 0.1637 
        H921  9 0.1191 0.0890 0.0875 0.1192 0.1163 0.0766 0.1371 0.1184 0.1368 
        H922  9 0.1589 0.1273 0.1289 0.0823 0.0788 0.1359 0.1554 0.0983 0.0341 
     H169705 10 0.0896 0.0645 0.0539 0.0384 0.1030 0.5104 0.0421 0.0676 0.0305 
     H171942 10 0.0906 0.1011 0.4296 0.0569 0.0236 0.0354 0.1685 0.0574 0.0369 
     H171943 10 0.0571 0.0856 0.2047 0.1209 0.1980 0.1185 0.0880 0.0953 0.0319 
     H171944 10 0.1124 0.1028 0.0985 0.1220 0.2076 0.1210 0.0756 0.1246 0.0355 
     H171946 10 0.0481 0.0756 0.0623 0.1470 0.3783 0.0624 0.0714 0.1018 0.0530 
     H171947 10 0.0949 0.1212 0.1153 0.1475 0.0495 0.1914 0.1570 0.0692 0.0542 
     H229641 10 0.1959 0.1013 0.0916 0.1065 0.0754 0.0757 0.0685 0.1055 0.1795 
      H30001 10 0.1468 0.1217 0.1048 0.1246 0.1261 0.0709 0.0928 0.1352 0.0770 
      H30002 10 0.0301 0.0927 0.0515 0.1141 0.0654 0.4217 0.0870 0.0991 0.0384 
      H30005 10 0.4090 0.0764 0.0484 0.0669 0.0645 0.0965 0.0467 0.1600 0.0316 
      H30006 10 0.0382 0.0597 0.0380 0.0363 0.0390 0.6589 0.0490 0.0303 0.0507 
      H30007 10 0.0412 0.1639 0.1213 0.2389 0.0957 0.0343 0.1774 0.1069 0.0204 
        H451 10 0.1649 0.1309 0.2394 0.0926 0.0461 0.0958 0.0820 0.0925 0.0559 
        H452 10 0.4782 0.0509 0.0369 0.0325 0.0479 0.0886 0.0304 0.1689 0.0657 
        H453 10 0.0486 0.1628 0.0659 0.1020 0.0873 0.0528 0.0898 0.1719 0.2188 
        H473 10 0.0447 0.1531 0.0923 0.1402 0.0525 0.0519 0.1469 0.0989 0.2195 
        H474 10 0.0324 0.0464 0.0541 0.0956 0.3310 0.0813 0.0416 0.1083 0.2093 
        H486 10 0.0985 0.0799 0.0593 0.0582 0.0792 0.0691 0.0857 0.0905 0.3796 
        H487 10 0.1012 0.1005 0.0523 0.1382 0.0575 0.1634 0.0652 0.1292 0.1925 
        H488 10 0.0862 0.0869 0.1011 0.1278 0.0555 0.0931 0.1507 0.1181 0.1804 
        H489 10 0.0598 0.0834 0.0497 0.1091 0.1418 0.1787 0.0725 0.1388 0.1661 
        H550 10 0.0480 0.1060 0.0827 0.2295 0.1301 0.1485 0.0933 0.1400 0.0219 
        H551 10 0.1096 0.0711 0.0975 0.0655 0.1117 0.1863 0.1726 0.0822 0.1034 
        H553 10 0.0631 0.0650 0.0414 0.0482 0.0593 0.3222 0.0469 0.0659 0.2881 
        H554 10 0.1100 0.1394 0.1081 0.2453 0.0828 0.0737 0.0918 0.1096 0.0392 
        H556 10 0.0347 0.0844 0.0581 0.0811 0.1033 0.4412 0.0648 0.0459 0.0865 
        H580 10 0.1254 0.0977 0.0712 0.1069 0.1352 0.1819 0.1539 0.0872 0.0407 
        H591 10 0.0433 0.0595 0.0480 0.0668 0.1242 0.0739 0.0908 0.0722 0.4211 
        H592 10 0.1074 0.1127 0.0732 0.0808 0.1938 0.1384 0.0649 0.1055 0.1232 
        H593 10 0.1075 0.1368 0.1039 0.1936 0.1088 0.0546 0.0875 0.1428 0.0645 
        H594 10 0.1161 0.1656 0.1198 0.1403 0.0611 0.1579 0.1486 0.0659 0.0248 
        H627 10 0.0750 0.1264 0.1459 0.1291 0.1246 0.1069 0.0723 0.1351 0.0846 
        H628 10 0.2129 0.1176 0.1138 0.1220 0.0277 0.0892 0.2031 0.0825 0.0312 
        H629 10 0.0977 0.1836 0.1024 0.0699 0.2191 0.0554 0.0823 0.0826 0.1070 
        H630 10 0.0829 0.0749 0.0642 0.0670 0.3965 0.1398 0.0620 0.0793 0.0335 
        H638 10 0.2505 0.0788 0.1118 0.0697 0.1972 0.0523 0.0614 0.1323 0.0459 
        H639 10 0.0674 0.0685 0.0630 0.0681 0.1315 0.0862 0.0433 0.0482 0.4238 
        H640 10 0.1165 0.1309 0.2084 0.0970 0.1571 0.0942 0.0857 0.0719 0.0381 
        H704 10 0.0595 0.2270 0.0804 0.1517 0.1038 0.1112 0.1556 0.0802 0.0306 
        H705 10 0.0997 0.0588 0.0502 0.0415 0.0806 0.5359 0.0367 0.0640 0.0326 
        H706 10 0.1098 0.0783 0.0583 0.0874 0.0822 0.1645 0.1061 0.1289 0.1845 
        H708 10 0.0316 0.0524 0.0506 0.0584 0.5641 0.0470 0.0461 0.0827 0.0672 
       H7351 10 0.0566 0.1675 0.0960 0.1998 0.0983 0.0770 0.1541 0.0908 0.0598 
       H7352 10 0.1703 0.1319 0.1205 0.1169 0.1097 0.0756 0.0958 0.0890 0.0902 
       H7353 10 0.0745 0.4299 0.0750 0.0761 0.0413 0.0842 0.1052 0.0696 0.0441 
       H7354 10 0.0366 0.0752 0.0655 0.1437 0.0518 0.0522 0.1170 0.3438 0.1143 
       H7365 10 0.0681 0.0627 0.0597 0.0604 0.3147 0.0821 0.0500 0.0649 0.2375 
       H7383 10 0.0974 0.0954 0.0893 0.1293 0.0943 0.0924 0.0996 0.1950 0.1073 
       H7384 10 0.0579 0.0855 0.0585 0.0992 0.0469 0.3639 0.0794 0.1369 0.0719 
       H7385 10 0.0507 0.0699 0.0459 0.1908 0.1100 0.0672 0.0604 0.3139 0.0912 
       H7386 10 0.2082 0.1170 0.0924 0.0951 0.0618 0.0893 0.1740 0.0985 0.0637 
       H7387 10 0.0799 0.1681 0.1075 0.1318 0.0746 0.1052 0.0881 0.2112 0.0335 
       H7388 10 0.4682 0.0536 0.0387 0.0349 0.0331 0.0719 0.0427 0.1816 0.0754 
        H906 10 0.0384 0.1375 0.0970 0.1303 0.0625 0.0383 0.1932 0.0504 0.2525 
        H907 10 0.2500 0.1053 0.2412 0.0934 0.0676 0.0676 0.0659 0.0782 0.0309 
        H908 10 0.1498 0.1217 0.0729 0.1443 0.1338 0.0844 0.0783 0.1554 0.0594 
        H909 10 0.0443 0.1099 0.0693 0.1635 0.0424 0.0511 0.1659 0.2553 0.0982 
       H9552 10 0.1405 0.1550 0.0985 0.0713 0.0753 0.1421 0.1497 0.1141 0.0534 
       H9553 10 0.0930 0.0668 0.0451 0.0428 0.0590 0.3715 0.0502 0.0597 0.2119 
       H9555 10 0.1471 0.1282 0.1350 0.0939 0.1154 0.1248 0.0951 0.1128 0.0477 
       H9575 10 0.0717 0.1120 0.0685 0.1014 0.2984 0.0415 0.0820 0.0927 0.1318 
       H9703 10 0.0219 0.0564 0.0375 0.0535 0.0878 0.3254 0.0490 0.0815 0.2869 
       H9707 10 0.0874 0.0860 0.0744 0.0771 0.0697 0.1131 0.0656 0.0852 0.3415 
       HSAA4 10 0.1180 0.1264 0.0831 0.1039 0.1134 0.1863 0.1224 0.1082 0.0384 
        H001 11 0.0667 0.1314 0.1247 0.1274 0.0964 0.0499 0.1738 0.1319 0.0979 
        H004 11 0.0793 0.1377 0.0919 0.1475 0.1032 0.0951 0.1016 0.1844 0.0594 
        H005 11 0.0472 0.0595 0.0514 0.1314 0.0450 0.0372 0.0759 0.2347 0.3177 
        H006 11 0.1149 0.1236 0.1263 0.1490 0.0842 0.1055 0.0791 0.1340 0.0834 
        H007 11 0.0326 0.0628 0.0830 0.0702 0.0525 0.0971 0.2352 0.0843 0.2823 
        H031 11 0.0655 0.0505 0.0642 0.0616 0.1991 0.0926 0.0527 0.0711 0.3427 
        H074 11 0.0592 0.1006 0.0575 0.0501 0.3675 0.0976 0.0586 0.0735 0.1355 
        H075 11 0.0417 0.0588 0.0933 0.1066 0.1441 0.0327 0.2328 0.1243 0.1657 
        H080 11 0.1750 0.0893 0.0568 0.0759 0.1259 0.0727 0.0708 0.1349 0.1987 
        H086 11 0.1147 0.0793 0.0474 0.0930 0.0541 0.3515 0.0642 0.1342 0.0618 
        H092 11 0.0802 0.0989 0.0651 0.1002 0.1126 0.1863 0.0545 0.1796 0.1226 
        H093 11 0.0485 0.2827 0.1062 0.1596 0.0720 0.1123 0.1283 0.0468 0.0436 
        H094 11 0.1265 0.1258 0.1964 0.1046 0.1729 0.0848 0.0589 0.0985 0.0316 
        H095 11 0.0612 0.1082 0.0806 0.1047 0.1188 0.0623 0.1504 0.1246 0.1892 
        H096 11 0.0862 0.0889 0.1356 0.1382 0.0580 0.0512 0.1580 0.1377 0.1461 
        H099 11 0.0764 0.1025 0.0451 0.1249 0.1835 0.0908 0.0801 0.2008 0.0960 
        H100 11 0.0425 0.0886 0.2876 0.0712 0.0429 0.0672 0.3283 0.0388 0.0329 
        H127 11 0.1889 0.0978 0.0521 0.0972 0.0900 0.1701 0.0788 0.0986 0.1264 
        H136 11 0.0612 0.0867 0.0487 0.1303 0.1121 0.0658 0.0600 0.2076 0.2278 
        H153 11 0.1285 0.1263 0.1834 0.1450 0.0724 0.0622 0.0779 0.1258 0.0785 
        H154 11 0.0790 0.0853 0.0663 0.0675 0.3557 0.0767 0.0599 0.0814 0.1282 
        H155 11 0.2227 0.0905 0.1384 0.0994 0.0322 0.1220 0.1867 0.0620 0.0461 
        H156 11 0.1862 0.1173 0.1657 0.1488 0.0286 0.1218 0.1430 0.0643 0.0243 
        H161 11 0.0646 0.1308 0.0768 0.2787 0.1035 0.0592 0.1106 0.1259 0.0501 
        H162 11 0.3248 0.0994 0.0787 0.0603 0.0732 0.1503 0.0566 0.1254 0.0312 
        H167 11 0.0706 0.1380 0.1079 0.1579 0.0485 0.1882 0.1380 0.1150 0.0359 
        H168 11 0.2207 0.1136 0.1605 0.0895 0.0393 0.0844 0.0942 0.1385 0.0592 
     H169586 11 0.0205 0.1142 0.1003 0.2534 0.3010 0.0315 0.0562 0.0702 0.0526 
     H169738 11 0.3525 0.0807 0.0800 0.0869 0.0279 0.1019 0.1045 0.0928 0.0728 
     H169741 11 0.0417 0.0625 0.0975 0.1418 0.2315 0.1537 0.0488 0.1440 0.0785 
     H171801 11 0.1674 0.1626 0.2528 0.1103 0.0417 0.0474 0.1246 0.0546 0.0387 
     H171810 11 0.0557 0.0883 0.1314 0.1253 0.2015 0.0457 0.0775 0.1912 0.0834 
     H171811 11 0.0408 0.0805 0.0776 0.0639 0.4740 0.0486 0.0456 0.0958 0.0732 
     H171812 11 0.0359 0.0765 0.1468 0.0927 0.0581 0.0429 0.3860 0.0772 0.0839 
     H171820 11 0.0725 0.0942 0.0658 0.0716 0.3466 0.0710 0.0681 0.0861 0.1241 
     H171821 11 0.3176 0.1149 0.0770 0.0940 0.0595 0.0448 0.0823 0.1595 0.0505 
     H171822 11 0.1803 0.0902 0.1198 0.1189 0.0810 0.1434 0.0800 0.1335 0.0529 
     H171823 11 0.0633 0.1109 0.1157 0.1193 0.0605 0.0295 0.0612 0.1526 0.2871 
     H171866 11 0.3373 0.1155 0.0897 0.0699 0.0280 0.0839 0.1105 0.1005 0.0646 
     H171867 11 0.1550 0.0844 0.1955 0.0818 0.0411 0.2352 0.0786 0.0791 0.0492 
     H171967 11 0.0654 0.0841 0.0916 0.0821 0.1623 0.0980 0.1548 0.0611 0.2006 
     H171969 11 0.0581 0.1301 0.1104 0.1569 0.1045 0.0888 0.1821 0.0950 0.0742 
        H172 11 0.0935 0.1170 0.1086 0.1174 0.1126 0.1149 0.1843 0.0725 0.0791 
        H173 11 0.1279 0.0815 0.1379 0.0749 0.0830 0.1948 0.1806 0.0581 0.0614 
        H174 11 0.2369 0.1226 0.0763 0.0870 0.2015 0.0433 0.0641 0.1459 0.0223 
        H196 11 0.5338 0.0441 0.0293 0.0311 0.0215 0.0954 0.0475 0.1711 0.0261 
        H197 11 0.1842 0.1249 0.1109 0.1400 0.0985 0.0950 0.0938 0.1200 0.0326 
        H346 11 0.0512 0.1171 0.0808 0.1474 0.0495 0.1365 0.1308 0.1659 0.1207 
        H355 11 0.0394 0.0902 0.1261 0.1093 0.0739 0.0667 0.2062 0.0518 0.2365 
        H356 11 0.0661 0.1477 0.0579 0.1039 0.0561 0.1888 0.1430 0.1362 0.1002 
        H357 11 0.1175 0.1054 0.0823 0.0961 0.1452 0.0567 0.1288 0.0979 0.1700 
        H358 11 0.0630 0.0679 0.0714 0.1754 0.0765 0.0796 0.1236 0.2911 0.0514 
        H359 11 0.1044 0.1299 0.0804 0.1397 0.1487 0.1098 0.0980 0.1284 0.0606 
        H360 11 0.0690 0.1003 0.0945 0.0881 0.0757 0.3316 0.1112 0.0889 0.0407 
        H361 11 0.0742 0.1196 0.0697 0.0884 0.0356 0.2774 0.1794 0.0701 0.0855 
        H362 11 0.3475 0.0890 0.1409 0.0749 0.0543 0.0679 0.0504 0.1513 0.0238 
        H363 11 0.0683 0.0762 0.0549 0.1624 0.1062 0.0969 0.0606 0.2688 0.1058 
        H364 11 0.0582 0.1525 0.1168 0.1989 0.0952 0.0855 0.1381 0.1109 0.0439 
        H365 11 0.0893 0.1262 0.0978 0.1368 0.0690 0.1091 0.2513 0.0575 0.0631 
        H366 11 0.1491 0.1461 0.0821 0.0729 0.0631 0.1829 0.1581 0.0692 0.0765 
        H367 11 0.1929 0.0512 0.0401 0.0383 0.1817 0.0792 0.0473 0.1116 0.2577 
        H368 11 0.0710 0.1159 0.2272 0.0808 0.2708 0.0517 0.0878 0.0692 0.0256 
        H369 11 0.0844 0.0549 0.0564 0.0726 0.1188 0.0983 0.0524 0.0951 0.3672 
        H370 11 0.1353 0.1418 0.1421 0.1618 0.0672 0.1027 0.1181 0.0958 0.0351 
        H371 11 0.1292 0.1077 0.0749 0.0615 0.1770 0.1947 0.0776 0.1176 0.0598 
        H372 11 0.1438 0.1020 0.2127 0.0963 0.0819 0.0759 0.1566 0.0771 0.0538 
        H373 11 0.1113 0.1118 0.1133 0.1090 0.0808 0.0783 0.0930 0.2545 0.0481 
        H374 11 0.0334 0.0795 0.0780 0.1943 0.0396 0.0887 0.1661 0.2420 0.0784 
        H375 11 0.0781 0.0848 0.1405 0.0729 0.0966 0.0698 0.2390 0.0572 0.1610 
        H376 11 0.1161 0.2038 0.1581 0.1126 0.0622 0.0703 0.1656 0.0627 0.0486 
        H377 11 0.0677 0.0834 0.0858 0.1833 0.0555 0.1791 0.0648 0.2052 0.0752 
        H378 11 0.0799 0.1509 0.1128 0.1125 0.1439 0.0964 0.1031 0.1238 0.0769 
        H379 11 0.1104 0.1231 0.0964 0.1372 0.1169 0.0824 0.0753 0.2039 0.0544 
        H380 11 0.1633 0.1227 0.2657 0.1357 0.0341 0.0601 0.1172 0.0532 0.0480 
        H381 11 0.0490 0.1086 0.0691 0.1496 0.1819 0.0526 0.0607 0.1390 0.1894 
        H382 11 0.3248 0.0978 0.2154 0.1196 0.0368 0.0505 0.0542 0.0812 0.0196 
        H383 11 0.1183 0.1643 0.1121 0.1624 0.0353 0.0828 0.1732 0.1221 0.0296 
        H384 11 0.0367 0.0718 0.0675 0.1313 0.1610 0.2056 0.0965 0.1492 0.0804 
        H385 11 0.0919 0.0810 0.0613 0.1341 0.1729 0.0848 0.0514 0.2685 0.0540 
        H386 11 0.1377 0.0896 0.1114 0.1541 0.0586 0.0645 0.1839 0.1573 0.0430 
        H387 11 0.0409 0.1948 0.0881 0.2063 0.0599 0.0415 0.1202 0.1809 0.0674 
        H388 11 0.0974 0.1428 0.0596 0.0920 0.0417 0.3013 0.1596 0.0767 0.0289 
        H389 11 0.0863 0.0975 0.1094 0.0834 0.1180 0.0876 0.1796 0.0892 0.1490 
        H390 11 0.0747 0.1278 0.0779 0.1237 0.2646 0.0944 0.0983 0.1044 0.0341 
        H391 11 0.1542 0.1549 0.0914 0.0884 0.2219 0.0498 0.1059 0.1107 0.0228 
        H392 11 0.0329 0.0569 0.1002 0.1647 0.1004 0.0348 0.1678 0.1962 0.1461 
        H393 11 0.0520 0.1441 0.1783 0.1091 0.0434 0.0783 0.2799 0.0655 0.0493 
        H394 11 0.0693 0.2812 0.0811 0.0900 0.1414 0.0815 0.1397 0.0752 0.0406 
        H395 11 0.1892 0.0825 0.0527 0.0950 0.1165 0.0560 0.0860 0.1103 0.2118 
        H408 11 0.0657 0.0972 0.1167 0.1962 0.0478 0.0747 0.1413 0.1543 0.1060 
        H412 11 0.0241 0.0385 0.0295 0.0580 0.6350 0.0491 0.0352 0.0429 0.0878 
        H417 11 0.0574 0.1173 0.0872 0.1644 0.1682 0.1316 0.1137 0.0923 0.0679 
        H418 11 0.1980 0.1188 0.0800 0.0757 0.1700 0.0580 0.0804 0.1471 0.0720 
        H429 11 0.0564 0.1511 0.0910 0.1564 0.1299 0.0626 0.1622 0.1258 0.0646 
        H430 11 0.1291 0.1365 0.1509 0.0906 0.0556 0.0892 0.1983 0.0912 0.0585 
        H439 11 0.1108 0.0958 0.0991 0.1143 0.1062 0.1777 0.0711 0.1795 0.0454 
        H440 11 0.0379 0.0652 0.0456 0.1999 0.0632 0.0454 0.0709 0.2650 0.2069 
        H441 11 0.4500 0.0601 0.0621 0.0461 0.0713 0.0687 0.0413 0.1695 0.0308 
        H442 11 0.2142 0.1481 0.0887 0.0951 0.0441 0.0852 0.1490 0.1048 0.0706 
        H446 11 0.0605 0.1744 0.0856 0.1463 0.0868 0.1946 0.0922 0.0922 0.0674 
        H447 11 0.1247 0.1138 0.1378 0.1477 0.0961 0.1308 0.1365 0.0836 0.0291 
        H448 11 0.1896 0.0833 0.1216 0.0519 0.0405 0.1728 0.1497 0.0666 0.1240 
        H534 11 0.0416 0.0845 0.0514 0.1124 0.2352 0.0358 0.0652 0.2477 0.1262 
        H537 11 0.0651 0.1331 0.0659 0.0506 0.1671 0.0769 0.0761 0.0661 0.2990 
        H568 11 0.0520 0.0609 0.0374 0.0982 0.1259 0.0504 0.0484 0.1117 0.4151 
        H569 11 0.1024 0.0687 0.1500 0.0355 0.0343 0.3819 0.1515 0.0457 0.0299 
        H586 11 0.0192 0.1071 0.0848 0.2358 0.3632 0.0286 0.0579 0.0626 0.0408 
        H587 11 0.0390 0.0677 0.0750 0.0681 0.2279 0.1354 0.0646 0.1171 0.2052 
        H588 11 0.0851 0.2856 0.1793 0.0976 0.0407 0.0461 0.1326 0.1065 0.0264 
        H589 11 0.0305 0.0738 0.0647 0.1470 0.1679 0.0394 0.0771 0.2230 0.1766 
        H590 11 0.0601 0.0861 0.0505 0.0929 0.0430 0.0382 0.1013 0.0735 0.4545 
        H601 11 0.1346 0.1275 0.1778 0.0946 0.0356 0.1844 0.1271 0.0793 0.0391 
        H602 11 0.2935 0.0803 0.0622 0.0864 0.1073 0.0688 0.0563 0.1518 0.0935 
        H603 11 0.1899 0.0864 0.1476 0.1525 0.0547 0.0631 0.1007 0.1506 0.0544 
        H610 11 0.0557 0.0981 0.0649 0.1083 0.1324 0.2756 0.0800 0.1053 0.0796 
        H611 11 0.0639 0.0825 0.1350 0.0795 0.2282 0.1509 0.0622 0.0790 0.1189 
        H649 11 0.1004 0.1074 0.2951 0.0804 0.0680 0.0522 0.1413 0.0670 0.0883 
        H650 11 0.1576 0.1277 0.1596 0.0898 0.0745 0.1733 0.0633 0.1139 0.0404 
        H651 11 0.1470 0.1138 0.0924 0.0911 0.0496 0.1872 0.1469 0.0911 0.0810 
        H652 11 0.0969 0.2088 0.1021 0.1196 0.0688 0.0972 0.0904 0.1450 0.0712 
       H7364 11 0.0999 0.1279 0.1924 0.0930 0.0842 0.0846 0.1578 0.1050 0.0551 
       H7366 11 0.0876 0.0924 0.0588 0.1052 0.0517 0.2912 0.1074 0.0848 0.1208 
       H7378 11 0.1875 0.1910 0.0909 0.0474 0.1737 0.0332 0.0795 0.1786 0.0181 
       H7379 11 0.2442 0.1275 0.0698 0.1102 0.0686 0.1303 0.0882 0.0823 0.0789 
        H739 11 0.0485 0.0644 0.0723 0.0922 0.1848 0.2162 0.0643 0.0639 0.1934 
        H740 11 0.2057 0.1105 0.1351 0.1431 0.0507 0.1495 0.0581 0.1028 0.0445 
        H741 11 0.0392 0.0775 0.0965 0.1140 0.2084 0.1820 0.0560 0.1594 0.0670 
        H926 11 0.1631 0.1210 0.1937 0.1011 0.0394 0.1232 0.0542 0.1480 0.0563 
        H927 11 0.0910 0.0756 0.0616 0.0743 0.0699 0.4886 0.0494 0.0612 0.0283 
        H928 11 0.1272 0.1133 0.1287 0.0982 0.1514 0.1823 0.0620 0.0842 0.0527 
       H9560 11 0.0835 0.1300 0.1412 0.1351 0.0962 0.2170 0.0797 0.0756 0.0417 
        H409 12 0.1789 0.1497 0.1895 0.1061 0.0565 0.0661 0.1233 0.0946 0.0353 
        H413 12 0.0720 0.1354 0.0977 0.1505 0.2455 0.0636 0.0919 0.1149 0.0285 
        H419 12 0.1936 0.1347 0.1014 0.1511 0.0486 0.0893 0.1181 0.1146 0.0486 
        H420 12 0.0790 0.1021 0.0931 0.0968 0.0611 0.0965 0.1441 0.0725 0.2548 
        H421 12 0.1157 0.1528 0.0905 0.2996 0.0356 0.0721 0.1289 0.0823 0.0225 
        H435 12 0.1235 0.1465 0.0978 0.1785 0.0532 0.0568 0.1077 0.2065 0.0294 
        H436 12 0.0532 0.1047 0.0700 0.1125 0.1195 0.2140 0.1497 0.1034 0.0729 
        H437 12 0.0458 0.1191 0.0796 0.1195 0.1467 0.0401 0.0722 0.1596 0.2175 
        H445 12 0.1298 0.1078 0.1815 0.1548 0.0289 0.0718 0.1444 0.1429 0.0380 
        H449 12 0.0517 0.1192 0.0587 0.0921 0.0422 0.4338 0.0887 0.0537 0.0599 
        H463 12 0.0636 0.1154 0.0651 0.1195 0.1089 0.0571 0.0856 0.1497 0.2352 
        H464 12 0.1242 0.1106 0.4601 0.0508 0.0291 0.0565 0.0991 0.0331 0.0365 
        H465 12 0.0842 0.1660 0.0520 0.0785 0.3136 0.0476 0.0823 0.1308 0.0450 
        H490 12 0.1156 0.3275 0.1020 0.1551 0.0509 0.0643 0.0905 0.0664 0.0277 
        H561 12 0.3096 0.0932 0.0980 0.0924 0.0801 0.0510 0.0692 0.1483 0.0583 
        H562 12 0.0818 0.1056 0.1206 0.1458 0.0725 0.1157 0.1887 0.1055 0.0638 
        H563 12 0.2560 0.0757 0.0565 0.0679 0.0453 0.1192 0.0844 0.1161 0.1791 
        H570 12 0.0898 0.1022 0.0592 0.1612 0.1175 0.1183 0.0707 0.1933 0.0879 
        H571 12 0.0535 0.0998 0.0544 0.0892 0.4310 0.0445 0.0877 0.1064 0.0334 
        H572 12 0.0727 0.0872 0.0698 0.0858 0.2735 0.0949 0.0929 0.1119 0.1114 
        H573 12 0.1474 0.1249 0.0809 0.1762 0.0906 0.0924 0.1471 0.1054 0.0351 
       H7372 12 0.1148 0.0965 0.0784 0.1272 0.0264 0.3461 0.1281 0.0632 0.0195 
       H7373 12 0.0429 0.1568 0.0956 0.2136 0.0820 0.1383 0.1334 0.1131 0.0245 
       H7374 12 0.0524 0.1094 0.0700 0.1815 0.0465 0.0427 0.1428 0.1605 0.1942 
       H7375 12 0.1168 0.0760 0.0961 0.0892 0.0936 0.0566 0.0926 0.0809 0.2981 
       H7376 12 0.0859 0.0876 0.1440 0.1034 0.0290 0.1177 0.3269 0.0594 0.0461 
       H7377 12 0.1297 0.0976 0.0896 0.1073 0.2530 0.0714 0.0544 0.0974 0.0997 
