        H102  1 0.2651 0.3626 0.3723 
        H103  1 0.4536 0.2415 0.3050 
        H104  1 0.2385 0.4147 0.3468 
        H105  1 0.2817 0.2785 0.4399 
        H106  1 0.3332 0.3545 0.3123 
        H112  1 0.2573 0.3824 0.3603 
        H113  1 0.2728 0.2883 0.4388 
        H114  1 0.2796 0.2523 0.4681 
        H115  1 0.2213 0.3619 0.4167 
        H143  1 0.2957 0.2843 0.4200 
        H144  1 0.3843 0.2199 0.3959 
        H145  1 0.4763 0.2242 0.2996 
        H149  1 0.2588 0.4143 0.3269 
        H150  1 0.3371 0.3160 0.3469 
     H167542  1 0.2724 0.2837 0.4439 
     H169604  1 0.3009 0.2903 0.4088 
     H169607  1 0.3724 0.2531 0.3744 
     H169608  1 0.2842 0.4380 0.2778 
     H169633  1 0.3333 0.2354 0.4313 
     H169688  1 0.4333 0.2945 0.2721 
     H169714  1 0.3012 0.4036 0.2952 
     H171802  1 0.2988 0.4241 0.2771 
     H171805  1 0.3776 0.2873 0.3351 
     H171807  1 0.3126 0.3441 0.3432 
     H171814  1 0.4618 0.2383 0.2999 
     H171816  1 0.2963 0.3875 0.3162 
     H171817  1 0.2809 0.3840 0.3351 
     H171818  1 0.3167 0.3156 0.3677 
     H171819  1 0.3033 0.3591 0.3376 
     H171834  1 0.2901 0.2975 0.4124 
     H171835  1 0.2664 0.4773 0.2563 
     H171836  1 0.4177 0.1922 0.3901 
     H171837  1 0.2711 0.3838 0.3451 
     H171838  1 0.4072 0.2629 0.3299 
     H171839  1 0.2698 0.3835 0.3467 
     H171841  1 0.2993 0.4784 0.2223 
     H171860  1 0.2924 0.3147 0.3930 
     H171861  1 0.3524 0.2016 0.4461 
     H171862  1 0.3087 0.3313 0.3600 
     H171868  1 0.2376 0.2643 0.4981 
     H171869  1 0.4197 0.2869 0.2934 
     H171870  1 0.3678 0.3452 0.2870 
     H171871  1 0.4075 0.2877 0.3048 
     H171872  1 0.2705 0.3642 0.3653 
     H171873  1 0.3673 0.3717 0.2610 
     H171874  1 0.3594 0.2763 0.3643 
     H171875  1 0.3572 0.2108 0.4319 
     H171876  1 0.3112 0.2586 0.4302 
     H171877  1 0.2474 0.2712 0.4815 
     H171878  1 0.3860 0.3574 0.2566 
     H171901  1 0.3076 0.4479 0.2445 
     H171902  1 0.3830 0.3197 0.2973 
     H171903  1 0.2968 0.3339 0.3693 
     H171935  1 0.3639 0.3813 0.2548 
     H171936  1 0.3213 0.2809 0.3978 
     H171940  1 0.2925 0.3415 0.3660 
     H171945  1 0.3702 0.3319 0.2980 
     H171948  1 0.2592 0.3503 0.3906 
     H171949  1 0.2761 0.4228 0.3011 
     H171950  1 0.2694 0.4986 0.2319 
     H171963  1 0.4241 0.2583 0.3175 
     H171964  1 0.4471 0.2565 0.2964 
     H171966  1 0.3385 0.3297 0.3318 
     H171968  1 0.3322 0.3578 0.3100 
     H171971  1 0.3832 0.3300 0.2867 
     H171972  1 0.4150 0.2519 0.3331 
     H171977  1 0.4425 0.2582 0.2993 
     H171978  1 0.3416 0.3833 0.2751 
     H171979  1 0.3949 0.2205 0.3846 
        H176  1 0.3336 0.2804 0.3859 
        H177  1 0.2400 0.4859 0.2740 
        H179  1 0.2293 0.4195 0.3512 
        H181  1 0.3895 0.2190 0.3915 
        H182  1 0.3929 0.2279 0.3792 
        H183  1 0.4345 0.2625 0.3031 
        H184  1 0.2831 0.3525 0.3644 
        H185  1 0.3700 0.2499 0.3801 
        H186  1 0.3336 0.3458 0.3206 
        H187  1 0.3564 0.3663 0.2773 
        H188  1 0.2427 0.3424 0.4149 
        H192  1 0.2778 0.4064 0.3158 
        H193  1 0.4000 0.2446 0.3554 
        H194  1 0.2901 0.3319 0.3780 
        H195  1 0.4710 0.2480 0.2811 
        H199  1 0.4421 0.2742 0.2837 
        H200  1 0.2999 0.3801 0.3200 
        H414  1 0.3567 0.3150 0.3282 
        H415  1 0.3227 0.2938 0.3835 
        H422  1 0.3552 0.3484 0.2963 
        H423  1 0.2494 0.4844 0.2663 
        H424  1 0.4118 0.2436 0.3446 
        H425  1 0.4407 0.2776 0.2818 
        H426  1 0.4742 0.2842 0.2417 
        H443  1 0.3841 0.2603 0.3556 
        H466  1 0.2990 0.3314 0.3697 
        H467  1 0.2928 0.4436 0.2637 
        H472  1 0.3532 0.3091 0.3377 
        H483  1 0.3179 0.2230 0.4591 
        H504  1 0.4622 0.2511 0.2867 
        H505  1 0.2894 0.3803 0.3303 
        H506  1 0.3620 0.3121 0.3259 
        H507  1 0.4048 0.2189 0.3763 
        H508  1 0.3457 0.3733 0.2810 
        H524  1 0.3863 0.2587 0.3549 
        H525  1 0.3544 0.2888 0.3568 
        H526  1 0.2933 0.2549 0.4519 
        H527  1 0.2928 0.4124 0.2948 
        H528  1 0.3660 0.2446 0.3894 
        H529  1 0.3844 0.2459 0.3698 
        H533  1 0.3817 0.2404 0.3779 
        H538  1 0.2774 0.3361 0.3865 
        H539  1 0.4174 0.3101 0.2725 
        H540  1 0.3199 0.3289 0.3512 
        H541  1 0.2948 0.3148 0.3904 
        H558  1 0.4535 0.2871 0.2594 
        H559  1 0.3047 0.3163 0.3790 
        H579  1 0.3677 0.2617 0.3706 
        H584  1 0.4166 0.2693 0.3141 
        H585  1 0.3554 0.2877 0.3569 
        H605  1 0.3261 0.3489 0.3250 
        H606  1 0.2536 0.4486 0.2978 
        H632  1 0.4281 0.2640 0.3079 
        H634  1 0.3574 0.3127 0.3299 
        H671  1 0.2640 0.4680 0.2680 
        H672  1 0.3570 0.3383 0.3047 
        H673  1 0.3551 0.2385 0.4064 
        H689  1 0.3520 0.2588 0.3891 
        H690  1 0.2480 0.3830 0.3690 
        H691  1 0.2636 0.3184 0.4180 
        H692  1 0.3908 0.1716 0.4375 
        H709  1 0.3466 0.3026 0.3507 
        H710  1 0.3941 0.2031 0.4028 
       H7355  1 0.3038 0.2340 0.4622 
       H7356  1 0.3686 0.3101 0.3213 
       H7357  1 0.2768 0.3536 0.3696 
       H7358  1 0.3655 0.2511 0.3834 
       H7380  1 0.3211 0.2715 0.4074 
       H7381  1 0.3271 0.3924 0.2806 
       H7382  1 0.3484 0.2755 0.3761 
        H904  1 0.1947 0.5319 0.2734 
        H923  1 0.3473 0.3378 0.3149 
        H924  1 0.3020 0.3697 0.3283 
        H925  1 0.3216 0.3006 0.3778 
       H9558  1 0.4760 0.2773 0.2466 
        H008  2 0.3116 0.2155 0.4729 
        H021  2 0.2720 0.3882 0.3398 
        H023  2 0.2587 0.4295 0.3118 
        H024  2 0.4558 0.2204 0.3238 
        H025  2 0.3358 0.3827 0.2815 
        H026  2 0.4605 0.2434 0.2961 
        H027  2 0.3126 0.2937 0.3937 
        H028  2 0.3757 0.2579 0.3664 
        H029  2 0.3686 0.2797 0.3516 
        H030  2 0.4506 0.2386 0.3108 
        H038  2 0.3196 0.4181 0.2623 
        H039  2 0.2096 0.5892 0.2012 
        H040  2 0.3223 0.4297 0.2480 
        H041  2 0.2586 0.2765 0.4649 
        H042  2 0.3077 0.3465 0.3458 
        H043  2 0.3211 0.4719 0.2071 
        H044  2 0.4230 0.2590 0.3181 
        H047  2 0.3518 0.3892 0.2590 
        H050  2 0.4309 0.2746 0.2945 
        H058  2 0.3354 0.3888 0.2757 
        H062  2 0.2926 0.3830 0.3243 
        H063  2 0.2641 0.4306 0.3052 
        H065  2 0.3793 0.3429 0.2779 
        H066  2 0.4010 0.3238 0.2752 
        H067  2 0.3040 0.2820 0.4140 
        H068  2 0.3078 0.4444 0.2478 
        H069  2 0.4062 0.3487 0.2451 
        H071  2 0.2831 0.3971 0.3197 
        H072  2 0.2504 0.4566 0.2930 
        H073  2 0.3645 0.2823 0.3533 
        H081  2 0.2322 0.2972 0.4705 
        H082  2 0.4340 0.2065 0.3595 
        H083  2 0.4177 0.2383 0.3440 
        H084  2 0.3389 0.3724 0.2886 
        H085  2 0.2606 0.2678 0.4715 
        H087  2 0.2393 0.2678 0.4929 
        H088  2 0.2442 0.4010 0.3548 
        H089  2 0.3097 0.2802 0.4101 
        H090  2 0.4088 0.2451 0.3461 
        H091  2 0.3579 0.2379 0.4042 
        H098  2 0.3500 0.2663 0.3836 
      H10001  2 0.2032 0.5952 0.2017 
      H10002  2 0.2331 0.4153 0.3516 
        H101  2 0.4319 0.2949 0.2732 
        H108  2 0.2323 0.3566 0.4111 
        H109  2 0.3421 0.3919 0.2659 
        H110  2 0.2569 0.2388 0.5043 
        H116  2 0.4008 0.2791 0.3200 
        H117  2 0.2885 0.2544 0.4570 
        H118  2 0.4251 0.1978 0.3772 
        H119  2 0.2748 0.3903 0.3349 
        H120  2 0.2089 0.4607 0.3304 
        H121  2 0.3689 0.2451 0.3860 
        H125  2 0.1952 0.5960 0.2088 
        H126  2 0.4055 0.2800 0.3145 
        H128  2 0.5443 0.1668 0.2889 
        H129  2 0.4462 0.2229 0.3309 
        H130  2 0.3612 0.4118 0.2271 
        H133  2 0.2735 0.4966 0.2299 
        H134  2 0.5352 0.2236 0.2412 
        H135  2 0.2680 0.3321 0.4000 
        H137  2 0.3424 0.3069 0.3507 
        H138  2 0.4468 0.2588 0.2945 
        H140  2 0.3427 0.3073 0.3501 
        H146  2 0.4049 0.2735 0.3216 
        H147  2 0.2860 0.2530 0.4610 
        H148  2 0.2550 0.2885 0.4565 
     H166022  2 0.3395 0.2534 0.4070 
     H167359  2 0.3458 0.3209 0.3333 
     H167397  2 0.4184 0.1736 0.4080 
     H167428  2 0.3417 0.1804 0.4779 
     H167496  2 0.2133 0.4541 0.3326 
     H167513  2 0.3833 0.3161 0.3006 
     H167545  2 0.4659 0.2587 0.2754 
     H167547  2 0.5128 0.2326 0.2546 
     H169621  2 0.3791 0.2454 0.3755 
     H169622  2 0.3628 0.2720 0.3652 
     H169750  2 0.3584 0.3970 0.2446 
     H171806  2 0.3604 0.3690 0.2706 
     H171808  2 0.3647 0.3204 0.3149 
     H171809  2 0.2745 0.3227 0.4028 
     H171813  2 0.4037 0.3098 0.2865 
     H171815  2 0.2888 0.5036 0.2077 
     H171824  2 0.2138 0.4196 0.3666 
     H171825  2 0.3480 0.3056 0.3464 
     H171826  2 0.2636 0.3548 0.3816 
     H171827  2 0.2990 0.3618 0.3392 
     H171828  2 0.1964 0.5064 0.2972 
     H171829  2 0.4046 0.3447 0.2506 
     H171830  2 0.3119 0.3346 0.3535 
     H171831  2 0.4420 0.2189 0.3391 
     H171832  2 0.3747 0.2904 0.3349 
     H171863  2 0.5058 0.2203 0.2738 
     H171864  2 0.3011 0.3122 0.3867 
     H171865  2 0.2929 0.4640 0.2431 
     H171879  2 0.3782 0.3171 0.3047 
     H171880  2 0.3512 0.2947 0.3541 
     H171881  2 0.3104 0.2556 0.4340 
     H171882  2 0.2394 0.5004 0.2602 
     H171929  2 0.3166 0.2637 0.4197 
     H171930  2 0.4638 0.2540 0.2822 
     H171933  2 0.3517 0.2939 0.3544 
     H171934  2 0.3057 0.3043 0.3900 
     H171937  2 0.4425 0.2711 0.2864 
     H171962  2 0.3243 0.2601 0.4156 
        H190  2 0.3676 0.2524 0.3801 
        H191  2 0.3399 0.3182 0.3419 
        H396  2 0.2973 0.3020 0.4007 
        H397  2 0.3713 0.2913 0.3374 
        H398  2 0.3547 0.3501 0.2952 
        H400  2 0.3148 0.3290 0.3562 
        H401  2 0.4802 0.1902 0.3296 
        H402  2 0.3345 0.2494 0.4161 
        H427  2 0.2757 0.2953 0.4290 
        H428  2 0.3374 0.1822 0.4803 
        H497  2 0.3397 0.3796 0.2807 
        H512  2 0.3242 0.3223 0.3534 
        H513  2 0.3817 0.3179 0.3004 
        H514  2 0.4018 0.3098 0.2884 
        H519  2 0.3559 0.3217 0.3224 
        H532  2 0.3235 0.2599 0.4167 
        H543  2 0.3289 0.2628 0.4083 
        H544  2 0.4280 0.3164 0.2556 
        H545  2 0.4918 0.2473 0.2609 
        H546  2 0.3319 0.3968 0.2712 
        H547  2 0.5120 0.2344 0.2536 
        H548  2 0.3137 0.3049 0.3814 
        H549  2 0.4431 0.3160 0.2409 
        H620  2 0.2210 0.5254 0.2536 
        H623  2 0.4135 0.2586 0.3280 
        H624  2 0.3913 0.4189 0.1898 
        H625  2 0.3246 0.2806 0.3948 
        H626  2 0.3320 0.3651 0.3029 
        H654  2 0.2290 0.5821 0.1888 
        H655  2 0.3029 0.4241 0.2730 
        H656  2 0.2426 0.4565 0.3009 
        H666  2 0.2704 0.5216 0.2080 
        H667  2 0.3185 0.2895 0.3919 
        H677  2 0.3419 0.3062 0.3519 
        H693  2 0.2181 0.4015 0.3804 
        H694  2 0.4124 0.2434 0.3442 
        H701  2 0.3534 0.2625 0.3841 
        H702  2 0.2930 0.3646 0.3423 
        H731  2 0.2807 0.3801 0.3392 
       H7359  2 0.3451 0.3211 0.3338 
       H7389  2 0.3758 0.3126 0.3117 
       H7390  2 0.2687 0.4870 0.2443 
       H7391  2 0.2282 0.2645 0.5073 
       H7392  2 0.3604 0.3504 0.2892 
       H7393  2 0.3106 0.3889 0.3005 
       H7398  2 0.2639 0.2826 0.4535 
       H7399  2 0.3671 0.2384 0.3945 
       H7400  2 0.2408 0.5481 0.2112 
        H745  2 0.4740 0.2271 0.2989 
        H746  2 0.3815 0.2503 0.3682 
        H747  2 0.2911 0.4553 0.2536 
        H748  2 0.3365 0.3554 0.3082 
       H7484  2 0.2710 0.4545 0.2745 
       H7485  2 0.3929 0.2858 0.3213 
        H749  2 0.3990 0.2785 0.3225 
        H930  2 0.4406 0.2627 0.2967 
        H931  2 0.2990 0.2896 0.4114 
        H932  2 0.3370 0.3509 0.3121 
        H111  3 0.4312 0.2675 0.3013 
        H951  3 0.3998 0.2423 0.3580 
        H952  3 0.4118 0.3305 0.2577 
        H953  3 0.3414 0.2670 0.3916 
        H954  3 0.2702 0.4604 0.2695 
        H955  3 0.4012 0.2678 0.3310 
        H956  3 0.3020 0.3794 0.3186 
       H9563  3 0.2738 0.3421 0.3841 
        H002  4 0.3212 0.4346 0.2442 
        H003  4 0.3274 0.2462 0.4264 
        H009  4 0.4405 0.2762 0.2833 
        H010  4 0.3129 0.2981 0.3890 
        H011  4 0.2277 0.4320 0.3403 
        H012  4 0.2823 0.2383 0.4794 
        H013  4 0.2419 0.3408 0.4172 
        H014  4 0.3283 0.3132 0.3585 
        H045  4 0.2566 0.3359 0.4074 
        H046  4 0.3814 0.2652 0.3534 
        H051  4 0.2416 0.3604 0.3980 
        H052  4 0.3872 0.3600 0.2527 
        H053  4 0.2883 0.4024 0.3094 
        H056  4 0.3247 0.4085 0.2668 
        H076  4 0.3763 0.2416 0.3821 
        H151  4 0.2646 0.5130 0.2224 
        H152  4 0.3329 0.4244 0.2428 
     H171803  4 0.2748 0.4535 0.2717 
     H171804  4 0.2778 0.3993 0.3229 
     H171833  4 0.4588 0.2582 0.2830 
     H171855  4 0.2881 0.4817 0.2303 
     H171856  4 0.3638 0.3611 0.2751 
     H171857  4 0.3197 0.4280 0.2523 
     H171858  4 0.3496 0.3367 0.3137 
     H171859  4 0.3323 0.3452 0.3225 
     H171961  4 0.2706 0.3902 0.3392 
        H198  4 0.3519 0.2315 0.4166 
      H20001  4 0.4627 0.2631 0.2742 
        H403  4 0.3614 0.3565 0.2821 
        H404  4 0.3145 0.2547 0.4309 
        H405  4 0.3416 0.2650 0.3934 
        H406  4 0.4801 0.2933 0.2266 
        H407  4 0.3072 0.4065 0.2864 
        H410  4 0.3805 0.2485 0.3710 
        H411  4 0.4429 0.2628 0.2943 
        H468  4 0.4324 0.3372 0.2304 
        H476  4 0.3551 0.3862 0.2587 
        H477  4 0.4919 0.2797 0.2284 
        H478  4 0.3262 0.2725 0.4014 
        H479  4 0.2956 0.3518 0.3526 
        H480  4 0.4440 0.2611 0.2949 
        H498  4 0.3326 0.2954 0.3720 
        H499  4 0.3386 0.3473 0.3142 
        H500  4 0.2322 0.4861 0.2817 
        H515  4 0.2937 0.4073 0.2990 
        H516  4 0.3800 0.3274 0.2926 
        H517  4 0.3488 0.3319 0.3193 
        H518  4 0.3723 0.3775 0.2501 
        H520  4 0.3072 0.4400 0.2528 
        H521  4 0.3082 0.2714 0.4204 
        H522  4 0.3337 0.3781 0.2882 
        H523  4 0.3373 0.3581 0.3046 
        H536  4 0.3168 0.3156 0.3676 
        H645  4 0.2362 0.3451 0.4187 
        H646  4 0.4441 0.2505 0.3054 
        H647  4 0.3928 0.3329 0.2744 
        H657  4 0.3906 0.2608 0.3485 
        H658  4 0.3199 0.3820 0.2982 
        H659  4 0.2238 0.5645 0.2117 
        H660  4 0.3295 0.3524 0.3181 
        H661  4 0.3258 0.4092 0.2650 
        H668  4 0.3003 0.2571 0.4426 
        H669  4 0.2832 0.3338 0.3830 
        H670  4 0.2331 0.3294 0.4375 
        H678  4 0.3248 0.3525 0.3227 
        H679  4 0.3814 0.2608 0.3578 
        H680  4 0.3673 0.3219 0.3108 
        H681  4 0.2648 0.3791 0.3561 
        H682  4 0.2941 0.3213 0.3846 
        H683  4 0.3844 0.3751 0.2405 
        H718  4 0.2913 0.4450 0.2638 
        H719  4 0.2510 0.3128 0.4362 
        H720  4 0.3803 0.3235 0.2962 
        H721  4 0.3802 0.3604 0.2594 
        H722  4 0.3874 0.3775 0.2352 
        H723  4 0.2421 0.3954 0.3625 
        H724  4 0.2490 0.5262 0.2247 
        H725  4 0.2756 0.4771 0.2473 
        H726  4 0.2785 0.4260 0.2955 
        H727  4 0.2405 0.3967 0.3629 
        H910  4 0.2668 0.3818 0.3514 
        H911  4 0.3943 0.2785 0.3272 
        H912  4 0.3418 0.3780 0.2802 
        H913  4 0.2980 0.4321 0.2699 
        H914  4 0.2274 0.4479 0.3247 
        H915  4 0.3170 0.3873 0.2957 
        H916  4 0.4133 0.3404 0.2463 
       H9572  4 0.3326 0.3264 0.3411 
        H015  5 0.4112 0.2428 0.3460 
        H016  5 0.4198 0.2772 0.3030 
        H017  5 0.4124 0.3438 0.2437 
        H019  5 0.3832 0.2701 0.3468 
        H020  5 0.3388 0.3642 0.2970 
        H032  5 0.3450 0.3685 0.2865 
        H033  5 0.2885 0.2750 0.4365 
        H034  5 0.2426 0.3926 0.3647 
        H035  5 0.3410 0.3551 0.3039 
        H036  5 0.3581 0.2912 0.3507 
        H037  5 0.2732 0.4460 0.2808 
        H048  5 0.2407 0.4321 0.3272 
        H049  5 0.3967 0.3118 0.2915 
        H054  5 0.3098 0.3328 0.3574 
        H055  5 0.3012 0.3374 0.3614 
        H057  5 0.4071 0.3287 0.2642 
        H060  5 0.3356 0.3859 0.2785 
        H061  5 0.3368 0.2871 0.3762 
        H064  5 0.3037 0.3420 0.3543 
        H070  5 0.2642 0.3568 0.3790 
        H077  5 0.2885 0.4345 0.2770 
        H078  5 0.3273 0.4328 0.2399 
        H079  5 0.3314 0.2626 0.4060 
        H097  5 0.4176 0.3756 0.2067 
        H107  5 0.2006 0.4952 0.3041 
        H122  5 0.4149 0.3164 0.2687 
        H123  5 0.3934 0.2779 0.3287 
        H124  5 0.3700 0.2716 0.3585 
        H131  5 0.3639 0.2667 0.3693 
        H132  5 0.3034 0.3420 0.3546 
        H141  5 0.3086 0.3944 0.2970 
        H142  5 0.3760 0.2500 0.3740 
        H157  5 0.2540 0.4348 0.3112 
        H158  5 0.4589 0.2779 0.2632 
        H159  5 0.4075 0.2406 0.3519 
        H160  5 0.3701 0.3527 0.2772 
        H163  5 0.3609 0.2835 0.3555 
        H164  5 0.3211 0.2886 0.3903 
        H165  5 0.3243 0.2273 0.4484 
        H166  5 0.3738 0.2648 0.3614 
        H169  5 0.3025 0.3306 0.3669 
     H169613  5 0.3570 0.3321 0.3109 
     H169653  5 0.3349 0.2573 0.4077 
     H169728  5 0.3769 0.3040 0.3190 
     H169742  5 0.2805 0.3596 0.3598 
        H170  5 0.4478 0.2897 0.2625 
        H171  5 0.4288 0.2794 0.2918 
     H171851  5 0.3600 0.3172 0.3229 
     H171852  5 0.3325 0.4172 0.2503 
     H171853  5 0.2660 0.3657 0.3682 
     H171854  5 0.3627 0.3313 0.3060 
     H171938  5 0.2458 0.3216 0.4326 
     H171939  5 0.4347 0.2611 0.3042 
     H171941  5 0.2382 0.4186 0.3433 
     H171965  5 0.3741 0.2513 0.3746 
     H171970  5 0.2370 0.4560 0.3070 
     H171973  5 0.3018 0.2893 0.4089 
     H171974  5 0.2611 0.3254 0.4135 
     H171975  5 0.2772 0.3208 0.4021 
     H171976  5 0.4671 0.3216 0.2113 
        H175  5 0.2480 0.4256 0.3264 
        H178  5 0.3038 0.3285 0.3676 
        H189  5 0.4246 0.2241 0.3513 
        H399  5 0.4492 0.3190 0.2318 
        H416  5 0.3026 0.3775 0.3200 
        H438  5 0.2615 0.3283 0.4102 
        H450  5 0.2823 0.4361 0.2817 
        H455  5 0.2248 0.4124 0.3628 
        H456  5 0.2849 0.3429 0.3722 
        H457  5 0.3443 0.3993 0.2564 
        H458  5 0.2733 0.3814 0.3453 
        H459  5 0.3646 0.2560 0.3795 
        H460  5 0.3345 0.3779 0.2876 
        H461  5 0.4293 0.3196 0.2510 
        H462  5 0.3501 0.2666 0.3833 
        H469  5 0.3386 0.2428 0.4186 
        H470  5 0.3004 0.3531 0.3465 
        H471  5 0.4749 0.2646 0.2605 
        H481  5 0.2444 0.5178 0.2377 
        H482  5 0.3186 0.3813 0.3001 
        H501  5 0.2760 0.3567 0.3672 
        H502  5 0.4189 0.2387 0.3423 
        H503  5 0.3834 0.2793 0.3373 
        H509  5 0.2621 0.4143 0.3236 
        H510  5 0.3200 0.2875 0.3925 
        H511  5 0.3837 0.2733 0.3429 
        H530  5 0.2543 0.3734 0.3723 
        H531  5 0.3053 0.4614 0.2333 
        H564  5 0.3309 0.3728 0.2963 
        H565  5 0.2741 0.4921 0.2338 
        H567  5 0.4305 0.2336 0.3358 
     H568???  5 0.4400 0.2628 0.2972 
        H608  5 0.2751 0.4425 0.2824 
        H609  5 0.2634 0.2749 0.4617 
        H612  5 0.2157 0.4935 0.2907 
        H614  5 0.2832 0.4952 0.2216 
        H615  5 0.3267 0.4459 0.2274 
        H616  5 0.1953 0.5168 0.2879 
        H617  5 0.3481 0.2587 0.3932 
        H618  5 0.2586 0.4198 0.3216 
        H619  5 0.2827 0.2650 0.4523 
        H635  5 0.3186 0.2975 0.3839 
        H636  5 0.2695 0.2700 0.4605 
        H637  5 0.3066 0.3598 0.3335 
        H644  5 0.5241 0.1765 0.2994 
        H711  5 0.4283 0.3103 0.2614 
        H712  5 0.2615 0.3574 0.3811 
       H7360  5 0.3618 0.3270 0.3113 
       H7361  5 0.2918 0.4021 0.3062 
       H7362  5 0.4644 0.2033 0.3323 
       H7363  5 0.3494 0.3810 0.2696 
       H7394  5 0.3747 0.2751 0.3502 
       H7395  5 0.2886 0.3126 0.3988 
       H7396  5 0.3154 0.3538 0.3308 
        H742  5 0.2730 0.3606 0.3663 
        H743  5 0.3481 0.3537 0.2983 
        H744  5 0.2382 0.4962 0.2656 
        H957  5 0.3975 0.3273 0.2751 
        H958  5 0.3873 0.3054 0.3072 
        H959  5 0.2240 0.4146 0.3613 
        H960  5 0.3201 0.3281 0.3517 
      H_PALI  6 0.3395 0.3067 0.3538 
        H581  6 0.3365 0.4042 0.2593 
        H582  6 0.2956 0.4436 0.2608 
        H583  6 0.3398 0.3649 0.2954 
        H595  6 0.4332 0.2504 0.3164 
        H596  6 0.4246 0.2443 0.3310 
        H597  6 0.4313 0.2400 0.3287 
        H598  6 0.2806 0.3441 0.3753 
        H599  6 0.2706 0.3925 0.3369 
        H642  6 0.4494 0.2782 0.2724 
        H643  6 0.3069 0.3369 0.3562 
        H664  6 0.3334 0.4716 0.1950 
        H665  6 0.2498 0.3137 0.4365 
        H674  6 0.5047 0.2093 0.2860 
        H675  6 0.3438 0.3893 0.2670 
        H676  6 0.4086 0.2635 0.3279 
        H686  6 0.3557 0.3088 0.3355 
        H687  6 0.3649 0.3526 0.2825 
        H917  6 0.3171 0.2380 0.4449 
        H918  6 0.2871 0.2705 0.4424 
        H919  6 0.2222 0.4603 0.3176 
        H920  6 0.2971 0.3824 0.3205 
        H631  7 0.3069 0.3811 0.3120 
        H684  7 0.4331 0.2400 0.3269 
        H685  7 0.2974 0.5034 0.1992 
        H713  7 0.2487 0.4726 0.2787 
        H715  7 0.4207 0.2691 0.3101 
        H716  7 0.2851 0.3330 0.3819 
        H717  7 0.3139 0.3303 0.3559 
        H729  7 0.2987 0.2191 0.4822 
        H730  7 0.2620 0.3173 0.4207 
        H431  8 0.2749 0.4381 0.2870 
        H432  8 0.4175 0.2192 0.3633 
        H433  8 0.3051 0.2811 0.4139 
        H434  8 0.3350 0.2785 0.3866 
        H444  8 0.2635 0.2490 0.4875 
        H454  8 0.2318 0.4065 0.3617 
        H475  8 0.2588 0.4791 0.2621 
        H491  8 0.2901 0.3522 0.3577 
        H492  8 0.2784 0.4284 0.2933 
        H493  8 0.3769 0.3131 0.3100 
        H494  8 0.3222 0.3482 0.3296 
        H495  8 0.3470 0.4488 0.2042 
        H662  8 0.3953 0.3096 0.2951 
        H663  8 0.3158 0.3413 0.3429 
        H695  8 0.2822 0.3687 0.3491 
       H7367  8 0.3567 0.2350 0.4084 
       H7368  8 0.3611 0.2813 0.3576 
       H7369  8 0.2731 0.2836 0.4433 
       H7370  8 0.4325 0.2443 0.3233 
       H7371  8 0.2939 0.3224 0.3837 
        H600  9 0.2885 0.4169 0.2945 
        H648  9 0.3594 0.3106 0.3299 
        H696  9 0.5176 0.2055 0.2770 
        H697  9 0.3273 0.2978 0.3749 
        H698  9 0.3798 0.2765 0.3437 
        H699  9 0.3263 0.3091 0.3646 
        H700  9 0.2715 0.4085 0.3200 
        H732  9 0.2983 0.4555 0.2462 
        H733  9 0.3469 0.2462 0.4070 
        H734  9 0.4476 0.2639 0.2884 
        H735  9 0.3960 0.2762 0.3278 
        H736  9 0.3438 0.3689 0.2874 
        H737  9 0.3160 0.3734 0.3106 
        H905  9 0.2451 0.3658 0.3890 
        H921  9 0.2456 0.3684 0.3860 
        H922  9 0.3586 0.2152 0.4263 
     H169705 10 0.3594 0.3134 0.3272 
     H171942 10 0.4072 0.2031 0.3897 
     H171943 10 0.4155 0.3230 0.2615 
     H171944 10 0.3165 0.3519 0.3316 
     H171946 10 0.3521 0.4332 0.2147 
     H171947 10 0.3626 0.2766 0.3607 
     H229641 10 0.3536 0.3394 0.3070 
      H30001 10 0.2710 0.3486 0.3804 
      H30002 10 0.3018 0.3202 0.3780 
      H30005 10 0.3367 0.3101 0.3531 
      H30006 10 0.4317 0.2685 0.2998 
      H30007 10 0.5411 0.2256 0.2333 
        H451 10 0.3294 0.2284 0.4422 
        H452 10 0.4192 0.3152 0.2656 
        H453 10 0.2930 0.4517 0.2553 
        H473 10 0.3213 0.3525 0.3262 
        H474 10 0.2943 0.5084 0.1973 
        H486 10 0.2983 0.3758 0.3259 
        H487 10 0.2983 0.3855 0.3162 
        H488 10 0.2391 0.3036 0.4572 
        H489 10 0.2588 0.4628 0.2784 
        H550 10 0.4406 0.3042 0.2552 
        H551 10 0.2720 0.3543 0.3737 
        H553 10 0.3086 0.4517 0.2397 
        H554 10 0.3569 0.2576 0.3855 
        H556 10 0.3668 0.3745 0.2586 
        H580 10 0.3282 0.2868 0.3850 
        H591 10 0.2389 0.4929 0.2683 
        H592 10 0.2906 0.4165 0.2929 
        H593 10 0.3603 0.2875 0.3522 
        H594 10 0.4244 0.2117 0.3639 
        H627 10 0.3895 0.3387 0.2718 
        H628 10 0.3086 0.1988 0.4926 
        H629 10 0.4007 0.3386 0.2606 
        H630 10 0.3735 0.3777 0.2488 
        H638 10 0.3439 0.3085 0.3476 
        H639 10 0.3252 0.4319 0.2429 
        H640 10 0.4043 0.2890 0.3067 
        H704 10 0.4274 0.2453 0.3273 
        H705 10 0.3532 0.3169 0.3300 
        H706 10 0.2288 0.3764 0.3948 
        H708 10 0.2552 0.4966 0.2482 
       H7351 10 0.3632 0.3029 0.3339 
       H7352 10 0.3125 0.3639 0.3236 
       H7353 10 0.4432 0.2507 0.3062 
       H7354 10 0.2800 0.3748 0.3452 
       H7365 10 0.2468 0.4854 0.2678 
       H7383 10 0.2563 0.3721 0.3716 
       H7384 10 0.2755 0.3738 0.3506 
       H7385 10 0.2702 0.4145 0.3154 
       H7386 10 0.2943 0.2815 0.4242 
       H7387 10 0.3251 0.3126 0.3624 
       H7388 10 0.3324 0.3405 0.3271 
        H906 10 0.3189 0.3554 0.3257 
        H907 10 0.3862 0.2743 0.3395 
        H908 10 0.2939 0.3069 0.3992 
        H909 10 0.2750 0.3156 0.4094 
       H9552 10 0.3376 0.3297 0.3326 
       H9553 10 0.3250 0.4053 0.2697 
       H9555 10 0.3225 0.3043 0.3732 
       H9575 10 0.2891 0.4654 0.2455 
       H9703 10 0.2698 0.4976 0.2326 
       H9707 10 0.3046 0.4201 0.2753 
       HSAA4 10 0.3266 0.2873 0.3860 
        H001 11 0.2840 0.3671 0.3489 
        H004 11 0.3402 0.3097 0.3502 
        H005 11 0.2267 0.4419 0.3314 
        H006 11 0.2933 0.3457 0.3610 
        H007 11 0.2305 0.3834 0.3861 
        H031 11 0.2144 0.5368 0.2488 
        H074 11 0.3043 0.4375 0.2582 
        H075 11 0.2365 0.4664 0.2970 
        H080 11 0.2502 0.4198 0.3300 
        H086 11 0.3299 0.3359 0.3342 
        H092 11 0.3000 0.3957 0.3043 
        H093 11 0.4284 0.2126 0.3590 
        H094 11 0.3867 0.3297 0.2836 
        H095 11 0.2779 0.4352 0.2869 
        H096 11 0.2469 0.3569 0.3961 
        H099 11 0.2969 0.3759 0.3272 
        H100 11 0.3886 0.2463 0.3651 
        H127 11 0.3011 0.3578 0.3411 
        H136 11 0.2712 0.4757 0.2531 
        H153 11 0.3599 0.2896 0.3505 
        H154 11 0.2694 0.5011 0.2295 
        H155 11 0.2884 0.2124 0.4992 
        H156 11 0.3292 0.2024 0.4684 
        H161 11 0.3875 0.2820 0.3305 
        H162 11 0.4067 0.2528 0.3405 
        H167 11 0.3166 0.2720 0.4114 
        H168 11 0.3162 0.3119 0.3719 
     H169586 11 0.4024 0.4101 0.1875 
     H169738 11 0.3124 0.2360 0.4517 
     H169741 11 0.2807 0.4712 0.2481 
     H171801 11 0.3906 0.2396 0.3698 
     H171810 11 0.3011 0.4398 0.2591 
     H171811 11 0.3235 0.4554 0.2211 
     H171812 11 0.2574 0.3269 0.4157 
     H171820 11 0.2751 0.4527 0.2722 
     H171821 11 0.3452 0.2874 0.3674 
     H171822 11 0.3349 0.3250 0.3401 
     H171823 11 0.3642 0.4019 0.2339 
     H171866 11 0.3872 0.2692 0.3436 
     H171867 11 0.2739 0.2638 0.4622 
     H171967 11 0.2435 0.4164 0.3401 
     H171969 11 0.3190 0.3270 0.3540 
        H172 11 0.3159 0.3302 0.3540 
        H173 11 0.2498 0.3207 0.4295 
        H174 11 0.4565 0.2458 0.2976 
        H196 11 0.3474 0.2637 0.3889 
        H197 11 0.2916 0.2677 0.4407 
        H346 11 0.2588 0.3300 0.4112 
        H355 11 0.3078 0.3595 0.3327 
        H356 11 0.3166 0.3593 0.3241 
        H357 11 0.2640 0.4165 0.3195 
        H358 11 0.2649 0.3378 0.3973 
        H359 11 0.3502 0.3409 0.3090 
        H360 11 0.2795 0.3353 0.3852 
        H361 11 0.3149 0.2861 0.3990 
        H362 11 0.3908 0.2199 0.3893 
        H363 11 0.2547 0.4457 0.2996 
        H364 11 0.3405 0.3524 0.3071 
        H365 11 0.3471 0.2835 0.3694 
        H366 11 0.3415 0.2659 0.3926 
        H367 11 0.2786 0.4586 0.2628 
        H368 11 0.4385 0.3010 0.2605 
        H369 11 0.2211 0.4758 0.3031 
        H370 11 0.3496 0.2872 0.3632 
        H371 11 0.3512 0.3246 0.3243 
        H372 11 0.3386 0.3383 0.3230 
        H373 11 0.3105 0.3208 0.3687 
        H374 11 0.2563 0.3703 0.3734 
        H375 11 0.2580 0.3578 0.3842 
        H376 11 0.3568 0.2699 0.3733 
        H377 11 0.2857 0.3692 0.3451 
        H378 11 0.3184 0.3846 0.2970 
        H379 11 0.3650 0.3304 0.3046 
        H380 11 0.3038 0.2418 0.4543 
        H381 11 0.3207 0.4399 0.2394 
        H382 11 0.3923 0.2091 0.3986 
        H383 11 0.3507 0.2377 0.4116 
        H384 11 0.2873 0.4515 0.2611 
        H385 11 0.3155 0.3892 0.2953 
        H386 11 0.2552 0.2987 0.4461 
        H387 11 0.4394 0.3342 0.2264 
        H388 11 0.3839 0.2201 0.3960 
        H389 11 0.2663 0.3198 0.4139 
        H390 11 0.3352 0.2909 0.3739 
        H391 11 0.4314 0.3239 0.2447 
        H392 11 0.2478 0.4463 0.3058 
        H393 11 0.4100 0.2179 0.3721 
        H394 11 0.4859 0.2384 0.2757 
        H395 11 0.2502 0.4374 0.3125 
        H408 11 0.2649 0.3289 0.4062 
        H412 11 0.3348 0.5076 0.1576 
        H417 11 0.2854 0.4122 0.3025 
        H418 11 0.3962 0.3573 0.2465 
        H429 11 0.3037 0.2946 0.4017 
        H430 11 0.3149 0.2548 0.4304 
        H439 11 0.2853 0.3513 0.3634 
        H440 11 0.2656 0.4640 0.2704 
        H441 11 0.3462 0.2734 0.3804 
        H442 11 0.3467 0.2909 0.3624 
        H446 11 0.3470 0.3420 0.3110 
        H447 11 0.3160 0.2824 0.4016 
        H448 11 0.2804 0.3006 0.4190 
        H534 11 0.2709 0.4879 0.2412 
        H537 11 0.2772 0.4420 0.2807 
        H568 11 0.2539 0.5050 0.2411 
        H569 11 0.3652 0.2030 0.4318 
        H586 11 0.4162 0.4034 0.1804 
        H587 11 0.2289 0.5159 0.2553 
        H588 11 0.4551 0.2509 0.2941 
        H589 11 0.2567 0.4953 0.2480 
        H590 11 0.2975 0.3967 0.3058 
        H601 11 0.3892 0.2197 0.3911 
        H602 11 0.2968 0.3965 0.3067 
        H603 11 0.2872 0.2458 0.4670 
        H610 11 0.3086 0.3663 0.3251 
        H611 11 0.3028 0.4467 0.2506 
        H649 11 0.3232 0.3238 0.3531 
        H650 11 0.4511 0.2892 0.2597 
        H651 11 0.2656 0.2926 0.4418 
        H652 11 0.3618 0.3526 0.2856 
       H7364 11 0.3265 0.3142 0.3593 
       H7366 11 0.2701 0.3253 0.4046 
       H7378 11 0.5660 0.1795 0.2545 
       H7379 11 0.3195 0.3361 0.3444 
        H739 11 0.2953 0.4485 0.2562 
        H740 11 0.4081 0.2846 0.3073 
        H741 11 0.2718 0.4755 0.2528 
        H926 11 0.3994 0.2738 0.3268 
        H927 11 0.3521 0.3022 0.3457 
        H928 11 0.3477 0.3750 0.2773 
       H9560 11 0.3862 0.3496 0.2643 
        H409 12 0.2951 0.2222 0.4827 
        H413 12 0.4935 0.2250 0.2814 
        H419 12 0.2990 0.2804 0.4206 
        H420 12 0.3011 0.3457 0.3531 
        H421 12 0.3940 0.2192 0.3868 
        H435 12 0.3775 0.2542 0.3683 
        H436 12 0.2709 0.3218 0.4073 
        H437 12 0.2966 0.4384 0.2650 
        H445 12 0.2902 0.2531 0.4566 
        H449 12 0.4082 0.2879 0.3039 
        H463 12 0.3118 0.3730 0.3152 
        H464 12 0.4274 0.2352 0.3374 
        H465 12 0.4597 0.3096 0.2306 
        H490 12 0.4227 0.2397 0.3377 
        H561 12 0.3467 0.3291 0.3243 
        H562 12 0.2330 0.2983 0.4687 
        H563 12 0.2742 0.3407 0.3851 
        H570 12 0.2477 0.3753 0.3771 
        H571 12 0.4020 0.3221 0.2758 
        H572 12 0.3076 0.3277 0.3647 
        H573 12 0.3027 0.2415 0.4558 
       H7372 12 0.3435 0.2025 0.4541 
       H7373 12 0.4856 0.2624 0.2521 
       H7374 12 0.2683 0.3585 0.3732 
       H7375 12 0.2850 0.3862 0.3289 
       H7376 12 0.2492 0.2001 0.5506 
       H7377 12 0.2881 0.4267 0.2853 
