      H008.9  2 0.4530 0.5470 
 H029.5_2002  2 0.0781 0.9219 
 H029.5_2003  2 0.0530 0.9470 
      H030.1  2 0.4088 0.5912 
      H038.4  2 0.0578 0.9422 
      H041.2  2 0.1412 0.8588 
 H042.3_2003  2 0.4651 0.5349 
 H042.4_2002  2 0.7394 0.2606 
   H042_2002  2 0.5506 0.4494 
   H042_2003  2 0.5422 0.4578 
      H043.7  2 0.1130 0.8870 
      H047.6  2 0.1195 0.8805 
 H071.1_2003  2 0.1770 0.8230 
 H071.5_2002  2 0.1285 0.8715 
 H081.3_2003  2 0.3678 0.6322 
      H081.7  2 0.1493 0.8507 
      H083.1  2 0.1449 0.8551 
      H084.5  2 0.3092 0.6908 
 H085.1_2003  2 0.1639 0.8361 
 H085.5_2002  2 0.6323 0.3677 
      H088.7  2 0.2016 0.7984 
      H091.1  2 0.3100 0.6900 
      H109.6  2 0.2557 0.7443 
      H126.2  2 0.2461 0.7539 
      H130.3  2 0.2727 0.7273 
      H133.1  2 0.0890 0.9110 
      H147.4  2 0.0844 0.9156 
      H148.6  2 0.5823 0.4177 
   H166022.2  2 0.5329 0.4671 
   H167397.3  2 0.0574 0.9426 
   H167496.6  2 0.2694 0.7306 
   H167513.8  2 0.1455 0.8545 
   H167547.4  2 0.4380 0.5620 
   H169750.2  2 0.3041 0.6959 
   H171929.2  2 0.5942 0.4058 
   H171930.8  2 0.4336 0.5664 
   H171933.7  2 0.4036 0.5964 
      H190.6  2 0.9435 0.0565 
      H400.4  2 0.1707 0.8293 
 H428.2_2006  2 0.1135 0.8865 
 H428.6_2005  2 0.5934 0.4066 
      H453.3  2 0.3635 0.6365 
     H512.10  2 0.0963 0.9037 
      H513.2  2 0.3520 0.6480 
      H532.3  2 0.5815 0.4185 
      H543.8  2 0.1074 0.8926 
 H545.1_2005  2 0.0348 0.9652 
 H545.3_2006  2 0.0308 0.9692 
      H547.7  2 0.3065 0.6935 
      H548.3  2 0.0517 0.9483 
     H7389.1  2 0.3794 0.6206 
      H747.2  2 0.6542 0.3458 
     H7484.8  2 0.5443 0.4557 
     H7485.6  2 0.0885 0.9115 
     H7496.6  2 0.4652 0.5348 
        UNK9  2 0.2354 0.7646 
      H009.6  4 0.5987 0.4013 
      H046.4  4 0.6765 0.3235 
 H076.2_2004  4 0.7735 0.2265 
 H076.5_2002  4 0.6935 0.3065 
 H076.6_2003  4 0.7143 0.2857 
      H477.6  4 0.5691 0.4309 
 H479.4_2006  4 0.1916 0.8084 
 H479.8_2005  4 0.1831 0.8169 
      H516.4  4 0.2933 0.7067 
      H646.2  4 0.4386 0.5614 
      H658.6  4 0.7987 0.2013 
      H682.1  4 0.5875 0.4125 
      H720.4  4 0.6091 0.3909 
      H724.6  4 0.5566 0.4434 
      H725.5  4 0.6395 0.3605 
      H726.2  4 0.8690 0.1310 
      H016.4  5 0.0849 0.9151 
 H017.1_2002  5 0.8125 0.1875 
 H017.5_2003  5 0.3654 0.6346 
      H032.3  5 0.1661 0.8339 
 H034.4_2002  5 0.7886 0.2114 
 H034.5_2003  5 0.6433 0.3567 
      H048.4  5 0.1376 0.8624 
      H060.1  5 0.0793 0.9207 
 H070.3_2002  5 0.3629 0.6371 
 H070.4_2004  5 0.5990 0.4010 
 H070.5_2003  5 0.5677 0.4323 
      H077.4  5 0.6126 0.3874 
      H097.6  5 0.1798 0.8202 
      H124.5  5 0.1128 0.8872 
      H132.5  5 0.1831 0.8169 
      H155.7  5 0.7136 0.2864 
      H169.2  5 0.4052 0.5948 
      H457.8  5 0.1343 0.8657 
      H462.4  5 0.7976 0.2024 
      H481.8  5 0.8421 0.1579 
      H509.4  5 0.8035 0.1965 
      H567.2  5 0.8413 0.1587 
      H608.4  5 0.1539 0.8461 
      H615.4  5 0.6977 0.3023 
      H635.4  5 0.3730 0.6270 
      H728.5  5 0.1087 0.8913 
 H7395.1_200  5 0.4500 0.5500 
     H7395.5  5 0.1184 0.8816 
      H742.2  5 0.7594 0.2406 
      H958.3  5 0.8299 0.1701 
      H452.9 10 0.6048 0.3952 
      H473.5 10 0.0474 0.9526 
      H487.5 10 0.9113 0.0887 
     H703.10 10 0.6602 0.3398 
      H705.2 10 0.7917 0.2083 
     H7352.5 10 0.0757 0.9243 
     H7354.1 10 0.5860 0.4140 
     H7359.1 10 0.6125 0.3875 
      H909.8 10 0.8923 0.1077 
     H9555.3 10 0.9241 0.0759 
     H9703.4 10 0.9330 0.0670 
     H9707.6 10 0.5531 0.4469 
     HSAA4.2 10 0.9393 0.0607 
   saaRTON.1 10 0.9603 0.0397 
  saaRTON.10 10 0.9199 0.0801 
   saaRTON.2 10 0.9641 0.0359 
   saaRTON.3 10 0.9475 0.0525 
   saaRTON.4 10 0.9548 0.0452 
   saaRTON.5 10 0.9628 0.0372 
   saaRTON.6 10 0.9542 0.0458 
   saaRTON.7 10 0.9174 0.0826 
   saaRTON.8 10 0.9634 0.0366 
   saaRTON.9 10 0.9700 0.0300 
      H005.8 11 0.2850 0.7150 
      H031.2 11 0.6594 0.3406 
      H136.1 11 0.5431 0.4569 
      H153.4 11 0.7612 0.2388 
      H167.1 11 0.1047 0.8953 
      H173.1 11 0.6403 0.3597 
 H194.8_2003 11 0.8560 0.1440 
      H196.6 11 0.8107 0.1893 
 H356.5_2002 11 0.2908 0.7092 
 H356.6_2001 11 0.5170 0.4830 
      H360.6 11 0.4647 0.5353 
 H369.1_2001 11 0.1998 0.8002 
      H369.4 11 0.7287 0.2713 
      H374.3 11 0.5222 0.4778 
      H376.1 11 0.1341 0.8659 
      H381.1 11 0.4533 0.5467 
      H386.5 11 0.2683 0.7317 
 H387.5_2001 11 0.6401 0.3599 
      H387.9 11 0.2068 0.7932 
      H392.6 11 0.2681 0.7319 
 H393.4_2001 11 0.2065 0.7935 
 H393.4_2002 11 0.4424 0.5576 
      H394.5 11 0.2858 0.7142 
      H412.9 11 0.8793 0.1207 
      H439.5 11 0.7062 0.2938 
 H441.6_2004 11 0.7827 0.2173 
 H441.7_2005 11 0.4898 0.5102 
 H442.6_2004 11 0.8939 0.1061 
      H442.9 11 0.7765 0.2235 
      H446.6 11 0.6123 0.3877 
      H447.7 11 0.3998 0.6002 
      H448.2 11 0.8856 0.1144 
      H586.2 11 0.1130 0.8870 
     H590.10 11 0.1303 0.8697 
      H610.7 11 0.3364 0.6636 
      H611.4 11 0.5214 0.4786 
 H7379.2_200 11 0.2327 0.7673 
 H7379.4_200 11 0.3518 0.6482 
      H741.1 11 0.5622 0.4378 
      H927.3 11 0.1634 0.8366 
      H928.4 11 0.4091 0.5909 
     H9560.4 11 0.9319 0.0681 
    Rad451.3 11 0.3027 0.6973 
