      H008.9  2 0.4875 0.5125 
 H029.5_2002  2 0.9172 0.0828 
 H029.5_2003  2 0.9439 0.0561 
      H030.1  2 0.6108 0.3892 
      H038.4  2 0.9381 0.0619 
      H041.2  2 0.7989 0.2011 
 H042.3_2003  2 0.5007 0.4993 
 H042.4_2002  2 0.2034 0.7966 
   H042_2002  2 0.3577 0.6423 
   H042_2003  2 0.3350 0.6650 
      H043.7  2 0.8997 0.1003 
      H047.6  2 0.8292 0.1708 
 H071.1_2003  2 0.8273 0.1727 
 H071.5_2002  2 0.8431 0.1569 
 H081.3_2003  2 0.6283 0.3717 
      H081.7  2 0.8425 0.1575 
      H083.1  2 0.8294 0.1706 
      H084.5  2 0.6867 0.3133 
 H085.1_2003  2 0.8528 0.1472 
 H085.5_2002  2 0.4371 0.5629 
      H088.7  2 0.6937 0.3063 
      H091.1  2 0.7835 0.2165 
      H109.6  2 0.6844 0.3156 
      H126.2  2 0.7566 0.2434 
      H130.3  2 0.7289 0.2711 
      H133.1  2 0.9086 0.0914 
      H147.4  2 0.9029 0.0971 
      H148.6  2 0.3262 0.6738 
   H166022.2  2 0.4592 0.5408 
   H167397.3  2 0.9412 0.0588 
   H167496.6  2 0.7254 0.2746 
   H167513.8  2 0.8392 0.1608 
   H167547.4  2 0.6083 0.3917 
   H169750.2  2 0.6272 0.3728 
   H171929.2  2 0.3717 0.6283 
   H171930.8  2 0.5807 0.4193 
   H171933.7  2 0.6085 0.3915 
      H190.6  2 0.0748 0.9252 
      H400.4  2 0.8537 0.1463 
 H428.2_2006  2 0.8754 0.1246 
 H428.6_2005  2 0.3703 0.6297 
      H453.3  2 0.7712 0.2288 
     H512.10  2 0.9131 0.0869 
      H513.2  2 0.6107 0.3893 
      H532.3  2 0.3579 0.6421 
      H543.8  2 0.8931 0.1069 
 H545.1_2005  2 0.9624 0.0376 
 H545.3_2006  2 0.9674 0.0326 
      H547.7  2 0.7518 0.2482 
      H548.3  2 0.9497 0.0503 
     H7389.1  2 0.5857 0.4143 
      H747.2  2 0.3518 0.6482 
     H7484.8  2 0.3439 0.6561 
     H7485.6  2 0.8883 0.1117 
     H7496.6  2 0.5310 0.4690 
        UNK9  2 0.7297 0.2703 
      H009.6  4 0.3851 0.6149 
      H046.4  4 0.2858 0.7142 
 H076.2_2004  4 0.2486 0.7514 
 H076.5_2002  4 0.4032 0.5968 
 H076.6_2003  4 0.3109 0.6891 
      H477.6  4 0.5192 0.4808 
 H479.4_2006  4 0.7657 0.2343 
 H479.8_2005  4 0.8221 0.1779 
      H516.4  4 0.6801 0.3199 
      H646.2  4 0.7386 0.2614 
      H658.6  4 0.2942 0.7058 
      H682.1  4 0.3237 0.6763 
      H720.4  4 0.4183 0.5817 
      H724.6  4 0.4241 0.5759 
      H725.5  4 0.3067 0.6933 
      H726.2  4 0.1631 0.8369 
      H016.4  5 0.9150 0.0850 
 H017.1_2002  5 0.2581 0.7419 
 H017.5_2003  5 0.7300 0.2700 
      H032.3  5 0.8648 0.1352 
 H034.4_2002  5 0.1397 0.8603 
 H034.5_2003  5 0.2760 0.7240 
      H048.4  5 0.8945 0.1055 
      H060.1  5 0.9148 0.0852 
 H070.3_2002  5 0.5795 0.4205 
 H070.4_2004  5 0.3218 0.6782 
 H070.5_2003  5 0.3589 0.6411 
      H077.4  5 0.4247 0.5753 
      H097.6  5 0.8792 0.1208 
      H124.5  5 0.8386 0.1614 
      H132.5  5 0.7398 0.2602 
      H155.7  5 0.2255 0.7745 
      H169.2  5 0.6517 0.3483 
      H457.8  5 0.8888 0.1112 
      H462.4  5 0.1391 0.8609 
      H481.8  5 0.2141 0.7859 
      H509.4  5 0.1948 0.8052 
      H567.2  5 0.1411 0.8589 
      H608.4  5 0.8756 0.1244 
      H615.4  5 0.3104 0.6896 
      H635.4  5 0.5801 0.4199 
      H728.5  5 0.8991 0.1009 
 H7395.1_200  5 0.5916 0.4084 
     H7395.5  5 0.8750 0.1250 
      H742.2  5 0.2339 0.7661 
      H958.3  5 0.2123 0.7877 
      H452.9 10 0.4212 0.5788 
      H473.5 10 0.9466 0.0534 
      H487.5 10 0.0939 0.9061 
     H703.10 10 0.4547 0.5453 
      H705.2 10 0.2771 0.7229 
     H7352.5 10 0.9015 0.0985 
     H7354.1 10 0.3656 0.6344 
     H7359.1 10 0.3872 0.6128 
      H909.8 10 0.0963 0.9037 
     H9555.3 10 0.0763 0.9237 
     H9703.4 10 0.1044 0.8956 
     H9707.6 10 0.3928 0.6072 
     HSAA4.2 10 0.0813 0.9187 
   saaRTON.1 10 0.0548 0.9452 
  saaRTON.10 10 0.0746 0.9254 
   saaRTON.2 10 0.0354 0.9646 
   saaRTON.3 10 0.0531 0.9469 
   saaRTON.4 10 0.0480 0.9520 
   saaRTON.5 10 0.0430 0.9570 
   saaRTON.6 10 0.0467 0.9533 
   saaRTON.7 10 0.0806 0.9194 
   saaRTON.8 10 0.0379 0.9621 
   saaRTON.9 10 0.0376 0.9624 
      H005.8 11 0.6950 0.3050 
      H031.2 11 0.3028 0.6972 
      H136.1 11 0.4944 0.5056 
      H153.4 11 0.2227 0.7773 
      H167.1 11 0.8741 0.1259 
      H173.1 11 0.3573 0.6427 
 H194.8_2003 11 0.1245 0.8755 
      H196.6 11 0.1351 0.8649 
 H356.5_2002 11 0.8100 0.1900 
 H356.6_2001 11 0.5824 0.4176 
      H360.6 11 0.5467 0.4533 
 H369.1_2001 11 0.7363 0.2637 
      H369.4 11 0.2954 0.7046 
      H374.3 11 0.6061 0.3939 
      H376.1 11 0.9002 0.0998 
      H381.1 11 0.5467 0.4533 
      H386.5 11 0.6992 0.3008 
 H387.5_2001 11 0.5033 0.4967 
      H387.9 11 0.8252 0.1748 
      H392.6 11 0.7496 0.2504 
 H393.4_2001 11 0.8300 0.1700 
 H393.4_2002 11 0.5688 0.4312 
      H394.5 11 0.7123 0.2877 
      H412.9 11 0.1134 0.8866 
      H439.5 11 0.2460 0.7540 
 H441.6_2004 11 0.2525 0.7475 
 H441.7_2005 11 0.4175 0.5825 
 H442.6_2004 11 0.1289 0.8711 
      H442.9 11 0.2499 0.7501 
      H446.6 11 0.4862 0.5138 
      H447.7 11 0.6361 0.3639 
      H448.2 11 0.1046 0.8954 
      H586.2 11 0.8750 0.1250 
     H590.10 11 0.8784 0.1216 
      H610.7 11 0.6307 0.3693 
      H611.4 11 0.4765 0.5235 
 H7379.2_200 11 0.6692 0.3308 
 H7379.4_200 11 0.5897 0.4103 
      H741.1 11 0.5053 0.4947 
      H927.3 11 0.8492 0.1508 
      H928.4 11 0.5898 0.4102 
     H9560.4 11 0.0654 0.9346 
    Rad451.3 11 0.7010 0.2990 
