

----------------------------------------------------
STRUCTURE by Pritchard, Stephens and Donnelly (2000)
     and Falush, Stephens and Pritchard (2003)
       Code by Pritchard, Falush and Hubisz
             Version 2.3.4 (Jul 2012)
----------------------------------------------------



Command line arguments:   /usr/local/bin/structure -m parameter_job_T34_6 
Input File:    /data/home/rchen/Hunting/blackgrouse-hunting/data_job_T34_6

Run parameters:
   236 individuals
   11 loci
   34 populations assumed
   10000 Burn-in period
   10000 Reps


--------------------------------------------
Proportion of membership of each pre-defined
 population in each of the 34 clusters

Given    Inferred Clusters                                                                                                                                                                                                                                Number of
 Pop       1      2      3      4      5      6      7      8      9     10     11     12     13     14     15     16     17     18     19     20     21     22     23     24     25     26     27     28     29     30     31     32     33     34      Individuals

  1:     0.041  0.012  0.009  0.047  0.030  0.009  0.009  0.042  0.032  0.033  0.004  0.009  0.005  0.049  0.031  0.074  0.034  0.053  0.048  0.005  0.038  0.032  0.009  0.028  0.045  0.030  0.068  0.071  0.038  0.009  0.034  0.005  0.005  0.014      187
 12:     0.006  0.007  0.007  0.004  0.007  0.006  0.007  0.006  0.005  0.006  0.298  0.007  0.081  0.006  0.005  0.004  0.005  0.006  0.004  0.165  0.004  0.005  0.007  0.004  0.006  0.006  0.007  0.005  0.006  0.007  0.006  0.158  0.129  0.007       49
--------------------------------------------

Allele-freq. divergence among pops (Net nucleotide distance),
computed using point estimates of P.

      1       2       3       4       5       6       7       8       9      10      11      12      13      14      15      16      17      18      19      20      21      22      23      24      25      26      27      28      29      30      31      32      33      34      
 1      -    0.1249  0.1180  0.2413  0.1807  0.1181  0.1197  0.2057  0.2152  0.2155  0.1598  0.1180  0.1765  0.2385  0.2142  0.2356  0.1711  0.2224  0.2473  0.1764  0.2565  0.2678  0.1198  0.1981  0.1884  0.1844  0.2248  0.2726  0.2640  0.1208  0.2069  0.1791  0.2505  0.1457  
 2   0.1249     -    0.0036  0.0821  0.0363  0.0036  0.0034  0.1043  0.0665  0.0524  0.0939  0.0036  0.1302  0.1119  0.0692  0.1164  0.0790  0.1144  0.1500  0.1062  0.1150  0.1132  0.0034  0.0723  0.0744  0.0547  0.1283  0.1308  0.1698  0.0034  0.0702  0.1013  0.1518  0.0104  
 3   0.1180  0.0036     -    0.0817  0.0376  0.0000  0.0000  0.0968  0.0648  0.0706  0.0897  0.0000  0.1176  0.1257  0.0800  0.1070  0.0682  0.1207  0.1354  0.0931  0.1115  0.1051  0.0000  0.0702  0.0619  0.0582  0.1135  0.1197  0.1534  0.0001  0.0710  0.0907  0.1409  0.0102  
 4   0.2413  0.0821  0.0817     -    0.1196  0.0817  0.0815  0.1668  0.1467  0.1445  0.1932  0.0818  0.1831  0.1721  0.1825  0.1764  0.1409  0.1911  0.2397  0.2041  0.2285  0.1735  0.0823  0.1488  0.1468  0.1615  0.1997  0.2009  0.2608  0.0812  0.1362  0.1810  0.2529  0.0951  
 5   0.1807  0.0363  0.0376  0.1196     -    0.0375  0.0368  0.1078  0.0963  0.0952  0.1284  0.0375  0.1667  0.0935  0.1216  0.1759  0.1115  0.0759  0.1952  0.1474  0.1164  0.1902  0.0369  0.1325  0.0928  0.0814  0.1789  0.2011  0.2421  0.0370  0.1164  0.1386  0.1509  0.0341  
 6   0.1181  0.0036  0.0000  0.0817  0.0375     -    0.0000  0.0967  0.0648  0.0706  0.0898  0.0000  0.1177  0.1255  0.0800  0.1070  0.0682  0.1206  0.1356  0.0931  0.1115  0.1052  0.0000  0.0702  0.0619  0.0580  0.1136  0.1199  0.1535  0.0001  0.0710  0.0908  0.1409  0.0102  
 7   0.1197  0.0034  0.0000  0.0815  0.0368  0.0000     -    0.0968  0.0646  0.0700  0.0903  0.0000  0.1191  0.1250  0.0800  0.1080  0.0690  0.1202  0.1364  0.0934  0.1113  0.1057  0.0000  0.0701  0.0619  0.0569  0.1142  0.1209  0.1547  0.0000  0.0706  0.0918  0.1419  0.0096  
 8   0.2057  0.1043  0.0968  0.1668  0.1078  0.0967  0.0968     -    0.1925  0.1726  0.1710  0.0968  0.1967  0.1662  0.2162  0.1749  0.1846  0.2131  0.2184  0.2400  0.2417  0.2715  0.0975  0.1960  0.1386  0.1238  0.2242  0.2784  0.2146  0.0967  0.2167  0.1927  0.2382  0.1075  
 9   0.2152  0.0665  0.0648  0.1467  0.0963  0.0648  0.0646  0.1925     -    0.1446  0.1781  0.0648  0.1843  0.2382  0.1231  0.1665  0.1196  0.1849  0.1633  0.1550  0.1762  0.1431  0.0647  0.1197  0.1146  0.0978  0.1613  0.1662  0.2435  0.0652  0.1418  0.1358  0.2598  0.0792  
10   0.2155  0.0524  0.0706  0.1445  0.0952  0.0706  0.0700  0.1726  0.1446     -    0.1739  0.0706  0.2329  0.1600  0.0725  0.2115  0.1502  0.1949  0.2450  0.2023  0.1531  0.1884  0.0696  0.1301  0.1767  0.1346  0.2014  0.2114  0.2526  0.0702  0.1329  0.1826  0.2082  0.0587  
11   0.1598  0.0939  0.0897  0.1932  0.1284  0.0898  0.0903  0.1710  0.1781  0.1739     -    0.0897  0.1371  0.2267  0.1970  0.1848  0.1696  0.2324  0.2620  0.1768  0.2338  0.1981  0.0908  0.1938  0.1746  0.1539  0.1883  0.2163  0.2754  0.0912  0.1704  0.1617  0.2211  0.1065  
12   0.1180  0.0036  0.0000  0.0818  0.0375  0.0000  0.0000  0.0968  0.0648  0.0706  0.0897     -    0.1177  0.1257  0.0800  0.1070  0.0682  0.1207  0.1354  0.0931  0.1115  0.1051  0.0000  0.0702  0.0619  0.0581  0.1135  0.1197  0.1534  0.0001  0.0710  0.0907  0.1409  0.0102  
13   0.1765  0.1302  0.1176  0.1831  0.1667  0.1177  0.1191  0.1967  0.1843  0.2329  0.1371  0.1177     -    0.2190  0.2177  0.2260  0.1475  0.2416  0.2359  0.1997  0.2862  0.2198  0.1195  0.2091  0.1799  0.2309  0.1964  0.1925  0.2534  0.1209  0.2305  0.2002  0.2491  0.1473  
14   0.2385  0.1119  0.1257  0.1721  0.0935  0.1255  0.1250  0.1662  0.2382  0.1600  0.2267  0.1257  0.2190     -    0.1929  0.2418  0.2353  0.1106  0.3044  0.2683  0.2331  0.3360  0.1250  0.2322  0.1966  0.1911  0.2916  0.3464  0.3080  0.1248  0.2336  0.2566  0.2254  0.1192  
15   0.2142  0.0692  0.0800  0.1825  0.1216  0.0800  0.0800  0.2162  0.1231  0.0725  0.1970  0.0800  0.2177  0.1929     -    0.2118  0.1444  0.2207  0.2213  0.1800  0.1663  0.1982  0.0793  0.1398  0.2006  0.1254  0.1784  0.2200  0.2578  0.0802  0.1650  0.2008  0.2035  0.0669  
16   0.2356  0.1164  0.1070  0.1764  0.1759  0.1070  0.1080  0.1749  0.1665  0.2115  0.1848  0.1070  0.2260  0.2418  0.2118     -    0.1850  0.2854  0.2380  0.1996  0.2539  0.1862  0.1084  0.2220  0.1544  0.1799  0.2241  0.2077  0.2379  0.1082  0.1718  0.1586  0.2820  0.1350  
17   0.1711  0.0790  0.0682  0.1409  0.1115  0.0682  0.0690  0.1846  0.1196  0.1502  0.1696  0.0682  0.1475  0.2353  0.1444  0.1850     -    0.2343  0.1905  0.1625  0.1873  0.1426  0.0693  0.1367  0.1557  0.1654  0.1098  0.1528  0.2349  0.0703  0.1419  0.1700  0.2086  0.0878  
18   0.2224  0.1144  0.1207  0.1911  0.0759  0.1206  0.1202  0.2131  0.1849  0.1949  0.2324  0.1207  0.2416  0.1106  0.2207  0.2854  0.2343     -    0.2558  0.2651  0.2027  0.3183  0.1200  0.2038  0.1584  0.1827  0.3221  0.3265  0.3126  0.1199  0.2037  0.2146  0.2175  0.1287  
19   0.2473  0.1500  0.1354  0.2397  0.1952  0.1356  0.1364  0.2184  0.1633  0.2450  0.2620  0.1354  0.2359  0.3044  0.2213  0.2380  0.1905  0.2558     -    0.2203  0.2901  0.2470  0.1363  0.2206  0.1981  0.1810  0.2269  0.2421  0.2739  0.1371  0.2376  0.2045  0.2708  0.1575  
20   0.1764  0.1062  0.0931  0.2041  0.1474  0.0931  0.0934  0.2400  0.1550  0.2023  0.1768  0.0931  0.1997  0.2683  0.1800  0.1996  0.1625  0.2651  0.2203     -    0.1893  0.1765  0.0936  0.1771  0.1639  0.1537  0.1762  0.2100  0.2492  0.0939  0.1570  0.1622  0.2509  0.1038  
21   0.2565  0.1150  0.1115  0.2285  0.1164  0.1115  0.1113  0.2417  0.1762  0.1531  0.2338  0.1115  0.2862  0.2331  0.1663  0.2539  0.1873  0.2027  0.2901  0.1893     -    0.2366  0.1108  0.1856  0.1835  0.1581  0.2265  0.2637  0.2927  0.1114  0.2014  0.2140  0.1894  0.1090  
22   0.2678  0.1132  0.1051  0.1735  0.1902  0.1052  0.1057  0.2715  0.1431  0.1884  0.1981  0.1051  0.2198  0.3360  0.1982  0.1862  0.1426  0.3183  0.2470  0.1765  0.2366     -    0.1057  0.0946  0.1785  0.1850  0.1915  0.0601  0.2562  0.1065  0.1409  0.1883  0.2871  0.1260  
23   0.1198  0.0034  0.0000  0.0823  0.0369  0.0000  0.0000  0.0975  0.0647  0.0696  0.0908  0.0000  0.1195  0.1250  0.0793  0.1084  0.0693  0.1200  0.1363  0.0936  0.1108  0.1057     -    0.0702  0.0614  0.0571  0.1147  0.1208  0.1546  0.0001  0.0712  0.0922  0.1405  0.0094  
24   0.1981  0.0723  0.0702  0.1488  0.1325  0.0702  0.0701  0.1960  0.1197  0.1301  0.1938  0.0702  0.2091  0.2322  0.1398  0.2220  0.1367  0.2038  0.2206  0.1771  0.1856  0.0946  0.0702     -    0.1519  0.1371  0.1998  0.0990  0.1590  0.0698  0.1107  0.1646  0.2510  0.0870  
25   0.1884  0.0744  0.0619  0.1468  0.0928  0.0619  0.0619  0.1386  0.1146  0.1767  0.1746  0.0619  0.1799  0.1966  0.2006  0.1544  0.1557  0.1584  0.1981  0.1639  0.1835  0.1785  0.0614  0.1519     -    0.1151  0.2309  0.1958  0.2018  0.0613  0.1353  0.1507  0.1874  0.0804  
26   0.1844  0.0547  0.0582  0.1615  0.0814  0.0580  0.0569  0.1238  0.0978  0.1346  0.1539  0.0581  0.2309  0.1911  0.1254  0.1799  0.1654  0.1827  0.1810  0.1537  0.1581  0.1850  0.0571  0.1371  0.1151     -    0.2035  0.2296  0.2738  0.0559  0.1473  0.1769  0.2348  0.0522  
27   0.2248  0.1283  0.1135  0.1997  0.1789  0.1136  0.1142  0.2242  0.1613  0.2014  0.1883  0.1135  0.1964  0.2916  0.1784  0.2241  0.1098  0.3221  0.2269  0.1762  0.2265  0.1915  0.1147  0.1998  0.2309  0.2035     -    0.1788  0.2747  0.1151  0.1873  0.2243  0.2637  0.1239  
28   0.2726  0.1308  0.1197  0.2009  0.2011  0.1199  0.1209  0.2784  0.1662  0.2114  0.2163  0.1197  0.1925  0.3464  0.2200  0.2077  0.1528  0.3265  0.2421  0.2100  0.2637  0.0601  0.1208  0.0990  0.1958  0.2296  0.1788     -    0.2501  0.1224  0.1477  0.1915  0.2665  0.1456  
29   0.2640  0.1698  0.1534  0.2608  0.2421  0.1535  0.1547  0.2146  0.2435  0.2526  0.2754  0.1534  0.2534  0.3080  0.2578  0.2379  0.2349  0.3126  0.2739  0.2492  0.2927  0.2562  0.1546  0.1590  0.2018  0.2738  0.2747  0.2501     -    0.1550  0.1839  0.2255  0.3367  0.1947  
30   0.1208  0.0034  0.0001  0.0812  0.0370  0.0001  0.0000  0.0967  0.0652  0.0702  0.0912  0.0001  0.1209  0.1248  0.0802  0.1082  0.0703  0.1199  0.1371  0.0939  0.1114  0.1065  0.0001  0.0698  0.0613  0.0559  0.1151  0.1224  0.1550     -    0.0708  0.0929  0.1420  0.0094  
31   0.2069  0.0702  0.0710  0.1362  0.1164  0.0710  0.0706  0.2167  0.1418  0.1329  0.1704  0.0710  0.2305  0.2336  0.1650  0.1718  0.1419  0.2037  0.2376  0.1570  0.2014  0.1409  0.0712  0.1107  0.1353  0.1473  0.1873  0.1477  0.1839  0.0708     -    0.1548  0.2808  0.0907  
32   0.1791  0.1013  0.0907  0.1810  0.1386  0.0908  0.0918  0.1927  0.1358  0.1826  0.1617  0.0907  0.2002  0.2566  0.2008  0.1586  0.1700  0.2146  0.2045  0.1622  0.2140  0.1883  0.0922  0.1646  0.1507  0.1769  0.2243  0.1915  0.2255  0.0929  0.1548     -    0.2294  0.1171  
33   0.2505  0.1518  0.1409  0.2529  0.1509  0.1409  0.1419  0.2382  0.2598  0.2082  0.2211  0.1409  0.2491  0.2254  0.2035  0.2820  0.2086  0.2175  0.2708  0.2509  0.1894  0.2871  0.1405  0.2510  0.1874  0.2348  0.2637  0.2665  0.3367  0.1420  0.2808  0.2294     -    0.1313  
34   0.1457  0.0104  0.0102  0.0951  0.0341  0.0102  0.0096  0.1075  0.0792  0.0587  0.1065  0.0102  0.1473  0.1192  0.0669  0.1350  0.0878  0.1287  0.1575  0.1038  0.1090  0.1260  0.0094  0.0870  0.0804  0.0522  0.1239  0.1456  0.1947  0.0094  0.0907  0.1171  0.1313     -    

Average distances (expected heterozygosity) between individuals in same cluster:
cluster  1  : 0.5641 
cluster  2  : 0.7243 
cluster  3  : 0.7387 
cluster  4  : 0.5460 
cluster  5  : 0.6425 
cluster  6  : 0.7383 
cluster  7  : 0.7350 
cluster  8  : 0.5271 
cluster  9  : 0.5843 
cluster 10  : 0.5803 
cluster 11  : 0.5800 
cluster 12  : 0.7386 
cluster 13  : 0.5466 
cluster 14  : 0.4741 
cluster 15  : 0.6416 
cluster 16  : 0.5765 
cluster 17  : 0.6136 
cluster 18  : 0.5331 
cluster 19  : 0.5452 
cluster 20  : 0.5456 
cluster 21  : 0.5747 
cluster 22  : 0.5090 
cluster 23  : 0.7354 
cluster 24  : 0.5606 
cluster 25  : 0.5746 
cluster 26  : 0.5749 
cluster 27  : 0.5245 
cluster 28  : 0.4925 
cluster 29  : 0.4357 
cluster 30  : 0.7328 
cluster 31  : 0.5743 
cluster 32  : 0.5848 
cluster 33  : 0.5311 
cluster 34  : 0.6880 

--------------------------------------------
Estimated Ln Prob of Data   = -6567.8
Mean value of ln likelihood = -5622.6
Variance of ln likelihood   = 1890.3
Mean value of alpha         = 0.0306

Mean value of Fst_1         = 0.3687
Mean value of Fst_2         = 0.1521
Mean value of Fst_3         = 0.0006
Mean value of Fst_4         = 0.3911
Mean value of Fst_5         = 0.3052
Mean value of Fst_6         = 0.0041
Mean value of Fst_7         = 0.0335
Mean value of Fst_8         = 0.4038
Mean value of Fst_9         = 0.3038
Mean value of Fst_10         = 0.3785
Mean value of Fst_11         = 0.3048
Mean value of Fst_12         = 0.0015
Mean value of Fst_13         = 0.3971
Mean value of Fst_14         = 0.4687
Mean value of Fst_15         = 0.2972
Mean value of Fst_16         = 0.3368
Mean value of Fst_17         = 0.2881
Mean value of Fst_18         = 0.3947
Mean value of Fst_19         = 0.4591
Mean value of Fst_20         = 0.3847
Mean value of Fst_21         = 0.3710
Mean value of Fst_22         = 0.4025
Mean value of Fst_23         = 0.0273
Mean value of Fst_24         = 0.3323
Mean value of Fst_25         = 0.3053
Mean value of Fst_26         = 0.3229
Mean value of Fst_27         = 0.3961
Mean value of Fst_28         = 0.3780
Mean value of Fst_29         = 0.4839
Mean value of Fst_30         = 0.0366
Mean value of Fst_31         = 0.3572
Mean value of Fst_32         = 0.3539
Mean value of Fst_33         = 0.4241
Mean value of Fst_34         = 0.1682


Inferred ancestry of individuals:
        Label (%Miss) Pop:  Inferred clusters
  1   H105.1    (0)    1 :  0.888 0.003 0.003 0.002 0.004 0.004 0.004 0.004 0.002 0.003 0.004 0.003 0.004 0.002 0.002 0.003 0.005 0.002 0.002 0.003 0.003 0.003 0.005 0.002 0.003 0.010 0.003 0.004 0.003 0.003 0.003 0.003 0.002 0.003 
  2   H105.2    (0)    1 :  0.847 0.007 0.005 0.006 0.004 0.007 0.007 0.006 0.003 0.007 0.003 0.006 0.003 0.003 0.005 0.002 0.007 0.005 0.002 0.006 0.005 0.003 0.005 0.006 0.004 0.003 0.006 0.002 0.004 0.006 0.004 0.003 0.004 0.005 
  3   H105.3    (0)    1 :  0.911 0.003 0.003 0.002 0.002 0.003 0.003 0.003 0.003 0.002 0.005 0.003 0.004 0.003 0.002 0.003 0.003 0.002 0.002 0.003 0.002 0.002 0.003 0.003 0.002 0.004 0.003 0.003 0.003 0.003 0.003 0.003 0.003 0.002 
  4   H105.4    (0)    1 :  0.871 0.005 0.004 0.002 0.004 0.005 0.003 0.005 0.004 0.007 0.004 0.005 0.003 0.005 0.005 0.003 0.004 0.003 0.003 0.007 0.003 0.003 0.004 0.005 0.003 0.005 0.003 0.002 0.006 0.005 0.002 0.003 0.003 0.004 
  5   H105.5    (0)    1 :  0.792 0.008 0.005 0.002 0.007 0.007 0.007 0.006 0.006 0.005 0.003 0.007 0.004 0.006 0.005 0.003 0.008 0.004 0.003 0.006 0.008 0.005 0.007 0.004 0.004 0.039 0.003 0.003 0.004 0.007 0.003 0.004 0.004 0.005 
  6   H105.6    (0)    1 :  0.828 0.007 0.005 0.003 0.005 0.007 0.007 0.003 0.004 0.005 0.005 0.006 0.004 0.013 0.004 0.003 0.003 0.004 0.005 0.010 0.003 0.002 0.005 0.004 0.008 0.004 0.003 0.003 0.009 0.005 0.004 0.004 0.007 0.006 
  7   H105.7    (0)    1 :  0.807 0.006 0.007 0.004 0.006 0.005 0.007 0.006 0.005 0.006 0.011 0.008 0.005 0.005 0.004 0.003 0.009 0.006 0.003 0.005 0.006 0.004 0.006 0.004 0.011 0.010 0.005 0.003 0.004 0.008 0.006 0.003 0.007 0.007 
  8   H105.8    (0)    1 :  0.899 0.003 0.003 0.003 0.002 0.003 0.003 0.003 0.002 0.002 0.003 0.003 0.003 0.003 0.003 0.002 0.004 0.004 0.002 0.004 0.003 0.002 0.003 0.004 0.002 0.004 0.008 0.002 0.003 0.003 0.003 0.003 0.003 0.003 
  9   H115.1    (0)    1 :  0.005 0.021 0.017 0.008 0.099 0.015 0.021 0.006 0.005 0.101 0.007 0.007 0.003 0.026 0.123 0.004 0.003 0.005 0.003 0.014 0.005 0.007 0.013 0.008 0.003 0.038 0.007 0.009 0.003 0.026 0.006 0.005 0.071 0.302 
 10   H115.2    (0)    1 :  0.004 0.033 0.014 0.007 0.084 0.018 0.028 0.007 0.005 0.176 0.003 0.015 0.004 0.042 0.163 0.004 0.008 0.018 0.003 0.004 0.006 0.005 0.019 0.015 0.009 0.019 0.004 0.004 0.005 0.014 0.008 0.004 0.008 0.241 
 11   H115.3    (0)    1 :  0.008 0.167 0.010 0.005 0.033 0.009 0.017 0.004 0.007 0.400 0.006 0.007 0.004 0.150 0.047 0.003 0.004 0.011 0.005 0.004 0.003 0.009 0.009 0.012 0.002 0.016 0.004 0.005 0.003 0.010 0.010 0.003 0.004 0.007 
 12   H115.4    (0)    1 :  0.003 0.027 0.010 0.007 0.006 0.007 0.009 0.011 0.006 0.502 0.003 0.010 0.005 0.004 0.215 0.006 0.018 0.003 0.005 0.003 0.011 0.013 0.011 0.008 0.004 0.006 0.025 0.020 0.004 0.009 0.012 0.003 0.005 0.008 
 13   H115.5    (0)    1 :  0.026 0.081 0.046 0.006 0.046 0.032 0.045 0.006 0.008 0.057 0.006 0.042 0.006 0.193 0.058 0.011 0.008 0.031 0.009 0.008 0.007 0.017 0.034 0.029 0.004 0.016 0.009 0.050 0.005 0.043 0.011 0.003 0.019 0.026 
 14   H115.6    (0)    1 :  0.003 0.118 0.013 0.016 0.026 0.013 0.011 0.005 0.013 0.378 0.006 0.010 0.006 0.167 0.014 0.004 0.008 0.013 0.002 0.004 0.005 0.022 0.014 0.013 0.005 0.011 0.003 0.010 0.005 0.018 0.039 0.006 0.003 0.015 
 15   H115.7    (0)    1 :  0.005 0.043 0.023 0.010 0.031 0.019 0.016 0.015 0.006 0.484 0.009 0.023 0.004 0.013 0.022 0.006 0.006 0.005 0.003 0.008 0.009 0.012 0.023 0.008 0.007 0.015 0.005 0.008 0.004 0.020 0.010 0.004 0.060 0.065 
 16   H115.8    (0)    1 :  0.010 0.076 0.024 0.012 0.044 0.018 0.022 0.004 0.006 0.129 0.011 0.023 0.007 0.325 0.084 0.004 0.010 0.009 0.002 0.005 0.008 0.011 0.017 0.025 0.004 0.021 0.005 0.012 0.003 0.012 0.011 0.004 0.005 0.039 
 17   H115.9    (0)    1 :  0.004 0.040 0.011 0.005 0.115 0.015 0.011 0.005 0.009 0.033 0.008 0.012 0.004 0.307 0.039 0.003 0.005 0.021 0.004 0.016 0.004 0.007 0.011 0.009 0.003 0.055 0.012 0.007 0.002 0.012 0.006 0.003 0.013 0.186 
 18   H145.1    (0)    1 :  0.002 0.008 0.009 0.013 0.009 0.009 0.008 0.009 0.005 0.006 0.006 0.007 0.003 0.017 0.004 0.767 0.003 0.006 0.005 0.005 0.004 0.003 0.011 0.004 0.016 0.007 0.003 0.005 0.005 0.012 0.014 0.006 0.003 0.008 
 19   H145.2    (0)    1 :  0.003 0.006 0.007 0.009 0.006 0.015 0.009 0.004 0.008 0.004 0.005 0.009 0.004 0.010 0.005 0.794 0.004 0.004 0.006 0.004 0.002 0.005 0.008 0.005 0.006 0.009 0.004 0.006 0.008 0.010 0.008 0.006 0.002 0.007 
 20   H145.3    (0)    1 :  0.002 0.003 0.003 0.023 0.002 0.004 0.004 0.003 0.003 0.003 0.002 0.004 0.004 0.004 0.003 0.883 0.002 0.002 0.003 0.003 0.003 0.003 0.003 0.002 0.003 0.004 0.003 0.002 0.002 0.003 0.003 0.003 0.002 0.003 
 21   H145.4    (0)    1 :  0.003 0.004 0.005 0.005 0.006 0.006 0.005 0.007 0.004 0.004 0.007 0.003 0.003 0.005 0.003 0.833 0.004 0.004 0.003 0.007 0.003 0.003 0.006 0.003 0.025 0.005 0.002 0.003 0.004 0.004 0.007 0.006 0.003 0.004 
 22   H145.5    (0)    1 :  0.003 0.003 0.004 0.041 0.003 0.004 0.004 0.004 0.003 0.004 0.003 0.003 0.003 0.003 0.002 0.860 0.002 0.002 0.002 0.003 0.003 0.002 0.004 0.002 0.004 0.004 0.003 0.003 0.002 0.003 0.003 0.003 0.002 0.003 
 23   H145.6    (0)    1 :  0.003 0.004 0.006 0.003 0.004 0.006 0.005 0.003 0.004 0.003 0.006 0.006 0.003 0.004 0.002 0.854 0.003 0.003 0.004 0.003 0.002 0.004 0.006 0.005 0.007 0.006 0.004 0.005 0.007 0.006 0.006 0.003 0.003 0.005 
 24   H145.7    (0)    1 :  0.002 0.004 0.005 0.004 0.003 0.004 0.004 0.003 0.003 0.003 0.005 0.005 0.003 0.003 0.004 0.879 0.004 0.002 0.003 0.003 0.002 0.007 0.003 0.004 0.004 0.003 0.003 0.006 0.006 0.004 0.004 0.004 0.002 0.004 
 25   H149.1    (0)    1 :  0.003 0.004 0.005 0.007 0.004 0.006 0.006 0.002 0.006 0.004 0.003 0.007 0.003 0.003 0.003 0.003 0.003 0.003 0.003 0.005 0.003 0.081 0.004 0.014 0.004 0.005 0.003 0.779 0.003 0.004 0.007 0.004 0.003 0.003 
 26   H149.2    (0)    1 :  0.003 0.004 0.004 0.005 0.004 0.005 0.005 0.003 0.003 0.004 0.003 0.004 0.003 0.002 0.002 0.005 0.005 0.003 0.002 0.004 0.003 0.837 0.003 0.006 0.005 0.005 0.003 0.042 0.003 0.004 0.005 0.004 0.003 0.004 
 27   H149.3    (0)    1 :  0.006 0.015 0.011 0.006 0.006 0.011 0.017 0.007 0.022 0.014 0.010 0.012 0.004 0.003 0.005 0.014 0.007 0.004 0.004 0.008 0.010 0.679 0.008 0.008 0.007 0.017 0.006 0.037 0.004 0.013 0.006 0.003 0.003 0.014 
 28   H149.4    (0)    1 :  0.010 0.006 0.009 0.017 0.007 0.008 0.009 0.002 0.008 0.003 0.006 0.007 0.017 0.005 0.005 0.003 0.009 0.010 0.003 0.005 0.004 0.571 0.009 0.021 0.003 0.004 0.013 0.198 0.003 0.007 0.005 0.003 0.004 0.006 
 29   H149.5    (0)    1 :  0.005 0.004 0.004 0.003 0.003 0.005 0.004 0.007 0.004 0.003 0.005 0.004 0.004 0.002 0.002 0.007 0.007 0.002 0.004 0.005 0.004 0.865 0.003 0.004 0.005 0.005 0.004 0.005 0.003 0.004 0.003 0.003 0.002 0.004 
 30   H149.6    (0)    1 :  0.002 0.003 0.002 0.003 0.002 0.003 0.003 0.002 0.003 0.002 0.002 0.003 0.002 0.002 0.002 0.004 0.003 0.002 0.003 0.004 0.002 0.900 0.003 0.004 0.003 0.003 0.003 0.012 0.003 0.003 0.004 0.003 0.003 0.003 
 31   H149.7    (0)    1 :  0.005 0.009 0.011 0.004 0.006 0.010 0.011 0.005 0.019 0.006 0.008 0.007 0.008 0.002 0.007 0.004 0.005 0.004 0.004 0.007 0.008 0.747 0.010 0.007 0.013 0.010 0.009 0.014 0.006 0.010 0.008 0.005 0.003 0.009 
 32   H150.1    (0)    1 :  0.004 0.023 0.008 0.004 0.012 0.008 0.006 0.004 0.003 0.044 0.004 0.008 0.003 0.783 0.008 0.003 0.003 0.007 0.002 0.005 0.003 0.002 0.007 0.006 0.003 0.004 0.002 0.002 0.003 0.009 0.004 0.002 0.003 0.006 
 33   H150.2    (0)    1 :  0.004 0.019 0.007 0.012 0.010 0.007 0.011 0.004 0.004 0.659 0.004 0.008 0.005 0.095 0.031 0.002 0.004 0.024 0.004 0.003 0.006 0.003 0.007 0.007 0.004 0.004 0.003 0.007 0.004 0.009 0.005 0.004 0.009 0.014 
 34   H150.3    (0)    1 :  0.005 0.025 0.024 0.035 0.042 0.013 0.015 0.008 0.003 0.168 0.007 0.017 0.004 0.390 0.014 0.006 0.004 0.019 0.002 0.006 0.016 0.005 0.023 0.010 0.011 0.005 0.003 0.006 0.005 0.010 0.008 0.010 0.030 0.051 
 35   H150.4    (0)    1 :  0.004 0.006 0.004 0.006 0.010 0.006 0.005 0.004 0.002 0.008 0.004 0.003 0.004 0.838 0.004 0.005 0.003 0.010 0.001 0.005 0.008 0.003 0.004 0.003 0.007 0.005 0.002 0.003 0.003 0.005 0.007 0.004 0.007 0.007 
 36   H150.5    (0)    1 :  0.007 0.081 0.015 0.004 0.033 0.014 0.013 0.008 0.007 0.446 0.010 0.019 0.005 0.085 0.060 0.004 0.006 0.027 0.003 0.006 0.010 0.004 0.018 0.017 0.006 0.012 0.003 0.004 0.004 0.017 0.008 0.005 0.005 0.035 
 37   H150.6    (0)    1 :  0.007 0.063 0.012 0.003 0.004 0.012 0.009 0.005 0.003 0.629 0.003 0.013 0.004 0.018 0.100 0.006 0.013 0.004 0.002 0.007 0.004 0.003 0.015 0.007 0.003 0.004 0.003 0.003 0.006 0.014 0.004 0.007 0.003 0.010 
 38   H150.7    (0)    1 :  0.005 0.007 0.005 0.010 0.006 0.007 0.004 0.004 0.003 0.007 0.003 0.005 0.003 0.854 0.003 0.003 0.004 0.007 0.002 0.003 0.003 0.002 0.006 0.009 0.004 0.004 0.002 0.004 0.003 0.004 0.005 0.003 0.003 0.004 
 39 H169607.1    (0)    1 :  0.003 0.013 0.015 0.018 0.013 0.011 0.019 0.650 0.005 0.023 0.004 0.012 0.003 0.007 0.006 0.016 0.005 0.008 0.003 0.003 0.008 0.006 0.011 0.011 0.006 0.040 0.011 0.005 0.007 0.015 0.016 0.009 0.004 0.014 
 40 H169607.2    (0)    1 :  0.003 0.003 0.003 0.003 0.005 0.003 0.003 0.901 0.002 0.002 0.003 0.002 0.003 0.005 0.002 0.003 0.003 0.003 0.003 0.002 0.003 0.002 0.003 0.002 0.004 0.003 0.002 0.003 0.004 0.003 0.002 0.003 0.003 0.003 
 41 H169607.3    (0)    1 :  0.006 0.013 0.019 0.010 0.011 0.022 0.024 0.503 0.007 0.012 0.005 0.021 0.004 0.008 0.006 0.014 0.010 0.004 0.005 0.004 0.007 0.010 0.024 0.008 0.013 0.139 0.006 0.004 0.006 0.032 0.007 0.004 0.003 0.029 
 42 H169607.4    (0)    1 :  0.003 0.004 0.005 0.009 0.004 0.005 0.005 0.847 0.003 0.003 0.004 0.003 0.003 0.004 0.002 0.004 0.002 0.006 0.004 0.003 0.002 0.003 0.004 0.004 0.004 0.013 0.002 0.002 0.009 0.005 0.004 0.017 0.002 0.003 
 43 H169607.5    (0)    1 :  0.002 0.006 0.008 0.004 0.008 0.006 0.006 0.747 0.007 0.008 0.004 0.005 0.007 0.007 0.003 0.004 0.004 0.004 0.003 0.003 0.005 0.004 0.006 0.005 0.006 0.093 0.004 0.003 0.003 0.007 0.003 0.003 0.004 0.008 
 44 H169607.6    (0)    1 :  0.003 0.003 0.003 0.003 0.003 0.003 0.003 0.909 0.002 0.002 0.003 0.003 0.004 0.003 0.002 0.002 0.003 0.003 0.002 0.002 0.002 0.002 0.003 0.002 0.004 0.003 0.003 0.002 0.005 0.003 0.002 0.002 0.002 0.003 
 45 H169607.7    (0)    1 :  0.004 0.007 0.005 0.005 0.003 0.005 0.005 0.813 0.015 0.026 0.004 0.006 0.004 0.005 0.011 0.006 0.004 0.003 0.002 0.002 0.006 0.004 0.005 0.003 0.004 0.008 0.011 0.003 0.004 0.005 0.004 0.002 0.002 0.004 
 46 H169607.8    (0)    1 :  0.004 0.004 0.004 0.004 0.006 0.004 0.005 0.862 0.004 0.003 0.003 0.006 0.004 0.004 0.003 0.004 0.003 0.004 0.005 0.006 0.003 0.004 0.004 0.003 0.004 0.010 0.003 0.003 0.004 0.005 0.002 0.005 0.002 0.005 
 47 H169633.1    (0)    1 :  0.004 0.011 0.011 0.004 0.007 0.012 0.010 0.003 0.003 0.006 0.005 0.010 0.004 0.004 0.004 0.011 0.005 0.006 0.005 0.004 0.027 0.007 0.011 0.011 0.006 0.004 0.002 0.753 0.006 0.012 0.009 0.005 0.011 0.009 
 48 H169633.2    (0)    1 :  0.009 0.017 0.022 0.003 0.006 0.014 0.019 0.002 0.004 0.006 0.003 0.018 0.004 0.002 0.007 0.010 0.006 0.003 0.006 0.008 0.017 0.018 0.019 0.021 0.004 0.005 0.007 0.616 0.009 0.010 0.081 0.004 0.007 0.013 
 49 H169633.3    (0)    1 :  0.003 0.014 0.012 0.005 0.009 0.015 0.010 0.003 0.022 0.010 0.009 0.011 0.007 0.004 0.009 0.005 0.007 0.005 0.006 0.006 0.006 0.044 0.028 0.020 0.018 0.007 0.005 0.647 0.007 0.010 0.010 0.006 0.007 0.014 
 50 H169633.4    (0)    1 :  0.004 0.006 0.010 0.005 0.009 0.008 0.008 0.005 0.006 0.006 0.006 0.009 0.004 0.005 0.004 0.007 0.006 0.005 0.006 0.005 0.003 0.007 0.010 0.007 0.016 0.006 0.004 0.784 0.002 0.009 0.005 0.005 0.010 0.007 
 51 H169633.5    (0)    1 :  0.003 0.010 0.008 0.004 0.008 0.010 0.010 0.004 0.006 0.006 0.006 0.009 0.004 0.005 0.004 0.008 0.007 0.005 0.006 0.003 0.003 0.006 0.009 0.007 0.014 0.006 0.005 0.781 0.003 0.007 0.008 0.006 0.008 0.010 
 52 H169688.1    (0)    1 :  0.003 0.007 0.008 0.022 0.008 0.007 0.011 0.014 0.005 0.004 0.003 0.008 0.008 0.005 0.003 0.006 0.013 0.005 0.012 0.005 0.726 0.006 0.011 0.006 0.012 0.005 0.008 0.005 0.006 0.009 0.003 0.007 0.028 0.010 
 53 H169688.2    (0)    1 :  0.010 0.004 0.004 0.003 0.004 0.005 0.005 0.003 0.006 0.003 0.003 0.006 0.005 0.002 0.003 0.003 0.009 0.004 0.004 0.009 0.835 0.005 0.005 0.004 0.007 0.005 0.006 0.003 0.011 0.005 0.003 0.006 0.004 0.004 
 54 H169688.3    (0)    1 :  0.004 0.003 0.004 0.003 0.004 0.003 0.003 0.002 0.003 0.003 0.004 0.003 0.002 0.003 0.002 0.003 0.003 0.003 0.002 0.005 0.891 0.003 0.003 0.004 0.003 0.004 0.003 0.003 0.003 0.004 0.004 0.004 0.003 0.004 
 55 H169688.4    (0)    1 :  0.002 0.004 0.004 0.003 0.004 0.003 0.004 0.003 0.003 0.004 0.003 0.004 0.002 0.004 0.005 0.003 0.003 0.004 0.002 0.004 0.892 0.002 0.004 0.003 0.002 0.006 0.002 0.002 0.002 0.004 0.003 0.003 0.002 0.005 
 56 H169688.5    (0)    1 :  0.002 0.004 0.004 0.003 0.004 0.003 0.003 0.002 0.003 0.005 0.002 0.003 0.002 0.005 0.004 0.003 0.002 0.004 0.002 0.004 0.892 0.003 0.005 0.003 0.003 0.005 0.003 0.002 0.003 0.003 0.003 0.002 0.003 0.005 
 57 H169688.6    (0)    1 :  0.003 0.004 0.004 0.003 0.003 0.006 0.005 0.003 0.004 0.003 0.003 0.004 0.004 0.003 0.003 0.003 0.006 0.004 0.005 0.003 0.811 0.022 0.006 0.004 0.005 0.003 0.050 0.003 0.003 0.005 0.002 0.004 0.005 0.004 
 58 H169688.7    (0)    1 :  0.004 0.008 0.010 0.008 0.005 0.007 0.008 0.002 0.006 0.010 0.004 0.008 0.011 0.010 0.005 0.015 0.004 0.002 0.002 0.009 0.794 0.004 0.008 0.004 0.005 0.006 0.004 0.004 0.007 0.006 0.005 0.005 0.002 0.006 
 59 H171901.1    (0)    1 :  0.016 0.061 0.075 0.006 0.013 0.093 0.078 0.011 0.004 0.013 0.007 0.073 0.003 0.013 0.017 0.017 0.017 0.009 0.003 0.004 0.007 0.008 0.085 0.033 0.067 0.106 0.006 0.003 0.006 0.083 0.009 0.003 0.014 0.035 
 60 H171901.2    (0)    1 :  0.040 0.017 0.020 0.007 0.021 0.015 0.012 0.009 0.028 0.006 0.005 0.012 0.010 0.007 0.006 0.006 0.005 0.010 0.004 0.005 0.005 0.025 0.013 0.365 0.014 0.020 0.003 0.247 0.007 0.019 0.008 0.012 0.003 0.015 
 61 H171901.3    (0)    1 :  0.004 0.009 0.009 0.005 0.003 0.009 0.008 0.004 0.005 0.007 0.004 0.015 0.003 0.005 0.003 0.003 0.006 0.005 0.006 0.005 0.006 0.024 0.010 0.725 0.006 0.015 0.004 0.030 0.008 0.017 0.006 0.007 0.011 0.013 
 62 H171901.4    (0)    1 :  0.009 0.007 0.006 0.006 0.004 0.008 0.007 0.006 0.007 0.005 0.003 0.005 0.004 0.005 0.006 0.003 0.004 0.004 0.006 0.004 0.003 0.008 0.006 0.735 0.005 0.006 0.004 0.088 0.010 0.008 0.005 0.003 0.005 0.007 
 63 H171901.5    (0)    1 :  0.004 0.007 0.006 0.005 0.003 0.006 0.007 0.004 0.010 0.005 0.003 0.005 0.003 0.004 0.006 0.003 0.004 0.004 0.004 0.006 0.002 0.016 0.006 0.823 0.003 0.004 0.005 0.008 0.010 0.005 0.007 0.005 0.002 0.005 
 64 H171901.6    (0)    1 :  0.004 0.011 0.008 0.008 0.005 0.009 0.008 0.005 0.011 0.010 0.003 0.014 0.004 0.009 0.008 0.004 0.008 0.006 0.004 0.006 0.005 0.008 0.010 0.735 0.009 0.007 0.005 0.008 0.019 0.014 0.009 0.006 0.003 0.017 
 65 H171901.7    (0)    1 :  0.003 0.013 0.036 0.005 0.005 0.026 0.023 0.004 0.111 0.006 0.003 0.016 0.006 0.005 0.007 0.004 0.011 0.005 0.009 0.005 0.010 0.020 0.026 0.449 0.060 0.025 0.004 0.021 0.019 0.026 0.007 0.004 0.004 0.021 
 66 H171902.1    (0)    1 :  0.002 0.004 0.004 0.872 0.003 0.004 0.005 0.006 0.003 0.002 0.002 0.004 0.004 0.006 0.003 0.003 0.004 0.004 0.003 0.004 0.004 0.004 0.003 0.006 0.003 0.003 0.004 0.006 0.008 0.004 0.005 0.003 0.002 0.003 
 67 H171902.10    (0)    1 :  0.003 0.004 0.004 0.869 0.004 0.003 0.004 0.004 0.008 0.009 0.003 0.005 0.003 0.004 0.006 0.003 0.005 0.003 0.002 0.002 0.006 0.005 0.004 0.003 0.003 0.004 0.005 0.003 0.002 0.004 0.004 0.003 0.002 0.004 
 68 H171902.2    (0)    1 :  0.002 0.005 0.005 0.817 0.003 0.006 0.006 0.004 0.002 0.004 0.003 0.005 0.006 0.005 0.004 0.004 0.004 0.004 0.002 0.004 0.006 0.006 0.007 0.015 0.003 0.004 0.008 0.011 0.016 0.007 0.007 0.003 0.005 0.006 
 69 H171902.3    (0)    1 :  0.003 0.004 0.005 0.829 0.004 0.005 0.005 0.006 0.002 0.006 0.002 0.005 0.003 0.005 0.003 0.003 0.004 0.005 0.003 0.004 0.004 0.009 0.005 0.026 0.004 0.003 0.003 0.009 0.008 0.005 0.006 0.003 0.003 0.005 
 70 H171902.4    (0)    1 :  0.002 0.004 0.004 0.870 0.003 0.003 0.005 0.002 0.004 0.004 0.003 0.004 0.004 0.003 0.002 0.004 0.003 0.004 0.002 0.003 0.003 0.015 0.004 0.006 0.004 0.003 0.003 0.009 0.002 0.004 0.004 0.004 0.002 0.004 
 71 H171902.6    (0)    1 :  0.003 0.004 0.003 0.893 0.003 0.003 0.003 0.004 0.004 0.003 0.002 0.004 0.004 0.004 0.002 0.003 0.004 0.003 0.002 0.003 0.002 0.005 0.003 0.004 0.003 0.003 0.003 0.003 0.003 0.003 0.004 0.003 0.002 0.003 
 72 H171902.7    (0)    1 :  0.006 0.009 0.007 0.754 0.004 0.006 0.008 0.019 0.007 0.027 0.004 0.007 0.004 0.005 0.007 0.005 0.004 0.003 0.002 0.003 0.004 0.027 0.006 0.004 0.008 0.022 0.003 0.004 0.003 0.006 0.005 0.005 0.002 0.009 
 73 H171902.8    (0)    1 :  0.002 0.005 0.004 0.856 0.004 0.005 0.004 0.004 0.004 0.006 0.002 0.005 0.004 0.005 0.003 0.003 0.004 0.005 0.003 0.003 0.003 0.006 0.006 0.011 0.006 0.004 0.003 0.004 0.005 0.004 0.006 0.004 0.003 0.005 
 74 H171902.9    (9)    1 :  0.003 0.003 0.003 0.874 0.006 0.003 0.004 0.006 0.003 0.004 0.003 0.004 0.003 0.010 0.003 0.004 0.003 0.007 0.003 0.003 0.003 0.003 0.004 0.003 0.004 0.004 0.002 0.003 0.003 0.004 0.004 0.003 0.003 0.005 
 75 H171903.1    (0)    1 :  0.008 0.015 0.010 0.004 0.023 0.012 0.009 0.447 0.015 0.013 0.005 0.008 0.004 0.013 0.019 0.004 0.004 0.013 0.004 0.004 0.009 0.003 0.009 0.009 0.007 0.284 0.003 0.003 0.007 0.009 0.005 0.005 0.004 0.011 
 76 H171903.2    (0)    1 :  0.028 0.007 0.011 0.004 0.007 0.011 0.012 0.040 0.016 0.005 0.007 0.008 0.004 0.011 0.006 0.007 0.004 0.009 0.008 0.004 0.004 0.003 0.008 0.009 0.007 0.713 0.004 0.002 0.009 0.012 0.004 0.009 0.002 0.007 
 77 H171903.3    (0)    1 :  0.015 0.007 0.006 0.003 0.008 0.006 0.007 0.012 0.007 0.004 0.003 0.014 0.003 0.004 0.004 0.003 0.003 0.004 0.016 0.008 0.004 0.003 0.007 0.004 0.020 0.757 0.003 0.004 0.002 0.009 0.022 0.013 0.003 0.012 
 78 H171903.4    (0)    1 :  0.004 0.029 0.019 0.017 0.009 0.020 0.015 0.071 0.010 0.049 0.004 0.019 0.002 0.013 0.007 0.007 0.004 0.009 0.003 0.004 0.030 0.007 0.013 0.007 0.018 0.537 0.003 0.003 0.007 0.025 0.008 0.013 0.003 0.013 
 79 H171903.5    (0)    1 :  0.006 0.006 0.011 0.004 0.009 0.007 0.006 0.006 0.006 0.005 0.004 0.009 0.003 0.003 0.005 0.004 0.004 0.005 0.004 0.007 0.011 0.008 0.006 0.008 0.005 0.799 0.005 0.006 0.005 0.006 0.010 0.003 0.003 0.012 
 80 H171903.6    (0)    1 :  0.002 0.012 0.013 0.005 0.009 0.005 0.012 0.038 0.010 0.006 0.002 0.006 0.003 0.003 0.007 0.005 0.004 0.004 0.005 0.003 0.064 0.008 0.005 0.004 0.005 0.723 0.003 0.006 0.002 0.010 0.004 0.003 0.002 0.008 
 81   H177.1    (0)    1 :  0.002 0.004 0.004 0.004 0.007 0.005 0.005 0.006 0.843 0.006 0.003 0.005 0.003 0.004 0.006 0.003 0.004 0.005 0.004 0.004 0.005 0.005 0.004 0.004 0.011 0.004 0.006 0.005 0.003 0.007 0.003 0.006 0.005 0.006 
 82   H177.2    (0)    1 :  0.004 0.014 0.017 0.004 0.015 0.016 0.024 0.010 0.534 0.008 0.007 0.029 0.014 0.005 0.014 0.077 0.019 0.005 0.004 0.010 0.006 0.008 0.018 0.009 0.005 0.013 0.023 0.014 0.005 0.022 0.006 0.018 0.003 0.021 
 83   H177.3    (0)    1 :  0.002 0.004 0.005 0.004 0.006 0.004 0.005 0.003 0.848 0.005 0.004 0.004 0.003 0.003 0.003 0.013 0.007 0.003 0.004 0.004 0.003 0.006 0.005 0.004 0.004 0.008 0.005 0.005 0.003 0.004 0.005 0.004 0.002 0.007 
 84   H177.4    (0)    1 :  0.009 0.007 0.007 0.004 0.003 0.007 0.008 0.005 0.760 0.004 0.008 0.006 0.007 0.003 0.003 0.007 0.010 0.004 0.012 0.004 0.003 0.005 0.006 0.004 0.017 0.006 0.038 0.005 0.007 0.009 0.009 0.005 0.002 0.006 
 85   H177.5    (0)    1 :  0.005 0.009 0.011 0.003 0.007 0.017 0.016 0.003 0.689 0.006 0.009 0.022 0.014 0.004 0.015 0.009 0.005 0.007 0.003 0.008 0.011 0.003 0.010 0.005 0.034 0.007 0.007 0.004 0.010 0.018 0.006 0.010 0.003 0.009 
 86   H177.6    (0)    1 :  0.002 0.005 0.005 0.005 0.004 0.006 0.005 0.003 0.844 0.004 0.003 0.005 0.003 0.003 0.004 0.007 0.004 0.003 0.004 0.005 0.003 0.009 0.005 0.005 0.006 0.007 0.006 0.009 0.003 0.005 0.007 0.006 0.002 0.005 
 87   H179.1    (0)    1 :  0.003 0.012 0.012 0.004 0.010 0.010 0.009 0.004 0.006 0.009 0.008 0.010 0.006 0.005 0.005 0.002 0.006 0.010 0.002 0.041 0.011 0.005 0.010 0.008 0.011 0.005 0.730 0.004 0.008 0.008 0.006 0.004 0.006 0.011 
 88   H179.2    (0)    1 :  0.005 0.015 0.011 0.006 0.011 0.008 0.013 0.005 0.008 0.015 0.004 0.014 0.003 0.008 0.011 0.002 0.009 0.005 0.014 0.046 0.013 0.007 0.011 0.007 0.006 0.009 0.654 0.004 0.006 0.016 0.028 0.009 0.003 0.011 
 89   H179.3    (0)    1 :  0.004 0.013 0.021 0.004 0.015 0.014 0.020 0.008 0.015 0.011 0.007 0.022 0.005 0.021 0.009 0.003 0.006 0.010 0.005 0.009 0.070 0.006 0.026 0.016 0.020 0.021 0.560 0.003 0.011 0.014 0.008 0.006 0.006 0.012 
 90   H179.4    (0)    1 :  0.008 0.014 0.019 0.003 0.007 0.013 0.019 0.007 0.010 0.005 0.004 0.014 0.007 0.004 0.004 0.004 0.006 0.003 0.059 0.012 0.016 0.020 0.018 0.022 0.012 0.019 0.516 0.006 0.055 0.025 0.013 0.037 0.003 0.015 
 91   H180.1    (0)    1 :  0.004 0.006 0.006 0.008 0.005 0.005 0.006 0.006 0.007 0.020 0.003 0.005 0.003 0.005 0.820 0.002 0.012 0.004 0.002 0.003 0.005 0.003 0.006 0.006 0.003 0.006 0.010 0.003 0.003 0.005 0.006 0.003 0.004 0.008 
 92   H180.2    (0)    1 :  0.005 0.006 0.004 0.002 0.006 0.006 0.004 0.002 0.004 0.019 0.003 0.006 0.003 0.004 0.844 0.003 0.003 0.004 0.003 0.005 0.004 0.003 0.005 0.007 0.003 0.004 0.004 0.003 0.003 0.006 0.003 0.002 0.012 0.006 
 93   H180.3    (0)    1 :  0.003 0.024 0.011 0.003 0.038 0.012 0.013 0.006 0.005 0.012 0.003 0.010 0.009 0.297 0.412 0.007 0.003 0.011 0.006 0.008 0.005 0.005 0.011 0.004 0.005 0.009 0.006 0.008 0.003 0.015 0.015 0.002 0.005 0.013 
 94   H180.4    (0)    1 :  0.005 0.006 0.006 0.008 0.009 0.008 0.006 0.003 0.005 0.011 0.003 0.006 0.004 0.009 0.779 0.003 0.007 0.006 0.003 0.003 0.003 0.003 0.006 0.021 0.004 0.005 0.005 0.007 0.005 0.009 0.003 0.004 0.011 0.026 
 95   H180.5    (0)    1 :  0.002 0.006 0.004 0.003 0.005 0.004 0.005 0.003 0.007 0.023 0.003 0.006 0.006 0.005 0.839 0.003 0.006 0.003 0.003 0.003 0.005 0.004 0.005 0.004 0.005 0.003 0.006 0.004 0.004 0.006 0.003 0.002 0.004 0.006 
 96   H180.6    (0)    1 :  0.008 0.038 0.028 0.006 0.020 0.018 0.017 0.006 0.006 0.017 0.003 0.042 0.025 0.253 0.302 0.016 0.005 0.008 0.004 0.006 0.003 0.008 0.025 0.013 0.015 0.006 0.010 0.018 0.005 0.042 0.008 0.002 0.004 0.014 
 97   H181.1    (0)    1 :  0.007 0.007 0.007 0.005 0.006 0.006 0.008 0.005 0.006 0.008 0.003 0.007 0.005 0.003 0.005 0.005 0.772 0.003 0.004 0.004 0.004 0.034 0.010 0.006 0.005 0.023 0.005 0.011 0.002 0.008 0.004 0.003 0.003 0.007 
 98   H181.2    (0)    1 :  0.003 0.005 0.007 0.005 0.005 0.005 0.005 0.003 0.013 0.005 0.004 0.005 0.009 0.003 0.007 0.007 0.819 0.003 0.003 0.005 0.003 0.006 0.005 0.006 0.004 0.003 0.009 0.006 0.011 0.004 0.005 0.006 0.004 0.005 
 99   H181.3    (0)    1 :  0.005 0.004 0.007 0.007 0.004 0.005 0.004 0.004 0.005 0.006 0.004 0.006 0.008 0.005 0.005 0.004 0.821 0.005 0.003 0.002 0.004 0.010 0.005 0.018 0.003 0.003 0.003 0.008 0.005 0.008 0.004 0.004 0.006 0.005 
100   H181.4    (0)    1 :  0.009 0.025 0.034 0.005 0.021 0.034 0.019 0.008 0.009 0.015 0.006 0.019 0.045 0.013 0.006 0.007 0.551 0.011 0.004 0.006 0.007 0.014 0.018 0.016 0.006 0.012 0.005 0.014 0.010 0.016 0.005 0.004 0.003 0.023 
101   H181.5    (0)    1 :  0.005 0.004 0.004 0.004 0.005 0.005 0.007 0.004 0.003 0.004 0.005 0.004 0.004 0.003 0.003 0.002 0.854 0.004 0.004 0.006 0.004 0.004 0.005 0.003 0.006 0.003 0.011 0.004 0.003 0.005 0.006 0.003 0.005 0.004 
102   H181.6    (0)    1 :  0.006 0.011 0.007 0.005 0.008 0.008 0.005 0.005 0.007 0.007 0.004 0.009 0.005 0.005 0.010 0.003 0.779 0.005 0.005 0.009 0.003 0.004 0.008 0.008 0.006 0.004 0.026 0.004 0.010 0.005 0.007 0.003 0.003 0.008 
103   H181.7    (0)    1 :  0.007 0.004 0.006 0.003 0.006 0.006 0.007 0.004 0.004 0.004 0.004 0.007 0.004 0.006 0.003 0.003 0.828 0.003 0.006 0.006 0.005 0.003 0.007 0.005 0.005 0.006 0.016 0.004 0.004 0.006 0.005 0.003 0.003 0.006 
104 H194.1_2004    (0)    1 :  0.002 0.005 0.006 0.005 0.007 0.005 0.008 0.008 0.004 0.004 0.004 0.006 0.003 0.003 0.003 0.005 0.003 0.005 0.004 0.005 0.004 0.005 0.006 0.005 0.836 0.006 0.003 0.006 0.004 0.008 0.012 0.003 0.003 0.005 
105 H194.2_2004    (0)    1 :  0.003 0.003 0.004 0.004 0.004 0.004 0.003 0.010 0.003 0.003 0.003 0.004 0.003 0.003 0.002 0.005 0.003 0.003 0.002 0.003 0.002 0.004 0.004 0.003 0.883 0.005 0.002 0.003 0.003 0.006 0.004 0.003 0.003 0.004 
106 H194.3_2004    (0)    1 :  0.004 0.008 0.011 0.006 0.008 0.011 0.016 0.005 0.017 0.004 0.003 0.013 0.007 0.002 0.003 0.009 0.006 0.003 0.005 0.042 0.004 0.032 0.007 0.012 0.670 0.008 0.009 0.015 0.008 0.017 0.015 0.008 0.003 0.007 
107 H194.4_2004    (0)    1 :  0.003 0.006 0.005 0.006 0.005 0.005 0.005 0.004 0.014 0.003 0.002 0.005 0.005 0.003 0.002 0.010 0.005 0.004 0.004 0.003 0.003 0.009 0.006 0.007 0.835 0.005 0.004 0.007 0.005 0.005 0.006 0.005 0.004 0.004 
108 H194.5_2004    (0)    1 :  0.003 0.007 0.012 0.006 0.006 0.007 0.010 0.008 0.008 0.004 0.004 0.010 0.007 0.003 0.003 0.005 0.004 0.003 0.005 0.018 0.004 0.012 0.008 0.009 0.759 0.010 0.005 0.011 0.013 0.010 0.012 0.007 0.003 0.006 
109 H194.6_2004    (0)    1 :  0.004 0.012 0.013 0.011 0.006 0.017 0.014 0.004 0.095 0.006 0.004 0.018 0.005 0.004 0.003 0.005 0.005 0.006 0.013 0.028 0.007 0.022 0.020 0.016 0.564 0.018 0.006 0.011 0.011 0.013 0.008 0.006 0.003 0.018 
110 H194.7_2004    (0)    1 :  0.003 0.003 0.003 0.002 0.004 0.003 0.004 0.004 0.004 0.003 0.003 0.004 0.003 0.003 0.003 0.004 0.002 0.003 0.003 0.004 0.004 0.005 0.004 0.003 0.886 0.010 0.002 0.003 0.003 0.004 0.003 0.002 0.003 0.004 
111 H194.8_2004    (0)    1 :  0.004 0.007 0.006 0.004 0.006 0.004 0.008 0.005 0.007 0.003 0.003 0.006 0.006 0.003 0.002 0.004 0.005 0.005 0.006 0.004 0.003 0.007 0.005 0.004 0.837 0.004 0.003 0.006 0.008 0.005 0.006 0.005 0.003 0.004 
112   H194.9    (0)    1 :  0.002 0.003 0.005 0.004 0.004 0.004 0.005 0.003 0.004 0.003 0.003 0.003 0.005 0.004 0.002 0.004 0.003 0.005 0.003 0.003 0.003 0.004 0.004 0.004 0.881 0.003 0.002 0.004 0.006 0.004 0.004 0.004 0.004 0.004 
113 H195.1_2003    (0)    1 :  0.002 0.003 0.003 0.002 0.002 0.003 0.003 0.002 0.002 0.003 0.002 0.003 0.003 0.002 0.002 0.002 0.002 0.002 0.002 0.003 0.002 0.003 0.003 0.005 0.003 0.003 0.002 0.002 0.912 0.003 0.005 0.003 0.002 0.002 
114 H195.1_2004    (0)    1 :  0.002 0.005 0.005 0.004 0.003 0.004 0.004 0.003 0.010 0.006 0.004 0.005 0.003 0.003 0.004 0.851 0.006 0.003 0.003 0.003 0.003 0.006 0.005 0.006 0.004 0.003 0.002 0.006 0.009 0.004 0.004 0.008 0.003 0.005 
115 H195.2_2003    (0)    1 :  0.007 0.008 0.006 0.011 0.006 0.011 0.007 0.012 0.003 0.004 0.004 0.008 0.011 0.010 0.003 0.007 0.004 0.015 0.003 0.003 0.050 0.003 0.011 0.004 0.006 0.004 0.003 0.003 0.739 0.011 0.005 0.006 0.003 0.009 
116 H195.2_2004    (0)    1 :  0.003 0.004 0.008 0.003 0.002 0.006 0.005 0.004 0.004 0.004 0.003 0.004 0.012 0.003 0.004 0.687 0.003 0.003 0.003 0.004 0.012 0.009 0.006 0.006 0.006 0.003 0.004 0.007 0.156 0.005 0.004 0.005 0.003 0.004 
117 H195.3_2003    (0)    1 :  0.009 0.010 0.010 0.003 0.014 0.011 0.009 0.016 0.004 0.007 0.006 0.010 0.011 0.015 0.004 0.006 0.008 0.042 0.004 0.008 0.025 0.003 0.012 0.008 0.008 0.006 0.002 0.002 0.692 0.008 0.003 0.008 0.005 0.011 
118 H195.3_2004    (0)    1 :  0.003 0.005 0.007 0.006 0.003 0.007 0.005 0.005 0.010 0.004 0.003 0.007 0.003 0.002 0.003 0.599 0.007 0.003 0.004 0.004 0.003 0.014 0.004 0.015 0.008 0.003 0.003 0.012 0.219 0.005 0.009 0.008 0.004 0.004 
119 H195.4_2003    (0)    1 :  0.002 0.005 0.004 0.003 0.003 0.004 0.004 0.004 0.007 0.003 0.005 0.004 0.002 0.002 0.003 0.038 0.004 0.003 0.004 0.002 0.002 0.028 0.004 0.004 0.005 0.002 0.004 0.007 0.809 0.005 0.013 0.003 0.002 0.005 
120 H195.4_2004    (0)    1 :  0.002 0.005 0.006 0.004 0.004 0.006 0.005 0.004 0.005 0.003 0.003 0.005 0.006 0.002 0.004 0.793 0.004 0.002 0.008 0.004 0.016 0.006 0.004 0.007 0.010 0.005 0.004 0.005 0.050 0.005 0.005 0.004 0.003 0.004 
121 H195.5_2003    (0)    1 :  0.002 0.004 0.005 0.003 0.004 0.004 0.005 0.002 0.002 0.009 0.005 0.004 0.003 0.002 0.006 0.004 0.002 0.003 0.004 0.002 0.002 0.003 0.004 0.006 0.003 0.002 0.003 0.004 0.862 0.004 0.006 0.011 0.007 0.005 
122 H195.5_2004    (0)    1 :  0.004 0.004 0.005 0.003 0.004 0.004 0.005 0.002 0.007 0.004 0.003 0.008 0.002 0.003 0.004 0.826 0.004 0.003 0.004 0.003 0.003 0.006 0.005 0.003 0.004 0.003 0.003 0.004 0.041 0.005 0.003 0.004 0.008 0.005 
123 H195.6_2003    (0)    1 :  0.004 0.010 0.011 0.007 0.008 0.010 0.009 0.020 0.004 0.005 0.009 0.008 0.006 0.010 0.004 0.057 0.005 0.012 0.005 0.003 0.018 0.004 0.010 0.004 0.004 0.004 0.003 0.002 0.710 0.013 0.004 0.006 0.002 0.010 
124 H195.6_2004    (0)    1 :  0.007 0.003 0.004 0.003 0.003 0.005 0.004 0.005 0.004 0.002 0.003 0.005 0.004 0.002 0.002 0.706 0.004 0.002 0.004 0.005 0.004 0.003 0.005 0.003 0.007 0.004 0.004 0.004 0.165 0.006 0.004 0.005 0.004 0.004 
125 H195.7_2003    (0)    1 :  0.003 0.005 0.008 0.002 0.003 0.008 0.007 0.005 0.003 0.003 0.005 0.008 0.004 0.002 0.002 0.023 0.007 0.003 0.004 0.003 0.039 0.004 0.007 0.006 0.005 0.004 0.002 0.004 0.799 0.008 0.004 0.005 0.003 0.004 
126 H195.7_2004    (0)    1 :  0.002 0.005 0.004 0.002 0.004 0.004 0.005 0.003 0.003 0.006 0.003 0.004 0.003 0.006 0.005 0.876 0.002 0.004 0.003 0.003 0.007 0.002 0.004 0.003 0.002 0.003 0.002 0.003 0.008 0.004 0.002 0.006 0.003 0.004 
127   H195.8    (0)    1 :  0.003 0.003 0.004 0.003 0.003 0.003 0.003 0.003 0.004 0.003 0.003 0.004 0.003 0.003 0.003 0.896 0.003 0.003 0.004 0.002 0.003 0.003 0.003 0.003 0.003 0.003 0.002 0.003 0.004 0.003 0.003 0.004 0.003 0.003 
128   H195.9    (0)    1 :  0.003 0.005 0.007 0.004 0.004 0.008 0.006 0.005 0.016 0.004 0.003 0.008 0.007 0.003 0.004 0.723 0.004 0.003 0.007 0.005 0.005 0.010 0.009 0.010 0.008 0.004 0.003 0.006 0.090 0.008 0.005 0.007 0.002 0.006 
129   H415.1    (0)    1 :  0.004 0.008 0.005 0.005 0.009 0.006 0.004 0.003 0.006 0.010 0.003 0.005 0.002 0.011 0.005 0.005 0.006 0.007 0.002 0.006 0.012 0.004 0.008 0.008 0.007 0.005 0.003 0.009 0.003 0.008 0.803 0.006 0.005 0.006 
130   H415.2    (0)    1 :  0.004 0.037 0.031 0.056 0.036 0.043 0.037 0.009 0.038 0.007 0.017 0.024 0.007 0.005 0.010 0.005 0.006 0.012 0.003 0.012 0.010 0.005 0.044 0.012 0.009 0.025 0.009 0.005 0.003 0.059 0.377 0.008 0.003 0.032 
131   H415.3    (0)    1 :  0.003 0.005 0.006 0.004 0.005 0.006 0.006 0.003 0.005 0.007 0.009 0.006 0.005 0.004 0.005 0.003 0.008 0.003 0.003 0.003 0.005 0.004 0.007 0.006 0.002 0.003 0.022 0.010 0.005 0.005 0.822 0.004 0.003 0.005 
132   H415.4    (0)    1 :  0.004 0.006 0.004 0.003 0.004 0.004 0.004 0.003 0.003 0.003 0.003 0.004 0.003 0.005 0.003 0.003 0.003 0.004 0.003 0.005 0.002 0.007 0.003 0.005 0.005 0.004 0.002 0.005 0.005 0.004 0.875 0.005 0.002 0.003 
133   H415.5    (0)    1 :  0.003 0.004 0.004 0.004 0.003 0.003 0.004 0.002 0.004 0.004 0.002 0.004 0.003 0.002 0.003 0.003 0.007 0.003 0.002 0.004 0.003 0.005 0.004 0.007 0.004 0.003 0.004 0.005 0.004 0.005 0.878 0.003 0.003 0.004 
134   H415.6    (0)    1 :  0.003 0.005 0.004 0.005 0.005 0.004 0.004 0.003 0.003 0.004 0.003 0.004 0.002 0.004 0.003 0.003 0.004 0.004 0.002 0.005 0.003 0.007 0.004 0.005 0.005 0.003 0.003 0.005 0.005 0.004 0.877 0.004 0.002 0.003 
135   H415.7    (0)    1 :  0.004 0.024 0.022 0.039 0.014 0.026 0.035 0.013 0.016 0.005 0.011 0.014 0.008 0.003 0.004 0.007 0.003 0.006 0.006 0.005 0.009 0.007 0.017 0.013 0.011 0.027 0.024 0.009 0.005 0.037 0.531 0.014 0.002 0.025 
136   H506.1    (0)    1 :  0.003 0.003 0.003 0.002 0.002 0.003 0.003 0.003 0.003 0.002 0.003 0.003 0.004 0.002 0.002 0.003 0.004 0.002 0.004 0.005 0.002 0.003 0.003 0.002 0.002 0.002 0.909 0.004 0.003 0.003 0.002 0.002 0.002 0.003 
137   H506.2    (0)    1 :  0.003 0.003 0.003 0.003 0.003 0.003 0.004 0.003 0.008 0.002 0.002 0.004 0.003 0.002 0.003 0.009 0.004 0.002 0.003 0.004 0.002 0.003 0.003 0.003 0.003 0.002 0.890 0.004 0.004 0.003 0.003 0.003 0.002 0.003 
138   H506.3    (0)    1 :  0.003 0.008 0.009 0.004 0.009 0.007 0.012 0.004 0.014 0.005 0.006 0.007 0.006 0.003 0.007 0.007 0.015 0.004 0.004 0.012 0.009 0.004 0.005 0.005 0.003 0.008 0.785 0.004 0.005 0.008 0.003 0.006 0.003 0.008 
139   H506.4    (0)    1 :  0.003 0.007 0.007 0.005 0.005 0.005 0.006 0.004 0.008 0.005 0.003 0.006 0.003 0.003 0.005 0.003 0.005 0.005 0.011 0.004 0.004 0.005 0.006 0.006 0.004 0.008 0.831 0.005 0.003 0.006 0.006 0.003 0.003 0.004 
140   H506.5    (0)    1 :  0.003 0.004 0.004 0.004 0.003 0.004 0.004 0.004 0.006 0.003 0.004 0.005 0.003 0.002 0.004 0.004 0.005 0.003 0.008 0.003 0.002 0.003 0.004 0.007 0.003 0.004 0.864 0.007 0.005 0.004 0.006 0.004 0.003 0.004 
141   H506.6    (0)    1 :  0.003 0.011 0.018 0.004 0.007 0.012 0.009 0.010 0.076 0.004 0.005 0.012 0.003 0.004 0.005 0.017 0.011 0.004 0.006 0.004 0.009 0.003 0.010 0.008 0.004 0.017 0.664 0.003 0.014 0.012 0.005 0.013 0.002 0.009 
142   H506.7    (0)    1 :  0.003 0.002 0.003 0.002 0.002 0.003 0.003 0.003 0.005 0.002 0.003 0.003 0.004 0.002 0.003 0.004 0.006 0.002 0.003 0.005 0.003 0.004 0.003 0.004 0.003 0.003 0.890 0.004 0.007 0.003 0.003 0.003 0.002 0.003 
143   H533.1    (0)    1 :  0.010 0.003 0.004 0.003 0.004 0.005 0.004 0.002 0.004 0.003 0.002 0.005 0.002 0.002 0.005 0.003 0.011 0.002 0.003 0.006 0.002 0.004 0.004 0.006 0.002 0.003 0.870 0.006 0.002 0.004 0.003 0.002 0.003 0.004 
144   H533.2    (0)    1 :  0.009 0.004 0.004 0.003 0.003 0.005 0.004 0.002 0.006 0.003 0.002 0.005 0.003 0.003 0.007 0.003 0.013 0.002 0.003 0.004 0.002 0.005 0.005 0.008 0.002 0.003 0.857 0.008 0.002 0.005 0.004 0.003 0.003 0.004 
145   H533.3    (0)    1 :  0.004 0.005 0.005 0.002 0.004 0.005 0.004 0.006 0.003 0.002 0.003 0.004 0.006 0.003 0.003 0.005 0.005 0.002 0.003 0.003 0.002 0.003 0.004 0.003 0.003 0.009 0.876 0.006 0.002 0.004 0.002 0.002 0.002 0.005 
146   H533.4    (0)    1 :  0.005 0.007 0.007 0.003 0.005 0.006 0.009 0.018 0.006 0.007 0.003 0.006 0.005 0.004 0.003 0.017 0.006 0.002 0.006 0.003 0.003 0.003 0.009 0.005 0.012 0.008 0.781 0.013 0.011 0.007 0.006 0.004 0.003 0.006 
147   H535.1    (0)    1 :  0.003 0.004 0.004 0.005 0.003 0.004 0.003 0.003 0.006 0.003 0.002 0.004 0.002 0.003 0.003 0.002 0.004 0.004 0.891 0.004 0.002 0.003 0.003 0.004 0.003 0.003 0.003 0.003 0.003 0.004 0.004 0.003 0.003 0.004 
148   H535.2    (0)    1 :  0.003 0.003 0.004 0.002 0.002 0.003 0.003 0.003 0.005 0.002 0.004 0.003 0.004 0.002 0.003 0.005 0.006 0.002 0.895 0.004 0.002 0.003 0.003 0.003 0.003 0.003 0.004 0.002 0.003 0.003 0.002 0.004 0.003 0.003 
149   H535.3    (0)    1 :  0.003 0.003 0.003 0.002 0.002 0.003 0.003 0.003 0.003 0.003 0.004 0.003 0.004 0.002 0.003 0.004 0.004 0.003 0.907 0.004 0.002 0.003 0.003 0.002 0.002 0.003 0.003 0.002 0.003 0.003 0.002 0.003 0.004 0.003 
150   H535.4    (0)    1 :  0.003 0.003 0.003 0.002 0.002 0.003 0.003 0.003 0.002 0.003 0.003 0.003 0.003 0.002 0.002 0.003 0.002 0.002 0.906 0.003 0.002 0.004 0.003 0.003 0.003 0.003 0.003 0.004 0.005 0.003 0.003 0.004 0.003 0.002 
151   H535.5    (0)    1 :  0.003 0.003 0.003 0.003 0.003 0.003 0.003 0.003 0.003 0.002 0.002 0.003 0.002 0.002 0.002 0.002 0.003 0.002 0.908 0.003 0.002 0.003 0.003 0.004 0.003 0.004 0.003 0.003 0.005 0.003 0.003 0.003 0.002 0.002 
152   H535.6    (0)    1 :  0.003 0.004 0.004 0.007 0.005 0.004 0.005 0.007 0.005 0.004 0.002 0.004 0.004 0.007 0.003 0.003 0.006 0.006 0.862 0.004 0.002 0.003 0.005 0.003 0.004 0.004 0.003 0.002 0.007 0.005 0.004 0.002 0.003 0.004 
153   H535.7    (0)    1 :  0.002 0.002 0.003 0.002 0.002 0.002 0.002 0.002 0.002 0.002 0.002 0.002 0.002 0.002 0.002 0.002 0.002 0.002 0.925 0.003 0.002 0.003 0.002 0.003 0.002 0.004 0.002 0.003 0.002 0.002 0.002 0.002 0.002 0.002 
154   H535.8    (0)    1 :  0.004 0.003 0.004 0.002 0.003 0.003 0.004 0.005 0.002 0.003 0.002 0.003 0.004 0.002 0.002 0.002 0.004 0.004 0.896 0.005 0.002 0.004 0.003 0.004 0.004 0.003 0.002 0.003 0.006 0.003 0.003 0.003 0.002 0.002 
155   H535.9    (0)    1 :  0.002 0.003 0.003 0.004 0.004 0.003 0.003 0.004 0.005 0.004 0.002 0.003 0.003 0.003 0.003 0.003 0.004 0.003 0.899 0.003 0.002 0.003 0.003 0.002 0.003 0.003 0.003 0.002 0.004 0.003 0.003 0.002 0.003 0.004 
156   H539.1    (0)    1 :  0.003 0.042 0.005 0.008 0.019 0.004 0.005 0.004 0.005 0.007 0.003 0.004 0.004 0.474 0.003 0.003 0.003 0.356 0.002 0.002 0.002 0.002 0.003 0.004 0.003 0.005 0.002 0.002 0.002 0.005 0.003 0.003 0.004 0.005 
157   H539.2    (0)    1 :  0.002 0.028 0.021 0.005 0.086 0.024 0.032 0.024 0.029 0.151 0.004 0.034 0.010 0.026 0.055 0.004 0.004 0.032 0.007 0.005 0.015 0.003 0.049 0.006 0.014 0.042 0.003 0.003 0.006 0.026 0.003 0.022 0.023 0.201 
158   H539.3    (9)    1 :  0.003 0.031 0.008 0.005 0.016 0.011 0.012 0.011 0.008 0.027 0.003 0.009 0.004 0.426 0.009 0.005 0.003 0.228 0.009 0.003 0.013 0.004 0.014 0.008 0.030 0.022 0.003 0.003 0.013 0.011 0.005 0.006 0.010 0.026 
159   H539.4    (0)    1 :  0.003 0.057 0.010 0.005 0.057 0.018 0.024 0.003 0.007 0.096 0.005 0.017 0.004 0.228 0.034 0.004 0.004 0.257 0.003 0.006 0.009 0.003 0.016 0.009 0.003 0.023 0.003 0.002 0.003 0.018 0.006 0.012 0.004 0.048 
160   H539.5    (0)    1 :  0.002 0.006 0.005 0.004 0.083 0.005 0.003 0.009 0.010 0.007 0.002 0.004 0.006 0.635 0.003 0.002 0.003 0.149 0.003 0.002 0.003 0.002 0.006 0.003 0.006 0.006 0.002 0.003 0.002 0.005 0.002 0.004 0.003 0.009 
161   H539.6    (0)    1 :  0.003 0.004 0.004 0.005 0.016 0.004 0.004 0.011 0.004 0.005 0.002 0.004 0.005 0.847 0.003 0.002 0.003 0.019 0.005 0.002 0.003 0.002 0.003 0.003 0.007 0.005 0.002 0.003 0.003 0.003 0.003 0.003 0.003 0.004 
162   H539.7    (0)    1 :  0.002 0.022 0.009 0.007 0.056 0.008 0.010 0.004 0.004 0.115 0.004 0.008 0.002 0.293 0.008 0.003 0.004 0.334 0.004 0.003 0.008 0.003 0.009 0.011 0.007 0.008 0.003 0.003 0.005 0.009 0.006 0.003 0.006 0.019 
163   H539.8    (0)    1 :  0.003 0.023 0.015 0.005 0.023 0.024 0.020 0.006 0.008 0.181 0.005 0.014 0.004 0.153 0.020 0.003 0.003 0.247 0.019 0.005 0.012 0.003 0.032 0.012 0.012 0.011 0.004 0.004 0.010 0.015 0.005 0.007 0.030 0.060 
164   H539.9    (0)    1 :  0.005 0.047 0.006 0.002 0.080 0.010 0.006 0.005 0.005 0.011 0.006 0.009 0.003 0.327 0.008 0.004 0.004 0.352 0.003 0.005 0.012 0.002 0.010 0.004 0.003 0.017 0.004 0.002 0.002 0.008 0.003 0.010 0.004 0.023 
165   H540.1    (0)    1 :  0.003 0.005 0.006 0.005 0.525 0.006 0.010 0.039 0.004 0.007 0.004 0.005 0.005 0.014 0.003 0.006 0.004 0.285 0.004 0.003 0.003 0.002 0.005 0.003 0.004 0.009 0.003 0.004 0.003 0.008 0.004 0.004 0.002 0.005 
166   H540.2    (0)    1 :  0.002 0.005 0.005 0.004 0.559 0.004 0.005 0.006 0.003 0.006 0.005 0.005 0.004 0.020 0.003 0.002 0.003 0.306 0.002 0.004 0.004 0.002 0.004 0.003 0.005 0.004 0.002 0.003 0.003 0.004 0.003 0.003 0.004 0.005 
167   H540.3    (0)    1 :  0.005 0.028 0.029 0.006 0.094 0.023 0.022 0.009 0.014 0.112 0.005 0.032 0.004 0.008 0.010 0.009 0.005 0.384 0.004 0.006 0.009 0.011 0.026 0.009 0.019 0.009 0.003 0.010 0.004 0.025 0.010 0.021 0.012 0.023 
168   H540.4    (0)    1 :  0.002 0.010 0.010 0.005 0.438 0.006 0.009 0.008 0.004 0.127 0.007 0.010 0.004 0.006 0.010 0.004 0.010 0.213 0.003 0.004 0.009 0.004 0.009 0.004 0.005 0.011 0.004 0.003 0.004 0.012 0.007 0.003 0.008 0.027 
169   H540.5    (0)    1 :  0.003 0.006 0.005 0.004 0.526 0.005 0.005 0.003 0.004 0.005 0.004 0.005 0.004 0.007 0.003 0.003 0.004 0.326 0.002 0.005 0.010 0.004 0.008 0.004 0.006 0.007 0.002 0.003 0.002 0.007 0.005 0.004 0.003 0.005 
170   H540.6    (0)    1 :  0.004 0.006 0.005 0.005 0.535 0.007 0.007 0.016 0.007 0.007 0.006 0.006 0.005 0.009 0.003 0.006 0.014 0.275 0.003 0.005 0.008 0.004 0.006 0.004 0.005 0.009 0.003 0.003 0.002 0.007 0.003 0.005 0.006 0.004 
171   H540.7    (0)    1 :  0.002 0.008 0.006 0.004 0.530 0.006 0.007 0.006 0.005 0.009 0.007 0.008 0.007 0.012 0.008 0.003 0.005 0.273 0.003 0.003 0.004 0.003 0.005 0.004 0.008 0.006 0.004 0.015 0.005 0.005 0.007 0.005 0.008 0.009 
172   H540.8    (0)    1 :  0.002 0.012 0.016 0.015 0.424 0.011 0.016 0.011 0.006 0.011 0.003 0.011 0.004 0.007 0.005 0.004 0.006 0.250 0.004 0.005 0.005 0.004 0.008 0.009 0.039 0.049 0.003 0.006 0.004 0.015 0.017 0.003 0.003 0.011 
173  H9558.1    (0)    1 :  0.004 0.004 0.004 0.007 0.003 0.003 0.004 0.004 0.002 0.003 0.002 0.003 0.002 0.012 0.002 0.002 0.003 0.885 0.004 0.003 0.003 0.002 0.003 0.003 0.004 0.003 0.003 0.002 0.005 0.003 0.004 0.002 0.003 0.003 
174  H9558.2    (0)    1 :  0.010 0.005 0.005 0.007 0.004 0.005 0.006 0.005 0.003 0.002 0.005 0.005 0.009 0.009 0.002 0.002 0.010 0.834 0.003 0.004 0.003 0.004 0.005 0.004 0.007 0.002 0.003 0.003 0.009 0.005 0.004 0.004 0.005 0.006 
175  H9558.3    (0)    1 :  0.029 0.020 0.005 0.003 0.008 0.005 0.005 0.007 0.003 0.005 0.007 0.007 0.012 0.106 0.004 0.002 0.009 0.696 0.004 0.004 0.004 0.002 0.005 0.003 0.006 0.003 0.003 0.003 0.004 0.005 0.004 0.005 0.009 0.005 
176  H9558.4    (0)    1 :  0.003 0.006 0.004 0.003 0.006 0.004 0.004 0.004 0.004 0.004 0.002 0.004 0.004 0.005 0.002 0.002 0.003 0.875 0.005 0.002 0.005 0.002 0.003 0.004 0.005 0.009 0.002 0.003 0.002 0.004 0.004 0.003 0.005 0.004 
177  H9558.5    (0)    1 :  0.003 0.005 0.009 0.002 0.024 0.007 0.006 0.003 0.003 0.060 0.007 0.008 0.003 0.005 0.008 0.002 0.004 0.723 0.005 0.004 0.013 0.002 0.007 0.005 0.003 0.006 0.003 0.003 0.002 0.007 0.003 0.007 0.008 0.038 
178  H9558.6    (0)    1 :  0.009 0.007 0.012 0.003 0.008 0.014 0.008 0.004 0.003 0.005 0.004 0.009 0.004 0.068 0.003 0.002 0.003 0.754 0.004 0.004 0.003 0.003 0.014 0.004 0.005 0.003 0.003 0.003 0.004 0.009 0.005 0.005 0.004 0.008 
179 kos339.1    (0)    1 :  0.006 0.009 0.006 0.008 0.011 0.010 0.011 0.008 0.007 0.004 0.017 0.009 0.024 0.003 0.004 0.002 0.007 0.005 0.005 0.005 0.003 0.009 0.009 0.025 0.003 0.008 0.026 0.715 0.003 0.013 0.009 0.004 0.003 0.006 
180 kos339.2    (0)    1 :  0.004 0.004 0.005 0.004 0.005 0.005 0.004 0.002 0.004 0.004 0.006 0.005 0.007 0.004 0.003 0.007 0.003 0.003 0.004 0.005 0.003 0.006 0.004 0.004 0.004 0.003 0.008 0.853 0.004 0.005 0.007 0.005 0.002 0.005 
181 kos339.3    (0)    1 :  0.002 0.003 0.003 0.003 0.003 0.003 0.003 0.004 0.003 0.006 0.002 0.003 0.002 0.003 0.003 0.002 0.003 0.003 0.005 0.003 0.003 0.005 0.003 0.008 0.004 0.003 0.004 0.883 0.005 0.004 0.004 0.002 0.003 0.004 
182 kos339.4    (9)    1 :  0.002 0.004 0.003 0.004 0.004 0.005 0.005 0.004 0.003 0.007 0.002 0.003 0.003 0.003 0.003 0.003 0.003 0.003 0.004 0.003 0.003 0.006 0.004 0.017 0.004 0.003 0.003 0.861 0.005 0.004 0.008 0.003 0.003 0.004 
183 kos339.5    (0)    1 :  0.004 0.005 0.006 0.007 0.005 0.004 0.006 0.004 0.008 0.004 0.007 0.004 0.044 0.004 0.003 0.002 0.007 0.004 0.003 0.005 0.003 0.008 0.004 0.009 0.003 0.003 0.016 0.795 0.003 0.005 0.004 0.003 0.003 0.004 
184 kos339.6    (0)    1 :  0.003 0.003 0.003 0.003 0.003 0.003 0.004 0.003 0.008 0.003 0.005 0.003 0.008 0.002 0.002 0.005 0.003 0.003 0.003 0.003 0.004 0.008 0.003 0.004 0.004 0.003 0.005 0.875 0.003 0.004 0.004 0.004 0.002 0.003 
185 kos339.7    (0)    1 :  0.002 0.003 0.004 0.003 0.003 0.004 0.004 0.004 0.003 0.005 0.002 0.004 0.003 0.003 0.003 0.003 0.004 0.002 0.009 0.003 0.003 0.011 0.004 0.009 0.003 0.003 0.005 0.868 0.004 0.003 0.006 0.003 0.002 0.004 
186 kos339.8    (0)    1 :  0.003 0.003 0.004 0.003 0.003 0.003 0.004 0.002 0.004 0.004 0.005 0.004 0.004 0.003 0.004 0.003 0.003 0.002 0.003 0.003 0.003 0.007 0.003 0.010 0.003 0.003 0.013 0.863 0.005 0.004 0.008 0.003 0.003 0.004 
187 kos339.9    (0)    1 :  0.006 0.017 0.012 0.026 0.022 0.018 0.016 0.008 0.031 0.008 0.006 0.014 0.023 0.017 0.008 0.009 0.012 0.009 0.004 0.008 0.004 0.036 0.016 0.019 0.004 0.006 0.005 0.585 0.005 0.010 0.009 0.009 0.003 0.015 
188   H409.1    (0)   12 :  0.003 0.003 0.004 0.003 0.002 0.004 0.003 0.002 0.003 0.002 0.004 0.004 0.004 0.002 0.002 0.003 0.006 0.002 0.003 0.889 0.004 0.005 0.003 0.003 0.004 0.003 0.006 0.007 0.002 0.003 0.004 0.004 0.003 0.003 
189  H409.10    (0)   12 :  0.003 0.007 0.005 0.004 0.009 0.007 0.007 0.006 0.004 0.011 0.004 0.008 0.004 0.010 0.005 0.004 0.011 0.003 0.003 0.780 0.013 0.004 0.004 0.003 0.003 0.002 0.017 0.006 0.006 0.008 0.014 0.007 0.006 0.012 
190   H409.2    (0)   12 :  0.003 0.004 0.005 0.004 0.004 0.004 0.005 0.002 0.004 0.003 0.003 0.006 0.002 0.002 0.003 0.003 0.004 0.004 0.006 0.854 0.004 0.004 0.005 0.006 0.003 0.004 0.005 0.006 0.003 0.004 0.013 0.010 0.002 0.004 
191   H409.3    (0)   12 :  0.004 0.004 0.004 0.004 0.003 0.004 0.004 0.004 0.004 0.003 0.004 0.005 0.004 0.004 0.003 0.003 0.003 0.003 0.004 0.878 0.003 0.004 0.004 0.003 0.005 0.004 0.005 0.004 0.003 0.004 0.003 0.004 0.003 0.004 
192   H409.4    (0)   12 :  0.005 0.003 0.003 0.002 0.003 0.002 0.002 0.003 0.003 0.003 0.003 0.003 0.003 0.002 0.003 0.003 0.004 0.003 0.003 0.897 0.003 0.004 0.003 0.003 0.005 0.003 0.003 0.004 0.002 0.004 0.003 0.004 0.003 0.003 
193   H409.5    (0)   12 :  0.004 0.005 0.004 0.004 0.004 0.004 0.005 0.005 0.002 0.003 0.003 0.005 0.003 0.004 0.003 0.003 0.003 0.003 0.004 0.876 0.003 0.003 0.004 0.004 0.003 0.006 0.004 0.003 0.004 0.005 0.004 0.004 0.002 0.004 
194   H409.6    (0)   12 :  0.053 0.009 0.011 0.004 0.006 0.012 0.010 0.006 0.006 0.004 0.007 0.010 0.016 0.009 0.003 0.005 0.009 0.004 0.006 0.706 0.005 0.003 0.013 0.005 0.008 0.017 0.009 0.003 0.003 0.011 0.003 0.007 0.008 0.010 
195   H409.7    (0)   12 :  0.004 0.004 0.004 0.003 0.004 0.004 0.005 0.003 0.004 0.003 0.005 0.005 0.005 0.002 0.002 0.005 0.006 0.003 0.002 0.854 0.005 0.007 0.005 0.004 0.006 0.003 0.004 0.007 0.005 0.005 0.004 0.009 0.003 0.005 
196   H409.8    (0)   12 :  0.003 0.005 0.005 0.005 0.004 0.004 0.004 0.004 0.004 0.002 0.007 0.005 0.006 0.003 0.004 0.002 0.005 0.003 0.003 0.867 0.003 0.004 0.005 0.004 0.004 0.005 0.007 0.003 0.003 0.004 0.003 0.002 0.004 0.005 
197   H409.9    (0)   12 :  0.004 0.033 0.037 0.004 0.049 0.023 0.027 0.007 0.012 0.010 0.025 0.031 0.004 0.059 0.006 0.005 0.011 0.072 0.011 0.297 0.005 0.003 0.030 0.005 0.004 0.011 0.122 0.003 0.003 0.035 0.008 0.006 0.022 0.015 
198   H413.1    (0)   12 :  0.005 0.004 0.003 0.002 0.002 0.003 0.003 0.002 0.002 0.005 0.007 0.004 0.005 0.003 0.003 0.002 0.006 0.002 0.003 0.003 0.003 0.004 0.003 0.005 0.002 0.003 0.002 0.004 0.003 0.004 0.003 0.004 0.888 0.003 
199   H413.2    (0)   12 :  0.005 0.003 0.003 0.002 0.003 0.003 0.003 0.002 0.002 0.003 0.003 0.003 0.003 0.003 0.003 0.002 0.004 0.002 0.003 0.002 0.002 0.003 0.004 0.005 0.003 0.002 0.003 0.004 0.004 0.004 0.002 0.002 0.904 0.003 
200   H413.3    (0)   12 :  0.004 0.002 0.003 0.003 0.003 0.004 0.003 0.004 0.002 0.003 0.006 0.004 0.003 0.004 0.003 0.002 0.004 0.004 0.002 0.003 0.003 0.002 0.003 0.002 0.005 0.002 0.002 0.002 0.003 0.004 0.002 0.003 0.898 0.003 
201   H413.4    (0)   12 :  0.004 0.003 0.005 0.004 0.003 0.004 0.005 0.003 0.006 0.005 0.009 0.004 0.008 0.003 0.005 0.003 0.004 0.004 0.002 0.004 0.002 0.006 0.004 0.003 0.004 0.002 0.004 0.007 0.004 0.005 0.003 0.008 0.855 0.004 
202   H413.5    (0)   12 :  0.003 0.006 0.004 0.008 0.006 0.005 0.004 0.003 0.003 0.009 0.003 0.005 0.006 0.018 0.008 0.003 0.003 0.006 0.002 0.002 0.003 0.002 0.004 0.002 0.004 0.003 0.003 0.002 0.002 0.004 0.003 0.003 0.850 0.009 
203   H413.6    (0)   12 :  0.006 0.008 0.007 0.003 0.006 0.005 0.006 0.002 0.005 0.009 0.007 0.005 0.024 0.007 0.008 0.003 0.004 0.015 0.003 0.004 0.013 0.004 0.007 0.004 0.006 0.003 0.002 0.004 0.011 0.005 0.003 0.010 0.787 0.007 
204   H413.7    (0)   12 :  0.003 0.003 0.003 0.002 0.003 0.003 0.003 0.002 0.003 0.003 0.003 0.003 0.003 0.003 0.002 0.002 0.003 0.003 0.002 0.002 0.003 0.003 0.003 0.003 0.003 0.002 0.003 0.003 0.005 0.003 0.002 0.003 0.910 0.003 
205   H563.1    (0)   12 :  0.004 0.004 0.003 0.002 0.010 0.006 0.005 0.004 0.006 0.003 0.855 0.004 0.004 0.009 0.003 0.003 0.003 0.008 0.002 0.005 0.005 0.003 0.004 0.003 0.003 0.004 0.002 0.003 0.002 0.003 0.003 0.006 0.012 0.003 
206   H563.2    (0)   12 :  0.005 0.012 0.007 0.007 0.005 0.008 0.013 0.005 0.006 0.011 0.755 0.011 0.005 0.006 0.003 0.004 0.007 0.005 0.003 0.011 0.004 0.009 0.010 0.005 0.021 0.005 0.005 0.006 0.003 0.007 0.009 0.007 0.010 0.009 
207   H563.3    (0)   12 :  0.003 0.004 0.004 0.003 0.009 0.003 0.005 0.007 0.003 0.004 0.865 0.005 0.010 0.008 0.002 0.002 0.003 0.006 0.002 0.004 0.003 0.003 0.005 0.004 0.003 0.004 0.003 0.002 0.003 0.004 0.003 0.005 0.003 0.003 
208   H563.4    (0)   12 :  0.007 0.008 0.007 0.004 0.008 0.008 0.008 0.005 0.005 0.007 0.805 0.008 0.005 0.004 0.003 0.003 0.004 0.005 0.003 0.009 0.007 0.006 0.008 0.004 0.007 0.006 0.004 0.006 0.002 0.006 0.003 0.007 0.014 0.008 
209   H563.5    (0)   12 :  0.004 0.005 0.004 0.002 0.005 0.004 0.004 0.004 0.005 0.003 0.870 0.004 0.006 0.006 0.003 0.003 0.004 0.007 0.002 0.003 0.005 0.003 0.004 0.004 0.003 0.004 0.002 0.003 0.002 0.005 0.002 0.009 0.005 0.003 
210   H563.6    (0)   12 :  0.007 0.007 0.008 0.004 0.008 0.007 0.005 0.004 0.004 0.007 0.801 0.005 0.008 0.005 0.003 0.004 0.006 0.004 0.003 0.006 0.003 0.010 0.008 0.006 0.006 0.004 0.004 0.011 0.003 0.008 0.004 0.011 0.011 0.006 
211   H563.7    (0)   12 :  0.007 0.004 0.005 0.004 0.004 0.005 0.005 0.004 0.002 0.006 0.828 0.005 0.010 0.004 0.003 0.003 0.004 0.004 0.003 0.007 0.002 0.010 0.006 0.005 0.006 0.002 0.003 0.012 0.003 0.005 0.004 0.010 0.010 0.007 
212   H563.8    (0)   12 :  0.004 0.006 0.006 0.003 0.011 0.006 0.006 0.005 0.008 0.004 0.814 0.006 0.010 0.009 0.004 0.003 0.004 0.010 0.002 0.004 0.006 0.004 0.005 0.006 0.004 0.007 0.003 0.004 0.002 0.005 0.004 0.012 0.006 0.008 
213   H563.9    (0)   12 :  0.005 0.008 0.009 0.005 0.008 0.012 0.008 0.005 0.004 0.008 0.779 0.007 0.007 0.007 0.003 0.004 0.007 0.004 0.002 0.018 0.005 0.011 0.007 0.006 0.011 0.005 0.006 0.007 0.003 0.008 0.007 0.005 0.007 0.006 
214  H7374.1    (0)   12 :  0.010 0.006 0.005 0.004 0.004 0.006 0.006 0.006 0.004 0.005 0.004 0.008 0.003 0.004 0.003 0.004 0.003 0.004 0.004 0.008 0.003 0.004 0.006 0.007 0.008 0.004 0.003 0.004 0.017 0.007 0.006 0.822 0.003 0.005 
215  H7374.2    (0)   12 :  0.005 0.004 0.005 0.003 0.007 0.006 0.006 0.006 0.004 0.004 0.008 0.005 0.003 0.004 0.003 0.003 0.004 0.007 0.004 0.005 0.006 0.002 0.005 0.004 0.006 0.005 0.004 0.002 0.007 0.005 0.007 0.837 0.007 0.007 
216  H7374.3    (0)   12 :  0.007 0.008 0.013 0.006 0.008 0.007 0.008 0.009 0.007 0.005 0.008 0.009 0.004 0.005 0.003 0.005 0.004 0.005 0.004 0.008 0.004 0.004 0.009 0.006 0.021 0.004 0.004 0.004 0.064 0.009 0.015 0.712 0.004 0.007 
217  H7374.4    (0)   12 :  0.003 0.004 0.004 0.004 0.005 0.005 0.005 0.003 0.005 0.006 0.005 0.005 0.004 0.003 0.003 0.003 0.004 0.005 0.005 0.004 0.006 0.005 0.006 0.004 0.004 0.003 0.003 0.006 0.003 0.004 0.006 0.856 0.005 0.005 
218  H7374.5    (0)   12 :  0.004 0.003 0.003 0.004 0.004 0.004 0.004 0.005 0.004 0.004 0.005 0.004 0.005 0.007 0.002 0.003 0.003 0.007 0.002 0.003 0.003 0.004 0.004 0.005 0.003 0.003 0.003 0.004 0.003 0.004 0.003 0.871 0.004 0.003 
219  H7374.6    (0)   12 :  0.004 0.008 0.012 0.007 0.007 0.010 0.009 0.004 0.006 0.007 0.009 0.008 0.005 0.005 0.004 0.008 0.006 0.008 0.011 0.004 0.004 0.004 0.009 0.006 0.017 0.004 0.004 0.008 0.013 0.014 0.017 0.746 0.004 0.008 
220  H7374.7    (0)   12 :  0.003 0.003 0.003 0.003 0.003 0.003 0.004 0.002 0.004 0.003 0.003 0.003 0.004 0.002 0.002 0.003 0.004 0.002 0.004 0.004 0.004 0.004 0.003 0.004 0.003 0.003 0.002 0.007 0.003 0.003 0.003 0.889 0.005 0.003 
221  H7374.8    (0)   12 :  0.006 0.003 0.004 0.004 0.003 0.004 0.005 0.002 0.004 0.003 0.006 0.006 0.004 0.002 0.003 0.004 0.003 0.003 0.003 0.004 0.002 0.005 0.004 0.005 0.005 0.004 0.003 0.006 0.012 0.005 0.005 0.861 0.003 0.004 
222  H7374.9    (0)   12 :  0.004 0.005 0.005 0.005 0.005 0.003 0.003 0.005 0.008 0.003 0.004 0.005 0.004 0.007 0.003 0.004 0.004 0.006 0.002 0.003 0.004 0.004 0.003 0.006 0.002 0.003 0.003 0.004 0.002 0.005 0.004 0.865 0.003 0.004 
223  H9563.1    (0)   12 :  0.003 0.005 0.005 0.003 0.005 0.005 0.005 0.002 0.004 0.004 0.857 0.006 0.004 0.003 0.004 0.003 0.004 0.004 0.003 0.003 0.003 0.004 0.005 0.006 0.004 0.007 0.005 0.004 0.004 0.006 0.006 0.003 0.004 0.005 
224  H9563.2    (0)   12 :  0.003 0.007 0.007 0.003 0.005 0.006 0.004 0.004 0.003 0.007 0.839 0.005 0.003 0.004 0.008 0.004 0.004 0.006 0.003 0.002 0.003 0.003 0.005 0.006 0.003 0.012 0.004 0.003 0.003 0.007 0.007 0.003 0.005 0.008 
225  H9563.3    (0)   12 :  0.010 0.005 0.006 0.003 0.003 0.005 0.005 0.004 0.004 0.008 0.839 0.004 0.004 0.002 0.004 0.004 0.004 0.002 0.005 0.004 0.004 0.006 0.005 0.003 0.005 0.005 0.009 0.004 0.009 0.006 0.005 0.005 0.003 0.005 
226  H9563.4    (0)   12 :  0.010 0.018 0.018 0.005 0.010 0.013 0.017 0.005 0.019 0.016 0.646 0.013 0.007 0.005 0.011 0.007 0.005 0.006 0.012 0.011 0.004 0.007 0.014 0.006 0.011 0.029 0.004 0.004 0.010 0.016 0.012 0.005 0.005 0.019 
227  H9563.5    (0)   12 :  0.004 0.009 0.010 0.006 0.006 0.008 0.011 0.005 0.005 0.006 0.785 0.008 0.003 0.004 0.011 0.004 0.007 0.003 0.004 0.007 0.004 0.010 0.007 0.007 0.007 0.013 0.006 0.005 0.003 0.010 0.005 0.003 0.004 0.011 
228  H9563.6    (0)   12 :  0.018 0.007 0.004 0.002 0.004 0.005 0.006 0.004 0.005 0.007 0.822 0.007 0.011 0.003 0.007 0.004 0.004 0.003 0.005 0.005 0.003 0.003 0.006 0.003 0.004 0.005 0.009 0.003 0.007 0.006 0.004 0.006 0.004 0.006 
229  H9563.7    (0)   12 :  0.011 0.004 0.005 0.003 0.003 0.003 0.004 0.004 0.003 0.004 0.860 0.005 0.003 0.003 0.004 0.004 0.003 0.003 0.010 0.003 0.004 0.003 0.004 0.003 0.003 0.008 0.005 0.002 0.007 0.004 0.003 0.006 0.003 0.005 
230  H9563.8    (0)   12 :  0.008 0.028 0.018 0.005 0.007 0.016 0.020 0.003 0.012 0.034 0.576 0.014 0.003 0.004 0.036 0.004 0.010 0.003 0.004 0.009 0.006 0.026 0.022 0.007 0.005 0.025 0.010 0.005 0.006 0.017 0.035 0.003 0.003 0.016 
231  H9563.9    (0)   12 :  0.008 0.009 0.008 0.004 0.005 0.009 0.007 0.004 0.007 0.011 0.774 0.008 0.005 0.003 0.014 0.004 0.004 0.005 0.003 0.003 0.005 0.004 0.008 0.005 0.005 0.021 0.010 0.004 0.007 0.007 0.009 0.005 0.005 0.011 
232  H9572.1    (0)   12 :  0.004 0.009 0.008 0.005 0.011 0.008 0.010 0.010 0.005 0.010 0.013 0.007 0.748 0.026 0.006 0.004 0.009 0.009 0.004 0.004 0.004 0.003 0.006 0.003 0.010 0.004 0.007 0.004 0.005 0.012 0.004 0.006 0.008 0.011 
233  H9572.2    (0)   12 :  0.006 0.013 0.012 0.014 0.009 0.012 0.015 0.008 0.005 0.009 0.035 0.010 0.674 0.011 0.011 0.011 0.005 0.003 0.003 0.006 0.003 0.005 0.008 0.004 0.012 0.014 0.004 0.005 0.007 0.009 0.012 0.024 0.005 0.014 
234  H9572.3    (0)   12 :  0.013 0.012 0.017 0.004 0.028 0.012 0.026 0.069 0.005 0.004 0.008 0.019 0.560 0.006 0.003 0.004 0.007 0.011 0.008 0.013 0.004 0.005 0.020 0.007 0.008 0.007 0.005 0.019 0.005 0.013 0.014 0.053 0.005 0.007 
235  H9572.4    (0)   12 :  0.002 0.004 0.003 0.003 0.004 0.003 0.004 0.004 0.010 0.002 0.004 0.004 0.880 0.003 0.002 0.003 0.003 0.004 0.003 0.004 0.002 0.003 0.004 0.004 0.003 0.002 0.003 0.007 0.004 0.004 0.002 0.006 0.003 0.003 
236  H9572.5    (0)   12 :  0.004 0.004 0.004 0.004 0.004 0.005 0.005 0.020 0.003 0.003 0.002 0.005 0.847 0.003 0.002 0.003 0.004 0.004 0.003 0.002 0.002 0.009 0.004 0.004 0.007 0.011 0.004 0.011 0.003 0.004 0.002 0.002 0.002 0.004 


Estimated Allele Frequencies in each cluster
First column gives estimated ancestral frequencies


Locus 1 : 
8 alleles
0.0% missing data
 156   (0.165) 0.487 0.147 0.165 0.015 0.064 0.165 0.163 0.017 0.035 0.223 0.211 0.165 0.611 0.028 0.121 0.011 0.257 0.155 0.696 0.258 0.021 0.024 0.167 0.037 0.024 0.035 0.236 0.370 0.014 0.162 0.027 0.148 0.336 0.118 
 152   (0.126) 0.347 0.095 0.126 0.011 0.037 0.125 0.122 0.356 0.435 0.021 0.009 0.126 0.022 0.008 0.338 0.305 0.193 0.010 0.255 0.011 0.016 0.017 0.121 0.275 0.017 0.069 0.108 0.009 0.704 0.118 0.019 0.310 0.012 0.085 
 168   (0.094) 0.098 0.070 0.094 0.321 0.029 0.094 0.091 0.211 0.019 0.042 0.007 0.094 0.016 0.007 0.087 0.006 0.350 0.143 0.006 0.009 0.170 0.013 0.091 0.019 0.013 0.025 0.615 0.006 0.007 0.090 0.014 0.010 0.188 0.062 
 164   (0.244) 0.027 0.235 0.244 0.144 0.175 0.245 0.249 0.116 0.056 0.427 0.109 0.244 0.046 0.049 0.326 0.017 0.126 0.168 0.018 0.023 0.504 0.474 0.254 0.573 0.311 0.393 0.019 0.293 0.243 0.262 0.210 0.028 0.426 0.362 
 160   (0.286) 0.032 0.318 0.286 0.501 0.424 0.286 0.291 0.291 0.234 0.231 0.657 0.286 0.291 0.208 0.091 0.654 0.058 0.099 0.019 0.690 0.279 0.461 0.285 0.079 0.174 0.459 0.017 0.316 0.027 0.289 0.514 0.496 0.030 0.311 
 148   (0.050) 0.006 0.111 0.050 0.005 0.259 0.050 0.051 0.005 0.009 0.051 0.003 0.049 0.009 0.698 0.030 0.004 0.009 0.422 0.003 0.006 0.006 0.006 0.050 0.010 0.006 0.011 0.003 0.003 0.003 0.047 0.211 0.005 0.005 0.041 
 144   (0.023) 0.002 0.016 0.023 0.002 0.006 0.023 0.022 0.002 0.210 0.003 0.002 0.023 0.003 0.002 0.005 0.002 0.004 0.002 0.001 0.002 0.003 0.003 0.021 0.004 0.198 0.004 0.001 0.001 0.002 0.022 0.003 0.002 0.002 0.014 
 172   (0.013) 0.001 0.008 0.013 0.001 0.005 0.012 0.012 0.001 0.003 0.002 0.001 0.013 0.002 0.001 0.002 0.001 0.002 0.001 0.001 0.001 0.001 0.001 0.012 0.003 0.257 0.002 0.001 0.001 0.001 0.011 0.002 0.001 0.001 0.008 

Locus 2 : 
7 alleles
0.0% missing data
 156   (0.310) 0.495 0.357 0.310 0.447 0.354 0.310 0.312 0.501 0.249 0.383 0.271 0.310 0.158 0.483 0.096 0.493 0.057 0.535 0.023 0.206 0.039 0.159 0.314 0.086 0.777 0.282 0.019 0.189 0.028 0.313 0.282 0.469 0.198 0.352 
 148   (0.051) 0.403 0.034 0.051 0.005 0.018 0.051 0.048 0.004 0.009 0.007 0.250 0.051 0.009 0.003 0.011 0.004 0.009 0.004 0.004 0.005 0.241 0.310 0.049 0.010 0.007 0.010 0.003 0.004 0.004 0.047 0.007 0.005 0.252 0.035 
 160   (0.154) 0.047 0.203 0.154 0.015 0.087 0.155 0.157 0.065 0.235 0.087 0.138 0.154 0.030 0.456 0.067 0.282 0.173 0.054 0.011 0.044 0.209 0.025 0.156 0.130 0.024 0.482 0.132 0.011 0.012 0.162 0.026 0.017 0.017 0.128 
 168   (0.133) 0.015 0.126 0.133 0.013 0.145 0.132 0.132 0.013 0.027 0.441 0.315 0.133 0.023 0.028 0.402 0.127 0.025 0.104 0.216 0.013 0.018 0.019 0.137 0.032 0.018 0.028 0.008 0.140 0.039 0.130 0.022 0.471 0.499 0.230 
 164   (0.199) 0.023 0.159 0.199 0.134 0.075 0.199 0.198 0.401 0.047 0.055 0.014 0.199 0.273 0.020 0.105 0.083 0.037 0.018 0.217 0.448 0.476 0.444 0.197 0.708 0.154 0.167 0.265 0.593 0.906 0.199 0.450 0.022 0.020 0.148 
 152   (0.132) 0.015 0.105 0.132 0.385 0.316 0.132 0.133 0.013 0.428 0.023 0.010 0.132 0.504 0.009 0.317 0.010 0.695 0.092 0.263 0.283 0.016 0.040 0.128 0.030 0.017 0.028 0.572 0.062 0.010 0.130 0.210 0.014 0.013 0.093 
 172   (0.021) 0.002 0.016 0.021 0.002 0.005 0.021 0.020 0.002 0.004 0.003 0.001 0.021 0.003 0.001 0.004 0.001 0.003 0.193 0.266 0.002 0.002 0.002 0.019 0.004 0.003 0.004 0.001 0.001 0.001 0.020 0.003 0.002 0.002 0.014 

Locus 3 : 
5 alleles
0.4% missing data
 193   (0.145) 0.478 0.104 0.145 0.014 0.046 0.144 0.141 0.292 0.028 0.023 0.399 0.145 0.687 0.011 0.029 0.010 0.518 0.063 0.147 0.247 0.181 0.127 0.140 0.031 0.266 0.034 0.010 0.010 0.144 0.136 0.020 0.269 0.172 0.100 
 189   (0.293) 0.242 0.322 0.293 0.368 0.136 0.294 0.295 0.224 0.121 0.455 0.239 0.293 0.090 0.576 0.571 0.591 0.055 0.046 0.021 0.321 0.285 0.044 0.294 0.298 0.043 0.267 0.466 0.084 0.655 0.300 0.390 0.507 0.031 0.314 
 181   (0.115) 0.229 0.114 0.115 0.010 0.068 0.115 0.112 0.012 0.022 0.075 0.165 0.115 0.020 0.016 0.085 0.008 0.021 0.010 0.325 0.389 0.014 0.294 0.111 0.146 0.015 0.028 0.348 0.388 0.009 0.112 0.017 0.013 0.751 0.136 
 185   (0.371) 0.043 0.406 0.371 0.602 0.585 0.372 0.379 0.048 0.815 0.435 0.192 0.372 0.073 0.391 0.300 0.163 0.392 0.835 0.502 0.036 0.511 0.524 0.382 0.508 0.466 0.492 0.125 0.256 0.186 0.380 0.562 0.203 0.038 0.398 
 197   (0.076) 0.008 0.054 0.076 0.007 0.166 0.076 0.073 0.423 0.015 0.012 0.006 0.076 0.130 0.006 0.015 0.227 0.013 0.047 0.005 0.007 0.010 0.011 0.073 0.016 0.209 0.179 0.051 0.262 0.006 0.072 0.011 0.009 0.007 0.052 

Locus 4 : 
7 alleles
0.0% missing data
 173   (0.243) 0.319 0.226 0.243 0.320 0.158 0.244 0.242 0.027 0.054 0.115 0.115 0.243 0.139 0.089 0.051 0.293 0.438 0.042 0.017 0.190 0.467 0.470 0.244 0.220 0.489 0.233 0.014 0.470 0.025 0.239 0.325 0.224 0.683 0.188 
 169   (0.078) 0.244 0.067 0.078 0.007 0.027 0.077 0.077 0.008 0.109 0.011 0.711 0.077 0.611 0.005 0.015 0.006 0.015 0.006 0.005 0.007 0.010 0.010 0.074 0.017 0.011 0.016 0.623 0.152 0.006 0.078 0.126 0.008 0.007 0.056 
 165   (0.257) 0.233 0.283 0.256 0.368 0.344 0.257 0.259 0.639 0.056 0.607 0.019 0.257 0.049 0.535 0.199 0.302 0.257 0.393 0.310 0.024 0.033 0.036 0.256 0.479 0.348 0.113 0.023 0.120 0.886 0.262 0.480 0.116 0.025 0.210 
 177   (0.277) 0.187 0.299 0.278 0.026 0.194 0.278 0.283 0.098 0.485 0.214 0.048 0.278 0.053 0.295 0.708 0.220 0.263 0.049 0.658 0.765 0.212 0.466 0.286 0.255 0.133 0.607 0.331 0.249 0.024 0.284 0.048 0.032 0.029 0.434 
 185   (0.022) 0.003 0.016 0.022 0.268 0.006 0.022 0.021 0.002 0.004 0.003 0.002 0.022 0.004 0.002 0.004 0.053 0.004 0.002 0.001 0.002 0.003 0.003 0.021 0.004 0.003 0.004 0.001 0.001 0.002 0.021 0.003 0.002 0.002 0.016 
 181   (0.095) 0.011 0.089 0.095 0.008 0.262 0.095 0.093 0.223 0.287 0.046 0.103 0.095 0.140 0.073 0.018 0.007 0.018 0.506 0.007 0.010 0.011 0.012 0.093 0.020 0.013 0.023 0.006 0.006 0.007 0.091 0.014 0.614 0.252 0.079 
 193   (0.028) 0.003 0.019 0.028 0.002 0.008 0.027 0.026 0.003 0.005 0.004 0.002 0.027 0.004 0.002 0.005 0.119 0.005 0.002 0.002 0.002 0.263 0.004 0.026 0.005 0.003 0.005 0.002 0.002 0.051 0.025 0.004 0.004 0.003 0.017 

Locus 5 : 
12 alleles
0.0% missing data
 215   (0.060) 0.153 0.048 0.060 0.022 0.017 0.060 0.060 0.317 0.012 0.012 0.005 0.060 0.058 0.004 0.013 0.004 0.041 0.005 0.004 0.006 0.007 0.267 0.059 0.012 0.164 0.427 0.004 0.004 0.005 0.062 0.008 0.006 0.006 0.043 
 207   (0.188) 0.358 0.143 0.189 0.018 0.059 0.189 0.186 0.019 0.468 0.030 0.240 0.188 0.719 0.014 0.038 0.403 0.112 0.015 0.013 0.562 0.107 0.209 0.190 0.079 0.409 0.039 0.183 0.254 0.560 0.181 0.030 0.366 0.095 0.134 
 195   (0.114) 0.420 0.148 0.114 0.011 0.050 0.114 0.113 0.011 0.025 0.156 0.009 0.114 0.019 0.147 0.216 0.008 0.352 0.009 0.008 0.011 0.014 0.019 0.116 0.462 0.017 0.025 0.054 0.126 0.010 0.119 0.018 0.012 0.127 0.105 
 203   (0.227) 0.025 0.234 0.227 0.023 0.578 0.228 0.230 0.519 0.130 0.595 0.242 0.228 0.131 0.653 0.262 0.016 0.414 0.229 0.015 0.079 0.818 0.034 0.232 0.051 0.032 0.064 0.674 0.293 0.018 0.222 0.126 0.211 0.730 0.416 
 199   (0.261) 0.030 0.311 0.261 0.280 0.247 0.261 0.267 0.120 0.337 0.134 0.172 0.261 0.048 0.142 0.058 0.072 0.052 0.705 0.494 0.063 0.036 0.129 0.261 0.366 0.259 0.418 0.076 0.314 0.322 0.273 0.551 0.390 0.027 0.202 
 211   (0.044) 0.005 0.031 0.044 0.004 0.013 0.044 0.042 0.004 0.008 0.006 0.325 0.044 0.007 0.003 0.008 0.489 0.008 0.003 0.154 0.004 0.006 0.328 0.042 0.009 0.006 0.008 0.003 0.003 0.077 0.040 0.007 0.005 0.004 0.030 
 271   (0.015) 0.002 0.023 0.015 0.001 0.006 0.015 0.015 0.001 0.003 0.054 0.001 0.015 0.003 0.028 0.008 0.001 0.003 0.002 0.001 0.002 0.002 0.002 0.016 0.004 0.002 0.003 0.001 0.001 0.001 0.015 0.002 0.002 0.001 0.012 
 191   (0.014) 0.001 0.010 0.014 0.634 0.004 0.014 0.013 0.001 0.002 0.002 0.001 0.014 0.002 0.001 0.002 0.001 0.003 0.001 0.001 0.001 0.002 0.002 0.013 0.003 0.002 0.002 0.001 0.001 0.001 0.013 0.002 0.001 0.001 0.010 
 284   (0.031) 0.003 0.023 0.031 0.003 0.011 0.030 0.030 0.003 0.006 0.005 0.002 0.030 0.005 0.003 0.202 0.002 0.006 0.002 0.002 0.268 0.003 0.004 0.029 0.006 0.004 0.006 0.002 0.002 0.002 0.030 0.250 0.003 0.003 0.021 
 275   (0.019) 0.002 0.013 0.019 0.002 0.007 0.019 0.019 0.002 0.004 0.003 0.001 0.019 0.004 0.002 0.188 0.001 0.004 0.002 0.001 0.002 0.002 0.003 0.019 0.004 0.103 0.003 0.001 0.001 0.001 0.021 0.003 0.002 0.002 0.012 
 279   (0.014) 0.001 0.008 0.014 0.001 0.004 0.013 0.013 0.001 0.002 0.002 0.001 0.013 0.002 0.001 0.002 0.001 0.002 0.001 0.306 0.001 0.001 0.002 0.012 0.002 0.002 0.002 0.001 0.001 0.001 0.013 0.002 0.001 0.001 0.007 
 280   (0.012) 0.001 0.009 0.012 0.001 0.004 0.012 0.012 0.001 0.002 0.002 0.001 0.012 0.002 0.001 0.002 0.001 0.002 0.026 0.001 0.001 0.001 0.002 0.012 0.002 0.002 0.002 0.001 0.001 0.001 0.011 0.003 0.001 0.001 0.008 

Locus 6 : 
9 alleles
0.0% missing data
 254   (0.064) 0.096 0.050 0.064 0.006 0.300 0.064 0.061 0.007 0.013 0.012 0.005 0.064 0.011 0.004 0.013 0.005 0.175 0.090 0.004 0.006 0.274 0.141 0.062 0.027 0.009 0.158 0.004 0.251 0.005 0.060 0.009 0.007 0.006 0.047 
 242   (0.184) 0.746 0.230 0.184 0.369 0.303 0.184 0.183 0.377 0.040 0.097 0.475 0.184 0.752 0.889 0.059 0.013 0.104 0.761 0.012 0.017 0.025 0.047 0.178 0.331 0.025 0.098 0.012 0.066 0.108 0.178 0.028 0.093 0.018 0.144 
 238   (0.356) 0.115 0.401 0.356 0.590 0.254 0.356 0.365 0.117 0.480 0.786 0.158 0.356 0.062 0.063 0.465 0.024 0.380 0.101 0.258 0.555 0.486 0.453 0.363 0.458 0.180 0.416 0.547 0.276 0.030 0.367 0.501 0.040 0.041 0.508 
 250   (0.116) 0.013 0.105 0.116 0.011 0.049 0.116 0.118 0.127 0.200 0.048 0.008 0.116 0.020 0.017 0.098 0.873 0.024 0.015 0.008 0.010 0.015 0.319 0.119 0.030 0.279 0.040 0.172 0.388 0.032 0.123 0.423 0.013 0.012 0.088 
 246   (0.165) 0.019 0.134 0.165 0.015 0.059 0.164 0.164 0.361 0.245 0.041 0.096 0.165 0.137 0.020 0.037 0.078 0.033 0.025 0.711 0.015 0.187 0.026 0.167 0.131 0.493 0.262 0.078 0.011 0.816 0.162 0.025 0.379 0.274 0.135 
 230   (0.059) 0.006 0.042 0.059 0.005 0.019 0.059 0.056 0.006 0.011 0.009 0.137 0.059 0.009 0.004 0.317 0.004 0.274 0.005 0.004 0.005 0.007 0.007 0.059 0.013 0.009 0.017 0.183 0.004 0.005 0.059 0.008 0.006 0.198 0.041 
 258   (0.017) 0.002 0.012 0.017 0.001 0.005 0.017 0.016 0.002 0.003 0.002 0.001 0.017 0.002 0.001 0.003 0.001 0.003 0.001 0.001 0.389 0.002 0.002 0.016 0.003 0.002 0.003 0.001 0.001 0.001 0.015 0.002 0.002 0.002 0.011 
 234   (0.018) 0.002 0.012 0.018 0.001 0.006 0.018 0.017 0.002 0.003 0.002 0.001 0.018 0.003 0.001 0.003 0.001 0.003 0.001 0.001 0.001 0.002 0.002 0.017 0.004 0.002 0.003 0.001 0.001 0.001 0.016 0.002 0.306 0.448 0.011 
 226   (0.021) 0.002 0.015 0.021 0.002 0.005 0.021 0.019 0.002 0.004 0.003 0.118 0.021 0.003 0.002 0.004 0.001 0.004 0.002 0.001 0.002 0.002 0.003 0.020 0.004 0.003 0.004 0.001 0.001 0.002 0.020 0.003 0.154 0.002 0.014 

Locus 7 : 
5 alleles
0.0% missing data
 149   (0.847) 0.983 0.832 0.847 0.987 0.816 0.847 0.852 0.985 0.972 0.766 0.989 0.847 0.800 0.687 0.517 0.749 0.972 0.425 0.568 0.987 0.500 0.980 0.848 0.969 0.980 0.971 0.991 0.991 0.844 0.855 0.979 0.983 0.552 0.857 
 153   (0.083) 0.009 0.122 0.083 0.008 0.163 0.083 0.083 0.009 0.016 0.224 0.006 0.083 0.189 0.308 0.185 0.045 0.016 0.384 0.006 0.007 0.300 0.011 0.086 0.019 0.012 0.018 0.005 0.005 0.150 0.081 0.013 0.010 0.035 0.099 
 155   (0.028) 0.003 0.018 0.028 0.002 0.008 0.028 0.026 0.003 0.005 0.004 0.002 0.028 0.004 0.002 0.005 0.203 0.005 0.002 0.210 0.002 0.003 0.003 0.026 0.005 0.003 0.004 0.002 0.002 0.002 0.025 0.003 0.003 0.409 0.018 
 157   (0.027) 0.003 0.018 0.027 0.002 0.007 0.027 0.025 0.002 0.005 0.004 0.002 0.027 0.004 0.002 0.005 0.002 0.005 0.187 0.215 0.002 0.195 0.003 0.025 0.005 0.003 0.004 0.002 0.002 0.002 0.025 0.003 0.003 0.003 0.017 
 151   (0.015) 0.002 0.010 0.015 0.001 0.006 0.015 0.014 0.001 0.003 0.002 0.001 0.015 0.002 0.001 0.287 0.001 0.003 0.001 0.001 0.001 0.002 0.002 0.014 0.003 0.002 0.003 0.001 0.001 0.001 0.014 0.002 0.002 0.001 0.009 

Locus 8 : 
15 alleles
0.4% missing data
 150   (0.077) 0.306 0.089 0.077 0.209 0.049 0.077 0.079 0.007 0.015 0.093 0.006 0.077 0.017 0.239 0.082 0.006 0.015 0.345 0.006 0.007 0.009 0.036 0.080 0.217 0.010 0.017 0.004 0.312 0.006 0.078 0.012 0.008 0.284 0.102 
 138   (0.145) 0.236 0.255 0.145 0.013 0.277 0.145 0.148 0.019 0.029 0.468 0.097 0.145 0.155 0.302 0.589 0.010 0.246 0.215 0.010 0.013 0.017 0.020 0.150 0.035 0.020 0.323 0.009 0.009 0.012 0.143 0.395 0.016 0.259 0.317 
 158   (0.029) 0.230 0.021 0.029 0.003 0.010 0.029 0.028 0.003 0.005 0.004 0.002 0.029 0.005 0.002 0.005 0.043 0.005 0.002 0.002 0.002 0.003 0.003 0.029 0.007 0.004 0.005 0.002 0.002 0.414 0.026 0.004 0.003 0.194 0.020 
 146   (0.231) 0.170 0.231 0.231 0.200 0.297 0.233 0.235 0.349 0.053 0.354 0.118 0.232 0.155 0.361 0.053 0.016 0.194 0.298 0.091 0.462 0.032 0.428 0.235 0.308 0.253 0.098 0.054 0.015 0.367 0.240 0.171 0.317 0.025 0.184 
 152   (0.100) 0.011 0.078 0.100 0.266 0.032 0.100 0.101 0.009 0.316 0.015 0.007 0.100 0.018 0.007 0.019 0.311 0.267 0.008 0.007 0.008 0.011 0.231 0.098 0.230 0.142 0.021 0.232 0.224 0.010 0.102 0.307 0.254 0.009 0.072 
 148   (0.079) 0.009 0.069 0.079 0.281 0.027 0.079 0.081 0.201 0.016 0.014 0.006 0.079 0.015 0.006 0.015 0.160 0.015 0.007 0.006 0.007 0.462 0.011 0.077 0.017 0.011 0.119 0.005 0.005 0.067 0.085 0.057 0.365 0.008 0.057 
 156   (0.029) 0.003 0.025 0.029 0.003 0.010 0.029 0.029 0.003 0.006 0.004 0.116 0.029 0.005 0.003 0.006 0.057 0.006 0.002 0.002 0.002 0.003 0.004 0.030 0.007 0.005 0.011 0.002 0.002 0.002 0.031 0.005 0.003 0.003 0.022 
 134   (0.047) 0.005 0.032 0.047 0.004 0.015 0.047 0.045 0.004 0.083 0.007 0.003 0.047 0.318 0.005 0.182 0.196 0.009 0.004 0.003 0.004 0.006 0.006 0.045 0.010 0.218 0.008 0.003 0.003 0.005 0.047 0.007 0.005 0.005 0.031 
 142   (0.022) 0.002 0.015 0.022 0.002 0.006 0.022 0.021 0.002 0.004 0.003 0.002 0.022 0.004 0.002 0.004 0.001 0.004 0.002 0.002 0.002 0.026 0.225 0.022 0.005 0.003 0.004 0.426 0.002 0.002 0.021 0.003 0.002 0.002 0.014 
 128   (0.113) 0.012 0.091 0.113 0.010 0.236 0.112 0.111 0.391 0.451 0.019 0.008 0.113 0.284 0.064 0.022 0.008 0.022 0.105 0.493 0.010 0.014 0.018 0.112 0.138 0.316 0.369 0.007 0.295 0.010 0.109 0.018 0.012 0.011 0.093 
 144   (0.035) 0.004 0.025 0.035 0.003 0.009 0.035 0.034 0.003 0.007 0.005 0.002 0.035 0.006 0.003 0.007 0.186 0.007 0.003 0.003 0.003 0.406 0.006 0.035 0.008 0.005 0.006 0.002 0.034 0.097 0.034 0.008 0.004 0.004 0.024 
 168   (0.013) 0.001 0.009 0.013 0.001 0.004 0.013 0.012 0.001 0.002 0.002 0.001 0.013 0.002 0.001 0.002 0.001 0.196 0.001 0.001 0.001 0.001 0.002 0.012 0.002 0.002 0.002 0.001 0.001 0.001 0.012 0.002 0.001 0.001 0.008 
 160   (0.021) 0.002 0.014 0.021 0.002 0.008 0.021 0.020 0.002 0.004 0.003 0.001 0.021 0.004 0.002 0.003 0.001 0.004 0.002 0.001 0.263 0.002 0.003 0.020 0.004 0.003 0.004 0.252 0.001 0.002 0.019 0.003 0.002 0.002 0.015 
 140   (0.022) 0.002 0.016 0.021 0.002 0.008 0.021 0.020 0.002 0.004 0.003 0.001 0.022 0.004 0.001 0.004 0.001 0.004 0.002 0.372 0.002 0.002 0.003 0.020 0.004 0.003 0.003 0.001 0.094 0.002 0.019 0.003 0.002 0.002 0.015 
 136   (0.038) 0.004 0.028 0.038 0.003 0.014 0.038 0.036 0.003 0.007 0.005 0.628 0.038 0.006 0.003 0.007 0.002 0.007 0.004 0.003 0.214 0.005 0.005 0.037 0.007 0.005 0.008 0.003 0.002 0.003 0.035 0.006 0.004 0.191 0.026 

Locus 9 : 
4 alleles
0.0% missing data
 184   (0.190) 0.845 0.141 0.189 0.018 0.059 0.189 0.183 0.017 0.081 0.029 0.118 0.190 0.035 0.015 0.041 0.219 0.216 0.225 0.322 0.497 0.189 0.027 0.185 0.040 0.225 0.231 0.481 0.017 0.413 0.183 0.423 0.204 0.019 0.133 
 186   (0.500) 0.121 0.489 0.500 0.675 0.693 0.501 0.509 0.953 0.417 0.360 0.515 0.500 0.569 0.945 0.455 0.425 0.268 0.628 0.657 0.219 0.359 0.148 0.510 0.198 0.733 0.702 0.469 0.089 0.160 0.520 0.171 0.154 0.802 0.617 
 180   (0.206) 0.023 0.277 0.206 0.298 0.081 0.206 0.202 0.020 0.388 0.534 0.359 0.206 0.377 0.026 0.476 0.114 0.238 0.018 0.014 0.020 0.026 0.810 0.203 0.739 0.028 0.043 0.013 0.887 0.333 0.195 0.390 0.341 0.168 0.155 
 182   (0.104) 0.011 0.093 0.104 0.009 0.166 0.104 0.106 0.010 0.114 0.076 0.008 0.104 0.019 0.014 0.029 0.241 0.278 0.129 0.007 0.264 0.425 0.014 0.102 0.023 0.015 0.024 0.037 0.006 0.094 0.102 0.016 0.301 0.011 0.095 

Locus 10 : 
7 alleles
0.0% missing data
 176   (0.013) 0.290 0.010 0.013 0.001 0.003 0.013 0.012 0.001 0.002 0.002 0.001 0.013 0.002 0.001 0.002 0.001 0.002 0.001 0.001 0.001 0.001 0.002 0.013 0.002 0.002 0.002 0.001 0.001 0.001 0.012 0.002 0.001 0.001 0.009 
 168   (0.184) 0.391 0.166 0.184 0.019 0.253 0.186 0.192 0.446 0.074 0.081 0.422 0.185 0.126 0.038 0.192 0.013 0.038 0.104 0.013 0.143 0.025 0.027 0.188 0.333 0.027 0.577 0.173 0.025 0.015 0.191 0.065 0.226 0.020 0.283 
 156   (0.134) 0.169 0.255 0.134 0.073 0.065 0.134 0.134 0.111 0.406 0.611 0.112 0.134 0.025 0.037 0.582 0.010 0.026 0.011 0.009 0.013 0.449 0.108 0.134 0.032 0.020 0.269 0.223 0.009 0.011 0.135 0.022 0.015 0.013 0.108 
 160   (0.239) 0.102 0.222 0.239 0.025 0.363 0.239 0.240 0.025 0.092 0.151 0.435 0.239 0.046 0.268 0.053 0.048 0.221 0.397 0.017 0.370 0.388 0.036 0.242 0.146 0.473 0.052 0.050 0.093 0.461 0.241 0.483 0.130 0.262 0.179 
 164   (0.218) 0.025 0.195 0.218 0.564 0.248 0.218 0.216 0.396 0.048 0.126 0.015 0.217 0.487 0.641 0.131 0.421 0.257 0.471 0.253 0.207 0.052 0.031 0.217 0.052 0.264 0.058 0.014 0.014 0.491 0.222 0.031 0.024 0.684 0.276 
 172   (0.192) 0.022 0.137 0.192 0.315 0.061 0.191 0.186 0.019 0.373 0.027 0.013 0.191 0.311 0.013 0.036 0.506 0.452 0.015 0.705 0.264 0.081 0.794 0.185 0.430 0.213 0.038 0.538 0.851 0.019 0.181 0.029 0.602 0.018 0.132 
 152   (0.020) 0.002 0.015 0.020 0.002 0.007 0.020 0.021 0.002 0.004 0.003 0.001 0.020 0.003 0.001 0.004 0.001 0.004 0.001 0.001 0.002 0.003 0.003 0.021 0.005 0.003 0.004 0.001 0.006 0.002 0.018 0.368 0.002 0.002 0.013 

Locus 11 : 
7 alleles
0.4% missing data
 177   (0.063) 0.357 0.048 0.063 0.006 0.020 0.062 0.062 0.007 0.013 0.010 0.005 0.063 0.033 0.004 0.012 0.004 0.012 0.005 0.582 0.200 0.008 0.009 0.059 0.014 0.009 0.047 0.018 0.004 0.006 0.060 0.357 0.500 0.006 0.043 
 173   (0.190) 0.238 0.215 0.190 0.020 0.168 0.191 0.190 0.631 0.208 0.285 0.452 0.190 0.035 0.018 0.063 0.592 0.392 0.037 0.368 0.023 0.025 0.125 0.187 0.042 0.027 0.373 0.253 0.012 0.176 0.189 0.029 0.022 0.020 0.146 
 165   (0.272) 0.351 0.275 0.272 0.029 0.568 0.273 0.277 0.036 0.495 0.228 0.092 0.272 0.050 0.427 0.411 0.019 0.052 0.880 0.018 0.560 0.882 0.037 0.280 0.450 0.492 0.470 0.031 0.018 0.036 0.283 0.092 0.330 0.721 0.353 
 169   (0.336) 0.039 0.294 0.336 0.286 0.180 0.336 0.338 0.034 0.256 0.103 0.296 0.336 0.497 0.039 0.249 0.175 0.521 0.057 0.023 0.204 0.044 0.811 0.338 0.467 0.297 0.082 0.689 0.959 0.771 0.337 0.501 0.134 0.209 0.341 
 161   (0.090) 0.009 0.134 0.090 0.371 0.049 0.090 0.087 0.008 0.018 0.368 0.007 0.090 0.378 0.508 0.256 0.112 0.016 0.018 0.006 0.008 0.037 0.012 0.089 0.019 0.012 0.019 0.005 0.005 0.007 0.086 0.014 0.010 0.039 0.087 
 157   (0.029) 0.003 0.021 0.029 0.003 0.008 0.029 0.028 0.003 0.006 0.004 0.147 0.029 0.005 0.002 0.006 0.095 0.005 0.002 0.002 0.003 0.003 0.004 0.027 0.006 0.162 0.006 0.002 0.002 0.002 0.027 0.004 0.003 0.003 0.018 
 153   (0.020) 0.002 0.013 0.020 0.286 0.006 0.020 0.019 0.281 0.004 0.003 0.001 0.020 0.003 0.001 0.004 0.001 0.003 0.001 0.001 0.002 0.002 0.002 0.019 0.003 0.002 0.003 0.001 0.001 0.001 0.018 0.003 0.002 0.002 0.013 

Values of parameters used in structure:
DATAFILE=/data/home/rchen/Hunting/blackgrouse-hunting/data_job_T34_6,	OUTFILE=data/structure/Results_stru_chicks_hunted/results_job_T34_6,	NUMINDS=236,	NUMLOCI=11,	MISSING=-9,	LABEL=1,	POPDATA=1,	POPFLAG=0,	PHENOTYPE=0,	EXTRACOLS=0,	MAXPOPS=34,	BURNIN=10000,	NUMREPS=10000,	USEPOPINFO=0,	INFERALPHA=1,	INFERLAMBDA=0,	POPSPECIFICLAMBDA=0,	POPALPHAS=0,	COMPUTEPROB=1,	NOADMIX=0,	ADMBURNIN=2500,	UPDATEFREQ=1,	PRINTLIKES=0,	INTERMEDSAVE=0,	PRINTKLD=0,	PRINTNET=0,	PRINTLAMBDA=0,	ANCESTDIST=0,	NUMBOXES=1000,	ANCESTPINT=0.90000,	GENSBACK=2,	MIGRPRIOR=0.05000,	PRINTQHAT=1,	PRINTQSUM=0,	ALPHA=1.0000,	FREQSCORR=1,	FPRIORMEAN=0.0100,	FPRIORSD=0.0500,	ONEFST=0,	LAMBDA=1.0000,	UNIFPRIORALPHA=1,	ALPHAMAX=10.0000,	ALPHAPRIORA=1.0000,	ALPHAPRIORB=2.0000,	ALPHAPROPSD=0.0250,	STARTATPOPINFO=0,	RANDOMIZE=1,	LINKAGE=0,	METROFREQ=10,	REPORTHITRATE=0,	MARKOVPHASE=-1,	PHASED=0,	PLOIDY=2,	PHASEINFO=0	LOCPRIOR=0, 	LOCPRIORINIT=1.000000, 	LOCDATA=0, 	LOCISPOP=0, 	LOCPRIORSTEP=0.100000, 	MAXLOCPRIOR=20.000000, 	SEED=1653047965,	
[STRAT parameters]:    NUMSIMSTATS=1000,	PHENOTYPECOL=-9,	POOLFREQ=10,	LOCUSxONLY=0,	EMERROR=0.00100,	MISSINGPHENO=-9,	