

----------------------------------------------------
STRUCTURE by Pritchard, Stephens and Donnelly (2000)
     and Falush, Stephens and Pritchard (2003)
       Code by Pritchard, Falush and Hubisz
             Version 2.3.4 (Jul 2012)
----------------------------------------------------



Command line arguments:   /usr/local/bin/structure -m parameter_job_T30_8 
Input File:    /data/home/rchen/Hunting/blackgrouse-hunting/data_job_T30_8

Run parameters:
   236 individuals
   11 loci
   30 populations assumed
   10000 Burn-in period
   10000 Reps


--------------------------------------------
Proportion of membership of each pre-defined
 population in each of the 30 clusters

Given    Inferred Clusters                                                                                                                                                                                                    Number of
 Pop       1      2      3      4      5      6      7      8      9     10     11     12     13     14     15     16     17     18     19     20     21     22     23     24     25     26     27     28     29     30      Individuals

  1:     0.048  0.033  0.037  0.010  0.034  0.038  0.026  0.047  0.005  0.005  0.042  0.009  0.040  0.073  0.005  0.044  0.023  0.033  0.026  0.075  0.005  0.055  0.042  0.036  0.005  0.029  0.046  0.048  0.046  0.036      187
 12:     0.004  0.006  0.005  0.006  0.005  0.004  0.007  0.006  0.085  0.311  0.007  0.007  0.006  0.005  0.132  0.006  0.006  0.005  0.007  0.004  0.162  0.007  0.007  0.005  0.170  0.005  0.006  0.004  0.006  0.006       49
--------------------------------------------

Allele-freq. divergence among pops (Net nucleotide distance),
computed using point estimates of P.

      1       2       3       4       5       6       7       8       9      10      11      12      13      14      15      16      17      18      19      20      21      22      23      24      25      26      27      28      29      30      
 1      -    0.2390  0.2113  0.1357  0.2404  0.2872  0.1735  0.1933  0.2299  0.2563  0.2429  0.1341  0.2667  0.2353  0.2666  0.2115  0.2462  0.1628  0.1618  0.2351  0.2020  0.2189  0.2459  0.1872  0.2187  0.2042  0.2991  0.2371  0.2725  0.2340  
 2   0.2390     -    0.0662  0.0640  0.1716  0.1555  0.0861  0.1679  0.2111  0.1574  0.1940  0.0635  0.2347  0.1931  0.2065  0.1558  0.1522  0.1389  0.0789  0.1916  0.1698  0.2057  0.1481  0.1394  0.1903  0.1046  0.1439  0.1330  0.2282  0.1237  
 3   0.2113  0.0662     -    0.0728  0.1829  0.1608  0.0809  0.1907  0.1976  0.1832  0.1984  0.0712  0.2451  0.2017  0.1933  0.1978  0.1531  0.1158  0.0755  0.1983  0.1947  0.1836  0.1752  0.1367  0.1749  0.1118  0.1662  0.1724  0.2323  0.1559  
 4   0.1357  0.0640  0.0728     -    0.0979  0.1077  0.0338  0.0590  0.1131  0.0865  0.1187  0.0003  0.1514  0.1132  0.1373  0.0912  0.1005  0.0630  0.0250  0.1072  0.0897  0.1194  0.0820  0.0683  0.0955  0.0524  0.1204  0.0787  0.1430  0.0666  
 5   0.2404  0.1716  0.1829  0.0979     -    0.2274  0.1586  0.1664  0.2044  0.1871  0.2554  0.0979  0.2463  0.0547  0.2738  0.2556  0.2077  0.1363  0.1491  0.1790  0.1790  0.1886  0.2528  0.1335  0.1709  0.0853  0.3160  0.1634  0.3369  0.1326  
 6   0.2872  0.1555  0.1608  0.1077  0.2274     -    0.1248  0.1798  0.2744  0.2270  0.2500  0.1077  0.2837  0.2549  0.1867  0.2339  0.1601  0.1730  0.1140  0.2494  0.2087  0.2444  0.1500  0.1857  0.1873  0.1637  0.2284  0.2243  0.2366  0.1961  
 7   0.1735  0.0861  0.0809  0.0338  0.1586  0.1248     -    0.0986  0.1915  0.1293  0.1687  0.0360  0.2472  0.1928  0.1680  0.1086  0.1260  0.0906  0.0018  0.1669  0.1523  0.1782  0.0973  0.1321  0.1295  0.0905  0.1398  0.1298  0.1785  0.1214  
 8   0.1933  0.1679  0.1907  0.0590  0.1664  0.1798  0.0986     -    0.1698  0.1681  0.1829  0.0597  0.1954  0.1841  0.1832  0.1330  0.1842  0.1132  0.0892  0.1504  0.1452  0.2329  0.1263  0.1512  0.1593  0.1308  0.1911  0.1418  0.1798  0.1298  
 9   0.2299  0.2111  0.1976  0.1131  0.2044  0.2744  0.1915  0.1698     -    0.1303  0.1716  0.1094  0.2406  0.1804  0.2351  0.1856  0.2285  0.1773  0.1793  0.2161  0.1889  0.1884  0.2017  0.1398  0.1920  0.1883  0.2055  0.1747  0.2581  0.2180  
10   0.2563  0.1574  0.1832  0.0865  0.1871  0.2270  0.1293  0.1681  0.1303     -    0.1551  0.0860  0.2650  0.2062  0.2130  0.1637  0.1954  0.1713  0.1231  0.1800  0.1557  0.1860  0.1713  0.1640  0.1719  0.1716  0.2145  0.1867  0.2553  0.1622  
11   0.2429  0.1940  0.1984  0.1187  0.2554  0.2500  0.1687  0.1829  0.1716  0.1551     -    0.1141  0.2551  0.2637  0.2418  0.1984  0.2669  0.2110  0.1598  0.2314  0.1744  0.2095  0.2293  0.1664  0.1720  0.1840  0.2277  0.2368  0.2305  0.2047  
12   0.1341  0.0635  0.0712  0.0003  0.0979  0.1077  0.0360  0.0597  0.1094  0.0860  0.1141     -    0.1485  0.1119  0.1339  0.0902  0.1010  0.0639  0.0271  0.1050  0.0884  0.1173  0.0835  0.0661  0.0943  0.0534  0.1186  0.0809  0.1441  0.0695  
13   0.2667  0.2347  0.2451  0.1514  0.2463  0.2837  0.2472  0.1954  0.2406  0.2650  0.2551  0.1485     -    0.2415  0.3246  0.2045  0.2550  0.2364  0.2280  0.2302  0.2192  0.2740  0.2908  0.2255  0.2459  0.1564  0.2946  0.2535  0.3232  0.1824  
14   0.2353  0.1931  0.2017  0.1132  0.0547  0.2549  0.1928  0.1841  0.1804  0.2062  0.2637  0.1119  0.2415     -    0.2561  0.2668  0.2352  0.1596  0.1815  0.2014  0.1849  0.1693  0.2607  0.1446  0.2050  0.0934  0.3282  0.1923  0.3462  0.1404  
15   0.2666  0.2065  0.1933  0.1373  0.2738  0.1867  0.1680  0.1832  0.2351  0.2130  0.2418  0.1339  0.3246  0.2561     -    0.2301  0.2382  0.2555  0.1607  0.2759  0.2218  0.2689  0.1865  0.2038  0.2458  0.2197  0.2206  0.2485  0.2397  0.2729  
16   0.2115  0.1558  0.1978  0.0912  0.2556  0.2339  0.1086  0.1330  0.1856  0.1637  0.1984  0.0902  0.2045  0.2668  0.2301     -    0.1788  0.1845  0.1051  0.1654  0.1838  0.2288  0.1350  0.1773  0.2327  0.1710  0.1548  0.1581  0.2389  0.2057  
17   0.2462  0.1522  0.1531  0.1005  0.2077  0.1601  0.1260  0.1842  0.2285  0.1954  0.2669  0.1010  0.2550  0.2352  0.2382  0.1788     -    0.1588  0.1217  0.2678  0.2352  0.1169  0.1881  0.1563  0.1810  0.1646  0.2085  0.1814  0.2946  0.1822  
18   0.1628  0.1389  0.1158  0.0630  0.1363  0.1730  0.0906  0.1132  0.1773  0.1713  0.2110  0.0639  0.2364  0.1596  0.2555  0.1845  0.1588     -    0.0812  0.1615  0.1330  0.1614  0.1390  0.1159  0.1540  0.1044  0.2315  0.1447  0.2151  0.1362  
19   0.1618  0.0789  0.0755  0.0250  0.1491  0.1140  0.0018  0.0892  0.1793  0.1231  0.1598  0.0271  0.2280  0.1815  0.1607  0.1051  0.1217  0.0812     -    0.1581  0.1387  0.1718  0.0889  0.1224  0.1249  0.0801  0.1344  0.1215  0.1576  0.1117  
20   0.2351  0.1916  0.1983  0.1072  0.1790  0.2494  0.1669  0.1504  0.2161  0.1800  0.2314  0.1050  0.2302  0.2014  0.2759  0.1654  0.2678  0.1615  0.1581     -    0.1563  0.2144  0.2283  0.1824  0.1974  0.2042  0.2303  0.1727  0.3090  0.1690  
21   0.2020  0.1698  0.1947  0.0897  0.1790  0.2087  0.1523  0.1452  0.1889  0.1557  0.1744  0.0884  0.2192  0.1849  0.2218  0.1838  0.2352  0.1330  0.1387  0.1563     -    0.2166  0.1788  0.1660  0.1609  0.1514  0.2452  0.1763  0.2367  0.1518  
22   0.2189  0.2057  0.1836  0.1194  0.1886  0.2444  0.1782  0.2329  0.1884  0.1860  0.2095  0.1173  0.2740  0.1693  0.2689  0.2288  0.1169  0.1614  0.1718  0.2144  0.2166     -    0.2538  0.1069  0.1732  0.1864  0.2990  0.2080  0.3610  0.1848  
23   0.2459  0.1481  0.1752  0.0820  0.2528  0.1500  0.0973  0.1263  0.2017  0.1713  0.2293  0.0835  0.2908  0.2607  0.1865  0.1350  0.1881  0.1390  0.0889  0.2283  0.1788  0.2538     -    0.1560  0.2058  0.1654  0.1083  0.1617  0.1098  0.1608  
24   0.1872  0.1394  0.1367  0.0683  0.1335  0.1857  0.1321  0.1512  0.1398  0.1640  0.1664  0.0661  0.2255  0.1446  0.2038  0.1773  0.1563  0.1159  0.1224  0.1824  0.1660  0.1069  0.1560     -    0.1620  0.1194  0.2237  0.1389  0.2638  0.1378  
25   0.2187  0.1903  0.1749  0.0955  0.1709  0.1873  0.1295  0.1593  0.1920  0.1719  0.1720  0.0943  0.2459  0.2050  0.2458  0.2327  0.1810  0.1540  0.1249  0.1974  0.1609  0.1732  0.2058  0.1620     -    0.1607  0.2591  0.2015  0.2933  0.1567  
26   0.2042  0.1046  0.1118  0.0524  0.0853  0.1637  0.0905  0.1308  0.1883  0.1716  0.1840  0.0534  0.1564  0.0934  0.2197  0.1710  0.1646  0.1044  0.0801  0.2042  0.1514  0.1864  0.1654  0.1194  0.1607     -    0.2003  0.1323  0.2076  0.0986  
27   0.2991  0.1439  0.1662  0.1204  0.3160  0.2284  0.1398  0.1911  0.2055  0.2145  0.2277  0.1186  0.2946  0.3282  0.2206  0.1548  0.2085  0.2315  0.1344  0.2303  0.2452  0.2990  0.1083  0.2237  0.2591  0.2003     -    0.1649  0.1351  0.2257  
28   0.2371  0.1330  0.1724  0.0787  0.1634  0.2243  0.1298  0.1418  0.1747  0.1867  0.2368  0.0809  0.2535  0.1923  0.2485  0.1581  0.1814  0.1447  0.1215  0.1727  0.1763  0.2080  0.1617  0.1389  0.2015  0.1323  0.1649     -    0.2107  0.1292  
29   0.2725  0.2282  0.2323  0.1430  0.3369  0.2366  0.1785  0.1798  0.2581  0.2553  0.2305  0.1441  0.3232  0.3462  0.2397  0.2389  0.2946  0.2151  0.1576  0.3090  0.2367  0.3610  0.1098  0.2638  0.2933  0.2076  0.1351  0.2107     -    0.2255  
30   0.2340  0.1237  0.1559  0.0666  0.1326  0.1961  0.1214  0.1298  0.2180  0.1622  0.2047  0.0695  0.1824  0.1404  0.2729  0.2057  0.1822  0.1362  0.1117  0.1690  0.1518  0.1848  0.1608  0.1378  0.1567  0.0986  0.2257  0.1292  0.2255     -    

Average distances (expected heterozygosity) between individuals in same cluster:
cluster  1  : 0.5475 
cluster  2  : 0.5978 
cluster  3  : 0.6586 
cluster  4  : 0.7385 
cluster  5  : 0.5218 
cluster  6  : 0.5778 
cluster  7  : 0.6179 
cluster  8  : 0.5791 
cluster  9  : 0.5602 
cluster 10  : 0.5867 
cluster 11  : 0.5694 
cluster 12  : 0.7456 
cluster 13  : 0.4498 
cluster 14  : 0.5027 
cluster 15  : 0.5398 
cluster 16  : 0.5384 
cluster 17  : 0.4869 
cluster 18  : 0.5891 
cluster 19  : 0.6500 
cluster 20  : 0.5786 
cluster 21  : 0.5882 
cluster 22  : 0.5290 
cluster 23  : 0.5546 
cluster 24  : 0.6171 
cluster 25  : 0.5467 
cluster 26  : 0.5880 
cluster 27  : 0.4852 
cluster 28  : 0.5490 
cluster 29  : 0.4918 
cluster 30  : 0.5772 

--------------------------------------------
Estimated Ln Prob of Data   = -6260.1
Mean value of ln likelihood = -5528.8
Variance of ln likelihood   = 1462.5
Mean value of alpha         = 0.0300

Mean value of Fst_1         = 0.4505
Mean value of Fst_2         = 0.3233
Mean value of Fst_3         = 0.2739
Mean value of Fst_4         = 0.0479
Mean value of Fst_5         = 0.3736
Mean value of Fst_6         = 0.3642
Mean value of Fst_7         = 0.3279
Mean value of Fst_8         = 0.2970
Mean value of Fst_9         = 0.3741
Mean value of Fst_10         = 0.3022
Mean value of Fst_11         = 0.3613
Mean value of Fst_12         = 0.0006
Mean value of Fst_13         = 0.4673
Mean value of Fst_14         = 0.3608
Mean value of Fst_15         = 0.4094
Mean value of Fst_16         = 0.3765
Mean value of Fst_17         = 0.4261
Mean value of Fst_18         = 0.3011
Mean value of Fst_19         = 0.3000
Mean value of Fst_20         = 0.3367
Mean value of Fst_21         = 0.3527
Mean value of Fst_22         = 0.4125
Mean value of Fst_23         = 0.3774
Mean value of Fst_24         = 0.2843
Mean value of Fst_25         = 0.3867
Mean value of Fst_26         = 0.3325
Mean value of Fst_27         = 0.4529
Mean value of Fst_28         = 0.3868
Mean value of Fst_29         = 0.4342
Mean value of Fst_30         = 0.3478


Inferred ancestry of individuals:
        Label (%Miss) Pop:  Inferred clusters
  1   H105.1    (0)    1 :  0.002 0.003 0.003 0.004 0.004 0.003 0.006 0.002 0.003 0.003 0.912 0.003 0.003 0.004 0.002 0.004 0.002 0.002 0.005 0.003 0.003 0.003 0.004 0.004 0.002 0.002 0.002 0.002 0.002 0.002 
  2   H105.2    (0)    1 :  0.003 0.008 0.005 0.005 0.003 0.007 0.004 0.004 0.003 0.003 0.866 0.005 0.003 0.003 0.004 0.005 0.012 0.004 0.004 0.002 0.003 0.005 0.003 0.009 0.004 0.006 0.003 0.006 0.005 0.003 
  3   H105.3    (0)    1 :  0.002 0.004 0.003 0.003 0.002 0.002 0.003 0.002 0.003 0.005 0.921 0.003 0.002 0.003 0.003 0.002 0.002 0.002 0.003 0.003 0.002 0.003 0.002 0.003 0.003 0.003 0.003 0.002 0.002 0.003 
  4   H105.4    (0)    1 :  0.005 0.006 0.005 0.004 0.004 0.003 0.004 0.003 0.003 0.004 0.890 0.003 0.007 0.002 0.003 0.004 0.003 0.004 0.004 0.003 0.003 0.004 0.003 0.004 0.005 0.004 0.004 0.002 0.004 0.002 
  5   H105.5    (0)    1 :  0.003 0.010 0.006 0.009 0.005 0.007 0.017 0.005 0.004 0.004 0.829 0.006 0.003 0.004 0.003 0.006 0.004 0.005 0.018 0.004 0.004 0.003 0.006 0.008 0.007 0.004 0.006 0.002 0.004 0.003 
  6   H105.6    (0)    1 :  0.005 0.004 0.005 0.007 0.003 0.004 0.004 0.006 0.004 0.005 0.846 0.006 0.009 0.003 0.010 0.004 0.007 0.003 0.005 0.003 0.004 0.003 0.004 0.003 0.010 0.005 0.013 0.003 0.008 0.004 
  7   H105.7    (0)    1 :  0.003 0.006 0.003 0.007 0.004 0.005 0.009 0.009 0.006 0.013 0.832 0.007 0.004 0.003 0.006 0.006 0.007 0.005 0.007 0.003 0.003 0.004 0.005 0.010 0.005 0.004 0.006 0.004 0.007 0.005 
  8   H105.8    (0)    1 :  0.002 0.003 0.004 0.003 0.002 0.003 0.003 0.002 0.003 0.003 0.911 0.003 0.003 0.002 0.003 0.003 0.006 0.003 0.003 0.002 0.003 0.008 0.002 0.004 0.003 0.003 0.003 0.003 0.004 0.002 
  9   H115.1    (0)    1 :  0.003 0.099 0.055 0.025 0.011 0.004 0.283 0.004 0.005 0.006 0.005 0.015 0.003 0.010 0.040 0.005 0.012 0.005 0.236 0.004 0.004 0.009 0.005 0.004 0.017 0.099 0.016 0.007 0.006 0.004 
 10   H115.2    (0)    1 :  0.003 0.144 0.077 0.021 0.005 0.005 0.245 0.005 0.004 0.005 0.005 0.019 0.005 0.005 0.010 0.005 0.005 0.004 0.212 0.003 0.004 0.003 0.043 0.008 0.004 0.091 0.036 0.006 0.009 0.009 
 11   H115.3    (0)    1 :  0.005 0.380 0.276 0.011 0.010 0.003 0.012 0.004 0.004 0.008 0.007 0.011 0.003 0.005 0.004 0.005 0.003 0.011 0.015 0.004 0.003 0.004 0.009 0.004 0.005 0.010 0.149 0.009 0.017 0.009 
 12   H115.4    (0)    1 :  0.006 0.440 0.290 0.014 0.013 0.006 0.009 0.004 0.005 0.003 0.004 0.011 0.004 0.024 0.005 0.009 0.045 0.008 0.010 0.006 0.003 0.023 0.003 0.018 0.003 0.007 0.006 0.005 0.004 0.011 
 13   H115.5    (0)    1 :  0.009 0.122 0.274 0.035 0.022 0.006 0.020 0.005 0.007 0.009 0.022 0.045 0.005 0.062 0.021 0.008 0.004 0.007 0.021 0.013 0.003 0.008 0.007 0.007 0.006 0.023 0.171 0.005 0.045 0.009 
 14   H115.6    (0)    1 :  0.002 0.437 0.046 0.013 0.027 0.006 0.015 0.005 0.005 0.007 0.004 0.013 0.005 0.017 0.003 0.005 0.010 0.015 0.011 0.005 0.009 0.003 0.014 0.007 0.004 0.016 0.206 0.020 0.015 0.056 
 15   H115.7    (0)    1 :  0.004 0.535 0.023 0.022 0.016 0.008 0.085 0.007 0.004 0.013 0.006 0.017 0.004 0.006 0.070 0.014 0.008 0.004 0.025 0.006 0.004 0.005 0.016 0.008 0.011 0.035 0.021 0.011 0.004 0.007 
 16   H115.8    (0)    1 :  0.002 0.194 0.204 0.023 0.017 0.006 0.043 0.004 0.006 0.008 0.010 0.016 0.003 0.016 0.005 0.004 0.009 0.010 0.018 0.005 0.005 0.004 0.009 0.006 0.005 0.023 0.311 0.015 0.007 0.011 
 17   H115.9    (0)    1 :  0.004 0.011 0.069 0.014 0.009 0.004 0.218 0.005 0.005 0.011 0.006 0.009 0.002 0.007 0.010 0.008 0.014 0.007 0.093 0.003 0.004 0.008 0.038 0.007 0.011 0.078 0.317 0.006 0.016 0.007 
 18   H145.1    (0)    1 :  0.004 0.007 0.004 0.007 0.005 0.004 0.006 0.017 0.002 0.005 0.002 0.011 0.006 0.004 0.003 0.010 0.004 0.006 0.008 0.804 0.008 0.003 0.012 0.003 0.004 0.005 0.016 0.012 0.006 0.012 
 19   H145.2    (0)    1 :  0.006 0.004 0.004 0.006 0.005 0.002 0.006 0.006 0.004 0.005 0.003 0.006 0.007 0.005 0.002 0.004 0.004 0.008 0.007 0.849 0.004 0.007 0.003 0.004 0.004 0.006 0.007 0.010 0.004 0.008 
 20   H145.3    (0)    1 :  0.003 0.003 0.003 0.003 0.003 0.002 0.003 0.003 0.004 0.002 0.003 0.003 0.002 0.002 0.002 0.003 0.002 0.002 0.003 0.902 0.003 0.003 0.002 0.002 0.003 0.002 0.004 0.024 0.002 0.002 
 21   H145.4    (0)    1 :  0.003 0.004 0.002 0.007 0.004 0.004 0.004 0.021 0.003 0.006 0.002 0.006 0.005 0.003 0.002 0.006 0.005 0.004 0.003 0.857 0.007 0.003 0.007 0.004 0.006 0.004 0.005 0.005 0.003 0.007 
 22   H145.5    (0)    1 :  0.002 0.004 0.002 0.003 0.003 0.003 0.003 0.005 0.004 0.003 0.003 0.003 0.003 0.003 0.002 0.004 0.003 0.003 0.002 0.880 0.003 0.003 0.002 0.002 0.003 0.002 0.004 0.038 0.002 0.003 
 23   H145.6    (0)    1 :  0.004 0.003 0.003 0.004 0.004 0.002 0.004 0.007 0.003 0.006 0.002 0.005 0.007 0.005 0.003 0.003 0.003 0.004 0.004 0.886 0.004 0.003 0.002 0.003 0.003 0.005 0.004 0.004 0.004 0.007 
 24   H145.7    (0)    1 :  0.002 0.003 0.003 0.004 0.007 0.003 0.003 0.004 0.003 0.004 0.003 0.004 0.005 0.006 0.002 0.004 0.002 0.004 0.003 0.900 0.003 0.003 0.002 0.003 0.003 0.004 0.003 0.003 0.002 0.005 
 25   H149.1    (0)    1 :  0.003 0.004 0.003 0.006 0.162 0.003 0.004 0.005 0.003 0.003 0.003 0.004 0.003 0.731 0.003 0.002 0.003 0.006 0.004 0.003 0.005 0.003 0.003 0.004 0.005 0.006 0.002 0.006 0.003 0.005 
 26   H149.2    (0)    1 :  0.002 0.003 0.002 0.004 0.878 0.003 0.005 0.004 0.003 0.003 0.002 0.004 0.002 0.026 0.002 0.003 0.003 0.003 0.004 0.005 0.004 0.003 0.005 0.003 0.005 0.007 0.002 0.003 0.002 0.004 
 27   H149.3    (0)    1 :  0.004 0.015 0.006 0.017 0.744 0.009 0.012 0.010 0.004 0.009 0.007 0.008 0.004 0.021 0.004 0.007 0.011 0.017 0.012 0.019 0.004 0.007 0.007 0.010 0.010 0.007 0.003 0.008 0.003 0.005 
 28   H149.4    (0)    1 :  0.004 0.003 0.005 0.008 0.615 0.003 0.004 0.003 0.015 0.007 0.010 0.007 0.004 0.179 0.004 0.003 0.005 0.011 0.006 0.003 0.004 0.018 0.006 0.010 0.004 0.016 0.005 0.017 0.012 0.007 
 29   H149.5    (0)    1 :  0.003 0.004 0.003 0.004 0.884 0.003 0.004 0.004 0.004 0.007 0.005 0.004 0.003 0.005 0.002 0.006 0.004 0.003 0.005 0.007 0.003 0.005 0.002 0.008 0.004 0.004 0.002 0.003 0.002 0.003 
 30   H149.6    (0)    1 :  0.002 0.002 0.002 0.002 0.913 0.002 0.003 0.003 0.002 0.002 0.002 0.003 0.002 0.012 0.002 0.002 0.002 0.004 0.003 0.003 0.002 0.003 0.002 0.003 0.003 0.004 0.002 0.003 0.002 0.005 
 31   H149.7    (0)    1 :  0.004 0.007 0.006 0.015 0.764 0.011 0.006 0.013 0.008 0.009 0.006 0.011 0.004 0.017 0.003 0.006 0.025 0.014 0.011 0.004 0.005 0.007 0.004 0.005 0.008 0.008 0.003 0.005 0.004 0.009 
 32   H150.1    (0)    1 :  0.002 0.073 0.012 0.009 0.003 0.004 0.008 0.003 0.003 0.003 0.004 0.009 0.003 0.002 0.003 0.003 0.004 0.004 0.006 0.003 0.003 0.003 0.007 0.004 0.004 0.004 0.798 0.003 0.007 0.004 
 33   H150.2    (0)    1 :  0.003 0.657 0.047 0.007 0.003 0.004 0.013 0.003 0.004 0.006 0.005 0.008 0.004 0.008 0.006 0.004 0.008 0.003 0.038 0.002 0.003 0.003 0.011 0.004 0.003 0.011 0.088 0.006 0.030 0.006 
 34   H150.3    (0)    1 :  0.002 0.236 0.010 0.020 0.006 0.010 0.050 0.007 0.005 0.008 0.005 0.022 0.004 0.008 0.041 0.007 0.010 0.004 0.036 0.005 0.007 0.002 0.021 0.004 0.006 0.032 0.381 0.030 0.014 0.006 
 35   H150.4    (0)    1 :  0.002 0.014 0.004 0.004 0.003 0.006 0.006 0.005 0.003 0.004 0.004 0.007 0.003 0.003 0.006 0.003 0.004 0.002 0.005 0.004 0.004 0.002 0.039 0.004 0.004 0.004 0.832 0.005 0.006 0.006 
 36   H150.5    (0)    1 :  0.003 0.501 0.089 0.018 0.005 0.009 0.032 0.007 0.004 0.014 0.007 0.019 0.005 0.004 0.005 0.008 0.009 0.006 0.040 0.005 0.006 0.003 0.039 0.006 0.005 0.030 0.085 0.005 0.026 0.005 
 37   H150.6    (0)    1 :  0.004 0.796 0.025 0.016 0.004 0.005 0.005 0.002 0.003 0.004 0.005 0.016 0.005 0.003 0.003 0.004 0.004 0.006 0.008 0.005 0.005 0.003 0.004 0.011 0.005 0.009 0.029 0.005 0.003 0.004 
 38   H150.7    (0)    1 :  0.002 0.010 0.004 0.006 0.003 0.003 0.004 0.003 0.003 0.004 0.006 0.004 0.003 0.003 0.004 0.005 0.003 0.002 0.004 0.003 0.003 0.002 0.013 0.004 0.003 0.007 0.864 0.011 0.010 0.005 
 39 H169607.1    (0)    1 :  0.003 0.013 0.005 0.010 0.004 0.006 0.012 0.005 0.002 0.004 0.003 0.006 0.007 0.004 0.004 0.783 0.014 0.004 0.015 0.010 0.006 0.008 0.006 0.004 0.004 0.008 0.006 0.019 0.009 0.015 
 40 H169607.2    (0)    1 :  0.003 0.003 0.002 0.003 0.002 0.002 0.004 0.003 0.005 0.003 0.003 0.004 0.005 0.002 0.002 0.911 0.003 0.003 0.003 0.003 0.004 0.002 0.005 0.003 0.003 0.003 0.005 0.004 0.003 0.002 
 41 H169607.3    (0)    1 :  0.004 0.010 0.007 0.026 0.009 0.009 0.069 0.009 0.003 0.005 0.003 0.020 0.005 0.003 0.003 0.657 0.013 0.009 0.052 0.015 0.003 0.008 0.003 0.010 0.005 0.008 0.009 0.009 0.005 0.007 
 42 H169607.4    (0)    1 :  0.003 0.003 0.002 0.005 0.002 0.002 0.005 0.004 0.003 0.003 0.003 0.004 0.008 0.002 0.002 0.885 0.003 0.003 0.005 0.004 0.010 0.003 0.006 0.002 0.003 0.005 0.004 0.006 0.006 0.004 
 43 H169607.5    (0)    1 :  0.003 0.007 0.004 0.006 0.003 0.005 0.058 0.007 0.004 0.004 0.002 0.006 0.003 0.004 0.005 0.759 0.005 0.008 0.055 0.004 0.003 0.003 0.016 0.004 0.003 0.004 0.007 0.004 0.003 0.003 
 44 H169607.6    (0)    1 :  0.003 0.002 0.002 0.003 0.002 0.002 0.003 0.004 0.003 0.002 0.003 0.003 0.004 0.002 0.002 0.918 0.004 0.003 0.004 0.002 0.003 0.002 0.003 0.003 0.002 0.003 0.004 0.003 0.003 0.002 
 45 H169607.7    (0)    1 :  0.002 0.019 0.013 0.005 0.003 0.007 0.004 0.005 0.004 0.003 0.005 0.004 0.003 0.004 0.002 0.836 0.024 0.011 0.005 0.005 0.003 0.006 0.003 0.003 0.002 0.003 0.006 0.004 0.002 0.003 
 46 H169607.8    (0)    1 :  0.003 0.004 0.003 0.003 0.003 0.003 0.007 0.005 0.004 0.003 0.004 0.004 0.004 0.003 0.002 0.889 0.004 0.003 0.007 0.004 0.004 0.003 0.004 0.002 0.007 0.003 0.004 0.004 0.003 0.002 
 47 H169633.1    (0)    1 :  0.003 0.005 0.004 0.009 0.012 0.022 0.004 0.006 0.003 0.006 0.004 0.009 0.006 0.810 0.010 0.003 0.003 0.003 0.005 0.016 0.005 0.003 0.007 0.009 0.003 0.008 0.005 0.004 0.004 0.007 
 48 H169633.2    (0)    1 :  0.006 0.006 0.006 0.015 0.025 0.018 0.006 0.005 0.003 0.003 0.010 0.021 0.008 0.677 0.005 0.002 0.003 0.004 0.008 0.016 0.004 0.006 0.002 0.008 0.009 0.010 0.002 0.003 0.003 0.105 
 49 H169633.3    (0)    1 :  0.008 0.007 0.007 0.011 0.038 0.007 0.008 0.026 0.007 0.007 0.003 0.014 0.007 0.732 0.008 0.003 0.011 0.016 0.010 0.005 0.004 0.003 0.006 0.004 0.008 0.022 0.003 0.004 0.006 0.005 
 50 H169633.4    (0)    1 :  0.006 0.004 0.004 0.010 0.008 0.003 0.006 0.013 0.004 0.006 0.004 0.008 0.002 0.834 0.006 0.005 0.004 0.005 0.006 0.007 0.005 0.004 0.006 0.008 0.004 0.009 0.005 0.005 0.004 0.006 
 51 H169633.5    (0)    1 :  0.005 0.004 0.005 0.007 0.007 0.003 0.006 0.009 0.003 0.006 0.004 0.010 0.003 0.836 0.007 0.005 0.004 0.005 0.008 0.007 0.007 0.004 0.008 0.005 0.005 0.007 0.005 0.004 0.004 0.007 
 52 H169688.1    (0)    1 :  0.010 0.005 0.004 0.007 0.006 0.744 0.009 0.015 0.008 0.003 0.004 0.009 0.007 0.004 0.033 0.018 0.020 0.007 0.007 0.005 0.007 0.007 0.005 0.014 0.004 0.006 0.005 0.018 0.006 0.003 
 53 H169688.2    (0)    1 :  0.004 0.003 0.003 0.009 0.004 0.843 0.004 0.008 0.005 0.003 0.013 0.006 0.009 0.002 0.004 0.004 0.015 0.006 0.004 0.003 0.004 0.006 0.002 0.007 0.011 0.004 0.002 0.003 0.004 0.003 
 54 H169688.3    (0)    1 :  0.002 0.004 0.003 0.003 0.004 0.904 0.004 0.003 0.002 0.004 0.004 0.003 0.004 0.003 0.003 0.003 0.004 0.003 0.004 0.003 0.004 0.003 0.005 0.004 0.005 0.003 0.002 0.002 0.002 0.004 
 55 H169688.4    (0)    1 :  0.002 0.003 0.004 0.004 0.003 0.909 0.006 0.002 0.002 0.003 0.002 0.003 0.002 0.002 0.003 0.002 0.005 0.003 0.005 0.003 0.002 0.002 0.005 0.003 0.005 0.003 0.005 0.002 0.003 0.003 
 56 H169688.5    (0)    1 :  0.002 0.004 0.004 0.003 0.003 0.907 0.006 0.003 0.002 0.003 0.002 0.003 0.002 0.002 0.003 0.003 0.006 0.003 0.005 0.003 0.002 0.003 0.003 0.003 0.004 0.004 0.005 0.002 0.004 0.003 
 57 H169688.6    (0)    1 :  0.006 0.003 0.002 0.004 0.019 0.807 0.003 0.004 0.004 0.003 0.002 0.005 0.003 0.003 0.005 0.003 0.063 0.003 0.003 0.003 0.004 0.022 0.002 0.007 0.002 0.003 0.003 0.003 0.003 0.002 
 58 H169688.7    (0)    1 :  0.002 0.013 0.006 0.007 0.004 0.820 0.006 0.005 0.008 0.005 0.005 0.008 0.006 0.003 0.002 0.002 0.006 0.006 0.007 0.015 0.004 0.004 0.005 0.004 0.013 0.003 0.012 0.009 0.003 0.004 
 59 H171901.1    (0)    1 :  0.002 0.012 0.028 0.163 0.007 0.009 0.087 0.059 0.004 0.015 0.019 0.244 0.007 0.004 0.018 0.025 0.005 0.004 0.112 0.037 0.004 0.006 0.008 0.022 0.006 0.046 0.021 0.004 0.013 0.009 
 60 H171901.2    (0)    1 :  0.003 0.005 0.007 0.015 0.056 0.005 0.010 0.014 0.010 0.007 0.052 0.012 0.009 0.266 0.003 0.010 0.003 0.029 0.009 0.007 0.011 0.002 0.025 0.009 0.006 0.379 0.010 0.008 0.009 0.007 
 61 H171901.3    (0)    1 :  0.006 0.009 0.005 0.016 0.053 0.005 0.018 0.007 0.003 0.003 0.004 0.016 0.009 0.050 0.009 0.004 0.007 0.007 0.012 0.003 0.008 0.003 0.005 0.004 0.006 0.702 0.004 0.004 0.007 0.010 
 62 H171901.4    (0)    1 :  0.005 0.005 0.009 0.007 0.035 0.004 0.010 0.004 0.004 0.004 0.011 0.007 0.016 0.094 0.006 0.006 0.003 0.006 0.008 0.003 0.005 0.006 0.004 0.003 0.003 0.711 0.005 0.005 0.005 0.005 
 63 H171901.5    (0)    1 :  0.004 0.008 0.014 0.005 0.052 0.003 0.006 0.004 0.003 0.003 0.006 0.007 0.021 0.013 0.002 0.004 0.005 0.009 0.009 0.003 0.006 0.004 0.004 0.005 0.005 0.764 0.004 0.006 0.005 0.016 
 64 H171901.6    (0)    1 :  0.005 0.007 0.009 0.018 0.037 0.005 0.009 0.009 0.004 0.004 0.007 0.010 0.033 0.028 0.003 0.008 0.014 0.013 0.008 0.005 0.005 0.005 0.009 0.012 0.008 0.678 0.013 0.007 0.008 0.019 
 65 H171901.7    (0)    1 :  0.008 0.006 0.006 0.024 0.029 0.011 0.015 0.084 0.007 0.004 0.004 0.022 0.016 0.032 0.005 0.005 0.013 0.092 0.023 0.006 0.005 0.004 0.006 0.012 0.005 0.536 0.007 0.003 0.004 0.008 
 66 H171902.1    (0)    1 :  0.003 0.003 0.003 0.005 0.003 0.003 0.003 0.003 0.006 0.002 0.002 0.004 0.008 0.004 0.003 0.005 0.005 0.003 0.004 0.004 0.002 0.004 0.003 0.003 0.003 0.005 0.004 0.888 0.004 0.007 
 67 H171902.10    (0)    1 :  0.003 0.008 0.005 0.003 0.004 0.004 0.003 0.003 0.003 0.002 0.003 0.005 0.002 0.004 0.002 0.004 0.005 0.007 0.004 0.003 0.003 0.003 0.003 0.003 0.002 0.004 0.004 0.897 0.003 0.003 
 68 H171902.2    (0)    1 :  0.003 0.005 0.004 0.007 0.007 0.005 0.005 0.004 0.007 0.003 0.002 0.005 0.015 0.011 0.005 0.006 0.010 0.003 0.004 0.003 0.002 0.006 0.003 0.004 0.003 0.009 0.004 0.842 0.005 0.007 
 69 H171902.3    (0)    1 :  0.003 0.006 0.004 0.005 0.008 0.005 0.005 0.004 0.004 0.002 0.003 0.005 0.007 0.010 0.003 0.005 0.005 0.003 0.005 0.002 0.003 0.003 0.004 0.004 0.003 0.022 0.005 0.846 0.006 0.007 
 70 H171902.4    (0)    1 :  0.002 0.004 0.002 0.003 0.009 0.003 0.003 0.004 0.003 0.003 0.002 0.003 0.002 0.012 0.003 0.003 0.003 0.003 0.003 0.003 0.005 0.003 0.003 0.003 0.003 0.004 0.002 0.894 0.003 0.006 
 71 H171902.6    (0)    1 :  0.003 0.004 0.003 0.003 0.005 0.002 0.003 0.005 0.003 0.002 0.002 0.003 0.002 0.005 0.002 0.004 0.003 0.003 0.003 0.003 0.003 0.003 0.003 0.006 0.002 0.005 0.004 0.903 0.004 0.005 
 72 H171902.7    (0)    1 :  0.002 0.019 0.005 0.006 0.027 0.003 0.011 0.010 0.003 0.003 0.006 0.006 0.003 0.004 0.002 0.024 0.004 0.007 0.009 0.003 0.004 0.003 0.003 0.003 0.003 0.005 0.004 0.807 0.002 0.006 
 73 H171902.8    (0)    1 :  0.003 0.006 0.004 0.005 0.008 0.003 0.002 0.005 0.003 0.003 0.003 0.005 0.004 0.006 0.003 0.004 0.005 0.004 0.004 0.003 0.004 0.003 0.004 0.005 0.003 0.009 0.007 0.871 0.006 0.006 
 74 H171902.9    (9)    1 :  0.002 0.004 0.003 0.003 0.003 0.002 0.004 0.003 0.004 0.003 0.002 0.003 0.003 0.002 0.003 0.004 0.002 0.003 0.004 0.005 0.003 0.003 0.005 0.003 0.003 0.003 0.007 0.898 0.007 0.005 
 75 H171903.1    (0)    1 :  0.006 0.012 0.022 0.011 0.004 0.006 0.187 0.011 0.004 0.005 0.009 0.012 0.007 0.004 0.004 0.427 0.009 0.013 0.154 0.004 0.005 0.003 0.027 0.004 0.004 0.011 0.019 0.004 0.008 0.004 
 76 H171903.2    (0)    1 :  0.009 0.004 0.009 0.007 0.002 0.003 0.414 0.005 0.004 0.006 0.028 0.008 0.009 0.002 0.002 0.025 0.003 0.014 0.375 0.009 0.009 0.004 0.007 0.003 0.004 0.007 0.011 0.003 0.009 0.005 
 77 H171903.3    (0)    1 :  0.017 0.004 0.004 0.010 0.004 0.004 0.425 0.019 0.003 0.003 0.014 0.007 0.003 0.004 0.003 0.012 0.005 0.004 0.381 0.003 0.011 0.003 0.006 0.003 0.010 0.006 0.003 0.003 0.005 0.022 
 78 H171903.4    (0)    1 :  0.004 0.065 0.008 0.038 0.007 0.056 0.289 0.032 0.003 0.004 0.005 0.014 0.007 0.003 0.003 0.107 0.013 0.022 0.221 0.008 0.013 0.002 0.007 0.005 0.005 0.009 0.011 0.025 0.005 0.010 
 79 H171903.5    (0)    1 :  0.004 0.006 0.003 0.009 0.008 0.013 0.440 0.005 0.003 0.003 0.005 0.007 0.005 0.007 0.002 0.005 0.004 0.004 0.404 0.004 0.003 0.004 0.007 0.004 0.007 0.009 0.004 0.004 0.003 0.014 
 80 H171903.6    (0)    1 :  0.004 0.006 0.006 0.018 0.007 0.063 0.358 0.005 0.002 0.003 0.003 0.012 0.003 0.007 0.002 0.048 0.009 0.023 0.376 0.005 0.002 0.003 0.010 0.003 0.004 0.006 0.003 0.004 0.002 0.004 
 81   H177.1    (0)    1 :  0.004 0.004 0.004 0.004 0.004 0.006 0.006 0.016 0.003 0.003 0.003 0.004 0.003 0.004 0.004 0.005 0.006 0.861 0.006 0.003 0.008 0.005 0.007 0.004 0.004 0.005 0.004 0.003 0.004 0.003 
 82   H177.2    (0)    1 :  0.003 0.007 0.012 0.033 0.007 0.008 0.015 0.004 0.015 0.010 0.003 0.019 0.005 0.010 0.003 0.011 0.007 0.647 0.011 0.066 0.021 0.025 0.011 0.012 0.010 0.008 0.005 0.003 0.003 0.006 
 83   H177.3    (0)    1 :  0.003 0.004 0.004 0.005 0.007 0.003 0.008 0.005 0.003 0.003 0.002 0.005 0.003 0.006 0.002 0.006 0.004 0.864 0.006 0.014 0.006 0.005 0.006 0.004 0.004 0.004 0.003 0.004 0.003 0.005 
 84   H177.4    (0)    1 :  0.015 0.005 0.003 0.012 0.006 0.003 0.008 0.034 0.009 0.007 0.008 0.006 0.005 0.006 0.002 0.005 0.009 0.742 0.007 0.008 0.006 0.056 0.003 0.008 0.006 0.005 0.002 0.005 0.004 0.007 
 85   H177.5    (0)    1 :  0.003 0.007 0.008 0.014 0.003 0.011 0.010 0.043 0.014 0.012 0.007 0.011 0.009 0.004 0.003 0.004 0.014 0.740 0.008 0.008 0.010 0.007 0.008 0.004 0.013 0.007 0.004 0.003 0.005 0.006 
 86   H177.6    (0)    1 :  0.004 0.004 0.005 0.006 0.009 0.004 0.004 0.004 0.004 0.003 0.002 0.005 0.003 0.009 0.002 0.003 0.004 0.865 0.006 0.008 0.006 0.004 0.005 0.005 0.004 0.005 0.003 0.005 0.004 0.006 
 87   H179.1    (0)    1 :  0.003 0.004 0.004 0.004 0.005 0.005 0.003 0.005 0.007 0.006 0.005 0.004 0.005 0.007 0.007 0.003 0.763 0.006 0.004 0.003 0.003 0.091 0.004 0.005 0.026 0.006 0.003 0.003 0.003 0.004 
 88   H179.2    (0)    1 :  0.007 0.003 0.006 0.004 0.004 0.005 0.005 0.003 0.003 0.002 0.003 0.004 0.003 0.003 0.002 0.003 0.873 0.005 0.004 0.002 0.004 0.014 0.004 0.004 0.008 0.003 0.002 0.005 0.002 0.010 
 89   H179.3    (0)    1 :  0.003 0.004 0.004 0.005 0.002 0.012 0.007 0.006 0.003 0.004 0.003 0.004 0.005 0.003 0.003 0.004 0.871 0.006 0.007 0.002 0.003 0.008 0.004 0.003 0.004 0.005 0.006 0.003 0.004 0.003 
 90   H179.4    (0)    1 :  0.058 0.005 0.004 0.015 0.025 0.008 0.011 0.017 0.007 0.005 0.008 0.011 0.038 0.015 0.003 0.005 0.528 0.015 0.012 0.006 0.026 0.117 0.003 0.008 0.012 0.021 0.004 0.004 0.002 0.009 
 91   H180.1    (0)    1 :  0.003 0.028 0.830 0.006 0.003 0.004 0.008 0.002 0.003 0.002 0.004 0.005 0.003 0.003 0.004 0.006 0.011 0.005 0.006 0.002 0.004 0.009 0.005 0.013 0.003 0.007 0.005 0.007 0.003 0.005 
 92   H180.2    (0)    1 :  0.003 0.015 0.878 0.004 0.003 0.004 0.005 0.003 0.003 0.003 0.004 0.005 0.004 0.003 0.008 0.003 0.002 0.004 0.006 0.002 0.003 0.004 0.004 0.003 0.005 0.008 0.004 0.002 0.003 0.003 
 93   H180.3    (0)    1 :  0.004 0.022 0.576 0.013 0.005 0.005 0.009 0.004 0.009 0.003 0.004 0.007 0.003 0.007 0.005 0.005 0.009 0.005 0.012 0.006 0.002 0.005 0.005 0.003 0.008 0.005 0.228 0.004 0.016 0.009 
 94   H180.4    (0)    1 :  0.002 0.008 0.812 0.008 0.004 0.003 0.022 0.003 0.004 0.003 0.005 0.009 0.005 0.007 0.009 0.004 0.004 0.005 0.011 0.003 0.003 0.006 0.004 0.006 0.005 0.022 0.008 0.006 0.006 0.003 
 95   H180.5    (0)    1 :  0.003 0.013 0.871 0.006 0.004 0.005 0.006 0.003 0.005 0.003 0.002 0.005 0.003 0.004 0.003 0.003 0.007 0.008 0.006 0.003 0.003 0.005 0.004 0.005 0.003 0.005 0.004 0.004 0.003 0.003 
 96   H180.6    (0)    1 :  0.004 0.035 0.509 0.016 0.006 0.004 0.010 0.014 0.024 0.003 0.006 0.028 0.006 0.018 0.005 0.005 0.009 0.006 0.005 0.012 0.002 0.008 0.003 0.005 0.005 0.012 0.219 0.006 0.009 0.007 
 97   H181.1    (0)    1 :  0.003 0.007 0.006 0.007 0.028 0.004 0.012 0.004 0.006 0.003 0.008 0.007 0.002 0.006 0.004 0.005 0.004 0.005 0.012 0.004 0.003 0.006 0.004 0.829 0.003 0.005 0.003 0.004 0.002 0.004 
 98   H181.2    (0)    1 :  0.003 0.007 0.005 0.003 0.006 0.003 0.004 0.005 0.009 0.003 0.004 0.007 0.011 0.006 0.003 0.004 0.004 0.011 0.003 0.006 0.006 0.012 0.004 0.848 0.003 0.005 0.003 0.006 0.003 0.005 
 99   H181.3    (0)    1 :  0.003 0.005 0.004 0.006 0.008 0.004 0.003 0.003 0.007 0.004 0.005 0.005 0.005 0.005 0.006 0.005 0.002 0.005 0.003 0.004 0.004 0.004 0.004 0.861 0.002 0.015 0.003 0.007 0.003 0.004 
100   H181.4    (0)    1 :  0.004 0.015 0.007 0.009 0.018 0.005 0.008 0.004 0.036 0.008 0.010 0.021 0.008 0.016 0.005 0.008 0.006 0.009 0.010 0.006 0.005 0.004 0.025 0.699 0.007 0.013 0.015 0.007 0.008 0.004 
101   H181.5    (0)    1 :  0.004 0.003 0.003 0.004 0.005 0.004 0.003 0.006 0.004 0.005 0.005 0.005 0.003 0.004 0.004 0.004 0.007 0.003 0.003 0.003 0.003 0.014 0.005 0.870 0.006 0.004 0.004 0.004 0.003 0.004 
102   H181.6    (0)    1 :  0.004 0.006 0.007 0.006 0.004 0.003 0.004 0.005 0.003 0.004 0.006 0.008 0.009 0.004 0.004 0.005 0.014 0.006 0.005 0.003 0.003 0.016 0.006 0.830 0.006 0.007 0.006 0.004 0.005 0.007 
103   H181.7    (0)    1 :  0.006 0.005 0.004 0.006 0.003 0.006 0.006 0.004 0.004 0.003 0.007 0.005 0.003 0.005 0.003 0.005 0.009 0.005 0.004 0.004 0.003 0.019 0.005 0.853 0.005 0.004 0.004 0.003 0.003 0.005 
104 H194.1_2004    (0)    1 :  0.003 0.004 0.004 0.006 0.004 0.005 0.005 0.871 0.003 0.004 0.002 0.006 0.004 0.004 0.003 0.007 0.005 0.005 0.006 0.005 0.003 0.002 0.008 0.003 0.004 0.004 0.003 0.004 0.003 0.009 
105 H194.2_2004    (0)    1 :  0.002 0.003 0.002 0.004 0.003 0.003 0.004 0.901 0.003 0.003 0.003 0.004 0.003 0.003 0.004 0.007 0.003 0.003 0.004 0.005 0.003 0.002 0.004 0.004 0.002 0.004 0.003 0.004 0.003 0.004 
106 H194.3_2004    (0)    1 :  0.004 0.003 0.004 0.010 0.028 0.005 0.006 0.727 0.006 0.003 0.004 0.011 0.007 0.016 0.003 0.004 0.011 0.010 0.007 0.010 0.008 0.010 0.005 0.006 0.057 0.011 0.002 0.006 0.003 0.011 
107 H194.4_2004    (0)    1 :  0.004 0.003 0.002 0.005 0.009 0.003 0.004 0.875 0.003 0.003 0.003 0.004 0.004 0.005 0.003 0.003 0.002 0.007 0.004 0.010 0.005 0.004 0.004 0.004 0.003 0.005 0.003 0.006 0.005 0.006 
108 H194.5_2004    (0)    1 :  0.007 0.004 0.002 0.006 0.009 0.005 0.006 0.806 0.006 0.004 0.004 0.009 0.011 0.014 0.003 0.008 0.005 0.007 0.005 0.003 0.005 0.004 0.006 0.006 0.023 0.009 0.003 0.004 0.004 0.009 
109 H194.6_2004    (0)    1 :  0.017 0.004 0.004 0.025 0.019 0.006 0.014 0.623 0.007 0.003 0.003 0.027 0.011 0.015 0.003 0.007 0.008 0.068 0.015 0.007 0.006 0.004 0.005 0.005 0.043 0.011 0.004 0.015 0.006 0.015 
110 H194.7_2004    (0)    1 :  0.003 0.002 0.003 0.005 0.005 0.004 0.005 0.901 0.004 0.003 0.003 0.004 0.003 0.003 0.003 0.005 0.003 0.005 0.004 0.003 0.002 0.002 0.003 0.003 0.004 0.003 0.003 0.002 0.003 0.003 
111 H194.8_2004    (0)    1 :  0.005 0.003 0.002 0.006 0.007 0.003 0.004 0.867 0.006 0.002 0.004 0.006 0.008 0.006 0.004 0.005 0.003 0.005 0.004 0.005 0.006 0.003 0.004 0.005 0.004 0.005 0.003 0.004 0.006 0.005 
112   H194.9    (0)    1 :  0.003 0.003 0.002 0.003 0.004 0.003 0.003 0.894 0.005 0.003 0.002 0.005 0.006 0.004 0.004 0.005 0.003 0.004 0.004 0.004 0.003 0.003 0.004 0.003 0.003 0.004 0.003 0.004 0.006 0.004 
113 H195.1_2003    (0)    1 :  0.002 0.003 0.002 0.003 0.003 0.002 0.003 0.004 0.002 0.002 0.002 0.003 0.921 0.003 0.002 0.003 0.002 0.003 0.002 0.002 0.003 0.002 0.002 0.002 0.002 0.006 0.002 0.002 0.003 0.004 
114 H195.1_2004    (0)    1 :  0.003 0.007 0.005 0.005 0.009 0.004 0.003 0.004 0.002 0.004 0.003 0.004 0.008 0.008 0.003 0.003 0.002 0.010 0.004 0.868 0.009 0.003 0.003 0.005 0.003 0.005 0.003 0.004 0.002 0.006 
115 H195.2_2003    (0)    1 :  0.004 0.003 0.003 0.012 0.004 0.052 0.004 0.006 0.012 0.005 0.005 0.007 0.775 0.003 0.003 0.013 0.004 0.004 0.005 0.009 0.005 0.002 0.006 0.005 0.002 0.005 0.009 0.009 0.022 0.005 
116 H195.2_2004    (0)    1 :  0.003 0.004 0.005 0.004 0.007 0.010 0.003 0.005 0.011 0.003 0.003 0.005 0.185 0.007 0.003 0.003 0.002 0.004 0.004 0.691 0.005 0.003 0.002 0.003 0.004 0.006 0.003 0.003 0.003 0.006 
117 H195.3_2003    (0)    1 :  0.004 0.006 0.004 0.008 0.003 0.023 0.009 0.007 0.008 0.006 0.008 0.011 0.727 0.002 0.005 0.016 0.004 0.006 0.011 0.006 0.006 0.002 0.030 0.007 0.008 0.008 0.016 0.003 0.043 0.003 
118 H195.3_2004    (0)    1 :  0.004 0.004 0.003 0.012 0.048 0.004 0.004 0.008 0.004 0.004 0.003 0.007 0.268 0.009 0.005 0.004 0.003 0.008 0.004 0.538 0.010 0.003 0.003 0.007 0.003 0.010 0.003 0.007 0.002 0.009 
119 H195.4_2003    (0)    1 :  0.004 0.003 0.003 0.005 0.023 0.002 0.003 0.007 0.002 0.004 0.002 0.005 0.832 0.006 0.002 0.004 0.003 0.005 0.004 0.040 0.003 0.004 0.003 0.003 0.003 0.006 0.003 0.003 0.003 0.013 
120 H195.4_2004    (0)    1 :  0.007 0.002 0.003 0.005 0.006 0.016 0.004 0.008 0.005 0.002 0.002 0.006 0.065 0.005 0.003 0.005 0.005 0.008 0.004 0.804 0.004 0.003 0.003 0.003 0.004 0.007 0.002 0.003 0.002 0.004 
121 H195.5_2003    (0)    1 :  0.004 0.009 0.005 0.005 0.004 0.003 0.004 0.004 0.002 0.007 0.003 0.006 0.878 0.006 0.006 0.003 0.003 0.002 0.006 0.004 0.009 0.002 0.003 0.002 0.002 0.006 0.003 0.003 0.003 0.004 
122 H195.5_2004    (0)    1 :  0.004 0.003 0.004 0.006 0.006 0.004 0.003 0.003 0.002 0.003 0.006 0.006 0.056 0.004 0.007 0.002 0.003 0.006 0.005 0.834 0.005 0.002 0.003 0.003 0.003 0.005 0.003 0.004 0.003 0.003 
123 H195.6_2003    (0)    1 :  0.004 0.006 0.004 0.011 0.005 0.017 0.004 0.004 0.006 0.007 0.003 0.009 0.750 0.003 0.002 0.012 0.003 0.004 0.005 0.068 0.008 0.003 0.010 0.006 0.003 0.004 0.012 0.011 0.012 0.003 
124 H195.6_2004    (0)    1 :  0.004 0.003 0.002 0.004 0.004 0.004 0.003 0.008 0.004 0.003 0.007 0.004 0.188 0.005 0.004 0.005 0.004 0.004 0.002 0.696 0.007 0.004 0.003 0.004 0.005 0.003 0.002 0.006 0.002 0.005 
125 H195.7_2003    (0)    1 :  0.004 0.003 0.003 0.005 0.004 0.044 0.003 0.004 0.005 0.004 0.003 0.005 0.832 0.003 0.003 0.007 0.003 0.003 0.003 0.023 0.004 0.003 0.002 0.005 0.004 0.006 0.002 0.002 0.003 0.003 
126 H195.7_2004    (0)    1 :  0.003 0.006 0.004 0.004 0.003 0.008 0.003 0.002 0.004 0.003 0.002 0.004 0.008 0.003 0.003 0.003 0.002 0.003 0.005 0.890 0.005 0.003 0.004 0.004 0.002 0.003 0.006 0.003 0.005 0.002 
127   H195.8    (0)    1 :  0.004 0.003 0.003 0.003 0.003 0.004 0.003 0.003 0.002 0.003 0.002 0.004 0.004 0.003 0.003 0.003 0.002 0.005 0.003 0.912 0.004 0.002 0.003 0.004 0.002 0.002 0.003 0.003 0.002 0.003 
128   H195.9    (0)    1 :  0.009 0.005 0.004 0.009 0.012 0.006 0.005 0.008 0.007 0.003 0.003 0.007 0.102 0.009 0.003 0.008 0.005 0.021 0.005 0.723 0.009 0.004 0.003 0.003 0.005 0.008 0.003 0.005 0.002 0.005 
129   H415.1    (0)    1 :  0.002 0.009 0.006 0.009 0.005 0.008 0.007 0.008 0.002 0.004 0.003 0.006 0.004 0.007 0.004 0.004 0.006 0.006 0.006 0.004 0.005 0.003 0.013 0.006 0.005 0.008 0.014 0.004 0.007 0.826 
130   H415.2    (0)    1 :  0.003 0.011 0.007 0.085 0.006 0.012 0.030 0.012 0.009 0.024 0.005 0.026 0.004 0.005 0.003 0.010 0.015 0.034 0.022 0.005 0.008 0.009 0.032 0.005 0.016 0.011 0.006 0.097 0.007 0.481 
131   H415.3    (0)    1 :  0.002 0.006 0.005 0.005 0.006 0.005 0.004 0.003 0.005 0.005 0.002 0.005 0.004 0.008 0.003 0.003 0.011 0.005 0.004 0.003 0.004 0.017 0.004 0.008 0.004 0.006 0.004 0.004 0.002 0.853 
132   H415.4    (0)    1 :  0.003 0.005 0.003 0.004 0.005 0.002 0.004 0.005 0.002 0.002 0.003 0.006 0.005 0.004 0.002 0.003 0.004 0.002 0.003 0.003 0.004 0.002 0.005 0.003 0.006 0.004 0.005 0.004 0.005 0.892 
133   H415.5    (0)    1 :  0.003 0.003 0.004 0.003 0.005 0.003 0.003 0.004 0.003 0.002 0.002 0.003 0.004 0.005 0.002 0.002 0.003 0.004 0.004 0.002 0.003 0.003 0.003 0.004 0.004 0.006 0.003 0.004 0.002 0.902 
134   H415.6    (0)    1 :  0.002 0.008 0.003 0.003 0.006 0.003 0.004 0.005 0.003 0.002 0.004 0.004 0.005 0.004 0.002 0.003 0.003 0.002 0.004 0.003 0.005 0.002 0.006 0.003 0.006 0.004 0.005 0.004 0.005 0.887 
135   H415.7    (0)    1 :  0.005 0.004 0.004 0.063 0.008 0.011 0.022 0.007 0.007 0.012 0.004 0.016 0.005 0.008 0.003 0.014 0.014 0.007 0.024 0.005 0.012 0.014 0.013 0.005 0.004 0.014 0.003 0.035 0.005 0.652 
136   H506.1    (0)    1 :  0.003 0.002 0.003 0.002 0.003 0.002 0.002 0.002 0.005 0.003 0.003 0.003 0.004 0.005 0.003 0.002 0.007 0.003 0.002 0.003 0.002 0.913 0.002 0.003 0.006 0.002 0.002 0.002 0.002 0.003 
137   H506.2    (0)    1 :  0.003 0.002 0.003 0.003 0.003 0.002 0.003 0.003 0.004 0.003 0.003 0.004 0.003 0.004 0.002 0.003 0.005 0.007 0.002 0.007 0.003 0.907 0.002 0.005 0.003 0.003 0.002 0.003 0.002 0.003 
138   H506.3    (0)    1 :  0.003 0.006 0.010 0.008 0.006 0.015 0.007 0.004 0.004 0.006 0.004 0.011 0.005 0.004 0.002 0.005 0.029 0.022 0.011 0.006 0.005 0.761 0.006 0.024 0.017 0.006 0.003 0.004 0.004 0.004 
139   H506.4    (0)    1 :  0.009 0.007 0.011 0.009 0.007 0.006 0.008 0.004 0.004 0.005 0.002 0.008 0.004 0.006 0.002 0.006 0.064 0.012 0.007 0.003 0.002 0.770 0.005 0.009 0.004 0.006 0.004 0.008 0.005 0.005 
140   H506.5    (0)    1 :  0.005 0.003 0.003 0.004 0.003 0.003 0.003 0.002 0.003 0.004 0.002 0.003 0.005 0.004 0.003 0.004 0.004 0.006 0.003 0.003 0.004 0.894 0.002 0.004 0.003 0.006 0.002 0.004 0.003 0.005 
141   H506.6    (0)    1 :  0.006 0.007 0.005 0.018 0.003 0.014 0.014 0.006 0.003 0.007 0.004 0.014 0.013 0.003 0.003 0.012 0.022 0.123 0.012 0.021 0.011 0.634 0.004 0.008 0.003 0.008 0.004 0.003 0.004 0.008 
142   H506.7    (0)    1 :  0.004 0.002 0.004 0.003 0.004 0.003 0.002 0.003 0.004 0.003 0.003 0.003 0.006 0.004 0.003 0.003 0.005 0.003 0.003 0.004 0.003 0.904 0.002 0.006 0.005 0.004 0.002 0.003 0.002 0.003 
143   H533.1    (0)    1 :  0.004 0.003 0.008 0.003 0.004 0.002 0.004 0.002 0.002 0.002 0.007 0.004 0.002 0.006 0.003 0.002 0.006 0.002 0.003 0.003 0.002 0.897 0.002 0.007 0.005 0.005 0.003 0.002 0.002 0.003 
144   H533.2    (0)    1 :  0.003 0.003 0.005 0.003 0.004 0.002 0.004 0.003 0.002 0.002 0.008 0.003 0.002 0.006 0.003 0.002 0.005 0.004 0.003 0.003 0.002 0.894 0.002 0.010 0.006 0.006 0.003 0.002 0.002 0.003 
145   H533.3    (0)    1 :  0.002 0.003 0.003 0.004 0.003 0.003 0.007 0.003 0.003 0.004 0.003 0.004 0.002 0.008 0.002 0.007 0.013 0.003 0.007 0.004 0.002 0.886 0.004 0.004 0.004 0.003 0.003 0.002 0.002 0.002 
146   H533.4    (0)    1 :  0.007 0.008 0.005 0.007 0.003 0.005 0.006 0.016 0.005 0.004 0.004 0.010 0.012 0.012 0.003 0.024 0.017 0.007 0.007 0.012 0.004 0.787 0.004 0.006 0.002 0.006 0.005 0.004 0.003 0.006 
147   H535.1    (0)    1 :  0.910 0.004 0.003 0.003 0.002 0.002 0.003 0.003 0.002 0.002 0.002 0.003 0.003 0.003 0.003 0.003 0.003 0.005 0.004 0.003 0.002 0.004 0.003 0.004 0.003 0.003 0.003 0.004 0.004 0.004 
148   H535.2    (0)    1 :  0.914 0.003 0.003 0.003 0.003 0.002 0.003 0.002 0.003 0.004 0.004 0.002 0.003 0.003 0.002 0.003 0.003 0.005 0.003 0.003 0.003 0.003 0.002 0.005 0.004 0.003 0.002 0.002 0.002 0.003 
149   H535.3    (0)    1 :  0.921 0.002 0.003 0.003 0.002 0.002 0.003 0.003 0.003 0.003 0.003 0.003 0.003 0.002 0.004 0.003 0.002 0.002 0.003 0.004 0.003 0.004 0.002 0.003 0.003 0.002 0.002 0.003 0.002 0.002 
150   H535.4    (0)    1 :  0.921 0.003 0.002 0.003 0.003 0.002 0.003 0.003 0.003 0.003 0.003 0.002 0.004 0.003 0.002 0.003 0.002 0.003 0.003 0.003 0.003 0.003 0.002 0.002 0.003 0.003 0.002 0.002 0.002 0.003 
151   H535.5    (0)    1 :  0.920 0.002 0.002 0.002 0.002 0.002 0.002 0.003 0.003 0.002 0.003 0.003 0.004 0.004 0.002 0.004 0.003 0.003 0.003 0.002 0.003 0.003 0.003 0.003 0.003 0.003 0.002 0.002 0.002 0.003 
152   H535.6    (0)    1 :  0.876 0.005 0.003 0.003 0.003 0.002 0.004 0.003 0.003 0.002 0.003 0.004 0.007 0.002 0.004 0.008 0.005 0.005 0.004 0.003 0.003 0.003 0.007 0.007 0.004 0.004 0.006 0.008 0.006 0.003 
153   H535.7    (0)    1 :  0.932 0.002 0.002 0.002 0.003 0.002 0.002 0.002 0.002 0.002 0.002 0.002 0.002 0.003 0.002 0.003 0.003 0.002 0.003 0.002 0.003 0.003 0.002 0.002 0.003 0.002 0.002 0.002 0.002 0.003 
154   H535.8    (0)    1 :  0.914 0.002 0.002 0.003 0.003 0.003 0.002 0.003 0.003 0.002 0.004 0.004 0.006 0.002 0.002 0.003 0.003 0.002 0.003 0.002 0.004 0.002 0.002 0.004 0.004 0.003 0.002 0.003 0.004 0.003 
155   H535.9    (0)    1 :  0.914 0.003 0.003 0.003 0.002 0.002 0.003 0.003 0.002 0.002 0.002 0.003 0.003 0.002 0.003 0.004 0.003 0.005 0.004 0.003 0.003 0.003 0.003 0.004 0.003 0.003 0.003 0.003 0.003 0.003 
156   H539.1    (0)    1 :  0.002 0.006 0.004 0.004 0.002 0.002 0.004 0.003 0.004 0.003 0.002 0.004 0.002 0.002 0.003 0.004 0.003 0.004 0.007 0.003 0.003 0.002 0.015 0.003 0.002 0.004 0.416 0.007 0.475 0.004 
157   H539.2    (0)    1 :  0.009 0.124 0.027 0.024 0.002 0.013 0.202 0.009 0.013 0.004 0.002 0.028 0.005 0.004 0.021 0.032 0.007 0.021 0.219 0.005 0.030 0.003 0.082 0.005 0.005 0.043 0.033 0.006 0.017 0.003 
158   H539.3    (9)    1 :  0.009 0.015 0.010 0.010 0.004 0.013 0.049 0.037 0.005 0.003 0.003 0.010 0.014 0.003 0.012 0.020 0.009 0.009 0.044 0.005 0.005 0.002 0.077 0.003 0.004 0.017 0.402 0.005 0.197 0.004 
159   H539.4    (0)    1 :  0.003 0.056 0.054 0.015 0.002 0.010 0.072 0.002 0.004 0.006 0.003 0.019 0.004 0.003 0.004 0.004 0.005 0.007 0.132 0.004 0.014 0.003 0.069 0.005 0.006 0.016 0.186 0.005 0.281 0.005 
160   H539.5    (0)    1 :  0.004 0.008 0.003 0.004 0.003 0.003 0.008 0.005 0.007 0.002 0.002 0.005 0.002 0.002 0.004 0.012 0.004 0.008 0.010 0.003 0.004 0.002 0.141 0.002 0.003 0.003 0.605 0.004 0.136 0.002 
161   H539.6    (0)    1 :  0.004 0.004 0.002 0.003 0.002 0.003 0.005 0.008 0.004 0.002 0.002 0.003 0.003 0.002 0.003 0.009 0.003 0.006 0.003 0.003 0.003 0.002 0.065 0.002 0.002 0.004 0.830 0.004 0.010 0.003 
162   H539.7    (0)    1 :  0.004 0.054 0.009 0.009 0.004 0.008 0.047 0.005 0.002 0.005 0.003 0.012 0.004 0.003 0.008 0.006 0.008 0.004 0.070 0.002 0.003 0.002 0.066 0.004 0.003 0.018 0.177 0.004 0.451 0.005 
163   H539.8    (0)    1 :  0.017 0.118 0.017 0.015 0.003 0.014 0.071 0.013 0.004 0.004 0.004 0.019 0.013 0.005 0.026 0.008 0.015 0.005 0.169 0.003 0.008 0.003 0.029 0.004 0.006 0.018 0.093 0.005 0.287 0.004 
164   H539.9    (0)    1 :  0.002 0.014 0.014 0.008 0.002 0.012 0.033 0.003 0.003 0.004 0.005 0.009 0.003 0.003 0.005 0.004 0.005 0.007 0.028 0.004 0.009 0.004 0.113 0.004 0.006 0.007 0.321 0.003 0.360 0.004 
165   H540.1    (0)    1 :  0.004 0.005 0.003 0.005 0.002 0.003 0.005 0.004 0.005 0.003 0.003 0.005 0.004 0.002 0.002 0.017 0.002 0.004 0.005 0.004 0.003 0.003 0.865 0.004 0.003 0.003 0.012 0.004 0.011 0.003 
166   H540.2    (0)    1 :  0.002 0.004 0.003 0.002 0.002 0.003 0.004 0.004 0.003 0.002 0.002 0.003 0.002 0.002 0.003 0.004 0.003 0.003 0.003 0.002 0.003 0.002 0.910 0.003 0.002 0.002 0.008 0.003 0.008 0.003 
167   H540.3    (0)    1 :  0.005 0.021 0.006 0.039 0.013 0.009 0.050 0.023 0.006 0.006 0.005 0.019 0.003 0.016 0.011 0.007 0.003 0.010 0.147 0.011 0.027 0.004 0.144 0.005 0.010 0.013 0.007 0.004 0.361 0.016 
168   H540.4    (0)    1 :  0.003 0.039 0.009 0.007 0.003 0.009 0.023 0.003 0.003 0.006 0.002 0.009 0.004 0.004 0.008 0.005 0.004 0.004 0.041 0.004 0.004 0.003 0.753 0.007 0.002 0.012 0.008 0.006 0.011 0.004 
169   H540.5    (0)    1 :  0.002 0.004 0.002 0.005 0.003 0.005 0.006 0.004 0.004 0.004 0.003 0.004 0.002 0.003 0.003 0.003 0.003 0.005 0.006 0.003 0.005 0.002 0.864 0.004 0.004 0.005 0.008 0.003 0.026 0.005 
170   H540.6    (0)    1 :  0.003 0.004 0.002 0.007 0.004 0.004 0.008 0.005 0.004 0.004 0.004 0.004 0.002 0.003 0.004 0.010 0.003 0.005 0.004 0.005 0.004 0.003 0.865 0.005 0.003 0.004 0.011 0.005 0.008 0.003 
171   H540.7    (0)    1 :  0.003 0.005 0.006 0.005 0.003 0.002 0.008 0.004 0.008 0.006 0.002 0.005 0.004 0.007 0.007 0.004 0.005 0.005 0.008 0.003 0.006 0.004 0.853 0.005 0.003 0.004 0.007 0.003 0.006 0.007 
172   H540.8    (0)    1 :  0.004 0.011 0.007 0.011 0.003 0.005 0.029 0.023 0.005 0.003 0.002 0.009 0.005 0.006 0.004 0.010 0.004 0.007 0.033 0.003 0.003 0.003 0.726 0.006 0.004 0.010 0.008 0.011 0.030 0.016 
173  H9558.1    (0)    1 :  0.004 0.003 0.002 0.003 0.002 0.003 0.002 0.003 0.002 0.002 0.004 0.003 0.003 0.002 0.002 0.004 0.004 0.002 0.003 0.002 0.002 0.003 0.005 0.003 0.003 0.003 0.009 0.006 0.909 0.003 
174  H9558.2    (0)    1 :  0.004 0.003 0.003 0.004 0.004 0.003 0.002 0.007 0.009 0.005 0.005 0.005 0.008 0.003 0.004 0.004 0.006 0.002 0.004 0.002 0.004 0.003 0.004 0.010 0.004 0.004 0.004 0.004 0.871 0.005 
175  H9558.3    (0)    1 :  0.003 0.005 0.004 0.004 0.002 0.005 0.004 0.005 0.009 0.007 0.013 0.003 0.004 0.003 0.011 0.007 0.003 0.003 0.007 0.002 0.006 0.003 0.017 0.009 0.005 0.003 0.033 0.002 0.814 0.003 
176  H9558.4    (0)    1 :  0.005 0.004 0.003 0.004 0.002 0.003 0.007 0.007 0.004 0.002 0.003 0.005 0.002 0.004 0.004 0.007 0.003 0.006 0.008 0.002 0.002 0.002 0.015 0.003 0.002 0.004 0.005 0.003 0.876 0.003 
177  H9558.5    (0)    1 :  0.004 0.030 0.013 0.011 0.002 0.013 0.035 0.002 0.003 0.007 0.003 0.006 0.002 0.003 0.007 0.003 0.003 0.004 0.097 0.002 0.008 0.003 0.049 0.004 0.004 0.007 0.005 0.002 0.664 0.003 
178  H9558.6    (0)    1 :  0.004 0.004 0.004 0.010 0.002 0.002 0.004 0.009 0.004 0.004 0.008 0.012 0.004 0.003 0.003 0.005 0.003 0.003 0.006 0.002 0.005 0.003 0.012 0.003 0.005 0.004 0.012 0.005 0.850 0.005 
179 kos339.1    (0)    1 :  0.004 0.004 0.005 0.008 0.013 0.003 0.009 0.003 0.031 0.016 0.006 0.010 0.003 0.739 0.003 0.008 0.004 0.007 0.007 0.003 0.004 0.025 0.011 0.008 0.005 0.022 0.004 0.013 0.004 0.016 
180 kos339.2    (0)    1 :  0.003 0.005 0.003 0.004 0.007 0.003 0.004 0.003 0.006 0.006 0.004 0.003 0.003 0.874 0.003 0.004 0.005 0.004 0.004 0.004 0.005 0.009 0.003 0.004 0.004 0.005 0.004 0.004 0.002 0.006 
181 kos339.3    (0)    1 :  0.005 0.005 0.003 0.003 0.008 0.003 0.004 0.003 0.003 0.002 0.003 0.004 0.004 0.894 0.002 0.004 0.004 0.004 0.004 0.003 0.002 0.003 0.003 0.004 0.003 0.007 0.002 0.003 0.003 0.004 
182 kos339.4    (9)    1 :  0.004 0.004 0.004 0.004 0.005 0.003 0.003 0.004 0.003 0.002 0.003 0.004 0.006 0.881 0.002 0.004 0.003 0.004 0.004 0.003 0.003 0.004 0.003 0.004 0.003 0.013 0.003 0.004 0.003 0.009 
183 kos339.5    (0)    1 :  0.003 0.003 0.004 0.005 0.018 0.003 0.004 0.003 0.064 0.007 0.005 0.006 0.003 0.791 0.003 0.003 0.005 0.005 0.003 0.002 0.003 0.012 0.006 0.007 0.005 0.007 0.004 0.010 0.003 0.004 
184 kos339.6    (0)    1 :  0.003 0.003 0.002 0.003 0.009 0.003 0.003 0.006 0.007 0.005 0.003 0.004 0.002 0.889 0.003 0.003 0.004 0.007 0.003 0.004 0.004 0.005 0.004 0.003 0.003 0.004 0.002 0.003 0.002 0.005 
185 kos339.7    (0)    1 :  0.007 0.005 0.003 0.003 0.010 0.002 0.004 0.003 0.003 0.003 0.002 0.004 0.004 0.887 0.002 0.005 0.003 0.004 0.004 0.003 0.002 0.005 0.003 0.005 0.003 0.011 0.002 0.003 0.002 0.005 
186 kos339.8    (0)    1 :  0.003 0.004 0.003 0.005 0.009 0.004 0.003 0.003 0.004 0.004 0.003 0.004 0.004 0.868 0.003 0.003 0.007 0.005 0.003 0.004 0.004 0.019 0.002 0.004 0.003 0.006 0.003 0.004 0.002 0.007 
187 kos339.9    (0)    1 :  0.004 0.009 0.006 0.016 0.025 0.003 0.009 0.006 0.035 0.008 0.007 0.010 0.006 0.620 0.002 0.008 0.006 0.035 0.009 0.008 0.007 0.007 0.037 0.013 0.010 0.020 0.024 0.032 0.005 0.010 
188   H409.1    (0)   12 :  0.002 0.002 0.002 0.004 0.006 0.004 0.002 0.004 0.004 0.004 0.003 0.003 0.003 0.005 0.003 0.002 0.003 0.003 0.003 0.003 0.004 0.005 0.002 0.005 0.905 0.003 0.002 0.002 0.002 0.003 
189  H409.10    (0)   12 :  0.003 0.009 0.005 0.006 0.004 0.013 0.010 0.003 0.004 0.006 0.003 0.006 0.007 0.005 0.006 0.004 0.037 0.003 0.008 0.004 0.007 0.018 0.010 0.012 0.776 0.005 0.011 0.004 0.002 0.009 
190   H409.2    (0)   12 :  0.006 0.003 0.003 0.006 0.005 0.004 0.003 0.004 0.003 0.003 0.003 0.005 0.004 0.005 0.002 0.002 0.003 0.005 0.004 0.003 0.010 0.004 0.004 0.004 0.867 0.007 0.003 0.005 0.004 0.016 
191   H409.3    (0)   12 :  0.004 0.004 0.004 0.004 0.004 0.003 0.004 0.006 0.004 0.003 0.004 0.004 0.003 0.003 0.003 0.003 0.004 0.004 0.004 0.004 0.004 0.004 0.003 0.003 0.897 0.004 0.003 0.003 0.003 0.003 
192   H409.4    (0)   12 :  0.003 0.002 0.002 0.004 0.004 0.004 0.002 0.004 0.003 0.003 0.003 0.003 0.003 0.003 0.002 0.002 0.002 0.003 0.003 0.003 0.005 0.002 0.002 0.003 0.914 0.003 0.002 0.002 0.003 0.003 
193   H409.5    (0)   12 :  0.004 0.002 0.003 0.004 0.003 0.002 0.005 0.003 0.004 0.003 0.003 0.004 0.003 0.002 0.003 0.006 0.006 0.003 0.005 0.003 0.004 0.003 0.005 0.003 0.895 0.004 0.004 0.004 0.002 0.004 
194   H409.6    (0)   12 :  0.008 0.006 0.004 0.009 0.003 0.005 0.016 0.008 0.011 0.007 0.073 0.009 0.003 0.004 0.009 0.006 0.006 0.006 0.010 0.006 0.005 0.009 0.004 0.008 0.739 0.005 0.009 0.004 0.005 0.003 
195   H409.7    (0)   12 :  0.002 0.003 0.002 0.005 0.006 0.004 0.003 0.007 0.005 0.007 0.006 0.005 0.004 0.007 0.003 0.002 0.004 0.004 0.003 0.005 0.006 0.004 0.003 0.007 0.876 0.004 0.002 0.004 0.002 0.004 
196   H409.8    (0)   12 :  0.003 0.002 0.004 0.004 0.003 0.003 0.005 0.004 0.007 0.006 0.003 0.003 0.003 0.003 0.005 0.004 0.004 0.004 0.005 0.003 0.002 0.005 0.003 0.005 0.890 0.004 0.003 0.003 0.003 0.003 
197   H409.9    (0)   12 :  0.012 0.014 0.009 0.039 0.003 0.004 0.016 0.004 0.004 0.038 0.004 0.027 0.004 0.003 0.017 0.010 0.013 0.023 0.015 0.005 0.005 0.133 0.085 0.011 0.352 0.007 0.056 0.005 0.075 0.008 
198   H413.1    (0)   12 :  0.002 0.004 0.004 0.004 0.003 0.003 0.003 0.003 0.003 0.004 0.005 0.003 0.003 0.003 0.910 0.003 0.002 0.002 0.003 0.002 0.003 0.002 0.002 0.004 0.002 0.005 0.003 0.002 0.002 0.002 
199   H413.2    (0)   12 :  0.003 0.003 0.003 0.003 0.003 0.002 0.003 0.003 0.002 0.002 0.004 0.003 0.003 0.004 0.919 0.002 0.003 0.002 0.003 0.002 0.002 0.002 0.002 0.004 0.002 0.005 0.003 0.003 0.002 0.002 
200   H413.3    (0)   12 :  0.002 0.002 0.003 0.003 0.002 0.004 0.003 0.005 0.003 0.005 0.003 0.003 0.002 0.002 0.911 0.004 0.004 0.002 0.003 0.002 0.003 0.002 0.003 0.005 0.003 0.003 0.003 0.002 0.004 0.002 
201   H413.4    (0)   12 :  0.002 0.005 0.004 0.004 0.004 0.002 0.004 0.005 0.009 0.007 0.003 0.005 0.004 0.005 0.877 0.002 0.004 0.004 0.004 0.003 0.006 0.005 0.004 0.005 0.006 0.003 0.003 0.004 0.004 0.002 
202   H413.5    (0)   12 :  0.002 0.008 0.008 0.004 0.002 0.003 0.004 0.004 0.006 0.003 0.003 0.005 0.002 0.003 0.877 0.003 0.004 0.002 0.005 0.003 0.003 0.003 0.005 0.003 0.002 0.003 0.015 0.007 0.005 0.003 
203   H413.6    (0)   12 :  0.003 0.007 0.008 0.005 0.004 0.009 0.005 0.004 0.021 0.006 0.007 0.005 0.011 0.005 0.829 0.003 0.003 0.004 0.007 0.003 0.009 0.002 0.007 0.004 0.004 0.005 0.005 0.002 0.012 0.003 
204   H413.7    (0)   12 :  0.003 0.002 0.002 0.003 0.003 0.003 0.003 0.003 0.003 0.003 0.002 0.003 0.004 0.003 0.921 0.003 0.003 0.002 0.003 0.002 0.003 0.003 0.003 0.003 0.002 0.002 0.003 0.002 0.003 0.002 
205   H563.1    (0)   12 :  0.002 0.003 0.003 0.004 0.003 0.005 0.004 0.003 0.003 0.881 0.003 0.004 0.002 0.002 0.010 0.004 0.005 0.004 0.007 0.003 0.006 0.002 0.006 0.003 0.004 0.004 0.005 0.002 0.009 0.002 
206   H563.2    (0)   12 :  0.003 0.012 0.003 0.010 0.007 0.004 0.007 0.017 0.005 0.799 0.005 0.013 0.003 0.008 0.010 0.004 0.008 0.005 0.005 0.006 0.005 0.005 0.010 0.006 0.012 0.006 0.005 0.006 0.004 0.007 
207   H563.3    (0)   12 :  0.002 0.003 0.002 0.005 0.003 0.002 0.004 0.003 0.010 0.879 0.003 0.003 0.003 0.002 0.004 0.007 0.004 0.003 0.006 0.003 0.006 0.002 0.008 0.004 0.003 0.003 0.010 0.003 0.006 0.002 
208   H563.4    (0)   12 :  0.003 0.006 0.003 0.008 0.006 0.005 0.009 0.005 0.003 0.840 0.009 0.008 0.002 0.006 0.011 0.005 0.004 0.005 0.008 0.004 0.007 0.004 0.005 0.005 0.007 0.007 0.004 0.004 0.005 0.004 
209   H563.5    (0)   12 :  0.002 0.003 0.003 0.005 0.003 0.004 0.004 0.003 0.006 0.890 0.004 0.004 0.002 0.003 0.005 0.004 0.003 0.004 0.005 0.003 0.007 0.002 0.007 0.003 0.003 0.004 0.006 0.002 0.006 0.002 
210   H563.6    (0)   12 :  0.003 0.005 0.003 0.006 0.010 0.003 0.006 0.007 0.009 0.841 0.006 0.007 0.003 0.011 0.008 0.004 0.005 0.004 0.005 0.003 0.010 0.004 0.005 0.005 0.006 0.006 0.005 0.004 0.003 0.004 
211   H563.7    (0)   12 :  0.002 0.006 0.003 0.005 0.008 0.003 0.003 0.005 0.006 0.869 0.006 0.004 0.003 0.009 0.009 0.003 0.003 0.004 0.003 0.003 0.009 0.003 0.004 0.005 0.006 0.005 0.003 0.003 0.003 0.003 
212   H563.8    (0)   12 :  0.002 0.004 0.004 0.005 0.003 0.005 0.007 0.004 0.012 0.839 0.004 0.007 0.003 0.003 0.005 0.004 0.004 0.008 0.012 0.003 0.010 0.003 0.015 0.004 0.004 0.006 0.007 0.003 0.009 0.003 
213   H563.9    (0)   12 :  0.002 0.008 0.003 0.007 0.008 0.003 0.007 0.010 0.008 0.811 0.006 0.012 0.003 0.008 0.007 0.004 0.011 0.004 0.007 0.004 0.004 0.004 0.005 0.008 0.017 0.005 0.006 0.005 0.003 0.008 
214  H7374.1    (0)   12 :  0.005 0.005 0.003 0.005 0.004 0.003 0.005 0.007 0.004 0.004 0.013 0.008 0.014 0.003 0.003 0.006 0.003 0.003 0.005 0.005 0.846 0.003 0.006 0.004 0.007 0.006 0.005 0.004 0.004 0.008 
215  H7374.2    (0)   12 :  0.004 0.003 0.003 0.004 0.002 0.006 0.006 0.007 0.002 0.008 0.006 0.006 0.004 0.002 0.007 0.008 0.005 0.005 0.006 0.004 0.857 0.005 0.007 0.003 0.004 0.003 0.006 0.003 0.006 0.007 
216  H7374.3    (0)   12 :  0.005 0.004 0.003 0.008 0.004 0.003 0.006 0.023 0.004 0.006 0.007 0.006 0.076 0.004 0.003 0.007 0.007 0.008 0.006 0.006 0.748 0.004 0.007 0.005 0.007 0.007 0.005 0.005 0.007 0.009 
217  H7374.4    (0)   12 :  0.005 0.005 0.003 0.005 0.004 0.006 0.004 0.003 0.004 0.004 0.003 0.005 0.003 0.008 0.005 0.003 0.003 0.005 0.003 0.003 0.879 0.003 0.006 0.004 0.004 0.004 0.003 0.004 0.005 0.005 
218  H7374.5    (0)   12 :  0.002 0.004 0.003 0.004 0.003 0.003 0.003 0.003 0.005 0.004 0.005 0.004 0.003 0.003 0.003 0.004 0.003 0.004 0.003 0.003 0.893 0.002 0.005 0.005 0.003 0.004 0.007 0.003 0.006 0.004 
219  H7374.6    (0)   12 :  0.009 0.006 0.003 0.008 0.005 0.003 0.005 0.014 0.006 0.009 0.003 0.008 0.018 0.009 0.004 0.006 0.006 0.008 0.006 0.006 0.794 0.005 0.009 0.006 0.005 0.006 0.004 0.007 0.008 0.014 
220  H7374.7    (0)   12 :  0.004 0.003 0.002 0.004 0.004 0.003 0.003 0.004 0.004 0.003 0.004 0.003 0.003 0.004 0.005 0.002 0.002 0.003 0.003 0.004 0.908 0.002 0.003 0.003 0.004 0.003 0.002 0.003 0.002 0.003 
221  H7374.8    (0)   12 :  0.003 0.003 0.002 0.004 0.007 0.002 0.004 0.004 0.004 0.006 0.006 0.005 0.009 0.006 0.003 0.004 0.003 0.004 0.004 0.003 0.879 0.004 0.002 0.005 0.005 0.005 0.002 0.003 0.003 0.005 
222  H7374.9    (0)   12 :  0.002 0.003 0.003 0.004 0.003 0.004 0.004 0.003 0.005 0.004 0.003 0.004 0.003 0.004 0.003 0.005 0.003 0.007 0.003 0.004 0.885 0.002 0.006 0.004 0.003 0.006 0.006 0.005 0.006 0.003 
223  H9563.1    (0)   12 :  0.003 0.003 0.003 0.006 0.004 0.003 0.006 0.005 0.004 0.883 0.003 0.005 0.004 0.003 0.004 0.004 0.004 0.005 0.007 0.003 0.003 0.004 0.004 0.004 0.003 0.005 0.003 0.003 0.004 0.004 
224  H9563.2    (0)   12 :  0.003 0.005 0.007 0.006 0.004 0.003 0.010 0.003 0.003 0.872 0.003 0.005 0.003 0.002 0.005 0.004 0.003 0.003 0.008 0.003 0.003 0.003 0.006 0.004 0.002 0.005 0.005 0.004 0.006 0.006 
225  H9563.3    (0)   12 :  0.005 0.007 0.004 0.005 0.005 0.004 0.004 0.004 0.004 0.867 0.007 0.005 0.008 0.003 0.003 0.004 0.007 0.005 0.004 0.005 0.005 0.007 0.002 0.004 0.006 0.003 0.003 0.003 0.002 0.006 
226  H9563.4    (0)   12 :  0.014 0.018 0.012 0.012 0.006 0.005 0.023 0.010 0.007 0.709 0.008 0.018 0.008 0.005 0.005 0.005 0.015 0.020 0.024 0.007 0.006 0.005 0.006 0.006 0.012 0.009 0.005 0.005 0.005 0.012 
227  H9563.5    (0)   12 :  0.005 0.006 0.010 0.008 0.012 0.005 0.015 0.005 0.003 0.822 0.004 0.009 0.003 0.005 0.004 0.006 0.007 0.005 0.012 0.004 0.003 0.006 0.004 0.006 0.007 0.008 0.004 0.004 0.004 0.006 
228  H9563.6    (0)   12 :  0.005 0.009 0.008 0.004 0.003 0.003 0.006 0.004 0.010 0.846 0.020 0.005 0.008 0.002 0.004 0.004 0.005 0.005 0.007 0.005 0.007 0.006 0.002 0.004 0.003 0.002 0.003 0.002 0.003 0.005 
229  H9563.7    (0)   12 :  0.008 0.004 0.003 0.004 0.003 0.003 0.005 0.003 0.005 0.887 0.009 0.004 0.005 0.002 0.003 0.005 0.004 0.004 0.004 0.004 0.004 0.005 0.002 0.002 0.003 0.003 0.002 0.002 0.003 0.003 
230  H9563.8    (0)   12 :  0.005 0.030 0.040 0.012 0.024 0.007 0.029 0.006 0.003 0.674 0.006 0.012 0.005 0.007 0.004 0.003 0.011 0.012 0.028 0.005 0.003 0.008 0.004 0.008 0.007 0.009 0.005 0.006 0.005 0.022 
231  H9563.9    (0)   12 :  0.004 0.011 0.016 0.006 0.006 0.004 0.011 0.004 0.004 0.822 0.009 0.006 0.006 0.004 0.006 0.003 0.006 0.005 0.015 0.003 0.003 0.008 0.004 0.005 0.003 0.006 0.004 0.004 0.004 0.011 
232  H9572.1    (0)   12 :  0.006 0.011 0.004 0.008 0.004 0.004 0.006 0.007 0.786 0.011 0.005 0.010 0.005 0.004 0.007 0.010 0.011 0.004 0.008 0.004 0.008 0.005 0.015 0.006 0.006 0.004 0.026 0.006 0.007 0.004 
233  H9572.2    (0)   12 :  0.003 0.012 0.007 0.012 0.004 0.004 0.022 0.009 0.731 0.030 0.009 0.014 0.007 0.003 0.005 0.009 0.004 0.005 0.011 0.017 0.012 0.004 0.009 0.005 0.005 0.005 0.011 0.015 0.003 0.011 
234  H9572.3    (0)   12 :  0.008 0.005 0.003 0.012 0.006 0.003 0.011 0.007 0.629 0.007 0.021 0.021 0.004 0.023 0.006 0.052 0.012 0.005 0.008 0.004 0.050 0.004 0.038 0.007 0.018 0.008 0.006 0.005 0.005 0.013 
235  H9572.4    (0)   12 :  0.004 0.002 0.003 0.003 0.003 0.002 0.003 0.003 0.899 0.003 0.002 0.003 0.003 0.007 0.004 0.005 0.002 0.006 0.003 0.002 0.005 0.003 0.004 0.004 0.004 0.004 0.003 0.003 0.005 0.002 
236  H9572.5    (0)   12 :  0.003 0.003 0.003 0.004 0.008 0.002 0.006 0.007 0.874 0.003 0.004 0.004 0.004 0.011 0.002 0.016 0.003 0.003 0.005 0.003 0.002 0.005 0.004 0.004 0.003 0.003 0.003 0.003 0.003 0.002 


Estimated Allele Frequencies in each cluster
First column gives estimated ancestral frequencies


Locus 1 : 
8 alleles
0.0% missing data
 156   (0.159) 0.693 0.217 0.142 0.154 0.023 0.021 0.051 0.023 0.577 0.213 0.482 0.159 0.013 0.372 0.338 0.018 0.031 0.031 0.082 0.011 0.154 0.310 0.024 0.265 0.262 0.032 0.028 0.014 0.194 0.024 
 152   (0.128) 0.257 0.026 0.299 0.119 0.020 0.017 0.064 0.017 0.023 0.009 0.352 0.128 0.704 0.011 0.012 0.334 0.022 0.445 0.069 0.300 0.308 0.153 0.015 0.193 0.011 0.250 0.010 0.012 0.012 0.018 
 168   (0.102) 0.007 0.040 0.081 0.095 0.014 0.150 0.027 0.013 0.017 0.007 0.097 0.102 0.008 0.007 0.188 0.214 0.795 0.020 0.035 0.007 0.011 0.493 0.011 0.335 0.009 0.019 0.008 0.310 0.169 0.015 
 164   (0.250) 0.018 0.378 0.286 0.259 0.472 0.516 0.429 0.305 0.049 0.118 0.029 0.250 0.242 0.295 0.424 0.145 0.089 0.057 0.445 0.018 0.028 0.019 0.123 0.139 0.022 0.569 0.052 0.148 0.165 0.221 
 160   (0.273) 0.019 0.262 0.087 0.290 0.460 0.285 0.393 0.185 0.318 0.646 0.031 0.273 0.026 0.310 0.029 0.279 0.050 0.237 0.339 0.659 0.491 0.019 0.462 0.053 0.687 0.110 0.236 0.509 0.025 0.522 
 148   (0.051) 0.003 0.071 0.098 0.048 0.007 0.006 0.029 0.006 0.009 0.004 0.005 0.051 0.004 0.004 0.006 0.005 0.009 0.010 0.021 0.004 0.005 0.004 0.362 0.009 0.006 0.014 0.663 0.004 0.433 0.194 
 144   (0.025) 0.002 0.004 0.004 0.023 0.003 0.003 0.005 0.200 0.004 0.002 0.002 0.025 0.002 0.002 0.002 0.003 0.004 0.197 0.006 0.002 0.002 0.002 0.002 0.004 0.002 0.004 0.002 0.002 0.002 0.004 
 172   (0.012) 0.001 0.002 0.002 0.012 0.002 0.001 0.002 0.250 0.002 0.001 0.001 0.012 0.001 0.001 0.001 0.001 0.002 0.002 0.003 0.001 0.001 0.001 0.001 0.002 0.001 0.002 0.001 0.001 0.001 0.002 

Locus 2 : 
7 alleles
0.0% missing data
 156   (0.310) 0.023 0.411 0.094 0.312 0.184 0.040 0.346 0.767 0.171 0.283 0.495 0.310 0.031 0.193 0.204 0.501 0.065 0.237 0.321 0.492 0.469 0.022 0.381 0.058 0.213 0.123 0.482 0.451 0.575 0.274 
 148   (0.047) 0.003 0.009 0.009 0.043 0.284 0.243 0.012 0.006 0.008 0.245 0.397 0.047 0.003 0.004 0.253 0.004 0.008 0.009 0.015 0.003 0.004 0.003 0.005 0.008 0.004 0.009 0.003 0.004 0.004 0.007 
 160   (0.155) 0.012 0.115 0.135 0.152 0.027 0.211 0.292 0.025 0.030 0.139 0.052 0.156 0.014 0.012 0.017 0.082 0.216 0.253 0.285 0.284 0.017 0.112 0.032 0.188 0.051 0.147 0.455 0.015 0.074 0.026 
 168   (0.123) 0.219 0.369 0.342 0.125 0.020 0.016 0.185 0.017 0.023 0.307 0.014 0.123 0.039 0.155 0.490 0.013 0.024 0.024 0.195 0.130 0.470 0.008 0.121 0.022 0.011 0.064 0.025 0.011 0.086 0.021 
 164   (0.207) 0.220 0.065 0.138 0.208 0.437 0.470 0.121 0.165 0.278 0.015 0.024 0.207 0.901 0.575 0.021 0.382 0.485 0.044 0.131 0.079 0.023 0.210 0.024 0.038 0.437 0.624 0.023 0.135 0.018 0.443 
 152   (0.136) 0.264 0.028 0.278 0.141 0.044 0.016 0.039 0.019 0.487 0.010 0.015 0.136 0.010 0.061 0.014 0.015 0.199 0.430 0.046 0.010 0.015 0.643 0.435 0.682 0.281 0.030 0.010 0.383 0.013 0.227 
 172   (0.021) 0.259 0.004 0.004 0.019 0.003 0.002 0.004 0.002 0.003 0.001 0.002 0.021 0.002 0.001 0.002 0.002 0.003 0.003 0.006 0.001 0.002 0.001 0.002 0.003 0.002 0.003 0.001 0.002 0.230 0.003 

Locus 3 : 
5 alleles
0.4% missing data
 193   (0.147) 0.151 0.031 0.028 0.136 0.129 0.184 0.043 0.258 0.663 0.383 0.473 0.147 0.151 0.011 0.185 0.290 0.029 0.026 0.052 0.010 0.271 0.011 0.017 0.510 0.247 0.029 0.012 0.013 0.088 0.021 
 189   (0.289) 0.021 0.519 0.542 0.283 0.048 0.290 0.283 0.041 0.096 0.242 0.244 0.289 0.641 0.088 0.031 0.262 0.493 0.136 0.276 0.585 0.499 0.435 0.044 0.053 0.318 0.289 0.597 0.367 0.045 0.373 
 181   (0.127) 0.323 0.086 0.110 0.118 0.301 0.016 0.097 0.017 0.024 0.167 0.233 0.127 0.010 0.374 0.738 0.013 0.072 0.024 0.078 0.009 0.014 0.397 0.015 0.022 0.393 0.158 0.022 0.011 0.011 0.019 
 185   (0.360) 0.499 0.349 0.305 0.392 0.512 0.500 0.468 0.478 0.070 0.201 0.043 0.361 0.191 0.272 0.038 0.051 0.391 0.799 0.489 0.168 0.207 0.089 0.693 0.401 0.035 0.509 0.363 0.603 0.849 0.575 
 197   (0.077) 0.005 0.015 0.015 0.072 0.011 0.010 0.109 0.206 0.147 0.006 0.008 0.077 0.007 0.256 0.008 0.384 0.014 0.015 0.105 0.228 0.009 0.068 0.232 0.014 0.007 0.015 0.006 0.007 0.006 0.012 

Locus 4 : 
7 alleles
0.0% missing data
 173   (0.247) 0.017 0.146 0.064 0.251 0.472 0.471 0.189 0.484 0.156 0.125 0.323 0.247 0.027 0.464 0.681 0.029 0.048 0.053 0.181 0.294 0.230 0.017 0.133 0.424 0.195 0.211 0.105 0.320 0.026 0.325 
 169   (0.087) 0.006 0.018 0.016 0.093 0.012 0.011 0.024 0.013 0.587 0.697 0.233 0.086 0.007 0.147 0.008 0.009 0.379 0.114 0.027 0.006 0.009 0.635 0.010 0.015 0.008 0.016 0.007 0.009 0.006 0.140 
 165   (0.259) 0.313 0.592 0.192 0.262 0.043 0.033 0.144 0.344 0.049 0.019 0.239 0.259 0.865 0.126 0.027 0.626 0.053 0.058 0.164 0.305 0.123 0.031 0.443 0.272 0.023 0.448 0.535 0.372 0.400 0.472 
 177   (0.267) 0.655 0.211 0.703 0.264 0.456 0.207 0.588 0.140 0.054 0.052 0.189 0.267 0.024 0.253 0.028 0.110 0.495 0.480 0.528 0.225 0.030 0.307 0.044 0.265 0.760 0.297 0.291 0.025 0.048 0.044 
 185   (0.021) 0.001 0.004 0.003 0.019 0.003 0.003 0.005 0.002 0.003 0.001 0.002 0.021 0.001 0.001 0.002 0.002 0.003 0.004 0.006 0.054 0.002 0.001 0.002 0.003 0.002 0.004 0.001 0.263 0.002 0.003 
 181   (0.093) 0.006 0.024 0.017 0.088 0.011 0.011 0.042 0.013 0.147 0.104 0.011 0.093 0.007 0.006 0.251 0.222 0.017 0.286 0.086 0.007 0.603 0.007 0.366 0.017 0.011 0.019 0.057 0.008 0.516 0.013 
 193   (0.027) 0.002 0.005 0.005 0.024 0.003 0.264 0.008 0.004 0.005 0.002 0.003 0.026 0.068 0.002 0.003 0.003 0.004 0.005 0.008 0.108 0.003 0.002 0.003 0.005 0.002 0.005 0.002 0.002 0.002 0.003 

Locus 5 : 
12 alleles
0.0% missing data
 215   (0.074) 0.005 0.018 0.014 0.071 0.247 0.010 0.231 0.162 0.068 0.005 0.161 0.074 0.006 0.005 0.007 0.314 0.012 0.014 0.215 0.005 0.008 0.005 0.008 0.050 0.007 0.016 0.006 0.029 0.006 0.011 
 207   (0.181) 0.013 0.039 0.038 0.170 0.218 0.113 0.048 0.409 0.696 0.242 0.358 0.181 0.550 0.252 0.108 0.019 0.144 0.456 0.066 0.398 0.363 0.188 0.020 0.122 0.568 0.086 0.015 0.018 0.014 0.029 
 195   (0.105) 0.007 0.198 0.241 0.104 0.029 0.014 0.051 0.016 0.019 0.008 0.409 0.105 0.009 0.140 0.132 0.011 0.018 0.021 0.048 0.007 0.011 0.078 0.013 0.347 0.010 0.420 0.165 0.010 0.009 0.017 
 203   (0.237) 0.017 0.516 0.251 0.227 0.037 0.806 0.335 0.033 0.145 0.240 0.027 0.237 0.020 0.282 0.711 0.491 0.745 0.141 0.291 0.016 0.215 0.612 0.675 0.405 0.074 0.124 0.650 0.023 0.115 0.125 
 199   (0.248) 0.497 0.122 0.076 0.276 0.147 0.037 0.291 0.262 0.046 0.181 0.029 0.248 0.318 0.310 0.027 0.151 0.056 0.338 0.332 0.082 0.388 0.105 0.267 0.048 0.061 0.326 0.115 0.286 0.807 0.557 
 211   (0.046) 0.152 0.010 0.008 0.043 0.308 0.006 0.013 0.006 0.008 0.316 0.005 0.046 0.088 0.003 0.004 0.005 0.007 0.009 0.015 0.484 0.005 0.003 0.005 0.008 0.004 0.008 0.003 0.004 0.003 0.007 
 271   (0.015) 0.001 0.077 0.004 0.014 0.002 0.002 0.005 0.002 0.003 0.001 0.002 0.015 0.001 0.001 0.001 0.001 0.004 0.004 0.004 0.001 0.002 0.001 0.002 0.003 0.002 0.003 0.034 0.002 0.001 0.002 
 191   (0.013) 0.001 0.003 0.002 0.011 0.002 0.002 0.003 0.002 0.002 0.001 0.001 0.013 0.001 0.001 0.001 0.001 0.002 0.002 0.003 0.001 0.001 0.001 0.001 0.002 0.001 0.002 0.001 0.620 0.001 0.002 
 284   (0.027) 0.002 0.006 0.184 0.029 0.004 0.004 0.009 0.003 0.005 0.002 0.003 0.027 0.002 0.002 0.003 0.003 0.005 0.005 0.008 0.002 0.003 0.002 0.003 0.004 0.268 0.005 0.003 0.003 0.002 0.243 
 275   (0.028) 0.002 0.007 0.176 0.031 0.004 0.003 0.008 0.100 0.005 0.002 0.003 0.028 0.002 0.002 0.003 0.003 0.004 0.005 0.008 0.002 0.003 0.002 0.003 0.005 0.002 0.005 0.004 0.003 0.002 0.004 
 279   (0.012) 0.302 0.003 0.002 0.011 0.001 0.001 0.003 0.002 0.002 0.001 0.001 0.012 0.001 0.001 0.001 0.001 0.002 0.002 0.004 0.001 0.001 0.001 0.001 0.002 0.001 0.002 0.001 0.001 0.001 0.001 
 280   (0.014) 0.001 0.003 0.003 0.013 0.002 0.002 0.004 0.002 0.002 0.001 0.002 0.014 0.002 0.001 0.002 0.001 0.002 0.003 0.006 0.001 0.002 0.001 0.002 0.003 0.001 0.002 0.002 0.002 0.038 0.003 

Locus 6 : 
9 alleles
0.0% missing data
 254   (0.070) 0.005 0.016 0.014 0.066 0.155 0.273 0.086 0.010 0.013 0.005 0.105 0.070 0.005 0.243 0.007 0.008 0.012 0.015 0.091 0.005 0.007 0.005 0.428 0.183 0.006 0.027 0.005 0.006 0.005 0.009 
 242   (0.184) 0.012 0.132 0.115 0.173 0.055 0.026 0.107 0.025 0.734 0.462 0.730 0.184 0.121 0.069 0.020 0.346 0.034 0.038 0.114 0.013 0.098 0.013 0.387 0.119 0.016 0.297 0.877 0.368 0.851 0.028 
 238   (0.338) 0.261 0.731 0.408 0.361 0.444 0.489 0.536 0.189 0.061 0.166 0.118 0.338 0.028 0.281 0.040 0.137 0.657 0.476 0.505 0.024 0.037 0.488 0.131 0.365 0.561 0.489 0.068 0.588 0.094 0.509 
 250   (0.119) 0.008 0.052 0.133 0.124 0.303 0.016 0.042 0.270 0.021 0.009 0.014 0.119 0.038 0.388 0.013 0.149 0.027 0.210 0.056 0.872 0.013 0.215 0.017 0.023 0.010 0.029 0.019 0.011 0.017 0.413 
 246   (0.168) 0.706 0.047 0.036 0.164 0.027 0.183 0.195 0.491 0.152 0.099 0.020 0.168 0.799 0.012 0.275 0.349 0.250 0.240 0.192 0.078 0.374 0.049 0.024 0.033 0.015 0.134 0.022 0.016 0.024 0.025 
 230   (0.058) 0.004 0.012 0.283 0.054 0.008 0.007 0.020 0.008 0.009 0.139 0.006 0.058 0.005 0.004 0.196 0.006 0.011 0.010 0.023 0.004 0.006 0.226 0.006 0.266 0.004 0.013 0.004 0.005 0.005 0.008 
 258   (0.017) 0.001 0.003 0.003 0.015 0.002 0.002 0.003 0.002 0.003 0.001 0.002 0.017 0.001 0.001 0.002 0.002 0.003 0.003 0.005 0.001 0.001 0.001 0.002 0.003 0.384 0.003 0.001 0.002 0.001 0.002 
 234   (0.022) 0.001 0.003 0.004 0.021 0.003 0.003 0.005 0.003 0.003 0.002 0.002 0.022 0.002 0.001 0.446 0.002 0.003 0.004 0.006 0.001 0.307 0.002 0.002 0.004 0.002 0.004 0.001 0.002 0.002 0.003 
 226   (0.024) 0.001 0.004 0.004 0.022 0.003 0.003 0.006 0.003 0.004 0.116 0.002 0.024 0.002 0.002 0.002 0.002 0.004 0.004 0.007 0.001 0.155 0.001 0.002 0.004 0.002 0.004 0.002 0.002 0.002 0.003 

Locus 7 : 
5 alleles
0.0% missing data
 149   (0.825) 0.570 0.804 0.527 0.834 0.976 0.505 0.906 0.977 0.800 0.987 0.981 0.826 0.833 0.989 0.552 0.983 0.972 0.968 0.846 0.750 0.982 0.988 0.774 0.969 0.986 0.956 0.715 0.985 0.373 0.976 
 153   (0.098) 0.007 0.180 0.208 0.097 0.014 0.296 0.073 0.014 0.187 0.007 0.011 0.098 0.161 0.007 0.044 0.010 0.017 0.019 0.132 0.045 0.011 0.007 0.218 0.018 0.008 0.031 0.279 0.008 0.400 0.014 
 155   (0.032) 0.210 0.007 0.006 0.029 0.004 0.004 0.010 0.004 0.005 0.002 0.003 0.032 0.003 0.002 0.399 0.003 0.004 0.005 0.009 0.201 0.003 0.002 0.003 0.005 0.002 0.005 0.002 0.003 0.002 0.004 
 157   (0.029) 0.212 0.006 0.006 0.026 0.003 0.193 0.007 0.004 0.005 0.002 0.003 0.029 0.002 0.002 0.003 0.003 0.004 0.005 0.009 0.002 0.003 0.002 0.003 0.005 0.002 0.005 0.002 0.002 0.223 0.004 
 151   (0.016) 0.001 0.003 0.253 0.015 0.002 0.002 0.004 0.002 0.003 0.001 0.002 0.016 0.001 0.001 0.002 0.002 0.002 0.003 0.004 0.001 0.001 0.001 0.002 0.002 0.001 0.003 0.002 0.001 0.001 0.002 

Locus 8 : 
15 alleles
0.4% missing data
 150   (0.095) 0.007 0.100 0.113 0.091 0.060 0.012 0.077 0.013 0.021 0.007 0.303 0.096 0.008 0.310 0.278 0.010 0.016 0.019 0.094 0.007 0.010 0.007 0.016 0.017 0.008 0.203 0.209 0.205 0.439 0.016 
 138   (0.142) 0.010 0.451 0.577 0.137 0.021 0.018 0.420 0.020 0.158 0.106 0.236 0.142 0.012 0.009 0.265 0.021 0.026 0.029 0.348 0.010 0.015 0.010 0.249 0.253 0.012 0.099 0.301 0.013 0.200 0.377 
 158   (0.030) 0.002 0.007 0.005 0.028 0.004 0.004 0.009 0.004 0.006 0.002 0.227 0.030 0.414 0.002 0.195 0.003 0.004 0.005 0.008 0.038 0.003 0.002 0.003 0.005 0.003 0.006 0.002 0.003 0.002 0.004 
 146   (0.214) 0.094 0.335 0.046 0.220 0.409 0.027 0.108 0.253 0.155 0.122 0.176 0.214 0.352 0.015 0.024 0.350 0.456 0.044 0.148 0.015 0.317 0.016 0.359 0.199 0.453 0.269 0.375 0.201 0.281 0.160 
 152   (0.120) 0.008 0.023 0.022 0.126 0.251 0.015 0.033 0.151 0.023 0.009 0.013 0.120 0.013 0.217 0.012 0.012 0.021 0.311 0.041 0.309 0.258 0.289 0.013 0.266 0.010 0.219 0.009 0.266 0.010 0.325 
 148   (0.067) 0.005 0.015 0.012 0.084 0.009 0.464 0.070 0.010 0.013 0.005 0.007 0.067 0.071 0.004 0.006 0.220 0.012 0.014 0.072 0.160 0.363 0.004 0.008 0.012 0.005 0.014 0.006 0.283 0.006 0.068 
 156   (0.023) 0.002 0.004 0.005 0.024 0.003 0.003 0.011 0.005 0.004 0.114 0.003 0.024 0.002 0.001 0.003 0.003 0.004 0.004 0.019 0.065 0.002 0.002 0.003 0.005 0.002 0.006 0.002 0.002 0.002 0.003 
 134   (0.047) 0.003 0.009 0.173 0.042 0.007 0.006 0.013 0.209 0.302 0.003 0.005 0.046 0.006 0.003 0.005 0.004 0.007 0.100 0.015 0.193 0.005 0.003 0.005 0.008 0.004 0.011 0.005 0.004 0.004 0.006 
 142   (0.026) 0.002 0.005 0.005 0.024 0.201 0.019 0.007 0.003 0.005 0.002 0.003 0.026 0.002 0.002 0.002 0.003 0.414 0.005 0.009 0.002 0.003 0.352 0.003 0.005 0.002 0.005 0.002 0.002 0.002 0.003 
 128   (0.115) 0.490 0.027 0.021 0.110 0.019 0.013 0.222 0.316 0.292 0.008 0.013 0.114 0.010 0.295 0.012 0.363 0.020 0.447 0.210 0.008 0.012 0.008 0.327 0.021 0.010 0.145 0.079 0.010 0.043 0.017 
 144   (0.028) 0.002 0.005 0.006 0.026 0.005 0.408 0.007 0.004 0.005 0.002 0.003 0.028 0.103 0.041 0.003 0.003 0.005 0.005 0.009 0.186 0.003 0.002 0.003 0.005 0.002 0.005 0.002 0.002 0.002 0.007 
 168   (0.013) 0.001 0.002 0.002 0.012 0.002 0.002 0.003 0.002 0.002 0.001 0.001 0.013 0.001 0.001 0.001 0.001 0.002 0.002 0.004 0.001 0.001 0.001 0.001 0.189 0.001 0.003 0.001 0.001 0.001 0.002 
 160   (0.027) 0.002 0.005 0.005 0.026 0.003 0.003 0.007 0.004 0.004 0.002 0.003 0.027 0.002 0.002 0.003 0.003 0.004 0.005 0.007 0.002 0.003 0.302 0.003 0.005 0.266 0.005 0.002 0.002 0.002 0.004 
 140   (0.019) 0.371 0.004 0.003 0.018 0.003 0.002 0.005 0.002 0.004 0.001 0.002 0.019 0.001 0.095 0.002 0.002 0.002 0.003 0.004 0.001 0.002 0.001 0.002 0.003 0.001 0.004 0.001 0.002 0.001 0.002 
 136   (0.035) 0.002 0.007 0.006 0.032 0.004 0.004 0.009 0.005 0.006 0.616 0.004 0.035 0.003 0.002 0.190 0.003 0.006 0.006 0.011 0.002 0.004 0.003 0.004 0.006 0.220 0.006 0.003 0.003 0.003 0.005 

Locus 9 : 
4 alleles
0.0% missing data
 184   (0.182) 0.326 0.040 0.038 0.173 0.028 0.195 0.156 0.237 0.032 0.126 0.836 0.182 0.398 0.017 0.019 0.019 0.058 0.074 0.164 0.221 0.201 0.589 0.020 0.208 0.501 0.038 0.014 0.016 0.290 0.405 
 186   (0.486) 0.651 0.329 0.453 0.506 0.152 0.349 0.714 0.718 0.567 0.508 0.126 0.487 0.160 0.107 0.787 0.948 0.881 0.396 0.669 0.430 0.161 0.350 0.740 0.260 0.220 0.268 0.923 0.671 0.605 0.189 
 180   (0.227) 0.016 0.546 0.486 0.218 0.805 0.029 0.068 0.030 0.381 0.358 0.026 0.226 0.331 0.869 0.184 0.022 0.039 0.391 0.080 0.117 0.342 0.017 0.026 0.259 0.020 0.669 0.044 0.303 0.019 0.391 
 182   (0.105) 0.007 0.085 0.023 0.103 0.016 0.427 0.061 0.015 0.020 0.008 0.012 0.105 0.111 0.007 0.011 0.011 0.022 0.138 0.087 0.231 0.296 0.044 0.214 0.273 0.259 0.024 0.018 0.010 0.086 0.016 

Locus 10 : 
7 alleles
0.0% missing data
 176   (0.017) 0.001 0.003 0.003 0.015 0.002 0.002 0.004 0.002 0.002 0.001 0.283 0.017 0.001 0.001 0.002 0.002 0.003 0.003 0.004 0.001 0.001 0.001 0.002 0.003 0.002 0.003 0.001 0.001 0.001 0.002 
 168   (0.177) 0.012 0.067 0.171 0.199 0.032 0.024 0.504 0.026 0.140 0.419 0.390 0.177 0.016 0.027 0.019 0.433 0.038 0.077 0.457 0.013 0.227 0.218 0.224 0.035 0.149 0.340 0.047 0.019 0.068 0.079 
 156   (0.136) 0.010 0.623 0.587 0.135 0.119 0.443 0.158 0.020 0.025 0.118 0.169 0.136 0.012 0.010 0.014 0.117 0.422 0.410 0.166 0.010 0.015 0.131 0.015 0.026 0.013 0.030 0.063 0.089 0.011 0.023 
 160   (0.243) 0.018 0.152 0.052 0.244 0.036 0.379 0.088 0.457 0.048 0.433 0.107 0.243 0.451 0.112 0.268 0.026 0.390 0.093 0.121 0.052 0.134 0.019 0.465 0.218 0.359 0.147 0.258 0.025 0.382 0.473 
 164   (0.209) 0.255 0.112 0.146 0.201 0.031 0.053 0.191 0.263 0.476 0.015 0.026 0.209 0.496 0.014 0.677 0.399 0.040 0.044 0.183 0.419 0.023 0.015 0.270 0.257 0.211 0.085 0.615 0.550 0.522 0.031 
 172   (0.199) 0.703 0.040 0.038 0.189 0.776 0.096 0.051 0.229 0.306 0.014 0.023 0.199 0.021 0.828 0.020 0.021 0.105 0.370 0.063 0.502 0.597 0.615 0.021 0.456 0.265 0.392 0.016 0.314 0.016 0.030 
 152   (0.018) 0.001 0.003 0.003 0.017 0.003 0.003 0.005 0.002 0.003 0.001 0.002 0.018 0.002 0.007 0.002 0.002 0.003 0.003 0.006 0.001 0.002 0.001 0.002 0.003 0.002 0.003 0.002 0.002 0.001 0.361 

Locus 11 : 
7 alleles
0.4% missing data
 177   (0.064) 0.578 0.014 0.012 0.063 0.009 0.008 0.039 0.009 0.036 0.005 0.353 0.064 0.005 0.004 0.006 0.007 0.166 0.013 0.036 0.005 0.488 0.005 0.007 0.011 0.194 0.013 0.005 0.006 0.005 0.343 
 173   (0.189) 0.371 0.300 0.084 0.184 0.134 0.026 0.229 0.026 0.033 0.451 0.238 0.188 0.194 0.012 0.021 0.639 0.044 0.223 0.224 0.580 0.021 0.300 0.184 0.391 0.023 0.044 0.025 0.019 0.017 0.029 
 165   (0.281) 0.019 0.178 0.385 0.288 0.044 0.875 0.487 0.489 0.051 0.098 0.355 0.281 0.040 0.020 0.711 0.039 0.257 0.483 0.481 0.020 0.334 0.020 0.710 0.050 0.563 0.459 0.397 0.030 0.897 0.103 
 169   (0.313) 0.022 0.111 0.232 0.323 0.792 0.042 0.186 0.305 0.502 0.297 0.037 0.313 0.749 0.954 0.208 0.034 0.506 0.252 0.184 0.178 0.140 0.665 0.074 0.522 0.207 0.450 0.045 0.296 0.054 0.503 
 161   (0.094) 0.007 0.385 0.276 0.089 0.013 0.042 0.044 0.013 0.368 0.007 0.010 0.094 0.007 0.006 0.047 0.010 0.018 0.019 0.058 0.120 0.011 0.006 0.018 0.016 0.009 0.023 0.524 0.365 0.022 0.014 
 157   (0.036) 0.003 0.008 0.007 0.032 0.005 0.004 0.009 0.156 0.006 0.142 0.004 0.036 0.003 0.002 0.004 0.003 0.006 0.006 0.010 0.096 0.004 0.002 0.004 0.006 0.003 0.007 0.003 0.003 0.003 0.005 
 153   (0.023) 0.001 0.004 0.004 0.021 0.003 0.003 0.006 0.003 0.003 0.001 0.002 0.022 0.002 0.001 0.002 0.269 0.004 0.004 0.007 0.002 0.002 0.001 0.002 0.004 0.002 0.004 0.002 0.279 0.002 0.003 

Values of parameters used in structure:
DATAFILE=/data/home/rchen/Hunting/blackgrouse-hunting/data_job_T30_8,	OUTFILE=data/structure/Results_stru_chicks_hunted/results_job_T30_8,	NUMINDS=236,	NUMLOCI=11,	MISSING=-9,	LABEL=1,	POPDATA=1,	POPFLAG=0,	PHENOTYPE=0,	EXTRACOLS=0,	MAXPOPS=30,	BURNIN=10000,	NUMREPS=10000,	USEPOPINFO=0,	INFERALPHA=1,	INFERLAMBDA=0,	POPSPECIFICLAMBDA=0,	POPALPHAS=0,	COMPUTEPROB=1,	NOADMIX=0,	ADMBURNIN=2500,	UPDATEFREQ=1,	PRINTLIKES=0,	INTERMEDSAVE=0,	PRINTKLD=0,	PRINTNET=0,	PRINTLAMBDA=0,	ANCESTDIST=0,	NUMBOXES=1000,	ANCESTPINT=0.90000,	GENSBACK=2,	MIGRPRIOR=0.05000,	PRINTQHAT=1,	PRINTQSUM=0,	ALPHA=1.0000,	FREQSCORR=1,	FPRIORMEAN=0.0100,	FPRIORSD=0.0500,	ONEFST=0,	LAMBDA=1.0000,	UNIFPRIORALPHA=1,	ALPHAMAX=10.0000,	ALPHAPRIORA=1.0000,	ALPHAPRIORB=2.0000,	ALPHAPROPSD=0.0250,	STARTATPOPINFO=0,	RANDOMIZE=1,	LINKAGE=0,	METROFREQ=10,	REPORTHITRATE=0,	MARKOVPHASE=-1,	PHASED=0,	PLOIDY=2,	PHASEINFO=0	LOCPRIOR=0, 	LOCPRIORINIT=1.000000, 	LOCDATA=0, 	LOCISPOP=0, 	LOCPRIORSTEP=0.100000, 	MAXLOCPRIOR=20.000000, 	SEED=1653047971,	
[STRAT parameters]:    NUMSIMSTATS=1000,	PHENOTYPECOL=-9,	POOLFREQ=10,	LOCUSxONLY=0,	EMERROR=0.00100,	MISSINGPHENO=-9,	