

----------------------------------------------------
STRUCTURE by Pritchard, Stephens and Donnelly (2000)
     and Falush, Stephens and Pritchard (2003)
       Code by Pritchard, Falush and Hubisz
             Version 2.3.4 (Jul 2012)
----------------------------------------------------



Command line arguments:   /usr/local/bin/structure -m parameter_job_T31_6 
Input File:    /data/home/rchen/Hunting/blackgrouse-hunting/data_job_T31_6

Run parameters:
   236 individuals
   11 loci
   31 populations assumed
   10000 Burn-in period
   10000 Reps


--------------------------------------------
Proportion of membership of each pre-defined
 population in each of the 31 clusters

Given    Inferred Clusters                                                                                                                                                                                                           Number of
 Pop       1      2      3      4      5      6      7      8      9     10     11     12     13     14     15     16     17     18     19     20     21     22     23     24     25     26     27     28     29     30     31      Individuals

  1:     0.071  0.005  0.068  0.008  0.010  0.030  0.039  0.005  0.036  0.006  0.042  0.044  0.044  0.047  0.075  0.038  0.025  0.033  0.013  0.008  0.005  0.048  0.048  0.040  0.030  0.005  0.028  0.032  0.036  0.029  0.051      187
 12:     0.005  0.160  0.007  0.006  0.007  0.005  0.006  0.131  0.006  0.170  0.007  0.006  0.006  0.006  0.004  0.004  0.007  0.005  0.006  0.007  0.082  0.004  0.004  0.008  0.007  0.306  0.006  0.005  0.005  0.005  0.006       49
--------------------------------------------

Allele-freq. divergence among pops (Net nucleotide distance),
computed using point estimates of P.

      1       2       3       4       5       6       7       8       9      10      11      12      13      14      15      16      17      18      19      20      21      22      23      24      25      26      27      28      29      30      31      
 1      -    0.1870  0.1742  0.1122  0.1183  0.2128  0.2444  0.2580  0.1443  0.2052  0.2670  0.3176  0.2698  0.1866  0.2039  0.2573  0.1970  0.0578  0.1188  0.1112  0.1841  0.2380  0.1964  0.2626  0.2209  0.2095  0.1625  0.1645  0.1461  0.0982  0.3466  
 2   0.1870     -    0.2221  0.0877  0.0940  0.1989  0.2217  0.2243  0.1529  0.1602  0.1774  0.2401  0.1869  0.1465  0.1566  0.2109  0.1621  0.1813  0.0940  0.0867  0.1940  0.2033  0.1788  0.1823  0.1704  0.1585  0.1494  0.1353  0.1666  0.1649  0.2357  
 3   0.1742  0.2221     -    0.1125  0.1131  0.1752  0.2712  0.2605  0.1828  0.1731  0.2228  0.2692  0.2174  0.2257  0.2222  0.2222  0.1615  0.1876  0.1169  0.1114  0.1930  0.2253  0.1981  0.2427  0.1983  0.1855  0.1670  0.1599  0.1097  0.2007  0.3495  
 4   0.1122  0.0877  0.1125     -    0.0010  0.0790  0.1514  0.1345  0.0709  0.0896  0.1160  0.1112  0.0943  0.0599  0.1021  0.1075  0.0430  0.0976  0.0028  0.0000  0.1112  0.1375  0.0814  0.0861  0.0567  0.0883  0.0457  0.0634  0.0665  0.0715  0.1418  
 5   0.1183  0.0940  0.1131  0.0010     -    0.0736  0.1629  0.1303  0.0752  0.0908  0.1225  0.1063  0.0943  0.0630  0.1081  0.1050  0.0318  0.1023  0.0028  0.0012  0.1177  0.1411  0.0829  0.0829  0.0519  0.0908  0.0438  0.0649  0.0704  0.0758  0.1419  
 6   0.2128  0.1989  0.1752  0.0790  0.0736     -    0.2503  0.1999  0.1656  0.1754  0.2088  0.1728  0.2083  0.1965  0.2047  0.1652  0.0771  0.1930  0.0705  0.0789  0.2090  0.2186  0.1814  0.1888  0.1225  0.1944  0.0650  0.1209  0.1415  0.1402  0.2380  
 7   0.2444  0.2217  0.2712  0.1514  0.1629  0.2503     -    0.3294  0.1834  0.2456  0.2609  0.2892  0.2083  0.1960  0.2329  0.2867  0.2514  0.2509  0.1595  0.1507  0.2474  0.2705  0.2569  0.2952  0.2643  0.2693  0.2140  0.2418  0.2288  0.1576  0.3238  
 8   0.2580  0.2243  0.2605  0.1345  0.1303  0.1999  0.3294     -    0.2753  0.2452  0.2457  0.2142  0.2322  0.1842  0.2771  0.1849  0.1353  0.2777  0.1411  0.1339  0.2404  0.2688  0.2500  0.1900  0.2260  0.2156  0.1960  0.2559  0.2042  0.2500  0.2360  
 9   0.1443  0.1529  0.1828  0.0709  0.0752  0.1656  0.1834  0.2753     -    0.1548  0.2072  0.2175  0.2087  0.1301  0.1702  0.1980  0.1324  0.1371  0.0695  0.0712  0.2229  0.2349  0.1311  0.1611  0.1398  0.1641  0.1039  0.1380  0.1386  0.1120  0.2241  
10   0.2052  0.1602  0.1731  0.0896  0.0908  0.1754  0.2456  0.2452  0.1548     -    0.1731  0.2466  0.2321  0.1580  0.1968  0.1865  0.1388  0.1711  0.0989  0.0896  0.1943  0.2189  0.2020  0.2038  0.1489  0.1726  0.1647  0.1544  0.1594  0.1774  0.2891  
11   0.2670  0.1774  0.2228  0.1160  0.1225  0.2088  0.2609  0.2457  0.2072  0.1731     -    0.2231  0.2013  0.1870  0.2329  0.2533  0.1955  0.2603  0.1250  0.1151  0.1742  0.2458  0.2399  0.2349  0.1769  0.1579  0.1677  0.2141  0.1685  0.1980  0.2337  
12   0.3176  0.2401  0.2692  0.1112  0.1063  0.1728  0.2892  0.2142  0.2175  0.2466  0.2231     -    0.1507  0.1860  0.2217  0.2193  0.1148  0.3059  0.1070  0.1119  0.2018  0.2920  0.1591  0.1121  0.1743  0.2083  0.1263  0.2235  0.2140  0.2185  0.1284  
13   0.2698  0.1869  0.2174  0.0943  0.0943  0.2083  0.2083  0.2322  0.2087  0.2321  0.2013  0.1507     -    0.1356  0.1678  0.2338  0.1372  0.2600  0.0963  0.0943  0.1907  0.2134  0.1615  0.1370  0.1183  0.1658  0.1447  0.1875  0.1792  0.1930  0.2370  
14   0.1866  0.1465  0.2257  0.0599  0.0630  0.1965  0.1960  0.1842  0.1301  0.1580  0.1870  0.1860  0.1356     -    0.1524  0.1792  0.1193  0.1678  0.0705  0.0605  0.1742  0.1946  0.1433  0.1292  0.1097  0.1707  0.1472  0.1127  0.1517  0.1496  0.1794  
15   0.2039  0.1566  0.2222  0.1021  0.1081  0.2047  0.2329  0.2771  0.1702  0.1968  0.2329  0.2217  0.1678  0.1524     -    0.2507  0.1876  0.1815  0.1108  0.1014  0.2201  0.2370  0.1750  0.2308  0.1760  0.1820  0.1654  0.1645  0.1824  0.2219  0.3056  
16   0.2573  0.2109  0.2222  0.1075  0.1050  0.1652  0.2867  0.1849  0.1980  0.1865  0.2533  0.2193  0.2338  0.1792  0.2507     -    0.1168  0.2307  0.1074  0.1076  0.2785  0.2874  0.2259  0.1509  0.1515  0.2295  0.1450  0.1727  0.1849  0.1851  0.2288  
17   0.1970  0.1621  0.1615  0.0430  0.0318  0.0771  0.2514  0.1353  0.1324  0.1388  0.1955  0.1148  0.1372  0.1193  0.1876  0.1168     -    0.1737  0.0365  0.0442  0.1983  0.2005  0.1318  0.1004  0.0704  0.1478  0.0629  0.1179  0.1312  0.1266  0.1659  
18   0.0578  0.1813  0.1876  0.0976  0.1023  0.1930  0.2509  0.2777  0.1371  0.1711  0.2603  0.3059  0.2600  0.1678  0.1815  0.2307  0.1737     -    0.1028  0.0975  0.2102  0.2442  0.1680  0.2557  0.1770  0.1913  0.1447  0.1405  0.1360  0.0947  0.3376  
19   0.1188  0.0940  0.1169  0.0028  0.0028  0.0705  0.1595  0.1411  0.0695  0.0989  0.1250  0.1070  0.0963  0.0705  0.1108  0.1074  0.0365  0.1028     -    0.0031  0.1243  0.1491  0.0803  0.0875  0.0596  0.0916  0.0276  0.0686  0.0717  0.0722  0.1490  
20   0.1112  0.0867  0.1114  0.0000  0.0012  0.0789  0.1507  0.1339  0.0712  0.0896  0.1151  0.1119  0.0943  0.0605  0.1014  0.1076  0.0442  0.0975  0.0031     -    0.1097  0.1365  0.0812  0.0865  0.0581  0.0878  0.0460  0.0633  0.0656  0.0718  0.1421  
21   0.1841  0.1940  0.1930  0.1112  0.1177  0.2090  0.2474  0.2404  0.2229  0.1943  0.1742  0.2018  0.1907  0.1742  0.2201  0.2785  0.1983  0.2102  0.1243  0.1097     -    0.2316  0.1796  0.2083  0.2229  0.1346  0.1817  0.1822  0.1423  0.2062  0.2571  
22   0.2380  0.2033  0.2253  0.1375  0.1411  0.2186  0.2705  0.2688  0.2349  0.2189  0.2458  0.2920  0.2134  0.1946  0.2370  0.2874  0.2005  0.2442  0.1491  0.1365  0.2316     -    0.2395  0.2502  0.1805  0.2598  0.2109  0.1640  0.1889  0.2230  0.2726  
23   0.1964  0.1788  0.1981  0.0814  0.0829  0.1814  0.2569  0.2500  0.1311  0.2020  0.2399  0.1591  0.1615  0.1433  0.1750  0.2259  0.1318  0.1680  0.0803  0.0812  0.1796  0.2395     -    0.1651  0.1580  0.1905  0.1184  0.1473  0.1393  0.1498  0.2084  
24   0.2626  0.1823  0.2427  0.0861  0.0829  0.1888  0.2952  0.1900  0.1611  0.2038  0.2349  0.1121  0.1370  0.1292  0.2308  0.1509  0.1004  0.2557  0.0875  0.0865  0.2083  0.2502  0.1651     -    0.1312  0.1728  0.1385  0.1404  0.1557  0.1936  0.1135  
25   0.2209  0.1704  0.1983  0.0567  0.0519  0.1225  0.2643  0.2260  0.1398  0.1489  0.1769  0.1743  0.1183  0.1097  0.1760  0.1515  0.0704  0.1770  0.0596  0.0581  0.2229  0.1805  0.1580  0.1312     -    0.1492  0.1047  0.0964  0.1602  0.1323  0.2014  
26   0.2095  0.1585  0.1855  0.0883  0.0908  0.1944  0.2693  0.2156  0.1641  0.1726  0.1579  0.2083  0.1658  0.1707  0.1820  0.2295  0.1478  0.1913  0.0916  0.0878  0.1346  0.2598  0.1905  0.1728  0.1492     -    0.1375  0.1758  0.1663  0.1933  0.2536  
27   0.1625  0.1494  0.1670  0.0457  0.0438  0.0650  0.2140  0.1960  0.1039  0.1647  0.1677  0.1263  0.1447  0.1472  0.1654  0.1450  0.0629  0.1447  0.0276  0.0460  0.1817  0.2109  0.1184  0.1385  0.1047  0.1375     -    0.1106  0.1140  0.1053  0.2016  
28   0.1645  0.1353  0.1599  0.0634  0.0649  0.1209  0.2418  0.2559  0.1380  0.1544  0.2141  0.2235  0.1875  0.1127  0.1645  0.1727  0.1179  0.1405  0.0686  0.0633  0.1822  0.1640  0.1473  0.1404  0.0964  0.1758  0.1106     -    0.1174  0.1206  0.2097  
29   0.1461  0.1666  0.1097  0.0665  0.0704  0.1415  0.2288  0.2042  0.1386  0.1594  0.1685  0.2140  0.1792  0.1517  0.1824  0.1849  0.1312  0.1360  0.0717  0.0656  0.1423  0.1889  0.1393  0.1557  0.1602  0.1663  0.1140  0.1174     -    0.1355  0.2616  
30   0.0982  0.1649  0.2007  0.0715  0.0758  0.1402  0.1576  0.2500  0.1120  0.1774  0.1980  0.2185  0.1930  0.1496  0.2219  0.1851  0.1266  0.0947  0.0722  0.0718  0.2062  0.2230  0.1498  0.1936  0.1323  0.1933  0.1053  0.1206  0.1355     -    0.2228  
31   0.3466  0.2357  0.3495  0.1418  0.1419  0.2380  0.3238  0.2360  0.2241  0.2891  0.2337  0.1284  0.2370  0.1794  0.3056  0.2288  0.1659  0.3376  0.1490  0.1421  0.2571  0.2726  0.2084  0.1135  0.2014  0.2536  0.2016  0.2097  0.2616  0.2228     -    

Average distances (expected heterozygosity) between individuals in same cluster:
cluster  1  : 0.5003 
cluster  2  : 0.5864 
cluster  3  : 0.5263 
cluster  4  : 0.7413 
cluster  5  : 0.7305 
cluster  6  : 0.6498 
cluster  7  : 0.4425 
cluster  8  : 0.5368 
cluster  9  : 0.5761 
cluster 10  : 0.5486 
cluster 11  : 0.5666 
cluster 12  : 0.4998 
cluster 13  : 0.5357 
cluster 14  : 0.5771 
cluster 15  : 0.5782 
cluster 16  : 0.5772 
cluster 17  : 0.6060 
cluster 18  : 0.5167 
cluster 19  : 0.7264 
cluster 20  : 0.7451 
cluster 21  : 0.5544 
cluster 22  : 0.5454 
cluster 23  : 0.5464 
cluster 24  : 0.5474 
cluster 25  : 0.5840 
cluster 26  : 0.5835 
cluster 27  : 0.6492 
cluster 28  : 0.5852 
cluster 29  : 0.6168 
cluster 30  : 0.5571 
cluster 31  : 0.4983 

--------------------------------------------
Estimated Ln Prob of Data   = -6194.3
Mean value of ln likelihood = -5566.3
Variance of ln likelihood   = 1256.0
Mean value of alpha         = 0.0305

Mean value of Fst_1         = 0.3642
Mean value of Fst_2         = 0.3478
Mean value of Fst_3         = 0.4005
Mean value of Fst_4         = 0.0349
Mean value of Fst_5         = 0.0730
Mean value of Fst_6         = 0.2933
Mean value of Fst_7         = 0.4722
Mean value of Fst_8         = 0.4112
Mean value of Fst_9         = 0.3566
Mean value of Fst_10         = 0.3740
Mean value of Fst_11         = 0.3710
Mean value of Fst_12         = 0.4342
Mean value of Fst_13         = 0.3870
Mean value of Fst_14         = 0.3081
Mean value of Fst_15         = 0.3342
Mean value of Fst_16         = 0.3671
Mean value of Fst_17         = 0.3320
Mean value of Fst_18         = 0.3846
Mean value of Fst_19         = 0.1229
Mean value of Fst_20         = 0.0002
Mean value of Fst_21         = 0.3804
Mean value of Fst_22         = 0.4640
Mean value of Fst_23         = 0.3968
Mean value of Fst_24         = 0.3892
Mean value of Fst_25         = 0.3136
Mean value of Fst_26         = 0.3056
Mean value of Fst_27         = 0.2521
Mean value of Fst_28         = 0.3002
Mean value of Fst_29         = 0.2820
Mean value of Fst_30         = 0.3424
Mean value of Fst_31         = 0.4277


Inferred ancestry of individuals:
        Label (%Miss) Pop:  Inferred clusters
  1   H105.1    (0)    1 :  0.004 0.003 0.004 0.004 0.004 0.002 0.003 0.002 0.003 0.002 0.902 0.002 0.004 0.002 0.003 0.003 0.003 0.003 0.004 0.003 0.004 0.002 0.002 0.004 0.008 0.003 0.004 0.002 0.005 0.002 0.002 
  2   H105.2    (0)    1 :  0.002 0.003 0.007 0.004 0.005 0.004 0.003 0.004 0.003 0.007 0.866 0.003 0.006 0.004 0.002 0.006 0.004 0.003 0.006 0.005 0.003 0.003 0.007 0.003 0.005 0.003 0.008 0.003 0.007 0.005 0.004 
  3   H105.3    (0)    1 :  0.003 0.003 0.005 0.003 0.003 0.002 0.002 0.003 0.003 0.003 0.916 0.003 0.003 0.002 0.003 0.002 0.002 0.002 0.003 0.003 0.003 0.002 0.002 0.002 0.003 0.005 0.003 0.002 0.003 0.003 0.002 
  4   H105.4    (0)    1 :  0.002 0.003 0.004 0.004 0.004 0.004 0.005 0.003 0.002 0.006 0.886 0.005 0.006 0.003 0.003 0.003 0.004 0.003 0.006 0.005 0.003 0.004 0.002 0.003 0.004 0.004 0.005 0.005 0.003 0.004 0.003 
  5   H105.5    (0)    1 :  0.004 0.003 0.003 0.010 0.011 0.005 0.004 0.003 0.004 0.007 0.801 0.007 0.006 0.004 0.004 0.007 0.011 0.006 0.007 0.006 0.004 0.003 0.002 0.007 0.035 0.004 0.007 0.005 0.008 0.006 0.005 
  6   H105.6    (0)    1 :  0.004 0.003 0.005 0.006 0.007 0.004 0.013 0.007 0.004 0.009 0.834 0.013 0.004 0.006 0.004 0.003 0.006 0.002 0.006 0.006 0.004 0.005 0.003 0.006 0.004 0.005 0.003 0.005 0.003 0.005 0.009 
  7   H105.7    (0)    1 :  0.003 0.003 0.005 0.008 0.007 0.004 0.003 0.005 0.006 0.006 0.816 0.005 0.006 0.013 0.004 0.006 0.006 0.004 0.009 0.007 0.008 0.002 0.003 0.006 0.010 0.015 0.006 0.005 0.007 0.004 0.006 
  8   H105.8    (0)    1 :  0.002 0.003 0.008 0.003 0.003 0.003 0.002 0.003 0.002 0.003 0.910 0.003 0.003 0.002 0.002 0.003 0.003 0.002 0.003 0.004 0.003 0.003 0.003 0.002 0.003 0.003 0.002 0.002 0.004 0.004 0.003 
  9   H115.1    (0)    1 :  0.011 0.003 0.011 0.008 0.098 0.023 0.003 0.053 0.005 0.022 0.004 0.021 0.006 0.003 0.004 0.004 0.586 0.007 0.021 0.015 0.003 0.003 0.006 0.006 0.032 0.006 0.016 0.003 0.004 0.007 0.006 
 10   H115.2    (0)    1 :  0.005 0.003 0.003 0.013 0.081 0.064 0.004 0.008 0.009 0.004 0.004 0.058 0.004 0.005 0.004 0.005 0.508 0.005 0.019 0.011 0.003 0.004 0.009 0.040 0.018 0.005 0.049 0.005 0.011 0.020 0.018 
 11   H115.3    (0)    1 :  0.009 0.003 0.003 0.011 0.012 0.066 0.003 0.004 0.008 0.003 0.006 0.179 0.005 0.003 0.004 0.003 0.014 0.008 0.061 0.008 0.003 0.004 0.005 0.008 0.010 0.007 0.510 0.006 0.004 0.009 0.022 
 12   H115.4    (0)    1 :  0.015 0.003 0.029 0.011 0.008 0.145 0.004 0.006 0.015 0.004 0.004 0.030 0.012 0.004 0.006 0.008 0.012 0.012 0.100 0.015 0.004 0.006 0.007 0.004 0.007 0.003 0.494 0.007 0.013 0.007 0.004 
 13   H115.5    (0)    1 :  0.052 0.003 0.010 0.033 0.027 0.114 0.005 0.024 0.012 0.007 0.030 0.217 0.007 0.006 0.011 0.009 0.020 0.014 0.055 0.028 0.007 0.008 0.005 0.007 0.015 0.005 0.168 0.008 0.006 0.036 0.052 
 14   H115.6    (0)    1 :  0.009 0.006 0.004 0.009 0.015 0.014 0.006 0.003 0.025 0.004 0.004 0.182 0.004 0.005 0.004 0.004 0.008 0.025 0.064 0.016 0.006 0.002 0.022 0.017 0.010 0.008 0.478 0.008 0.007 0.016 0.015 
 15   H115.7    (0)    1 :  0.007 0.005 0.004 0.015 0.025 0.024 0.005 0.080 0.005 0.007 0.004 0.016 0.014 0.007 0.007 0.008 0.145 0.010 0.149 0.016 0.003 0.003 0.009 0.017 0.015 0.008 0.368 0.004 0.006 0.007 0.005 
 16   H115.8    (0)    1 :  0.013 0.004 0.005 0.017 0.020 0.079 0.004 0.005 0.010 0.004 0.010 0.300 0.004 0.004 0.004 0.007 0.066 0.009 0.023 0.021 0.008 0.002 0.013 0.008 0.017 0.010 0.268 0.009 0.009 0.036 0.012 
 17   H115.9    (0)    1 :  0.009 0.003 0.011 0.016 0.078 0.016 0.003 0.015 0.006 0.014 0.006 0.305 0.005 0.003 0.003 0.005 0.282 0.009 0.010 0.015 0.004 0.004 0.005 0.054 0.045 0.011 0.034 0.006 0.005 0.007 0.013 
 18   H145.1    (0)    1 :  0.006 0.008 0.003 0.008 0.007 0.004 0.005 0.003 0.015 0.006 0.002 0.010 0.010 0.013 0.790 0.004 0.007 0.004 0.013 0.007 0.003 0.004 0.015 0.010 0.011 0.006 0.006 0.005 0.003 0.005 0.006 
 19   H145.2    (0)    1 :  0.005 0.005 0.005 0.009 0.008 0.004 0.008 0.002 0.008 0.003 0.003 0.008 0.006 0.005 0.830 0.002 0.004 0.005 0.007 0.008 0.004 0.006 0.009 0.003 0.007 0.007 0.005 0.007 0.005 0.006 0.006 
 20   H145.3    (0)    1 :  0.002 0.003 0.002 0.003 0.003 0.003 0.002 0.002 0.002 0.003 0.002 0.004 0.003 0.004 0.899 0.002 0.002 0.002 0.003 0.004 0.003 0.003 0.021 0.002 0.003 0.002 0.003 0.002 0.002 0.002 0.002 
 21   H145.4    (0)    1 :  0.004 0.005 0.003 0.005 0.006 0.002 0.004 0.003 0.006 0.007 0.003 0.006 0.008 0.023 0.847 0.004 0.005 0.004 0.004 0.006 0.003 0.002 0.004 0.005 0.004 0.008 0.004 0.004 0.004 0.003 0.003 
 22   H145.5    (0)    1 :  0.003 0.004 0.003 0.004 0.004 0.002 0.002 0.002 0.003 0.003 0.002 0.003 0.004 0.005 0.878 0.003 0.003 0.003 0.004 0.004 0.004 0.002 0.033 0.002 0.004 0.003 0.004 0.002 0.003 0.002 0.002 
 23   H145.6    (0)    1 :  0.007 0.005 0.003 0.006 0.006 0.002 0.007 0.003 0.008 0.003 0.002 0.005 0.004 0.008 0.865 0.002 0.004 0.004 0.005 0.005 0.003 0.004 0.004 0.003 0.006 0.007 0.004 0.004 0.003 0.005 0.004 
 24   H145.7    (0)    1 :  0.007 0.005 0.003 0.004 0.005 0.004 0.004 0.002 0.005 0.003 0.002 0.002 0.004 0.004 0.891 0.002 0.003 0.007 0.003 0.004 0.003 0.002 0.004 0.003 0.004 0.003 0.004 0.003 0.003 0.004 0.002 
 25   H149.1    (0)    1 :  0.670 0.005 0.003 0.005 0.006 0.003 0.003 0.003 0.006 0.005 0.003 0.002 0.002 0.005 0.004 0.003 0.004 0.210 0.004 0.005 0.002 0.003 0.008 0.003 0.005 0.003 0.004 0.006 0.003 0.010 0.004 
 26   H149.2    (0)    1 :  0.034 0.004 0.002 0.003 0.004 0.003 0.003 0.003 0.004 0.004 0.003 0.002 0.003 0.005 0.004 0.003 0.004 0.861 0.004 0.004 0.004 0.002 0.004 0.005 0.004 0.003 0.004 0.003 0.004 0.008 0.002 
 27   H149.3    (0)    1 :  0.037 0.004 0.008 0.022 0.015 0.005 0.004 0.004 0.006 0.007 0.005 0.004 0.009 0.008 0.015 0.007 0.006 0.709 0.014 0.010 0.005 0.005 0.008 0.007 0.016 0.010 0.012 0.019 0.008 0.008 0.003 
 28   H149.4    (0)    1 :  0.198 0.003 0.015 0.010 0.011 0.005 0.003 0.004 0.008 0.006 0.008 0.005 0.002 0.004 0.004 0.004 0.006 0.592 0.007 0.006 0.012 0.005 0.014 0.005 0.004 0.005 0.004 0.012 0.009 0.020 0.010 
 29   H149.5    (0)    1 :  0.006 0.002 0.005 0.005 0.004 0.002 0.004 0.003 0.003 0.003 0.003 0.002 0.007 0.003 0.006 0.003 0.004 0.883 0.004 0.004 0.004 0.004 0.003 0.003 0.004 0.007 0.005 0.003 0.007 0.004 0.002 
 30   H149.6    (0)    1 :  0.013 0.003 0.003 0.003 0.002 0.003 0.003 0.002 0.004 0.003 0.002 0.002 0.002 0.003 0.003 0.002 0.003 0.907 0.003 0.003 0.002 0.003 0.003 0.002 0.003 0.002 0.002 0.003 0.003 0.005 0.002 
 31   H149.7    (0)    1 :  0.009 0.005 0.013 0.011 0.007 0.006 0.006 0.003 0.006 0.007 0.004 0.003 0.004 0.015 0.005 0.007 0.006 0.792 0.009 0.007 0.009 0.004 0.006 0.003 0.009 0.008 0.007 0.014 0.006 0.007 0.004 
 32   H150.1    (0)    1 :  0.002 0.003 0.002 0.010 0.012 0.007 0.003 0.003 0.004 0.005 0.005 0.747 0.003 0.004 0.003 0.003 0.009 0.002 0.012 0.008 0.004 0.002 0.003 0.008 0.006 0.004 0.060 0.003 0.003 0.005 0.053 
 33   H150.2    (0)    1 :  0.006 0.004 0.003 0.008 0.008 0.028 0.005 0.009 0.004 0.003 0.004 0.059 0.004 0.004 0.002 0.010 0.121 0.003 0.136 0.010 0.004 0.003 0.010 0.009 0.003 0.005 0.483 0.003 0.003 0.006 0.037 
 34   H150.3    (0)    1 :  0.007 0.008 0.003 0.018 0.023 0.009 0.004 0.039 0.008 0.006 0.006 0.420 0.009 0.008 0.006 0.013 0.161 0.004 0.058 0.012 0.005 0.003 0.040 0.028 0.007 0.009 0.048 0.003 0.005 0.011 0.020 
 35   H150.4    (0)    1 :  0.003 0.005 0.002 0.004 0.005 0.004 0.003 0.006 0.006 0.005 0.004 0.792 0.004 0.005 0.005 0.006 0.010 0.003 0.006 0.005 0.004 0.002 0.006 0.016 0.005 0.004 0.011 0.002 0.003 0.003 0.060 
 36   H150.5    (0)    1 :  0.004 0.005 0.003 0.021 0.023 0.052 0.005 0.006 0.009 0.005 0.006 0.073 0.006 0.007 0.004 0.010 0.126 0.006 0.104 0.021 0.004 0.003 0.007 0.042 0.013 0.013 0.375 0.005 0.006 0.016 0.021 
 37   H150.6    (0)    1 :  0.003 0.005 0.002 0.013 0.010 0.016 0.007 0.003 0.004 0.006 0.005 0.015 0.004 0.003 0.005 0.005 0.049 0.004 0.181 0.009 0.003 0.003 0.003 0.003 0.003 0.004 0.604 0.005 0.011 0.007 0.004 
 38   H150.7    (0)    1 :  0.003 0.003 0.002 0.005 0.005 0.003 0.003 0.003 0.004 0.003 0.007 0.817 0.005 0.003 0.003 0.003 0.007 0.003 0.005 0.005 0.003 0.002 0.009 0.009 0.003 0.003 0.009 0.003 0.004 0.008 0.053 
 39 H169607.1    (0)    1 :  0.005 0.007 0.008 0.020 0.014 0.005 0.008 0.005 0.013 0.003 0.003 0.005 0.740 0.007 0.013 0.008 0.015 0.006 0.018 0.017 0.003 0.004 0.011 0.005 0.019 0.004 0.009 0.005 0.004 0.011 0.006 
 40 H169607.2    (0)    1 :  0.002 0.003 0.003 0.003 0.003 0.002 0.005 0.003 0.002 0.003 0.003 0.004 0.906 0.003 0.003 0.002 0.003 0.002 0.003 0.004 0.004 0.003 0.003 0.006 0.004 0.004 0.003 0.003 0.003 0.002 0.003 
 41 H169607.3    (0)    1 :  0.004 0.004 0.010 0.015 0.022 0.006 0.005 0.003 0.009 0.005 0.005 0.009 0.639 0.008 0.016 0.007 0.014 0.006 0.010 0.009 0.004 0.005 0.010 0.003 0.126 0.004 0.010 0.009 0.008 0.010 0.005 
 42 H169607.4    (0)    1 :  0.002 0.010 0.003 0.004 0.004 0.003 0.008 0.002 0.005 0.003 0.003 0.005 0.874 0.004 0.005 0.003 0.003 0.003 0.004 0.004 0.004 0.003 0.008 0.004 0.007 0.004 0.003 0.003 0.002 0.004 0.006 
 43 H169607.5    (0)    1 :  0.003 0.003 0.003 0.007 0.007 0.003 0.003 0.004 0.003 0.003 0.002 0.005 0.773 0.008 0.005 0.006 0.007 0.002 0.004 0.007 0.003 0.004 0.003 0.010 0.090 0.005 0.007 0.008 0.004 0.005 0.003 
 44 H169607.6    (0)    1 :  0.002 0.002 0.003 0.003 0.003 0.002 0.004 0.002 0.002 0.002 0.003 0.004 0.918 0.003 0.002 0.002 0.003 0.002 0.003 0.003 0.003 0.002 0.003 0.003 0.003 0.003 0.002 0.002 0.004 0.003 0.002 
 45 H169607.7    (0)    1 :  0.003 0.003 0.014 0.005 0.004 0.010 0.004 0.002 0.003 0.002 0.005 0.008 0.826 0.004 0.007 0.007 0.004 0.003 0.011 0.006 0.004 0.003 0.006 0.004 0.007 0.003 0.022 0.011 0.004 0.003 0.002 
 46 H169607.8    (0)    1 :  0.002 0.005 0.002 0.004 0.004 0.003 0.004 0.003 0.002 0.006 0.004 0.005 0.881 0.003 0.004 0.003 0.004 0.004 0.005 0.004 0.005 0.004 0.004 0.004 0.008 0.004 0.004 0.004 0.003 0.004 0.003 
 47 H169633.1    (0)    1 :  0.768 0.004 0.003 0.019 0.015 0.005 0.006 0.014 0.009 0.004 0.003 0.003 0.003 0.006 0.009 0.020 0.008 0.011 0.017 0.009 0.003 0.004 0.006 0.007 0.005 0.007 0.009 0.004 0.004 0.012 0.005 
 48 H169633.2    (0)    1 :  0.649 0.004 0.006 0.020 0.017 0.006 0.007 0.007 0.090 0.009 0.012 0.002 0.002 0.005 0.010 0.016 0.012 0.026 0.019 0.016 0.004 0.006 0.002 0.002 0.004 0.003 0.012 0.005 0.008 0.016 0.003 
 49 H169633.3    (0)    1 :  0.719 0.004 0.005 0.009 0.012 0.006 0.007 0.007 0.007 0.008 0.003 0.004 0.003 0.019 0.006 0.007 0.015 0.031 0.016 0.014 0.010 0.009 0.005 0.005 0.009 0.005 0.010 0.020 0.006 0.013 0.007 
 50 H169633.4    (0)    1 :  0.803 0.005 0.004 0.011 0.011 0.004 0.003 0.009 0.005 0.006 0.005 0.005 0.005 0.014 0.007 0.003 0.009 0.013 0.006 0.010 0.004 0.005 0.004 0.008 0.006 0.008 0.004 0.006 0.007 0.005 0.004 
 51 H169633.5    (0)    1 :  0.810 0.005 0.004 0.010 0.008 0.004 0.003 0.011 0.008 0.006 0.005 0.005 0.004 0.013 0.009 0.003 0.009 0.007 0.007 0.007 0.004 0.004 0.005 0.010 0.005 0.007 0.004 0.006 0.007 0.005 0.004 
 52 H169688.1    (0)    1 :  0.004 0.006 0.006 0.007 0.010 0.004 0.006 0.022 0.003 0.005 0.004 0.005 0.019 0.018 0.005 0.748 0.011 0.009 0.008 0.009 0.008 0.010 0.020 0.005 0.006 0.004 0.005 0.004 0.018 0.005 0.006 
 53 H169688.2    (0)    1 :  0.003 0.005 0.005 0.006 0.004 0.003 0.010 0.004 0.003 0.010 0.008 0.002 0.004 0.009 0.003 0.854 0.004 0.005 0.004 0.004 0.004 0.004 0.002 0.002 0.005 0.004 0.004 0.006 0.007 0.003 0.003 
 54 H169688.3    (0)    1 :  0.003 0.003 0.004 0.003 0.004 0.003 0.004 0.003 0.004 0.005 0.004 0.003 0.003 0.003 0.003 0.901 0.004 0.004 0.003 0.004 0.002 0.002 0.003 0.004 0.004 0.003 0.003 0.003 0.003 0.004 0.002 
 55 H169688.4    (0)    1 :  0.003 0.002 0.003 0.003 0.003 0.004 0.002 0.002 0.003 0.004 0.002 0.005 0.002 0.002 0.003 0.906 0.004 0.003 0.003 0.004 0.002 0.003 0.003 0.005 0.005 0.003 0.003 0.003 0.003 0.003 0.003 
 56 H169688.5    (0)    1 :  0.002 0.002 0.003 0.004 0.003 0.004 0.002 0.002 0.002 0.004 0.002 0.005 0.002 0.003 0.003 0.905 0.005 0.003 0.004 0.003 0.002 0.002 0.003 0.004 0.007 0.002 0.003 0.003 0.003 0.003 0.003 
 57 H169688.6    (0)    1 :  0.003 0.004 0.043 0.005 0.005 0.003 0.003 0.004 0.002 0.003 0.003 0.002 0.003 0.005 0.003 0.837 0.003 0.020 0.004 0.007 0.004 0.004 0.003 0.003 0.003 0.002 0.002 0.003 0.005 0.004 0.003 
 58 H169688.7    (0)    1 :  0.004 0.005 0.005 0.006 0.009 0.006 0.005 0.003 0.006 0.010 0.005 0.012 0.003 0.006 0.015 0.801 0.007 0.004 0.009 0.010 0.010 0.002 0.007 0.005 0.009 0.004 0.016 0.006 0.005 0.005 0.002 
 59 H171901.1    (0)    1 :  0.004 0.004 0.006 0.110 0.079 0.025 0.007 0.019 0.010 0.004 0.020 0.025 0.018 0.047 0.030 0.008 0.026 0.010 0.087 0.119 0.003 0.002 0.006 0.007 0.187 0.014 0.037 0.006 0.021 0.050 0.011 
 60 H171901.2    (0)    1 :  0.217 0.010 0.003 0.014 0.017 0.005 0.009 0.003 0.006 0.005 0.033 0.007 0.010 0.011 0.006 0.006 0.007 0.031 0.014 0.012 0.012 0.003 0.007 0.034 0.014 0.005 0.006 0.015 0.009 0.460 0.008 
 61 H171901.3    (0)    1 :  0.044 0.006 0.005 0.009 0.010 0.005 0.009 0.009 0.004 0.003 0.007 0.004 0.004 0.007 0.003 0.006 0.009 0.016 0.011 0.007 0.003 0.005 0.004 0.004 0.018 0.004 0.008 0.006 0.006 0.759 0.004 
 62 H171901.4    (0)    1 :  0.085 0.003 0.004 0.009 0.008 0.005 0.008 0.005 0.004 0.004 0.011 0.005 0.006 0.004 0.003 0.003 0.005 0.007 0.005 0.007 0.004 0.004 0.006 0.004 0.006 0.003 0.005 0.006 0.003 0.763 0.004 
 63 H171901.5    (0)    1 :  0.007 0.006 0.005 0.005 0.003 0.005 0.010 0.002 0.005 0.005 0.003 0.004 0.004 0.004 0.004 0.003 0.007 0.013 0.004 0.004 0.003 0.003 0.006 0.003 0.005 0.003 0.006 0.007 0.005 0.853 0.004 
 64 H171901.6    (0)    1 :  0.009 0.005 0.004 0.007 0.007 0.006 0.024 0.003 0.014 0.009 0.004 0.009 0.005 0.010 0.004 0.005 0.006 0.013 0.009 0.007 0.004 0.005 0.007 0.007 0.006 0.005 0.007 0.010 0.007 0.777 0.008 
 65 H171901.7    (0)    1 :  0.023 0.005 0.005 0.014 0.016 0.006 0.016 0.004 0.009 0.005 0.003 0.006 0.004 0.077 0.006 0.012 0.014 0.020 0.019 0.026 0.005 0.009 0.004 0.006 0.019 0.004 0.010 0.097 0.013 0.538 0.005 
 66 H171902.1    (0)    1 :  0.003 0.002 0.005 0.003 0.004 0.003 0.008 0.002 0.008 0.003 0.002 0.004 0.006 0.004 0.004 0.004 0.003 0.003 0.005 0.004 0.004 0.003 0.886 0.003 0.003 0.003 0.002 0.003 0.004 0.005 0.004 
 67 H171902.10    (0)    1 :  0.003 0.003 0.004 0.004 0.004 0.004 0.002 0.002 0.004 0.002 0.003 0.004 0.004 0.003 0.003 0.006 0.003 0.006 0.005 0.004 0.003 0.002 0.884 0.003 0.004 0.002 0.010 0.010 0.004 0.004 0.002 
 68 H171902.2    (0)    1 :  0.009 0.003 0.006 0.005 0.007 0.005 0.011 0.004 0.007 0.003 0.002 0.005 0.006 0.005 0.003 0.004 0.008 0.006 0.005 0.005 0.006 0.003 0.841 0.002 0.007 0.002 0.004 0.003 0.004 0.015 0.004 
 69 H171902.3    (0)    1 :  0.010 0.003 0.004 0.004 0.007 0.004 0.009 0.003 0.007 0.003 0.003 0.005 0.005 0.004 0.003 0.004 0.005 0.009 0.006 0.007 0.004 0.003 0.836 0.003 0.004 0.002 0.006 0.003 0.004 0.023 0.006 
 70 H171902.4    (0)    1 :  0.011 0.004 0.003 0.004 0.004 0.003 0.002 0.003 0.004 0.003 0.002 0.003 0.002 0.005 0.003 0.003 0.005 0.011 0.004 0.004 0.003 0.002 0.887 0.003 0.003 0.003 0.004 0.003 0.003 0.004 0.003 
 71 H171902.6    (0)    1 :  0.003 0.003 0.003 0.003 0.004 0.002 0.003 0.002 0.004 0.003 0.002 0.004 0.003 0.004 0.003 0.002 0.003 0.006 0.003 0.003 0.003 0.003 0.906 0.004 0.002 0.003 0.003 0.003 0.005 0.003 0.003 
 72 H171902.7    (0)    1 :  0.003 0.005 0.004 0.006 0.007 0.005 0.002 0.002 0.006 0.004 0.005 0.005 0.019 0.010 0.006 0.003 0.006 0.038 0.011 0.008 0.004 0.002 0.775 0.003 0.019 0.004 0.019 0.009 0.003 0.004 0.002 
 73 H171902.8    (0)    1 :  0.005 0.004 0.002 0.006 0.004 0.003 0.005 0.003 0.006 0.002 0.003 0.004 0.005 0.004 0.003 0.002 0.004 0.007 0.006 0.005 0.004 0.002 0.870 0.004 0.004 0.003 0.006 0.004 0.004 0.010 0.005 
 74 H171902.9    (9)    1 :  0.003 0.004 0.003 0.003 0.003 0.003 0.003 0.003 0.004 0.003 0.003 0.011 0.005 0.004 0.004 0.003 0.004 0.002 0.004 0.005 0.003 0.002 0.889 0.004 0.004 0.003 0.003 0.003 0.002 0.004 0.006 
 75 H171903.1    (0)    1 :  0.003 0.003 0.003 0.013 0.014 0.017 0.006 0.004 0.006 0.003 0.008 0.014 0.501 0.007 0.003 0.008 0.015 0.004 0.010 0.014 0.004 0.006 0.003 0.027 0.228 0.005 0.017 0.028 0.004 0.009 0.009 
 76 H171903.2    (0)    1 :  0.002 0.008 0.004 0.008 0.008 0.007 0.009 0.002 0.004 0.006 0.025 0.014 0.052 0.005 0.008 0.002 0.009 0.003 0.008 0.008 0.004 0.010 0.004 0.006 0.728 0.005 0.007 0.020 0.004 0.009 0.011 
 77 H171903.3    (0)    1 :  0.003 0.014 0.003 0.016 0.010 0.004 0.002 0.003 0.016 0.009 0.013 0.003 0.011 0.019 0.004 0.004 0.014 0.004 0.011 0.012 0.004 0.014 0.003 0.008 0.772 0.003 0.005 0.004 0.003 0.005 0.004 
 78 H171903.4    (0)    1 :  0.003 0.010 0.003 0.013 0.024 0.006 0.008 0.003 0.007 0.004 0.004 0.009 0.113 0.020 0.007 0.056 0.010 0.009 0.032 0.023 0.003 0.004 0.028 0.008 0.525 0.004 0.028 0.015 0.004 0.011 0.005 
 79 H171903.5    (0)    1 :  0.007 0.003 0.005 0.006 0.010 0.005 0.004 0.004 0.008 0.007 0.007 0.004 0.007 0.005 0.004 0.011 0.007 0.006 0.006 0.008 0.003 0.004 0.003 0.007 0.829 0.004 0.004 0.005 0.006 0.010 0.003 
 80 H171903.6    (0)    1 :  0.007 0.003 0.004 0.009 0.021 0.008 0.003 0.002 0.004 0.003 0.003 0.004 0.050 0.005 0.003 0.071 0.005 0.008 0.007 0.005 0.003 0.004 0.006 0.007 0.717 0.003 0.008 0.016 0.003 0.005 0.003 
 81   H177.1    (0)    1 :  0.005 0.008 0.005 0.004 0.006 0.005 0.003 0.005 0.003 0.003 0.003 0.005 0.005 0.014 0.003 0.006 0.007 0.004 0.005 0.006 0.004 0.004 0.003 0.006 0.005 0.003 0.005 0.853 0.005 0.004 0.004 
 82   H177.2    (0)    1 :  0.012 0.020 0.019 0.031 0.029 0.015 0.005 0.003 0.005 0.010 0.004 0.004 0.012 0.005 0.076 0.006 0.016 0.009 0.025 0.039 0.017 0.004 0.004 0.016 0.019 0.010 0.013 0.540 0.018 0.012 0.003 
 83   H177.3    (0)    1 :  0.006 0.006 0.004 0.004 0.004 0.004 0.003 0.002 0.005 0.004 0.002 0.003 0.004 0.004 0.013 0.003 0.005 0.007 0.005 0.005 0.003 0.004 0.004 0.005 0.007 0.004 0.004 0.861 0.005 0.005 0.003 
 84   H177.4    (0)    1 :  0.007 0.006 0.042 0.010 0.008 0.003 0.009 0.002 0.010 0.005 0.008 0.003 0.006 0.016 0.006 0.003 0.005 0.004 0.007 0.010 0.006 0.012 0.004 0.004 0.014 0.010 0.005 0.763 0.005 0.006 0.003 
 85   H177.5    (0)    1 :  0.005 0.012 0.006 0.012 0.015 0.024 0.013 0.003 0.008 0.009 0.006 0.003 0.004 0.036 0.009 0.011 0.006 0.003 0.015 0.023 0.017 0.004 0.003 0.008 0.009 0.009 0.007 0.701 0.004 0.009 0.004 
 86   H177.6    (0)    1 :  0.009 0.004 0.005 0.006 0.004 0.005 0.003 0.002 0.008 0.004 0.002 0.003 0.003 0.004 0.008 0.004 0.004 0.011 0.005 0.005 0.004 0.003 0.005 0.004 0.006 0.003 0.004 0.858 0.004 0.006 0.004 
 87   H179.1    (0)    1 :  0.004 0.004 0.741 0.012 0.011 0.007 0.013 0.008 0.005 0.032 0.005 0.009 0.005 0.010 0.002 0.017 0.010 0.006 0.011 0.010 0.006 0.002 0.006 0.015 0.005 0.006 0.008 0.009 0.007 0.008 0.006 
 88   H179.2    (0)    1 :  0.004 0.011 0.657 0.012 0.011 0.016 0.007 0.004 0.030 0.054 0.006 0.007 0.007 0.006 0.002 0.018 0.014 0.008 0.019 0.015 0.003 0.016 0.006 0.011 0.008 0.005 0.012 0.008 0.010 0.007 0.006 
 89   H179.3    (0)    1 :  0.003 0.005 0.598 0.012 0.013 0.008 0.016 0.006 0.007 0.012 0.003 0.018 0.011 0.023 0.003 0.088 0.015 0.005 0.015 0.017 0.003 0.005 0.004 0.015 0.030 0.007 0.009 0.017 0.006 0.015 0.012 
 90   H179.4    (0)    1 :  0.007 0.039 0.539 0.020 0.021 0.005 0.049 0.004 0.012 0.014 0.008 0.006 0.010 0.019 0.004 0.009 0.017 0.017 0.028 0.015 0.006 0.056 0.005 0.003 0.024 0.005 0.012 0.010 0.008 0.029 0.003 
 91   H180.1    (0)    1 :  0.002 0.004 0.009 0.004 0.007 0.805 0.003 0.005 0.006 0.003 0.004 0.005 0.006 0.002 0.002 0.005 0.011 0.003 0.010 0.005 0.003 0.002 0.008 0.006 0.005 0.003 0.041 0.006 0.013 0.006 0.005 
 92   H180.2    (0)    1 :  0.004 0.002 0.004 0.005 0.004 0.854 0.003 0.009 0.003 0.005 0.004 0.005 0.003 0.003 0.002 0.005 0.007 0.003 0.007 0.005 0.003 0.004 0.003 0.004 0.003 0.002 0.020 0.005 0.003 0.010 0.004 
 93   H180.3    (0)    1 :  0.008 0.002 0.007 0.011 0.010 0.450 0.004 0.004 0.014 0.009 0.005 0.291 0.008 0.004 0.005 0.005 0.014 0.006 0.009 0.008 0.011 0.005 0.003 0.006 0.008 0.003 0.055 0.007 0.003 0.004 0.024 
 94   H180.4    (0)    1 :  0.006 0.003 0.005 0.006 0.011 0.792 0.006 0.011 0.003 0.004 0.007 0.009 0.004 0.003 0.003 0.003 0.038 0.003 0.006 0.007 0.004 0.003 0.008 0.004 0.006 0.004 0.008 0.003 0.006 0.020 0.005 
 95   H180.5    (0)    1 :  0.004 0.003 0.006 0.005 0.005 0.844 0.004 0.003 0.003 0.002 0.002 0.011 0.003 0.003 0.003 0.004 0.017 0.004 0.007 0.006 0.005 0.003 0.004 0.004 0.004 0.002 0.021 0.006 0.005 0.004 0.003 
 96   H180.6    (0)    1 :  0.019 0.003 0.011 0.015 0.012 0.396 0.005 0.005 0.006 0.006 0.007 0.280 0.005 0.017 0.014 0.003 0.017 0.006 0.018 0.018 0.028 0.005 0.005 0.003 0.007 0.003 0.050 0.005 0.004 0.011 0.014 
 97   H181.1    (0)    1 :  0.008 0.002 0.004 0.009 0.007 0.004 0.002 0.003 0.004 0.004 0.008 0.004 0.005 0.005 0.003 0.004 0.005 0.020 0.007 0.007 0.005 0.004 0.005 0.003 0.028 0.004 0.006 0.005 0.817 0.006 0.002 
 98   H181.2    (0)    1 :  0.006 0.004 0.007 0.006 0.006 0.004 0.010 0.003 0.004 0.003 0.004 0.003 0.003 0.004 0.006 0.003 0.004 0.005 0.006 0.006 0.007 0.003 0.005 0.003 0.002 0.003 0.006 0.012 0.851 0.007 0.003 
 99   H181.3    (0)    1 :  0.007 0.003 0.003 0.005 0.005 0.004 0.005 0.005 0.004 0.002 0.004 0.005 0.004 0.004 0.004 0.004 0.004 0.008 0.005 0.006 0.007 0.003 0.007 0.004 0.003 0.004 0.005 0.004 0.852 0.014 0.004 
100   H181.4    (0)    1 :  0.012 0.005 0.005 0.021 0.017 0.006 0.009 0.004 0.005 0.007 0.009 0.014 0.008 0.005 0.007 0.005 0.012 0.018 0.019 0.046 0.032 0.005 0.005 0.022 0.007 0.005 0.018 0.008 0.646 0.010 0.007 
101   H181.5    (0)    1 :  0.003 0.004 0.014 0.005 0.005 0.003 0.003 0.004 0.005 0.006 0.005 0.003 0.004 0.006 0.002 0.004 0.004 0.003 0.005 0.004 0.004 0.004 0.004 0.006 0.003 0.004 0.005 0.004 0.866 0.004 0.004 
102   H181.6    (0)    1 :  0.003 0.004 0.016 0.006 0.006 0.008 0.011 0.003 0.009 0.007 0.007 0.006 0.004 0.005 0.003 0.003 0.007 0.005 0.007 0.005 0.003 0.006 0.005 0.006 0.005 0.003 0.004 0.006 0.827 0.005 0.005 
103   H181.7    (0)    1 :  0.004 0.003 0.013 0.006 0.006 0.003 0.004 0.004 0.004 0.007 0.006 0.004 0.005 0.005 0.004 0.005 0.005 0.003 0.006 0.006 0.003 0.005 0.003 0.004 0.005 0.004 0.004 0.005 0.857 0.005 0.003 
104 H194.1_2004    (0)    1 :  0.004 0.003 0.002 0.004 0.006 0.005 0.006 0.002 0.008 0.005 0.002 0.003 0.006 0.866 0.003 0.005 0.004 0.004 0.005 0.006 0.003 0.004 0.006 0.008 0.008 0.004 0.003 0.004 0.003 0.005 0.004 
105 H194.2_2004    (0)    1 :  0.002 0.003 0.002 0.003 0.004 0.003 0.003 0.003 0.003 0.003 0.003 0.003 0.006 0.899 0.005 0.003 0.004 0.004 0.003 0.004 0.003 0.002 0.003 0.005 0.005 0.003 0.003 0.003 0.004 0.003 0.003 
106 H194.3_2004    (0)    1 :  0.015 0.007 0.008 0.007 0.010 0.003 0.007 0.003 0.009 0.049 0.003 0.004 0.004 0.727 0.008 0.005 0.007 0.025 0.009 0.009 0.005 0.004 0.007 0.004 0.007 0.003 0.011 0.014 0.007 0.015 0.003 
107 H194.4_2004    (0)    1 :  0.005 0.004 0.004 0.006 0.005 0.002 0.006 0.003 0.005 0.003 0.003 0.003 0.003 0.863 0.011 0.003 0.003 0.009 0.004 0.005 0.004 0.004 0.005 0.003 0.006 0.002 0.004 0.009 0.004 0.005 0.004 
108 H194.5_2004    (0)    1 :  0.011 0.007 0.006 0.009 0.008 0.002 0.013 0.003 0.008 0.018 0.004 0.003 0.008 0.801 0.004 0.004 0.005 0.008 0.006 0.007 0.007 0.007 0.004 0.008 0.006 0.005 0.005 0.007 0.004 0.009 0.004 
109 H194.6_2004    (0)    1 :  0.013 0.005 0.007 0.010 0.010 0.004 0.012 0.003 0.012 0.030 0.003 0.004 0.005 0.701 0.006 0.006 0.009 0.029 0.010 0.009 0.004 0.013 0.009 0.007 0.012 0.003 0.007 0.040 0.004 0.010 0.004 
110 H194.7_2004    (0)    1 :  0.002 0.003 0.002 0.004 0.004 0.003 0.003 0.004 0.003 0.005 0.003 0.003 0.005 0.893 0.004 0.004 0.005 0.004 0.004 0.004 0.004 0.003 0.002 0.003 0.007 0.003 0.003 0.005 0.004 0.003 0.003 
111 H194.8_2004    (0)    1 :  0.006 0.006 0.003 0.005 0.005 0.003 0.009 0.004 0.007 0.005 0.004 0.004 0.005 0.858 0.006 0.003 0.005 0.005 0.005 0.005 0.005 0.005 0.004 0.003 0.004 0.003 0.003 0.006 0.004 0.005 0.007 
112   H194.9    (0)    1 :  0.003 0.003 0.002 0.004 0.005 0.002 0.006 0.004 0.004 0.003 0.002 0.003 0.004 0.890 0.004 0.003 0.004 0.004 0.005 0.004 0.005 0.003 0.003 0.004 0.004 0.003 0.003 0.004 0.003 0.004 0.005 
113 H195.1_2003    (0)    1 :  0.004 0.004 0.003 0.003 0.002 0.003 0.916 0.002 0.005 0.002 0.002 0.003 0.002 0.004 0.002 0.002 0.002 0.004 0.003 0.003 0.003 0.002 0.003 0.003 0.003 0.002 0.003 0.002 0.002 0.005 0.002 
114 H195.1_2004    (0)    1 :  0.009 0.012 0.002 0.004 0.005 0.003 0.009 0.003 0.005 0.003 0.003 0.003 0.003 0.004 0.854 0.003 0.004 0.006 0.007 0.005 0.003 0.003 0.004 0.003 0.004 0.004 0.006 0.010 0.006 0.007 0.003 
115 H195.2_2003    (0)    1 :  0.003 0.007 0.003 0.007 0.005 0.003 0.764 0.003 0.005 0.003 0.005 0.009 0.018 0.006 0.006 0.054 0.004 0.002 0.005 0.007 0.016 0.003 0.011 0.006 0.005 0.005 0.003 0.004 0.004 0.006 0.019 
116 H195.2_2004    (0)    1 :  0.007 0.007 0.003 0.005 0.007 0.005 0.147 0.003 0.005 0.003 0.002 0.003 0.004 0.005 0.709 0.012 0.003 0.008 0.008 0.007 0.011 0.003 0.003 0.003 0.003 0.003 0.005 0.003 0.003 0.005 0.003 
117 H195.3_2003    (0)    1 :  0.002 0.008 0.002 0.009 0.012 0.005 0.710 0.007 0.003 0.008 0.007 0.010 0.013 0.010 0.005 0.016 0.010 0.003 0.011 0.011 0.011 0.004 0.003 0.029 0.007 0.007 0.009 0.004 0.007 0.007 0.050 
118 H195.3_2004    (0)    1 :  0.013 0.010 0.003 0.006 0.004 0.003 0.237 0.003 0.008 0.004 0.002 0.003 0.004 0.009 0.586 0.004 0.004 0.025 0.006 0.009 0.004 0.004 0.007 0.003 0.004 0.004 0.004 0.010 0.006 0.011 0.002 
119 H195.4_2003    (0)    1 :  0.006 0.003 0.003 0.006 0.005 0.003 0.827 0.002 0.010 0.003 0.003 0.003 0.003 0.007 0.041 0.002 0.003 0.021 0.004 0.006 0.003 0.003 0.003 0.003 0.002 0.005 0.004 0.006 0.003 0.006 0.003 
120 H195.4_2004    (0)    1 :  0.005 0.005 0.004 0.007 0.005 0.003 0.050 0.005 0.004 0.004 0.002 0.002 0.006 0.008 0.809 0.012 0.003 0.006 0.005 0.006 0.006 0.007 0.004 0.003 0.004 0.003 0.005 0.005 0.004 0.006 0.002 
121 H195.5_2003    (0)    1 :  0.006 0.010 0.002 0.005 0.006 0.006 0.870 0.007 0.004 0.003 0.003 0.002 0.003 0.004 0.004 0.002 0.006 0.003 0.005 0.005 0.003 0.004 0.003 0.003 0.003 0.005 0.008 0.003 0.002 0.006 0.003 
122 H195.5_2004    (0)    1 :  0.004 0.006 0.003 0.005 0.006 0.003 0.034 0.008 0.003 0.003 0.004 0.002 0.003 0.004 0.846 0.003 0.006 0.004 0.004 0.005 0.003 0.005 0.003 0.003 0.004 0.004 0.005 0.006 0.004 0.004 0.002 
123 H195.6_2003    (0)    1 :  0.002 0.007 0.002 0.011 0.007 0.003 0.726 0.002 0.004 0.003 0.005 0.008 0.017 0.003 0.073 0.021 0.004 0.004 0.008 0.007 0.007 0.006 0.010 0.011 0.006 0.009 0.006 0.005 0.006 0.004 0.011 
124 H195.6_2004    (0)    1 :  0.004 0.007 0.004 0.006 0.004 0.002 0.146 0.005 0.006 0.004 0.007 0.003 0.006 0.006 0.726 0.005 0.002 0.005 0.005 0.006 0.004 0.004 0.003 0.002 0.004 0.003 0.003 0.005 0.004 0.004 0.002 
125 H195.7_2003    (0)    1 :  0.003 0.004 0.002 0.006 0.006 0.003 0.807 0.003 0.003 0.004 0.004 0.002 0.004 0.004 0.030 0.046 0.005 0.005 0.005 0.010 0.004 0.003 0.002 0.003 0.004 0.004 0.005 0.004 0.006 0.005 0.002 
126 H195.7_2004    (0)    1 :  0.003 0.004 0.002 0.006 0.005 0.006 0.008 0.003 0.003 0.002 0.002 0.007 0.003 0.003 0.883 0.006 0.005 0.002 0.005 0.004 0.004 0.003 0.003 0.004 0.003 0.003 0.005 0.003 0.004 0.002 0.005 
127   H195.8    (0)    1 :  0.003 0.004 0.003 0.003 0.004 0.003 0.003 0.004 0.003 0.002 0.002 0.003 0.003 0.003 0.906 0.003 0.003 0.003 0.004 0.004 0.003 0.004 0.003 0.003 0.003 0.003 0.003 0.003 0.003 0.003 0.003 
128   H195.9    (0)    1 :  0.007 0.009 0.003 0.007 0.007 0.005 0.096 0.002 0.004 0.006 0.003 0.004 0.009 0.010 0.723 0.005 0.004 0.010 0.006 0.006 0.008 0.006 0.005 0.003 0.005 0.003 0.008 0.020 0.004 0.010 0.003 
129   H415.1    (0)    1 :  0.006 0.005 0.005 0.006 0.009 0.005 0.004 0.006 0.816 0.004 0.003 0.014 0.003 0.007 0.005 0.010 0.010 0.006 0.007 0.007 0.002 0.002 0.005 0.011 0.004 0.004 0.008 0.006 0.005 0.006 0.009 
130   H415.2    (0)    1 :  0.004 0.011 0.012 0.024 0.020 0.009 0.003 0.003 0.528 0.013 0.004 0.005 0.010 0.010 0.006 0.010 0.021 0.004 0.047 0.020 0.006 0.003 0.066 0.048 0.027 0.021 0.007 0.028 0.006 0.014 0.009 
131   H415.3    (0)    1 :  0.012 0.004 0.018 0.005 0.005 0.005 0.005 0.003 0.852 0.004 0.003 0.003 0.003 0.003 0.002 0.005 0.005 0.005 0.006 0.004 0.006 0.002 0.004 0.006 0.003 0.006 0.006 0.004 0.005 0.006 0.002 
132   H415.4    (0)    1 :  0.004 0.004 0.003 0.005 0.004 0.003 0.004 0.002 0.882 0.005 0.004 0.005 0.003 0.005 0.003 0.002 0.004 0.006 0.004 0.004 0.002 0.002 0.004 0.004 0.003 0.003 0.007 0.003 0.003 0.006 0.005 
133   H415.5    (0)    1 :  0.006 0.003 0.003 0.003 0.004 0.004 0.004 0.002 0.895 0.004 0.003 0.002 0.002 0.003 0.003 0.003 0.004 0.005 0.004 0.004 0.002 0.002 0.005 0.003 0.004 0.002 0.004 0.003 0.005 0.007 0.002 
134   H415.6    (0)    1 :  0.004 0.005 0.002 0.004 0.004 0.003 0.005 0.002 0.883 0.006 0.003 0.007 0.003 0.005 0.003 0.002 0.004 0.006 0.006 0.003 0.002 0.002 0.004 0.005 0.003 0.003 0.006 0.003 0.003 0.004 0.004 
135   H415.7    (0)    1 :  0.008 0.012 0.017 0.008 0.016 0.004 0.008 0.003 0.666 0.004 0.004 0.004 0.019 0.008 0.005 0.009 0.011 0.005 0.036 0.008 0.009 0.006 0.032 0.011 0.023 0.012 0.005 0.018 0.004 0.020 0.006 
136   H506.1    (0)    1 :  0.005 0.002 0.914 0.003 0.003 0.002 0.003 0.003 0.003 0.004 0.003 0.002 0.002 0.003 0.003 0.002 0.002 0.003 0.003 0.002 0.004 0.003 0.002 0.002 0.002 0.003 0.002 0.003 0.004 0.003 0.002 
137   H506.2    (0)    1 :  0.005 0.004 0.896 0.003 0.003 0.003 0.005 0.002 0.003 0.004 0.004 0.002 0.003 0.003 0.009 0.002 0.002 0.004 0.003 0.003 0.004 0.003 0.003 0.002 0.002 0.003 0.002 0.008 0.006 0.003 0.002 
138   H506.3    (0)    1 :  0.005 0.006 0.794 0.007 0.010 0.006 0.005 0.002 0.004 0.016 0.004 0.003 0.003 0.003 0.006 0.011 0.006 0.004 0.007 0.008 0.004 0.004 0.004 0.005 0.007 0.006 0.005 0.019 0.025 0.005 0.003 
139   H506.4    (0)    1 :  0.007 0.003 0.843 0.006 0.005 0.008 0.004 0.002 0.006 0.004 0.002 0.004 0.004 0.005 0.003 0.005 0.007 0.007 0.007 0.006 0.004 0.010 0.005 0.004 0.007 0.004 0.006 0.008 0.006 0.005 0.005 
140   H506.5    (0)    1 :  0.006 0.004 0.880 0.004 0.004 0.004 0.007 0.002 0.005 0.004 0.003 0.002 0.005 0.003 0.004 0.002 0.003 0.003 0.004 0.004 0.003 0.007 0.004 0.003 0.004 0.004 0.003 0.007 0.004 0.007 0.003 
141   H506.6    (0)    1 :  0.004 0.016 0.676 0.008 0.009 0.004 0.013 0.002 0.006 0.004 0.003 0.003 0.011 0.005 0.019 0.009 0.008 0.003 0.011 0.012 0.003 0.008 0.003 0.007 0.021 0.008 0.006 0.095 0.011 0.006 0.005 
142   H506.7    (0)    1 :  0.004 0.004 0.898 0.003 0.003 0.004 0.007 0.002 0.002 0.004 0.004 0.002 0.003 0.002 0.005 0.002 0.003 0.003 0.003 0.004 0.004 0.004 0.003 0.002 0.002 0.003 0.002 0.007 0.005 0.004 0.002 
143   H533.1    (0)    1 :  0.008 0.002 0.885 0.005 0.004 0.006 0.002 0.003 0.002 0.004 0.009 0.002 0.002 0.002 0.003 0.002 0.004 0.004 0.005 0.004 0.002 0.003 0.002 0.002 0.004 0.002 0.003 0.004 0.008 0.008 0.002 
144   H533.2    (0)    1 :  0.009 0.002 0.869 0.004 0.005 0.008 0.002 0.003 0.003 0.006 0.009 0.003 0.002 0.002 0.004 0.002 0.004 0.005 0.004 0.004 0.002 0.004 0.003 0.002 0.004 0.003 0.004 0.004 0.012 0.009 0.002 
145   H533.3    (0)    1 :  0.008 0.002 0.883 0.004 0.003 0.003 0.002 0.003 0.002 0.005 0.005 0.002 0.006 0.003 0.005 0.003 0.005 0.004 0.004 0.005 0.005 0.003 0.002 0.005 0.009 0.003 0.003 0.003 0.004 0.003 0.002 
146   H533.4    (0)    1 :  0.015 0.004 0.791 0.010 0.008 0.003 0.012 0.004 0.006 0.002 0.004 0.005 0.020 0.013 0.019 0.003 0.003 0.004 0.008 0.009 0.005 0.007 0.003 0.006 0.007 0.003 0.008 0.005 0.006 0.005 0.003 
147   H535.1    (0)    1 :  0.003 0.003 0.003 0.003 0.003 0.003 0.003 0.002 0.003 0.003 0.003 0.003 0.004 0.003 0.002 0.002 0.003 0.003 0.003 0.004 0.003 0.905 0.006 0.003 0.003 0.002 0.003 0.005 0.003 0.004 0.003 
148   H535.2    (0)    1 :  0.002 0.004 0.003 0.004 0.003 0.003 0.003 0.003 0.003 0.003 0.004 0.002 0.003 0.003 0.004 0.002 0.004 0.003 0.003 0.004 0.003 0.906 0.003 0.002 0.003 0.004 0.003 0.004 0.004 0.003 0.002 
149   H535.3    (0)    1 :  0.002 0.003 0.002 0.003 0.003 0.003 0.003 0.003 0.002 0.003 0.003 0.002 0.002 0.002 0.004 0.003 0.003 0.003 0.003 0.002 0.003 0.918 0.002 0.002 0.002 0.004 0.003 0.003 0.005 0.002 0.002 
150   H535.4    (0)    1 :  0.004 0.004 0.003 0.003 0.003 0.002 0.004 0.003 0.003 0.003 0.002 0.002 0.003 0.003 0.004 0.002 0.002 0.005 0.003 0.003 0.003 0.913 0.002 0.002 0.003 0.003 0.002 0.003 0.002 0.003 0.002 
151   H535.5    (0)    1 :  0.005 0.002 0.003 0.002 0.003 0.002 0.004 0.002 0.003 0.003 0.003 0.002 0.003 0.003 0.002 0.002 0.002 0.003 0.003 0.003 0.003 0.917 0.002 0.002 0.003 0.003 0.002 0.003 0.003 0.004 0.002 
152   H535.6    (0)    1 :  0.002 0.003 0.003 0.004 0.003 0.003 0.006 0.003 0.004 0.003 0.003 0.005 0.006 0.005 0.003 0.002 0.006 0.003 0.003 0.004 0.004 0.875 0.007 0.007 0.004 0.002 0.004 0.004 0.005 0.005 0.006 
153   H535.7    (0)    1 :  0.003 0.003 0.003 0.002 0.003 0.002 0.003 0.002 0.002 0.003 0.002 0.002 0.002 0.002 0.002 0.002 0.002 0.003 0.002 0.002 0.002 0.931 0.002 0.002 0.003 0.002 0.002 0.002 0.002 0.002 0.002 
154   H535.8    (0)    1 :  0.002 0.004 0.003 0.004 0.003 0.002 0.006 0.002 0.002 0.004 0.003 0.002 0.006 0.004 0.002 0.003 0.003 0.004 0.003 0.004 0.004 0.905 0.002 0.003 0.003 0.002 0.002 0.002 0.004 0.003 0.003 
155   H535.9    (0)    1 :  0.002 0.003 0.003 0.003 0.003 0.003 0.003 0.003 0.003 0.002 0.002 0.003 0.004 0.002 0.002 0.002 0.003 0.002 0.003 0.003 0.003 0.913 0.004 0.003 0.003 0.003 0.003 0.004 0.003 0.004 0.004 
156   H539.1    (0)    1 :  0.002 0.003 0.002 0.004 0.005 0.004 0.003 0.003 0.003 0.002 0.002 0.308 0.004 0.004 0.003 0.002 0.009 0.002 0.004 0.004 0.004 0.002 0.010 0.015 0.004 0.003 0.010 0.005 0.003 0.004 0.567 
157   H539.2    (0)    1 :  0.005 0.028 0.004 0.029 0.069 0.013 0.005 0.022 0.003 0.004 0.002 0.034 0.027 0.010 0.005 0.011 0.411 0.003 0.032 0.021 0.012 0.010 0.007 0.073 0.049 0.003 0.042 0.027 0.005 0.007 0.027 
158   H539.3    (9)    1 :  0.003 0.006 0.003 0.008 0.026 0.007 0.014 0.014 0.005 0.004 0.003 0.344 0.016 0.029 0.005 0.012 0.074 0.004 0.008 0.008 0.003 0.009 0.005 0.012 0.027 0.004 0.006 0.007 0.003 0.009 0.322 
159   H539.4    (0)    1 :  0.003 0.008 0.003 0.011 0.024 0.036 0.004 0.004 0.004 0.004 0.003 0.109 0.003 0.003 0.004 0.009 0.184 0.003 0.019 0.006 0.004 0.003 0.005 0.033 0.031 0.004 0.029 0.006 0.004 0.008 0.429 
160   H539.5    (0)    1 :  0.002 0.004 0.003 0.004 0.004 0.004 0.002 0.003 0.002 0.003 0.003 0.596 0.009 0.006 0.002 0.004 0.010 0.003 0.004 0.005 0.006 0.004 0.004 0.076 0.005 0.002 0.004 0.010 0.002 0.003 0.210 
161   H539.6    (0)    1 :  0.003 0.002 0.002 0.004 0.004 0.002 0.003 0.003 0.003 0.002 0.002 0.792 0.010 0.005 0.003 0.002 0.004 0.002 0.005 0.004 0.004 0.004 0.004 0.022 0.006 0.003 0.004 0.005 0.003 0.004 0.085 
162   H539.7    (0)    1 :  0.004 0.003 0.003 0.011 0.014 0.006 0.005 0.007 0.006 0.003 0.003 0.173 0.006 0.005 0.003 0.010 0.117 0.004 0.017 0.008 0.002 0.003 0.005 0.063 0.006 0.004 0.019 0.004 0.004 0.007 0.477 
163   H539.8    (0)    1 :  0.004 0.008 0.004 0.012 0.027 0.014 0.015 0.015 0.004 0.006 0.004 0.045 0.009 0.014 0.003 0.010 0.263 0.003 0.041 0.011 0.004 0.014 0.005 0.012 0.012 0.004 0.020 0.006 0.004 0.008 0.398 
164   H539.9    (0)    1 :  0.002 0.008 0.005 0.008 0.010 0.009 0.003 0.003 0.004 0.006 0.004 0.210 0.005 0.002 0.003 0.010 0.070 0.002 0.008 0.008 0.002 0.002 0.002 0.054 0.015 0.006 0.008 0.006 0.004 0.006 0.513 
165   H540.1    (0)    1 :  0.002 0.003 0.002 0.005 0.004 0.002 0.004 0.002 0.003 0.003 0.003 0.011 0.016 0.004 0.005 0.003 0.007 0.002 0.005 0.006 0.004 0.004 0.005 0.846 0.006 0.003 0.004 0.003 0.004 0.003 0.025 
166   H540.2    (0)    1 :  0.002 0.002 0.002 0.003 0.003 0.003 0.003 0.003 0.003 0.003 0.002 0.013 0.005 0.003 0.002 0.004 0.005 0.002 0.003 0.003 0.004 0.002 0.003 0.898 0.003 0.002 0.004 0.002 0.002 0.002 0.008 
167   H540.3    (0)    1 :  0.013 0.026 0.003 0.034 0.034 0.008 0.004 0.014 0.016 0.009 0.004 0.006 0.008 0.020 0.011 0.011 0.108 0.015 0.024 0.031 0.005 0.006 0.006 0.123 0.017 0.005 0.021 0.011 0.007 0.010 0.391 
168   H540.4    (0)    1 :  0.004 0.003 0.003 0.008 0.011 0.007 0.004 0.011 0.005 0.003 0.002 0.009 0.005 0.005 0.004 0.010 0.083 0.004 0.009 0.008 0.003 0.004 0.006 0.723 0.007 0.005 0.021 0.005 0.008 0.004 0.019 
169   H540.5    (0)    1 :  0.003 0.005 0.002 0.004 0.004 0.002 0.002 0.003 0.005 0.003 0.003 0.008 0.003 0.005 0.003 0.008 0.006 0.003 0.004 0.004 0.004 0.002 0.003 0.852 0.006 0.003 0.003 0.005 0.003 0.003 0.035 
170   H540.6    (0)    1 :  0.003 0.005 0.003 0.004 0.005 0.003 0.002 0.005 0.003 0.004 0.005 0.012 0.012 0.004 0.004 0.005 0.005 0.003 0.005 0.005 0.005 0.002 0.005 0.853 0.006 0.004 0.004 0.005 0.007 0.003 0.009 
171   H540.7    (0)    1 :  0.007 0.005 0.004 0.005 0.005 0.005 0.005 0.007 0.006 0.003 0.003 0.010 0.005 0.005 0.003 0.003 0.013 0.004 0.005 0.004 0.006 0.003 0.003 0.845 0.003 0.007 0.005 0.004 0.004 0.004 0.009 
172   H540.8    (0)    1 :  0.004 0.003 0.003 0.016 0.008 0.004 0.004 0.006 0.019 0.004 0.003 0.007 0.010 0.032 0.004 0.005 0.018 0.004 0.008 0.010 0.003 0.006 0.012 0.691 0.051 0.003 0.007 0.010 0.005 0.009 0.031 
173  H9558.1    (0)    1 :  0.002 0.002 0.003 0.003 0.004 0.002 0.003 0.002 0.003 0.003 0.003 0.011 0.004 0.004 0.002 0.003 0.003 0.002 0.003 0.003 0.002 0.003 0.005 0.004 0.003 0.002 0.003 0.002 0.003 0.003 0.901 
174  H9558.2    (0)    1 :  0.004 0.004 0.004 0.006 0.006 0.003 0.009 0.004 0.006 0.004 0.006 0.005 0.005 0.008 0.002 0.004 0.005 0.004 0.005 0.005 0.010 0.003 0.005 0.004 0.003 0.005 0.003 0.003 0.011 0.004 0.853 
175  H9558.3    (0)    1 :  0.003 0.005 0.004 0.004 0.004 0.003 0.003 0.012 0.004 0.005 0.018 0.026 0.007 0.006 0.002 0.005 0.008 0.003 0.004 0.006 0.008 0.003 0.003 0.014 0.003 0.007 0.006 0.003 0.008 0.003 0.812 
176  H9558.4    (0)    1 :  0.003 0.002 0.003 0.005 0.005 0.003 0.003 0.005 0.003 0.002 0.003 0.005 0.006 0.007 0.002 0.005 0.006 0.002 0.004 0.004 0.005 0.007 0.003 0.010 0.009 0.002 0.003 0.007 0.003 0.005 0.867 
177  H9558.5    (0)    1 :  0.003 0.006 0.003 0.006 0.012 0.007 0.002 0.011 0.004 0.004 0.003 0.004 0.003 0.002 0.002 0.013 0.128 0.002 0.010 0.006 0.003 0.005 0.003 0.025 0.004 0.005 0.007 0.004 0.004 0.004 0.704 
178  H9558.6    (0)    1 :  0.003 0.005 0.002 0.011 0.009 0.002 0.005 0.004 0.004 0.004 0.007 0.025 0.004 0.006 0.003 0.003 0.004 0.003 0.011 0.009 0.005 0.004 0.004 0.013 0.003 0.003 0.005 0.005 0.004 0.004 0.827 
179 kos339.1    (0)    1 :  0.738 0.005 0.029 0.009 0.010 0.005 0.003 0.003 0.012 0.005 0.005 0.004 0.009 0.003 0.002 0.003 0.008 0.007 0.009 0.006 0.023 0.004 0.008 0.013 0.007 0.018 0.004 0.005 0.010 0.028 0.004 
180 kos339.2    (0)    1 :  0.866 0.006 0.004 0.004 0.006 0.004 0.004 0.003 0.006 0.004 0.004 0.004 0.003 0.004 0.006 0.003 0.004 0.008 0.005 0.005 0.006 0.003 0.005 0.004 0.004 0.007 0.005 0.004 0.003 0.004 0.003 
181 kos339.3    (0)    1 :  0.884 0.002 0.004 0.004 0.004 0.003 0.004 0.003 0.005 0.004 0.002 0.003 0.005 0.004 0.003 0.003 0.004 0.008 0.004 0.004 0.002 0.005 0.003 0.003 0.004 0.002 0.004 0.003 0.003 0.013 0.002 
182 kos339.4    (9)    1 :  0.866 0.003 0.004 0.004 0.004 0.003 0.006 0.004 0.007 0.003 0.002 0.003 0.004 0.004 0.003 0.003 0.004 0.007 0.005 0.005 0.004 0.005 0.005 0.003 0.003 0.003 0.005 0.004 0.004 0.021 0.003 
183 kos339.5    (0)    1 :  0.799 0.002 0.012 0.006 0.005 0.004 0.003 0.002 0.005 0.006 0.005 0.004 0.004 0.003 0.002 0.003 0.004 0.014 0.004 0.005 0.049 0.003 0.007 0.007 0.003 0.006 0.004 0.006 0.008 0.013 0.003 
184 kos339.6    (0)    1 :  0.885 0.004 0.005 0.004 0.003 0.002 0.002 0.002 0.004 0.003 0.002 0.002 0.003 0.005 0.006 0.003 0.002 0.010 0.004 0.004 0.008 0.003 0.004 0.005 0.003 0.005 0.003 0.006 0.004 0.003 0.002 
185 kos339.7    (0)    1 :  0.886 0.003 0.005 0.004 0.004 0.003 0.005 0.003 0.007 0.004 0.002 0.002 0.003 0.003 0.003 0.003 0.004 0.007 0.004 0.004 0.003 0.008 0.003 0.003 0.003 0.002 0.004 0.003 0.003 0.009 0.003 
186 kos339.8    (0)    1 :  0.865 0.004 0.013 0.005 0.005 0.004 0.004 0.003 0.008 0.004 0.002 0.003 0.003 0.003 0.004 0.004 0.004 0.008 0.004 0.005 0.005 0.003 0.004 0.003 0.003 0.003 0.004 0.004 0.004 0.011 0.002 
187 kos339.9    (0)    1 :  0.610 0.009 0.008 0.015 0.012 0.007 0.005 0.002 0.012 0.008 0.006 0.019 0.009 0.006 0.007 0.003 0.009 0.039 0.018 0.015 0.025 0.005 0.040 0.034 0.005 0.007 0.008 0.025 0.011 0.012 0.008 
188   H409.1    (0)   12 :  0.006 0.003 0.004 0.004 0.003 0.002 0.003 0.004 0.004 0.904 0.003 0.002 0.002 0.004 0.003 0.004 0.003 0.005 0.003 0.003 0.004 0.002 0.003 0.002 0.002 0.004 0.002 0.003 0.005 0.003 0.002 
189  H409.10    (0)   12 :  0.005 0.006 0.023 0.007 0.007 0.004 0.006 0.006 0.010 0.801 0.002 0.012 0.006 0.002 0.003 0.011 0.017 0.003 0.008 0.005 0.003 0.003 0.004 0.011 0.003 0.005 0.007 0.004 0.008 0.002 0.002 
190   H409.2    (0)   12 :  0.009 0.011 0.005 0.005 0.004 0.003 0.003 0.002 0.018 0.856 0.003 0.002 0.002 0.004 0.004 0.004 0.003 0.005 0.004 0.005 0.003 0.007 0.005 0.005 0.004 0.003 0.003 0.005 0.004 0.006 0.004 
191   H409.3    (0)   12 :  0.003 0.004 0.005 0.004 0.004 0.003 0.003 0.004 0.003 0.891 0.005 0.003 0.003 0.005 0.004 0.003 0.004 0.004 0.005 0.005 0.004 0.004 0.003 0.004 0.004 0.003 0.004 0.004 0.003 0.004 0.003 
192   H409.4    (0)   12 :  0.003 0.003 0.003 0.004 0.003 0.003 0.003 0.002 0.003 0.909 0.005 0.003 0.003 0.004 0.003 0.003 0.003 0.004 0.003 0.004 0.003 0.003 0.002 0.003 0.003 0.003 0.003 0.003 0.003 0.003 0.003 
193   H409.5    (0)   12 :  0.002 0.003 0.005 0.004 0.004 0.004 0.003 0.003 0.005 0.887 0.003 0.004 0.005 0.003 0.003 0.002 0.007 0.004 0.003 0.004 0.004 0.004 0.004 0.005 0.006 0.003 0.003 0.003 0.003 0.004 0.002 
194   H409.6    (0)   12 :  0.004 0.006 0.008 0.013 0.011 0.004 0.003 0.009 0.003 0.740 0.052 0.008 0.006 0.008 0.006 0.004 0.010 0.004 0.009 0.007 0.010 0.009 0.003 0.004 0.019 0.009 0.006 0.006 0.010 0.004 0.005 
195   H409.7    (0)   12 :  0.007 0.007 0.004 0.005 0.005 0.002 0.005 0.003 0.004 0.874 0.006 0.003 0.003 0.007 0.005 0.003 0.003 0.006 0.004 0.004 0.004 0.002 0.003 0.003 0.003 0.005 0.004 0.004 0.005 0.004 0.003 
196   H409.8    (0)   12 :  0.004 0.003 0.005 0.005 0.004 0.003 0.004 0.004 0.004 0.884 0.003 0.003 0.004 0.003 0.003 0.002 0.006 0.003 0.004 0.005 0.007 0.003 0.004 0.003 0.003 0.008 0.002 0.003 0.005 0.003 0.002 
197   H409.9    (0)   12 :  0.003 0.007 0.113 0.025 0.014 0.011 0.003 0.019 0.009 0.364 0.005 0.048 0.009 0.003 0.006 0.006 0.017 0.002 0.021 0.040 0.004 0.011 0.004 0.056 0.014 0.032 0.022 0.022 0.012 0.005 0.091 
198   H413.1    (0)   12 :  0.004 0.004 0.002 0.003 0.003 0.003 0.002 0.900 0.002 0.003 0.006 0.003 0.002 0.003 0.002 0.004 0.004 0.003 0.003 0.003 0.004 0.002 0.002 0.002 0.003 0.005 0.004 0.002 0.006 0.006 0.003 
199   H413.2    (0)   12 :  0.004 0.002 0.002 0.003 0.003 0.003 0.003 0.913 0.002 0.002 0.005 0.003 0.002 0.003 0.002 0.003 0.004 0.003 0.003 0.004 0.003 0.003 0.002 0.002 0.002 0.003 0.003 0.002 0.003 0.004 0.003 
200   H413.3    (0)   12 :  0.002 0.003 0.003 0.003 0.004 0.002 0.003 0.911 0.002 0.003 0.003 0.003 0.004 0.003 0.002 0.004 0.003 0.002 0.003 0.002 0.003 0.002 0.003 0.003 0.003 0.006 0.003 0.002 0.004 0.002 0.003 
201   H413.4    (0)   12 :  0.008 0.005 0.005 0.005 0.005 0.004 0.004 0.873 0.003 0.004 0.003 0.003 0.002 0.003 0.003 0.002 0.004 0.006 0.006 0.005 0.009 0.002 0.004 0.003 0.002 0.006 0.003 0.004 0.006 0.004 0.004 
202   H413.5    (0)   12 :  0.003 0.003 0.003 0.005 0.006 0.008 0.002 0.863 0.003 0.002 0.003 0.017 0.003 0.003 0.003 0.003 0.008 0.002 0.004 0.004 0.005 0.002 0.009 0.004 0.003 0.002 0.010 0.002 0.004 0.002 0.008 
203   H413.6    (0)   12 :  0.004 0.009 0.002 0.005 0.006 0.008 0.009 0.814 0.002 0.004 0.007 0.006 0.002 0.005 0.003 0.010 0.010 0.005 0.006 0.005 0.024 0.003 0.002 0.006 0.003 0.005 0.006 0.003 0.005 0.005 0.014 
204   H413.7    (0)   12 :  0.004 0.003 0.003 0.002 0.003 0.002 0.004 0.919 0.003 0.002 0.003 0.002 0.003 0.003 0.002 0.003 0.003 0.003 0.003 0.003 0.003 0.002 0.002 0.003 0.002 0.003 0.002 0.002 0.003 0.002 0.003 
205   H563.1    (0)   12 :  0.003 0.006 0.003 0.005 0.004 0.003 0.002 0.011 0.002 0.004 0.003 0.006 0.004 0.003 0.004 0.006 0.005 0.003 0.004 0.004 0.004 0.002 0.002 0.010 0.004 0.872 0.005 0.003 0.003 0.003 0.008 
206   H563.2    (0)   12 :  0.008 0.008 0.004 0.011 0.009 0.003 0.003 0.009 0.008 0.010 0.006 0.006 0.005 0.019 0.004 0.005 0.009 0.012 0.011 0.010 0.005 0.003 0.007 0.008 0.004 0.782 0.009 0.005 0.006 0.006 0.004 
207   H563.3    (0)   12 :  0.003 0.008 0.003 0.004 0.005 0.002 0.002 0.004 0.002 0.004 0.003 0.009 0.007 0.003 0.003 0.003 0.004 0.003 0.005 0.004 0.007 0.002 0.002 0.008 0.003 0.879 0.004 0.002 0.004 0.003 0.006 
208   H563.4    (0)   12 :  0.005 0.005 0.004 0.006 0.008 0.004 0.002 0.018 0.003 0.009 0.008 0.004 0.005 0.006 0.004 0.006 0.009 0.004 0.007 0.006 0.005 0.003 0.004 0.005 0.007 0.828 0.008 0.004 0.004 0.005 0.004 
209   H563.5    (0)   12 :  0.003 0.007 0.002 0.003 0.005 0.003 0.002 0.006 0.002 0.003 0.004 0.005 0.004 0.003 0.003 0.005 0.004 0.003 0.003 0.003 0.005 0.002 0.003 0.006 0.004 0.886 0.003 0.005 0.003 0.003 0.008 
210   H563.6    (0)   12 :  0.008 0.011 0.005 0.007 0.006 0.003 0.003 0.009 0.004 0.007 0.006 0.004 0.004 0.007 0.003 0.004 0.006 0.011 0.007 0.006 0.006 0.003 0.005 0.006 0.004 0.829 0.007 0.003 0.005 0.005 0.004 
211   H563.7    (0)   12 :  0.014 0.009 0.004 0.005 0.005 0.003 0.004 0.010 0.004 0.008 0.006 0.003 0.003 0.005 0.002 0.003 0.004 0.014 0.004 0.005 0.007 0.003 0.003 0.003 0.003 0.846 0.005 0.003 0.005 0.005 0.003 
212   H563.8    (0)   12 :  0.004 0.006 0.003 0.004 0.007 0.004 0.003 0.004 0.003 0.003 0.005 0.008 0.004 0.004 0.003 0.005 0.009 0.004 0.006 0.006 0.012 0.002 0.003 0.017 0.006 0.831 0.004 0.010 0.004 0.007 0.010 
213   H563.9    (0)   12 :  0.009 0.005 0.006 0.006 0.009 0.003 0.004 0.007 0.009 0.014 0.006 0.007 0.003 0.017 0.004 0.006 0.009 0.012 0.009 0.009 0.006 0.002 0.005 0.006 0.005 0.797 0.008 0.004 0.007 0.004 0.004 
214  H7374.1    (0)   12 :  0.004 0.838 0.002 0.005 0.004 0.003 0.014 0.004 0.005 0.006 0.014 0.003 0.008 0.009 0.005 0.003 0.005 0.005 0.006 0.006 0.004 0.004 0.003 0.005 0.005 0.005 0.005 0.004 0.004 0.011 0.004 
215  H7374.2    (0)   12 :  0.002 0.842 0.005 0.006 0.006 0.003 0.006 0.008 0.006 0.005 0.006 0.005 0.007 0.007 0.004 0.007 0.005 0.002 0.005 0.006 0.003 0.003 0.003 0.008 0.005 0.009 0.004 0.005 0.004 0.004 0.009 
216  H7374.3    (0)   12 :  0.003 0.720 0.005 0.007 0.008 0.004 0.081 0.003 0.015 0.008 0.007 0.006 0.008 0.017 0.007 0.004 0.009 0.004 0.010 0.007 0.005 0.004 0.005 0.009 0.006 0.006 0.007 0.007 0.004 0.007 0.006 
217  H7374.4    (0)   12 :  0.006 0.872 0.003 0.006 0.004 0.003 0.003 0.005 0.004 0.004 0.003 0.004 0.003 0.004 0.003 0.006 0.004 0.004 0.004 0.005 0.004 0.006 0.003 0.006 0.003 0.004 0.005 0.005 0.005 0.004 0.005 
218  H7374.5    (0)   12 :  0.003 0.879 0.003 0.005 0.004 0.003 0.004 0.002 0.003 0.003 0.005 0.007 0.004 0.003 0.003 0.003 0.004 0.004 0.003 0.004 0.005 0.003 0.004 0.007 0.002 0.005 0.004 0.005 0.005 0.007 0.007 
219  H7374.6    (0)   12 :  0.008 0.773 0.004 0.011 0.010 0.003 0.015 0.005 0.012 0.005 0.004 0.007 0.006 0.016 0.008 0.005 0.007 0.005 0.007 0.010 0.005 0.010 0.008 0.009 0.003 0.009 0.007 0.006 0.007 0.005 0.010 
220  H7374.7    (0)   12 :  0.005 0.899 0.002 0.004 0.003 0.002 0.003 0.004 0.003 0.004 0.004 0.002 0.003 0.004 0.004 0.003 0.003 0.004 0.004 0.004 0.005 0.004 0.003 0.002 0.002 0.003 0.003 0.003 0.005 0.004 0.003 
221  H7374.8    (0)   12 :  0.004 0.872 0.003 0.004 0.004 0.003 0.009 0.002 0.004 0.005 0.007 0.002 0.003 0.005 0.004 0.002 0.003 0.005 0.005 0.006 0.006 0.003 0.004 0.002 0.004 0.006 0.003 0.004 0.005 0.006 0.002 
222  H7374.9    (0)   12 :  0.004 0.872 0.003 0.005 0.006 0.003 0.003 0.003 0.003 0.003 0.005 0.005 0.004 0.003 0.003 0.005 0.004 0.004 0.004 0.004 0.005 0.002 0.006 0.008 0.003 0.005 0.004 0.007 0.004 0.006 0.008 
223  H9563.1    (0)   12 :  0.004 0.004 0.004 0.004 0.005 0.004 0.003 0.004 0.004 0.003 0.003 0.004 0.003 0.005 0.003 0.003 0.006 0.006 0.004 0.006 0.004 0.003 0.003 0.004 0.008 0.874 0.004 0.005 0.004 0.005 0.005 
224  H9563.2    (0)   12 :  0.002 0.003 0.003 0.005 0.006 0.007 0.004 0.005 0.005 0.002 0.004 0.006 0.003 0.003 0.003 0.003 0.011 0.003 0.006 0.004 0.003 0.003 0.003 0.006 0.014 0.864 0.005 0.003 0.003 0.004 0.006 
225  H9563.3    (0)   12 :  0.004 0.004 0.007 0.005 0.005 0.005 0.008 0.004 0.005 0.005 0.008 0.002 0.004 0.005 0.004 0.005 0.004 0.006 0.005 0.006 0.004 0.005 0.003 0.002 0.005 0.860 0.007 0.005 0.003 0.003 0.002 
226  H9563.4    (0)   12 :  0.006 0.007 0.007 0.012 0.013 0.011 0.008 0.004 0.017 0.011 0.009 0.007 0.004 0.010 0.005 0.005 0.017 0.009 0.026 0.013 0.006 0.014 0.005 0.006 0.029 0.687 0.019 0.015 0.006 0.006 0.005 
227  H9563.5    (0)   12 :  0.004 0.003 0.006 0.009 0.010 0.011 0.004 0.004 0.006 0.009 0.004 0.004 0.005 0.006 0.005 0.005 0.020 0.013 0.006 0.009 0.004 0.004 0.004 0.003 0.013 0.799 0.005 0.006 0.005 0.009 0.004 
228  H9563.6    (0)   12 :  0.002 0.006 0.009 0.007 0.005 0.005 0.007 0.005 0.004 0.004 0.023 0.003 0.005 0.003 0.004 0.003 0.004 0.003 0.006 0.005 0.013 0.005 0.002 0.003 0.007 0.840 0.007 0.004 0.004 0.003 0.003 
229  H9563.7    (0)   12 :  0.002 0.005 0.005 0.004 0.004 0.004 0.005 0.003 0.003 0.003 0.011 0.003 0.005 0.004 0.004 0.003 0.004 0.002 0.003 0.004 0.005 0.008 0.003 0.002 0.005 0.879 0.005 0.004 0.002 0.002 0.003 
230  H9563.8    (0)   12 :  0.007 0.003 0.009 0.014 0.021 0.044 0.004 0.003 0.032 0.007 0.008 0.004 0.003 0.007 0.006 0.008 0.016 0.023 0.013 0.016 0.003 0.005 0.004 0.003 0.036 0.628 0.035 0.014 0.008 0.009 0.004 
231  H9563.9    (0)   12 :  0.004 0.004 0.010 0.007 0.009 0.023 0.008 0.005 0.011 0.004 0.010 0.004 0.003 0.005 0.003 0.004 0.009 0.006 0.009 0.008 0.004 0.003 0.004 0.005 0.015 0.796 0.009 0.005 0.005 0.005 0.006 
232  H9572.1    (0)   12 :  0.005 0.009 0.005 0.006 0.010 0.005 0.005 0.008 0.005 0.005 0.004 0.033 0.011 0.009 0.004 0.005 0.016 0.004 0.007 0.007 0.761 0.005 0.006 0.016 0.005 0.012 0.008 0.003 0.009 0.003 0.008 
233  H9572.2    (0)   12 :  0.006 0.016 0.004 0.011 0.020 0.010 0.010 0.007 0.012 0.008 0.009 0.013 0.011 0.015 0.014 0.004 0.018 0.006 0.013 0.012 0.674 0.003 0.012 0.008 0.018 0.038 0.011 0.006 0.005 0.005 0.003 
234  H9572.3    (0)   12 :  0.023 0.045 0.004 0.017 0.012 0.003 0.005 0.006 0.019 0.020 0.020 0.007 0.059 0.007 0.003 0.004 0.008 0.007 0.010 0.013 0.588 0.011 0.005 0.056 0.008 0.011 0.005 0.005 0.007 0.008 0.004 
235  H9572.4    (0)   12 :  0.006 0.005 0.003 0.003 0.003 0.002 0.004 0.003 0.002 0.003 0.002 0.003 0.004 0.003 0.002 0.002 0.002 0.004 0.003 0.004 0.901 0.004 0.003 0.004 0.002 0.003 0.003 0.005 0.003 0.004 0.003 
236  H9572.5    (0)   12 :  0.011 0.002 0.004 0.004 0.005 0.003 0.003 0.002 0.002 0.003 0.004 0.003 0.018 0.008 0.004 0.002 0.003 0.007 0.003 0.004 0.867 0.003 0.003 0.004 0.008 0.002 0.003 0.003 0.004 0.003 0.003 


Estimated Allele Frequencies in each cluster
First column gives estimated ancestral frequencies


Locus 1 : 
8 alleles
0.0% missing data
 156   (0.154) 0.375 0.149 0.237 0.153 0.139 0.117 0.012 0.333 0.024 0.265 0.484 0.040 0.016 0.021 0.011 0.020 0.088 0.022 0.169 0.154 0.603 0.696 0.013 0.022 0.035 0.212 0.217 0.031 0.261 0.031 0.188 
 152   (0.132) 0.010 0.308 0.109 0.128 0.117 0.351 0.700 0.013 0.019 0.012 0.349 0.011 0.342 0.017 0.308 0.017 0.046 0.018 0.100 0.132 0.024 0.256 0.011 0.015 0.075 0.010 0.053 0.445 0.194 0.290 0.010 
 168   (0.096) 0.006 0.010 0.614 0.091 0.086 0.086 0.008 0.186 0.014 0.009 0.100 0.010 0.216 0.012 0.007 0.179 0.034 0.014 0.084 0.096 0.018 0.006 0.322 0.010 0.025 0.007 0.065 0.020 0.341 0.017 0.147 
 164   (0.227) 0.294 0.027 0.017 0.239 0.260 0.310 0.245 0.427 0.212 0.022 0.025 0.051 0.133 0.299 0.016 0.498 0.498 0.461 0.264 0.227 0.044 0.016 0.143 0.105 0.411 0.112 0.269 0.053 0.130 0.565 0.169 
 160   (0.298) 0.308 0.496 0.017 0.300 0.312 0.082 0.029 0.032 0.531 0.681 0.033 0.246 0.284 0.188 0.653 0.276 0.279 0.473 0.305 0.298 0.295 0.019 0.502 0.498 0.436 0.653 0.273 0.232 0.058 0.081 0.025 
 148   (0.058) 0.004 0.006 0.003 0.057 0.056 0.047 0.004 0.006 0.196 0.008 0.006 0.640 0.006 0.007 0.004 0.007 0.044 0.008 0.053 0.058 0.011 0.004 0.005 0.345 0.012 0.004 0.110 0.011 0.010 0.011 0.458 
 144   (0.023) 0.002 0.002 0.001 0.021 0.020 0.005 0.002 0.002 0.003 0.002 0.002 0.002 0.002 0.203 0.001 0.003 0.008 0.003 0.017 0.023 0.004 0.002 0.002 0.002 0.004 0.002 0.008 0.206 0.004 0.004 0.002 
 172   (0.012) 0.001 0.001 0.001 0.011 0.011 0.002 0.001 0.001 0.002 0.001 0.001 0.001 0.001 0.252 0.001 0.001 0.003 0.001 0.009 0.012 0.002 0.001 0.001 0.001 0.002 0.001 0.005 0.002 0.002 0.002 0.001 

Locus 2 : 
7 alleles
0.0% missing data
 156   (0.303) 0.187 0.471 0.018 0.306 0.326 0.082 0.029 0.206 0.273 0.211 0.494 0.469 0.498 0.763 0.490 0.038 0.365 0.181 0.329 0.303 0.161 0.021 0.451 0.363 0.284 0.277 0.374 0.240 0.056 0.082 0.562 
 148   (0.052) 0.004 0.005 0.003 0.049 0.045 0.011 0.004 0.248 0.007 0.005 0.404 0.004 0.005 0.006 0.004 0.239 0.016 0.299 0.038 0.052 0.009 0.003 0.005 0.006 0.010 0.247 0.020 0.010 0.009 0.009 0.004 
 160   (0.159) 0.012 0.018 0.135 0.166 0.160 0.089 0.014 0.018 0.024 0.050 0.048 0.449 0.078 0.023 0.281 0.214 0.111 0.026 0.150 0.159 0.033 0.011 0.014 0.027 0.481 0.141 0.169 0.243 0.184 0.140 0.105 
 168   (0.131) 0.150 0.467 0.008 0.131 0.152 0.366 0.041 0.492 0.021 0.012 0.015 0.029 0.013 0.017 0.128 0.017 0.380 0.021 0.184 0.131 0.025 0.217 0.013 0.120 0.031 0.310 0.269 0.028 0.023 0.027 0.097 
 164   (0.198) 0.580 0.021 0.269 0.197 0.180 0.122 0.901 0.021 0.438 0.439 0.023 0.036 0.389 0.171 0.086 0.473 0.075 0.429 0.172 0.198 0.283 0.218 0.132 0.023 0.163 0.014 0.109 0.045 0.037 0.712 0.017 
 152   (0.132) 0.065 0.014 0.566 0.128 0.117 0.325 0.010 0.014 0.234 0.281 0.014 0.011 0.014 0.017 0.010 0.016 0.044 0.042 0.110 0.132 0.485 0.267 0.383 0.459 0.027 0.010 0.050 0.430 0.687 0.027 0.011 
 172   (0.025) 0.002 0.003 0.001 0.023 0.020 0.005 0.002 0.002 0.003 0.002 0.002 0.002 0.002 0.003 0.002 0.003 0.009 0.003 0.016 0.025 0.004 0.262 0.002 0.002 0.004 0.002 0.010 0.004 0.004 0.004 0.204 

Locus 3 : 
5 alleles
0.4% missing data
 193   (0.149) 0.011 0.270 0.009 0.145 0.130 0.031 0.145 0.181 0.021 0.245 0.475 0.014 0.290 0.259 0.011 0.180 0.055 0.137 0.111 0.149 0.677 0.152 0.013 0.016 0.034 0.389 0.058 0.028 0.510 0.028 0.072 
 189   (0.283) 0.086 0.503 0.463 0.285 0.289 0.582 0.642 0.031 0.368 0.325 0.244 0.593 0.249 0.039 0.591 0.285 0.354 0.042 0.336 0.283 0.091 0.019 0.367 0.036 0.282 0.243 0.421 0.122 0.053 0.295 0.070 
 181   (0.131) 0.382 0.014 0.347 0.128 0.135 0.091 0.011 0.742 0.018 0.386 0.232 0.031 0.013 0.017 0.009 0.016 0.126 0.295 0.118 0.131 0.023 0.324 0.011 0.015 0.030 0.165 0.106 0.024 0.024 0.145 0.010 
 185   (0.363) 0.260 0.205 0.132 0.370 0.380 0.280 0.197 0.039 0.583 0.036 0.041 0.355 0.051 0.482 0.164 0.508 0.441 0.515 0.378 0.363 0.072 0.500 0.603 0.689 0.487 0.197 0.387 0.811 0.400 0.518 0.842 
 197   (0.074) 0.262 0.009 0.049 0.071 0.066 0.015 0.006 0.007 0.010 0.007 0.008 0.007 0.396 0.203 0.225 0.010 0.024 0.011 0.057 0.074 0.138 0.005 0.006 0.244 0.168 0.006 0.028 0.014 0.013 0.014 0.005 

Locus 4 : 
7 alleles
0.0% missing data
 173   (0.252) 0.462 0.231 0.015 0.254 0.233 0.060 0.027 0.683 0.313 0.194 0.319 0.115 0.028 0.491 0.288 0.467 0.120 0.471 0.232 0.252 0.145 0.017 0.320 0.140 0.253 0.120 0.162 0.055 0.428 0.225 0.025 
 169   (0.079) 0.158 0.009 0.620 0.077 0.069 0.016 0.007 0.007 0.151 0.007 0.241 0.007 0.008 0.011 0.006 0.010 0.028 0.010 0.072 0.079 0.596 0.005 0.007 0.009 0.018 0.706 0.030 0.112 0.014 0.016 0.006 
 165   (0.250) 0.120 0.120 0.022 0.251 0.233 0.178 0.888 0.026 0.472 0.023 0.231 0.518 0.626 0.336 0.303 0.032 0.215 0.036 0.328 0.250 0.048 0.315 0.374 0.449 0.112 0.018 0.498 0.054 0.264 0.481 0.387 
 177   (0.263) 0.250 0.031 0.334 0.269 0.325 0.715 0.025 0.028 0.043 0.760 0.192 0.308 0.114 0.143 0.219 0.212 0.545 0.463 0.250 0.263 0.051 0.653 0.024 0.038 0.581 0.048 0.250 0.482 0.266 0.251 0.064 
 185   (0.023) 0.001 0.002 0.001 0.021 0.020 0.004 0.002 0.002 0.003 0.002 0.002 0.002 0.002 0.003 0.055 0.003 0.006 0.003 0.017 0.023 0.004 0.001 0.264 0.002 0.004 0.002 0.008 0.004 0.004 0.004 0.002 
 181   (0.102) 0.007 0.604 0.006 0.100 0.094 0.021 0.008 0.250 0.014 0.012 0.011 0.047 0.219 0.013 0.007 0.013 0.077 0.013 0.080 0.102 0.150 0.007 0.009 0.359 0.026 0.104 0.041 0.288 0.019 0.018 0.514 
 193   (0.030) 0.002 0.003 0.002 0.027 0.026 0.006 0.045 0.003 0.004 0.002 0.003 0.003 0.003 0.004 0.121 0.264 0.009 0.004 0.021 0.030 0.005 0.002 0.003 0.003 0.006 0.002 0.010 0.006 0.005 0.005 0.002 

Locus 5 : 
12 alleles
0.0% missing data
 215   (0.066) 0.005 0.007 0.004 0.066 0.062 0.014 0.005 0.006 0.009 0.006 0.159 0.006 0.319 0.159 0.005 0.009 0.024 0.257 0.054 0.066 0.067 0.004 0.024 0.007 0.416 0.005 0.027 0.013 0.045 0.012 0.005 
 207   (0.221) 0.251 0.368 0.186 0.221 0.200 0.047 0.550 0.107 0.034 0.565 0.355 0.021 0.022 0.412 0.405 0.114 0.084 0.223 0.182 0.221 0.709 0.015 0.020 0.026 0.048 0.244 0.088 0.464 0.130 0.096 0.016 
 195   (0.096) 0.131 0.010 0.053 0.100 0.093 0.221 0.008 0.127 0.015 0.010 0.420 0.171 0.009 0.014 0.007 0.012 0.076 0.016 0.112 0.096 0.017 0.006 0.009 0.012 0.028 0.007 0.201 0.021 0.343 0.464 0.008 
 203   (0.233) 0.293 0.211 0.671 0.232 0.288 0.223 0.020 0.721 0.121 0.084 0.025 0.653 0.497 0.031 0.016 0.814 0.618 0.037 0.294 0.233 0.135 0.016 0.022 0.690 0.064 0.241 0.425 0.133 0.408 0.045 0.142 
 199   (0.219) 0.309 0.386 0.077 0.224 0.209 0.058 0.323 0.023 0.551 0.060 0.025 0.094 0.137 0.266 0.072 0.030 0.147 0.139 0.213 0.219 0.042 0.495 0.283 0.245 0.413 0.177 0.153 0.337 0.045 0.355 0.786 
 211   (0.056) 0.004 0.006 0.003 0.053 0.050 0.011 0.084 0.005 0.008 0.005 0.006 0.005 0.006 0.007 0.488 0.007 0.016 0.314 0.043 0.056 0.009 0.153 0.005 0.006 0.011 0.319 0.020 0.011 0.010 0.009 0.004 
 271   (0.022) 0.001 0.002 0.001 0.021 0.021 0.005 0.003 0.002 0.003 0.002 0.002 0.035 0.002 0.003 0.002 0.003 0.010 0.003 0.034 0.022 0.004 0.001 0.002 0.003 0.005 0.002 0.055 0.004 0.004 0.004 0.003 
 191   (0.012) 0.001 0.001 0.001 0.011 0.010 0.002 0.001 0.001 0.002 0.001 0.001 0.001 0.001 0.001 0.001 0.001 0.004 0.001 0.008 0.012 0.002 0.001 0.628 0.001 0.002 0.001 0.004 0.002 0.002 0.002 0.001 
 284   (0.033) 0.002 0.003 0.002 0.032 0.031 0.211 0.002 0.003 0.252 0.263 0.003 0.004 0.003 0.004 0.002 0.004 0.008 0.004 0.030 0.033 0.005 0.002 0.004 0.004 0.006 0.003 0.011 0.006 0.006 0.006 0.002 
 275   (0.021) 0.001 0.002 0.001 0.019 0.018 0.204 0.002 0.002 0.003 0.002 0.002 0.007 0.002 0.100 0.001 0.002 0.008 0.003 0.014 0.021 0.004 0.001 0.002 0.002 0.004 0.001 0.010 0.004 0.004 0.004 0.001 
 279   (0.011) 0.001 0.001 0.001 0.011 0.010 0.002 0.001 0.001 0.001 0.001 0.001 0.001 0.001 0.001 0.001 0.001 0.003 0.001 0.008 0.011 0.002 0.306 0.001 0.001 0.002 0.001 0.004 0.002 0.002 0.002 0.001 
 280   (0.010) 0.001 0.001 0.001 0.010 0.010 0.002 0.001 0.001 0.001 0.001 0.001 0.002 0.001 0.001 0.001 0.001 0.003 0.001 0.009 0.010 0.003 0.001 0.001 0.002 0.002 0.001 0.003 0.003 0.002 0.002 0.030 

Locus 6 : 
9 alleles
0.0% missing data
 254   (0.075) 0.241 0.008 0.005 0.072 0.070 0.016 0.006 0.008 0.010 0.007 0.101 0.007 0.008 0.009 0.005 0.266 0.024 0.153 0.060 0.075 0.014 0.005 0.007 0.450 0.150 0.006 0.027 0.015 0.178 0.031 0.006 
 242   (0.189) 0.071 0.093 0.012 0.189 0.181 0.077 0.115 0.020 0.027 0.017 0.736 0.845 0.353 0.024 0.013 0.025 0.102 0.051 0.167 0.189 0.740 0.012 0.372 0.375 0.096 0.466 0.168 0.040 0.117 0.332 0.846 
 238   (0.344) 0.282 0.039 0.546 0.348 0.388 0.415 0.029 0.041 0.513 0.562 0.118 0.081 0.132 0.194 0.023 0.486 0.683 0.446 0.441 0.344 0.063 0.258 0.588 0.125 0.418 0.161 0.619 0.476 0.370 0.462 0.099 
 250   (0.122) 0.389 0.013 0.172 0.127 0.113 0.113 0.035 0.013 0.413 0.011 0.014 0.036 0.138 0.266 0.871 0.015 0.050 0.309 0.114 0.122 0.023 0.008 0.011 0.017 0.043 0.009 0.084 0.210 0.024 0.028 0.015 
 246   (0.155) 0.011 0.380 0.080 0.156 0.148 0.036 0.806 0.275 0.023 0.014 0.019 0.023 0.359 0.493 0.080 0.195 0.108 0.025 0.130 0.155 0.142 0.709 0.013 0.021 0.262 0.101 0.064 0.239 0.032 0.124 0.026 
 230   (0.058) 0.004 0.006 0.182 0.058 0.053 0.333 0.005 0.195 0.008 0.005 0.006 0.005 0.005 0.007 0.004 0.007 0.017 0.008 0.049 0.058 0.009 0.004 0.005 0.006 0.021 0.138 0.020 0.011 0.269 0.013 0.004 
 258   (0.013) 0.001 0.001 0.001 0.012 0.011 0.003 0.001 0.001 0.002 0.380 0.001 0.001 0.001 0.001 0.001 0.001 0.004 0.002 0.009 0.013 0.002 0.001 0.001 0.001 0.003 0.001 0.005 0.002 0.003 0.002 0.001 
 234   (0.023) 0.002 0.306 0.001 0.021 0.020 0.005 0.002 0.444 0.003 0.002 0.003 0.002 0.002 0.003 0.002 0.003 0.006 0.003 0.017 0.023 0.004 0.002 0.002 0.002 0.004 0.002 0.008 0.004 0.004 0.004 0.002 
 226   (0.019) 0.001 0.154 0.001 0.017 0.016 0.004 0.001 0.002 0.002 0.002 0.002 0.002 0.002 0.002 0.001 0.002 0.006 0.002 0.014 0.019 0.003 0.001 0.002 0.002 0.004 0.117 0.006 0.003 0.003 0.003 0.001 

Locus 7 : 
5 alleles
0.0% missing data
 149   (0.835) 0.989 0.982 0.991 0.843 0.844 0.509 0.839 0.554 0.978 0.985 0.982 0.726 0.984 0.979 0.751 0.505 0.788 0.978 0.855 0.835 0.799 0.567 0.986 0.796 0.967 0.988 0.812 0.969 0.971 0.970 0.373 
 153   (0.088) 0.006 0.010 0.005 0.086 0.092 0.185 0.155 0.040 0.013 0.008 0.010 0.266 0.009 0.012 0.045 0.295 0.187 0.012 0.094 0.088 0.190 0.006 0.008 0.196 0.019 0.007 0.158 0.017 0.016 0.017 0.425 
 155   (0.028) 0.002 0.003 0.002 0.026 0.024 0.005 0.002 0.401 0.004 0.002 0.003 0.003 0.003 0.003 0.200 0.003 0.009 0.004 0.018 0.028 0.004 0.212 0.002 0.003 0.005 0.002 0.011 0.005 0.005 0.005 0.002 
 157   (0.033) 0.002 0.003 0.002 0.030 0.027 0.007 0.003 0.003 0.004 0.003 0.003 0.003 0.003 0.004 0.002 0.194 0.011 0.004 0.022 0.033 0.005 0.213 0.003 0.003 0.006 0.002 0.013 0.006 0.005 0.005 0.199 
 151   (0.015) 0.001 0.002 0.001 0.015 0.013 0.294 0.001 0.001 0.002 0.002 0.002 0.003 0.001 0.002 0.001 0.002 0.005 0.002 0.011 0.015 0.002 0.001 0.001 0.002 0.003 0.001 0.007 0.003 0.003 0.002 0.001 

Locus 8 : 
15 alleles
0.4% missing data
 150   (0.092) 0.307 0.009 0.006 0.093 0.095 0.099 0.008 0.276 0.014 0.008 0.304 0.195 0.009 0.012 0.006 0.011 0.164 0.051 0.092 0.092 0.021 0.006 0.209 0.012 0.022 0.006 0.080 0.018 0.018 0.215 0.432 
 138   (0.138) 0.009 0.015 0.008 0.141 0.199 0.546 0.012 0.263 0.373 0.012 0.236 0.310 0.021 0.019 0.009 0.017 0.456 0.020 0.195 0.138 0.151 0.009 0.013 0.242 0.320 0.099 0.449 0.030 0.249 0.030 0.207 
 158   (0.043) 0.003 0.005 0.002 0.040 0.036 0.008 0.407 0.195 0.006 0.003 0.229 0.004 0.004 0.005 0.049 0.005 0.015 0.005 0.029 0.043 0.007 0.003 0.004 0.004 0.008 0.003 0.017 0.008 0.007 0.008 0.003 
 146   (0.200) 0.014 0.316 0.055 0.210 0.190 0.046 0.366 0.024 0.157 0.458 0.173 0.371 0.350 0.260 0.014 0.030 0.165 0.419 0.249 0.200 0.150 0.092 0.200 0.361 0.099 0.122 0.251 0.044 0.194 0.301 0.281 
 152   (0.110) 0.218 0.258 0.234 0.108 0.099 0.023 0.012 0.011 0.327 0.010 0.012 0.011 0.011 0.146 0.308 0.013 0.043 0.235 0.096 0.110 0.021 0.007 0.262 0.012 0.025 0.008 0.042 0.320 0.268 0.235 0.008 
 148   (0.072) 0.005 0.362 0.004 0.071 0.069 0.015 0.070 0.007 0.072 0.006 0.008 0.006 0.216 0.009 0.157 0.459 0.027 0.009 0.068 0.072 0.015 0.005 0.284 0.009 0.118 0.005 0.028 0.016 0.013 0.016 0.006 
 156   (0.025) 0.002 0.003 0.001 0.027 0.024 0.006 0.002 0.003 0.004 0.002 0.003 0.003 0.003 0.004 0.061 0.003 0.010 0.003 0.023 0.025 0.004 0.002 0.002 0.003 0.017 0.116 0.011 0.005 0.005 0.007 0.002 
 134   (0.054) 0.003 0.006 0.003 0.053 0.048 0.204 0.006 0.005 0.007 0.005 0.006 0.009 0.005 0.209 0.195 0.006 0.019 0.008 0.042 0.054 0.312 0.003 0.004 0.006 0.011 0.004 0.021 0.086 0.010 0.010 0.004 
 142   (0.025) 0.002 0.003 0.423 0.025 0.021 0.005 0.002 0.003 0.004 0.002 0.003 0.002 0.002 0.004 0.002 0.031 0.008 0.215 0.020 0.025 0.005 0.002 0.002 0.003 0.005 0.002 0.010 0.005 0.005 0.005 0.002 
 128   (0.110) 0.297 0.012 0.006 0.110 0.108 0.022 0.010 0.012 0.016 0.010 0.013 0.077 0.367 0.316 0.008 0.014 0.053 0.017 0.090 0.110 0.291 0.495 0.010 0.333 0.351 0.008 0.040 0.444 0.021 0.148 0.044 
 144   (0.039) 0.041 0.004 0.002 0.039 0.035 0.008 0.098 0.004 0.008 0.003 0.004 0.004 0.004 0.005 0.185 0.401 0.014 0.006 0.031 0.039 0.008 0.003 0.003 0.004 0.008 0.003 0.015 0.007 0.007 0.008 0.003 
 168   (0.011) 0.001 0.001 0.000 0.010 0.009 0.002 0.001 0.001 0.001 0.001 0.001 0.001 0.001 0.001 0.001 0.001 0.003 0.001 0.007 0.011 0.002 0.001 0.001 0.001 0.002 0.001 0.004 0.002 0.189 0.002 0.001 
 160   (0.028) 0.002 0.003 0.251 0.026 0.024 0.005 0.002 0.003 0.004 0.262 0.003 0.003 0.002 0.003 0.002 0.003 0.007 0.003 0.020 0.028 0.005 0.002 0.002 0.003 0.006 0.002 0.011 0.006 0.005 0.005 0.002 
 140   (0.022) 0.096 0.002 0.001 0.021 0.019 0.004 0.002 0.002 0.003 0.002 0.002 0.002 0.002 0.003 0.001 0.002 0.007 0.003 0.016 0.022 0.004 0.369 0.002 0.002 0.004 0.002 0.008 0.004 0.004 0.004 0.001 
 136   (0.029) 0.002 0.003 0.002 0.027 0.026 0.006 0.002 0.192 0.004 0.216 0.003 0.003 0.003 0.003 0.002 0.003 0.007 0.004 0.023 0.029 0.005 0.002 0.002 0.003 0.006 0.621 0.010 0.005 0.005 0.005 0.003 

Locus 9 : 
4 alleles
0.0% missing data
 184   (0.187) 0.018 0.202 0.476 0.186 0.166 0.043 0.406 0.019 0.406 0.495 0.841 0.017 0.019 0.235 0.222 0.190 0.069 0.029 0.146 0.187 0.035 0.324 0.016 0.020 0.247 0.122 0.075 0.078 0.206 0.038 0.251 
 186   (0.476) 0.102 0.156 0.474 0.484 0.529 0.465 0.163 0.792 0.201 0.224 0.121 0.908 0.948 0.720 0.426 0.366 0.723 0.156 0.472 0.476 0.568 0.654 0.674 0.744 0.675 0.513 0.289 0.415 0.263 0.196 0.623 
 180   (0.231) 0.873 0.344 0.014 0.226 0.206 0.466 0.327 0.178 0.378 0.021 0.026 0.061 0.023 0.031 0.115 0.030 0.107 0.800 0.279 0.231 0.377 0.015 0.301 0.026 0.051 0.358 0.565 0.385 0.256 0.744 0.019 
 182   (0.105) 0.007 0.298 0.036 0.105 0.099 0.027 0.104 0.011 0.016 0.260 0.011 0.014 0.010 0.014 0.236 0.414 0.101 0.015 0.103 0.105 0.020 0.007 0.009 0.210 0.027 0.008 0.071 0.122 0.275 0.021 0.108 

Locus 10 : 
7 alleles
0.0% missing data
 176   (0.010) 0.001 0.001 0.001 0.010 0.009 0.002 0.001 0.001 0.001 0.001 0.288 0.001 0.001 0.001 0.001 0.001 0.002 0.001 0.007 0.010 0.002 0.001 0.001 0.001 0.002 0.001 0.004 0.002 0.002 0.002 0.001 
 168   (0.167) 0.026 0.221 0.171 0.170 0.198 0.170 0.016 0.018 0.078 0.144 0.389 0.043 0.437 0.022 0.012 0.022 0.358 0.024 0.157 0.167 0.128 0.011 0.017 0.233 0.577 0.419 0.078 0.067 0.035 0.347 0.078 
 156   (0.130) 0.009 0.015 0.228 0.132 0.128 0.584 0.011 0.013 0.019 0.013 0.169 0.081 0.116 0.018 0.010 0.445 0.072 0.121 0.227 0.130 0.025 0.009 0.080 0.015 0.255 0.114 0.599 0.415 0.026 0.029 0.010 
 160   (0.217) 0.107 0.129 0.049 0.220 0.201 0.052 0.468 0.267 0.478 0.368 0.100 0.244 0.024 0.460 0.050 0.380 0.155 0.033 0.221 0.217 0.043 0.015 0.022 0.475 0.052 0.434 0.121 0.091 0.216 0.137 0.379 
 164   (0.235) 0.016 0.027 0.015 0.234 0.248 0.142 0.480 0.677 0.033 0.212 0.028 0.611 0.397 0.266 0.424 0.055 0.332 0.033 0.194 0.235 0.483 0.256 0.562 0.250 0.065 0.016 0.116 0.049 0.263 0.049 0.515 
 172   (0.221) 0.835 0.605 0.535 0.215 0.199 0.046 0.022 0.022 0.031 0.260 0.024 0.019 0.022 0.230 0.502 0.093 0.073 0.785 0.180 0.221 0.315 0.707 0.317 0.025 0.045 0.015 0.074 0.373 0.455 0.433 0.016 
 152   (0.020) 0.007 0.002 0.001 0.020 0.017 0.004 0.002 0.002 0.358 0.002 0.003 0.002 0.002 0.002 0.002 0.003 0.007 0.003 0.014 0.020 0.004 0.001 0.002 0.002 0.004 0.001 0.008 0.003 0.004 0.004 0.001 

Locus 11 : 
7 alleles
0.4% missing data
 177   (0.067) 0.005 0.497 0.021 0.066 0.056 0.015 0.007 0.007 0.355 0.202 0.357 0.006 0.008 0.009 0.005 0.008 0.028 0.009 0.056 0.067 0.038 0.582 0.006 0.008 0.053 0.005 0.027 0.014 0.013 0.013 0.005 
 173   (0.177) 0.011 0.021 0.251 0.178 0.166 0.058 0.175 0.020 0.026 0.023 0.239 0.033 0.643 0.024 0.581 0.024 0.087 0.124 0.203 0.177 0.031 0.369 0.018 0.187 0.352 0.451 0.291 0.217 0.385 0.036 0.015 
 165   (0.293) 0.020 0.329 0.032 0.296 0.319 0.416 0.041 0.717 0.100 0.554 0.352 0.379 0.039 0.488 0.021 0.884 0.491 0.042 0.271 0.293 0.053 0.019 0.030 0.707 0.482 0.098 0.155 0.502 0.055 0.462 0.888 
 169   (0.323) 0.956 0.138 0.687 0.325 0.329 0.253 0.767 0.211 0.501 0.209 0.037 0.061 0.033 0.310 0.180 0.042 0.277 0.806 0.288 0.323 0.496 0.021 0.294 0.081 0.080 0.296 0.164 0.239 0.523 0.463 0.047 
 161   (0.083) 0.005 0.009 0.005 0.082 0.079 0.246 0.007 0.039 0.011 0.008 0.009 0.516 0.008 0.011 0.118 0.036 0.100 0.011 0.139 0.083 0.372 0.005 0.368 0.011 0.022 0.006 0.345 0.017 0.015 0.016 0.041 
 157   (0.034) 0.002 0.004 0.002 0.031 0.030 0.007 0.003 0.004 0.005 0.003 0.003 0.003 0.003 0.155 0.094 0.004 0.009 0.004 0.027 0.034 0.005 0.002 0.003 0.004 0.006 0.143 0.010 0.006 0.006 0.006 0.002 
 153   (0.024) 0.002 0.003 0.001 0.023 0.020 0.005 0.002 0.002 0.003 0.002 0.002 0.002 0.266 0.003 0.002 0.003 0.007 0.003 0.017 0.024 0.004 0.002 0.280 0.003 0.004 0.002 0.009 0.004 0.004 0.004 0.002 

Values of parameters used in structure:
DATAFILE=/data/home/rchen/Hunting/blackgrouse-hunting/data_job_T31_6,	OUTFILE=data/structure/Results_stru_chicks_hunted/results_job_T31_6,	NUMINDS=236,	NUMLOCI=11,	MISSING=-9,	LABEL=1,	POPDATA=1,	POPFLAG=0,	PHENOTYPE=0,	EXTRACOLS=0,	MAXPOPS=31,	BURNIN=10000,	NUMREPS=10000,	USEPOPINFO=0,	INFERALPHA=1,	INFERLAMBDA=0,	POPSPECIFICLAMBDA=0,	POPALPHAS=0,	COMPUTEPROB=1,	NOADMIX=0,	ADMBURNIN=2500,	UPDATEFREQ=1,	PRINTLIKES=0,	INTERMEDSAVE=0,	PRINTKLD=0,	PRINTNET=0,	PRINTLAMBDA=0,	ANCESTDIST=0,	NUMBOXES=1000,	ANCESTPINT=0.90000,	GENSBACK=2,	MIGRPRIOR=0.05000,	PRINTQHAT=1,	PRINTQSUM=0,	ALPHA=1.0000,	FREQSCORR=1,	FPRIORMEAN=0.0100,	FPRIORSD=0.0500,	ONEFST=0,	LAMBDA=1.0000,	UNIFPRIORALPHA=1,	ALPHAMAX=10.0000,	ALPHAPRIORA=1.0000,	ALPHAPRIORB=2.0000,	ALPHAPROPSD=0.0250,	STARTATPOPINFO=0,	RANDOMIZE=1,	LINKAGE=0,	METROFREQ=10,	REPORTHITRATE=0,	MARKOVPHASE=-1,	PHASED=0,	PLOIDY=2,	PHASEINFO=0	LOCPRIOR=0, 	LOCPRIORINIT=1.000000, 	LOCDATA=0, 	LOCISPOP=0, 	LOCPRIORSTEP=0.100000, 	MAXLOCPRIOR=20.000000, 	SEED=1653048094,	
[STRAT parameters]:    NUMSIMSTATS=1000,	PHENOTYPECOL=-9,	POOLFREQ=10,	LOCUSxONLY=0,	EMERROR=0.00100,	MISSINGPHENO=-9,	