

----------------------------------------------------
STRUCTURE by Pritchard, Stephens and Donnelly (2000)
     and Falush, Stephens and Pritchard (2003)
       Code by Pritchard, Falush and Hubisz
             Version 2.3.4 (Jul 2012)
----------------------------------------------------



Command line arguments:   /usr/local/bin/structure -m parameter_job_T21_5 
Input File:    /data/home/rchen/Hunting/blackgrouse-hunting/data_job_T21_5

Run parameters:
   236 individuals
   11 loci
   21 populations assumed
   10000 Burn-in period
   10000 Reps


--------------------------------------------
Proportion of membership of each pre-defined
 population in each of the 21 clusters

Given    Inferred Clusters                                                                                                                                     Number of
 Pop       1      2      3      4      5      6      7      8      9     10     11     12     13     14     15     16     17     18     19     20     21      Individuals

  1:     0.042  0.037  0.029  0.006  0.050  0.007  0.097  0.006  0.006  0.051  0.060  0.074  0.122  0.005  0.114  0.045  0.040  0.085  0.056  0.053  0.013      187
 12:     0.004  0.005  0.007  0.172  0.004  0.178  0.006  0.091  0.330  0.006  0.006  0.007  0.010  0.137  0.005  0.006  0.005  0.004  0.006  0.004  0.008       49
--------------------------------------------

Allele-freq. divergence among pops (Net nucleotide distance),
computed using point estimates of P.

      1       2       3       4       5       6       7       8       9      10      11      12      13      14      15      16      17      18      19      20      21      
 1      -    0.1619  0.1142  0.1994  0.2768  0.1761  0.1395  0.2568  0.2124  0.1673  0.2142  0.2095  0.1588  0.1791  0.2394  0.2398  0.1782  0.2298  0.2063  0.2154  0.1050  
 2   0.1619     -    0.0644  0.1260  0.1594  0.1452  0.1159  0.1694  0.1554  0.1046  0.1632  0.1437  0.1550  0.2461  0.1452  0.2024  0.1090  0.1475  0.1586  0.1349  0.0602  
 3   0.1142  0.0644     -    0.1156  0.1434  0.1084  0.0693  0.1511  0.1021  0.0670  0.1232  0.1460  0.1027  0.1711  0.1513  0.1295  0.1065  0.1250  0.0710  0.1084  0.0210  
 4   0.1994  0.1260  0.1156     -    0.1961  0.1522  0.1686  0.1756  0.1442  0.1346  0.1509  0.2088  0.1795  0.2115  0.1765  0.1656  0.1588  0.1413  0.1667  0.1672  0.0802  
 5   0.2768  0.1594  0.1434  0.1961     -    0.2127  0.2113  0.2231  0.2480  0.1869  0.2236  0.2150  0.2372  0.2624  0.2340  0.2400  0.1829  0.2193  0.1941  0.2303  0.1273  
 6   0.1761  0.1452  0.1084  0.1522  0.2127     -    0.1576  0.1817  0.1607  0.1475  0.1734  0.1650  0.2219  0.2367  0.1918  0.1667  0.1550  0.1828  0.2054  0.1916  0.0863  
 7   0.1395  0.1159  0.0693  0.1686  0.2113  0.1576     -    0.1721  0.1409  0.1561  0.1593  0.1633  0.1109  0.1678  0.1795  0.1707  0.1253  0.1659  0.1329  0.1275  0.0572  
 8   0.2568  0.1694  0.1511  0.1756  0.2231  0.1817  0.1721     -    0.1222  0.1609  0.2036  0.1808  0.1951  0.2218  0.1818  0.1664  0.1333  0.1939  0.1710  0.1660  0.0970  
 9   0.2124  0.1554  0.1021  0.1442  0.2480  0.1607  0.1409  0.1222     -    0.1579  0.1890  0.1725  0.1837  0.2019  0.1952  0.1500  0.1557  0.1675  0.1464  0.1767  0.0769  
10   0.1673  0.1046  0.0670  0.1346  0.1869  0.1475  0.1561  0.1609  0.1579     -    0.1322  0.2108  0.1293  0.1778  0.1709  0.1778  0.1447  0.1395  0.1198  0.1334  0.0551  
11   0.2142  0.1632  0.1232  0.1509  0.2236  0.1734  0.1593  0.2036  0.1890  0.1322     -    0.1982  0.2061  0.2735  0.1439  0.1990  0.1564  0.1575  0.1720  0.1669  0.0826  
12   0.2095  0.1437  0.1460  0.2088  0.2150  0.1650  0.1633  0.1808  0.1725  0.2108  0.1982     -    0.2613  0.2509  0.1723  0.2147  0.1055  0.2052  0.1955  0.1868  0.1066  
13   0.1588  0.1550  0.1027  0.1795  0.2372  0.2219  0.1109  0.1951  0.1837  0.1293  0.2061  0.2613     -    0.1727  0.2776  0.2048  0.1879  0.2292  0.1433  0.1522  0.0902  
14   0.1791  0.2461  0.1711  0.2115  0.2624  0.2367  0.1678  0.2218  0.2019  0.1778  0.2735  0.2509  0.1727     -    0.2562  0.2350  0.1984  0.2593  0.2185  0.2428  0.1308  
15   0.2394  0.1452  0.1513  0.1765  0.2340  0.1918  0.1795  0.1818  0.1952  0.1709  0.1439  0.1723  0.2776  0.2562     -    0.2574  0.1345  0.1862  0.2479  0.1717  0.1071  
16   0.2398  0.2024  0.1295  0.1656  0.2400  0.1667  0.1707  0.1664  0.1500  0.1778  0.1990  0.2147  0.2048  0.2350  0.2574     -    0.1626  0.2167  0.1828  0.2322  0.1034  
17   0.1782  0.1090  0.1065  0.1588  0.1829  0.1550  0.1253  0.1333  0.1557  0.1447  0.1564  0.1055  0.1879  0.1984  0.1345  0.1626     -    0.1689  0.1647  0.1339  0.0615  
18   0.2298  0.1475  0.1250  0.1413  0.2193  0.1828  0.1659  0.1939  0.1675  0.1395  0.1575  0.2052  0.2292  0.2593  0.1862  0.2167  0.1689     -    0.1456  0.1625  0.0877  
19   0.2063  0.1586  0.0710  0.1667  0.1941  0.2054  0.1329  0.1710  0.1464  0.1198  0.1720  0.1955  0.1433  0.2185  0.2479  0.1828  0.1647  0.1456     -    0.1455  0.0760  
20   0.2154  0.1349  0.1084  0.1672  0.2303  0.1916  0.1275  0.1660  0.1767  0.1334  0.1669  0.1868  0.1522  0.2428  0.1717  0.2322  0.1339  0.1625  0.1455     -    0.0787  
21   0.1050  0.0602  0.0210  0.0802  0.1273  0.0863  0.0572  0.0970  0.0769  0.0551  0.0826  0.1066  0.0902  0.1308  0.1071  0.1034  0.0615  0.0877  0.0760  0.0787     -    

Average distances (expected heterozygosity) between individuals in same cluster:
cluster  1  : 0.5843 
cluster  2  : 0.5952 
cluster  3  : 0.6739 
cluster  4  : 0.5965 
cluster  5  : 0.5486 
cluster  6  : 0.5533 
cluster  7  : 0.6532 
cluster  8  : 0.5735 
cluster  9  : 0.5954 
cluster 10  : 0.5825 
cluster 11  : 0.5593 
cluster 12  : 0.5385 
cluster 13  : 0.5700 
cluster 14  : 0.5482 
cluster 15  : 0.5120 
cluster 16  : 0.5726 
cluster 17  : 0.6194 
cluster 18  : 0.5999 
cluster 19  : 0.5612 
cluster 20  : 0.5516 
cluster 21  : 0.7501 

--------------------------------------------
Estimated Ln Prob of Data   = -6329.9
Mean value of ln likelihood = -5762.5
Variance of ln likelihood   = 1134.7
Mean value of alpha         = 0.0297

Mean value of Fst_1         = 0.3588
Mean value of Fst_2         = 0.2863
Mean value of Fst_3         = 0.1746
Mean value of Fst_4         = 0.3333
Mean value of Fst_5         = 0.4513
Mean value of Fst_6         = 0.3675
Mean value of Fst_7         = 0.2241
Mean value of Fst_8         = 0.3512
Mean value of Fst_9         = 0.2870
Mean value of Fst_10         = 0.2950
Mean value of Fst_11         = 0.3041
Mean value of Fst_12         = 0.3781
Mean value of Fst_13         = 0.3048
Mean value of Fst_14         = 0.4003
Mean value of Fst_15         = 0.2971
Mean value of Fst_16         = 0.3536
Mean value of Fst_17         = 0.2758
Mean value of Fst_18         = 0.3058
Mean value of Fst_19         = 0.3440
Mean value of Fst_20         = 0.3899
Mean value of Fst_21         = 0.0002


Inferred ancestry of individuals:
        Label (%Miss) Pop:  Inferred clusters
  1   H105.1    (0)    1 :  0.002 0.002 0.004 0.003 0.002 0.003 0.003 0.004 0.004 0.003 0.003 0.003 0.002 0.002 0.004 0.939 0.004 0.003 0.004 0.002 0.003 
  2   H105.2    (0)    1 :  0.007 0.003 0.005 0.003 0.003 0.006 0.006 0.002 0.004 0.004 0.005 0.007 0.004 0.004 0.003 0.905 0.010 0.002 0.005 0.006 0.005 
  3   H105.3    (0)    1 :  0.002 0.002 0.003 0.003 0.002 0.003 0.003 0.003 0.005 0.002 0.002 0.004 0.002 0.003 0.002 0.946 0.002 0.002 0.003 0.002 0.003 
  4   H105.4    (0)    1 :  0.003 0.004 0.006 0.004 0.004 0.005 0.004 0.003 0.004 0.004 0.003 0.003 0.003 0.003 0.003 0.927 0.004 0.003 0.005 0.002 0.004 
  5   H105.5    (0)    1 :  0.007 0.005 0.020 0.005 0.003 0.005 0.008 0.004 0.005 0.005 0.004 0.004 0.008 0.003 0.004 0.882 0.007 0.004 0.008 0.003 0.007 
  6   H105.6    (0)    1 :  0.004 0.003 0.005 0.004 0.005 0.007 0.006 0.003 0.006 0.006 0.005 0.003 0.008 0.009 0.003 0.901 0.003 0.004 0.004 0.003 0.006 
  7   H105.7    (0)    1 :  0.006 0.007 0.009 0.003 0.004 0.007 0.005 0.009 0.020 0.012 0.005 0.005 0.005 0.007 0.003 0.863 0.008 0.003 0.007 0.005 0.008 
  8   H105.8    (0)    1 :  0.003 0.003 0.003 0.003 0.002 0.003 0.003 0.003 0.004 0.002 0.002 0.005 0.003 0.003 0.002 0.942 0.004 0.002 0.003 0.003 0.003 
  9   H115.1    (0)    1 :  0.005 0.004 0.019 0.003 0.003 0.028 0.778 0.004 0.013 0.004 0.003 0.010 0.024 0.045 0.013 0.004 0.004 0.004 0.012 0.008 0.009 
 10   H115.2    (0)    1 :  0.006 0.006 0.016 0.003 0.003 0.004 0.838 0.004 0.005 0.009 0.005 0.004 0.048 0.008 0.007 0.003 0.007 0.003 0.005 0.009 0.007 
 11   H115.3    (0)    1 :  0.003 0.008 0.009 0.003 0.003 0.003 0.902 0.003 0.007 0.003 0.004 0.002 0.012 0.003 0.007 0.004 0.003 0.004 0.004 0.007 0.006 
 12   H115.4    (0)    1 :  0.010 0.010 0.009 0.003 0.005 0.003 0.822 0.004 0.004 0.003 0.009 0.033 0.005 0.005 0.016 0.004 0.018 0.006 0.014 0.009 0.009 
 13   H115.5    (0)    1 :  0.006 0.006 0.026 0.003 0.007 0.006 0.747 0.008 0.006 0.006 0.012 0.008 0.029 0.016 0.036 0.016 0.007 0.012 0.007 0.007 0.030 
 14   H115.6    (0)    1 :  0.004 0.009 0.014 0.008 0.002 0.005 0.819 0.005 0.009 0.005 0.015 0.003 0.016 0.002 0.015 0.004 0.007 0.003 0.006 0.033 0.015 
 15   H115.7    (0)    1 :  0.010 0.005 0.010 0.007 0.005 0.011 0.807 0.004 0.011 0.008 0.005 0.005 0.011 0.038 0.006 0.006 0.007 0.005 0.015 0.014 0.012 
 16   H115.8    (0)    1 :  0.004 0.005 0.008 0.004 0.002 0.004 0.891 0.005 0.005 0.003 0.003 0.003 0.014 0.005 0.010 0.007 0.004 0.004 0.005 0.007 0.007 
 17   H115.9    (0)    1 :  0.006 0.007 0.020 0.003 0.003 0.015 0.779 0.005 0.009 0.005 0.003 0.011 0.082 0.009 0.006 0.004 0.006 0.003 0.009 0.006 0.010 
 18   H145.1    (0)    1 :  0.004 0.007 0.009 0.009 0.004 0.007 0.006 0.004 0.007 0.019 0.009 0.003 0.012 0.003 0.005 0.002 0.003 0.844 0.014 0.020 0.007 
 19   H145.2    (0)    1 :  0.002 0.007 0.009 0.005 0.007 0.004 0.005 0.005 0.005 0.006 0.007 0.005 0.006 0.002 0.005 0.003 0.004 0.888 0.006 0.009 0.010 
 20   H145.3    (0)    1 :  0.002 0.003 0.003 0.003 0.003 0.003 0.003 0.004 0.002 0.003 0.002 0.002 0.003 0.002 0.002 0.003 0.002 0.924 0.004 0.024 0.003 
 21   H145.4    (0)    1 :  0.004 0.004 0.006 0.004 0.003 0.006 0.003 0.003 0.007 0.022 0.005 0.004 0.004 0.003 0.003 0.002 0.004 0.896 0.007 0.005 0.006 
 22   H145.5    (0)    1 :  0.003 0.003 0.004 0.004 0.002 0.003 0.003 0.005 0.003 0.006 0.003 0.003 0.002 0.002 0.003 0.003 0.003 0.899 0.005 0.038 0.004 
 23   H145.6    (0)    1 :  0.002 0.005 0.007 0.004 0.004 0.003 0.003 0.002 0.006 0.008 0.007 0.003 0.003 0.002 0.005 0.002 0.004 0.914 0.004 0.004 0.006 
 24   H145.7    (0)    1 :  0.002 0.003 0.003 0.004 0.003 0.003 0.003 0.004 0.004 0.004 0.004 0.003 0.002 0.002 0.006 0.002 0.002 0.935 0.003 0.003 0.004 
 25   H149.1    (0)    1 :  0.003 0.005 0.004 0.003 0.002 0.005 0.003 0.003 0.002 0.004 0.003 0.003 0.003 0.002 0.932 0.003 0.003 0.003 0.002 0.006 0.004 
 26   H149.2    (0)    1 :  0.003 0.004 0.009 0.004 0.003 0.007 0.003 0.003 0.006 0.009 0.005 0.003 0.003 0.002 0.897 0.003 0.006 0.007 0.008 0.008 0.008 
 27   H149.3    (0)    1 :  0.015 0.038 0.044 0.005 0.007 0.011 0.018 0.006 0.038 0.011 0.006 0.015 0.004 0.004 0.636 0.008 0.011 0.035 0.020 0.016 0.054 
 28   H149.4    (0)    1 :  0.004 0.008 0.006 0.003 0.003 0.005 0.003 0.012 0.007 0.003 0.004 0.027 0.005 0.004 0.867 0.007 0.008 0.003 0.002 0.008 0.009 
 29   H149.5    (0)    1 :  0.009 0.006 0.042 0.005 0.008 0.008 0.006 0.012 0.038 0.012 0.008 0.018 0.002 0.003 0.642 0.017 0.025 0.012 0.023 0.005 0.100 
 30   H149.6    (0)    1 :  0.004 0.005 0.007 0.003 0.004 0.005 0.003 0.004 0.010 0.008 0.005 0.003 0.002 0.003 0.901 0.006 0.004 0.007 0.005 0.006 0.007 
 31   H149.7    (0)    1 :  0.051 0.021 0.060 0.006 0.004 0.014 0.012 0.012 0.030 0.032 0.011 0.048 0.003 0.006 0.581 0.015 0.015 0.006 0.011 0.012 0.049 
 32   H150.1    (0)    1 :  0.004 0.003 0.007 0.004 0.002 0.007 0.716 0.005 0.005 0.007 0.005 0.002 0.191 0.003 0.002 0.008 0.003 0.004 0.007 0.007 0.008 
 33   H150.2    (0)    1 :  0.005 0.004 0.005 0.004 0.003 0.005 0.849 0.003 0.005 0.007 0.007 0.003 0.051 0.008 0.006 0.005 0.005 0.002 0.004 0.011 0.009 
 34   H150.3    (0)    1 :  0.013 0.003 0.014 0.011 0.002 0.009 0.302 0.005 0.009 0.011 0.008 0.004 0.473 0.032 0.004 0.005 0.005 0.010 0.012 0.061 0.008 
 35   H150.4    (0)    1 :  0.008 0.003 0.006 0.005 0.002 0.005 0.165 0.004 0.006 0.006 0.006 0.002 0.732 0.006 0.003 0.004 0.004 0.008 0.006 0.013 0.007 
 36   H150.5    (0)    1 :  0.010 0.005 0.011 0.005 0.003 0.007 0.842 0.003 0.011 0.006 0.006 0.003 0.038 0.004 0.004 0.005 0.005 0.004 0.007 0.007 0.015 
 37   H150.6    (0)    1 :  0.006 0.006 0.006 0.009 0.003 0.010 0.864 0.003 0.004 0.003 0.006 0.005 0.009 0.003 0.003 0.006 0.020 0.010 0.006 0.004 0.014 
 38   H150.7    (0)    1 :  0.004 0.002 0.008 0.003 0.002 0.003 0.286 0.007 0.005 0.005 0.005 0.003 0.587 0.005 0.006 0.016 0.009 0.004 0.006 0.025 0.009 
 39 H169607.1    (0)    1 :  0.006 0.005 0.010 0.008 0.003 0.004 0.008 0.003 0.003 0.005 0.013 0.008 0.009 0.003 0.005 0.003 0.004 0.010 0.867 0.018 0.006 
 40 H169607.2    (0)    1 :  0.003 0.002 0.002 0.003 0.003 0.003 0.003 0.005 0.004 0.004 0.004 0.003 0.004 0.002 0.003 0.003 0.004 0.003 0.936 0.004 0.003 
 41 H169607.3    (0)    1 :  0.006 0.006 0.058 0.003 0.005 0.005 0.010 0.003 0.005 0.006 0.006 0.007 0.007 0.003 0.004 0.004 0.009 0.010 0.826 0.006 0.011 
 42 H169607.4    (0)    1 :  0.002 0.004 0.007 0.009 0.003 0.003 0.003 0.003 0.005 0.004 0.005 0.002 0.005 0.002 0.003 0.003 0.002 0.005 0.920 0.007 0.004 
 43 H169607.5    (0)    1 :  0.005 0.005 0.039 0.003 0.003 0.003 0.006 0.003 0.004 0.007 0.003 0.003 0.006 0.003 0.003 0.002 0.003 0.004 0.884 0.004 0.005 
 44 H169607.6    (0)    1 :  0.002 0.002 0.004 0.003 0.003 0.002 0.002 0.005 0.003 0.004 0.004 0.003 0.004 0.003 0.002 0.004 0.003 0.002 0.937 0.004 0.004 
 45 H169607.7    (0)    1 :  0.008 0.008 0.007 0.003 0.002 0.002 0.014 0.004 0.003 0.003 0.004 0.011 0.002 0.003 0.002 0.006 0.003 0.005 0.898 0.007 0.003 
 46 H169607.8    (0)    1 :  0.004 0.004 0.006 0.006 0.004 0.004 0.004 0.005 0.004 0.004 0.003 0.003 0.003 0.003 0.002 0.003 0.003 0.004 0.923 0.004 0.004 
 47 H169633.1    (0)    1 :  0.030 0.004 0.015 0.006 0.006 0.005 0.007 0.003 0.007 0.006 0.013 0.004 0.006 0.013 0.829 0.004 0.006 0.017 0.003 0.005 0.014 
 48 H169633.2    (0)    1 :  0.021 0.005 0.008 0.005 0.007 0.009 0.006 0.004 0.004 0.003 0.119 0.006 0.002 0.007 0.738 0.011 0.008 0.009 0.002 0.003 0.022 
 49 H169633.3    (0)    1 :  0.006 0.017 0.008 0.006 0.009 0.008 0.007 0.008 0.007 0.022 0.007 0.005 0.006 0.009 0.837 0.003 0.006 0.005 0.003 0.004 0.017 
 50 H169633.4    (0)    1 :  0.003 0.006 0.009 0.009 0.007 0.006 0.005 0.005 0.008 0.015 0.004 0.005 0.008 0.013 0.861 0.004 0.005 0.007 0.005 0.004 0.011 
 51 H169633.5    (0)    1 :  0.003 0.006 0.009 0.008 0.006 0.006 0.007 0.004 0.010 0.019 0.005 0.004 0.006 0.011 0.857 0.005 0.005 0.007 0.005 0.005 0.012 
 52 H169688.1    (0)    1 :  0.797 0.005 0.008 0.007 0.013 0.006 0.005 0.009 0.004 0.015 0.004 0.008 0.006 0.035 0.005 0.002 0.015 0.007 0.017 0.024 0.008 
 53 H169688.2    (0)    1 :  0.901 0.004 0.006 0.004 0.004 0.011 0.003 0.004 0.003 0.008 0.006 0.007 0.003 0.005 0.003 0.006 0.008 0.003 0.003 0.003 0.005 
 54 H169688.3    (0)    1 :  0.936 0.003 0.004 0.003 0.002 0.005 0.003 0.002 0.003 0.003 0.004 0.003 0.003 0.003 0.003 0.003 0.003 0.003 0.003 0.003 0.004 
 55 H169688.4    (0)    1 :  0.941 0.004 0.004 0.002 0.002 0.004 0.005 0.002 0.003 0.003 0.002 0.002 0.005 0.003 0.002 0.002 0.002 0.003 0.002 0.003 0.003 
 56 H169688.5    (0)    1 :  0.938 0.004 0.005 0.002 0.002 0.004 0.005 0.002 0.002 0.002 0.002 0.003 0.005 0.002 0.003 0.002 0.003 0.003 0.003 0.003 0.003 
 57 H169688.6    (0)    1 :  0.882 0.004 0.004 0.004 0.005 0.003 0.002 0.004 0.002 0.004 0.002 0.050 0.003 0.004 0.006 0.003 0.005 0.003 0.003 0.003 0.004 
 58 H169688.7    (0)    1 :  0.863 0.006 0.009 0.006 0.002 0.009 0.012 0.010 0.004 0.004 0.006 0.004 0.006 0.003 0.004 0.005 0.005 0.017 0.003 0.014 0.008 
 59 H171901.1    (0)    1 :  0.007 0.005 0.296 0.005 0.002 0.006 0.066 0.003 0.027 0.101 0.012 0.006 0.022 0.019 0.006 0.029 0.025 0.025 0.047 0.006 0.284 
 60 H171901.2    (0)    1 :  0.004 0.033 0.035 0.019 0.004 0.005 0.013 0.011 0.005 0.010 0.013 0.003 0.025 0.004 0.651 0.094 0.009 0.004 0.022 0.006 0.030 
 61 H171901.3    (0)    1 :  0.014 0.015 0.118 0.011 0.006 0.006 0.022 0.004 0.005 0.027 0.033 0.004 0.018 0.013 0.616 0.009 0.010 0.004 0.031 0.007 0.026 
 62 H171901.4    (0)    1 :  0.006 0.013 0.044 0.016 0.004 0.006 0.026 0.004 0.005 0.006 0.045 0.005 0.012 0.005 0.662 0.073 0.005 0.004 0.025 0.007 0.027 
 63 H171901.5    (0)    1 :  0.006 0.042 0.067 0.029 0.005 0.012 0.054 0.006 0.005 0.007 0.158 0.011 0.016 0.002 0.424 0.032 0.026 0.005 0.021 0.012 0.060 
 64 H171901.6    (0)    1 :  0.008 0.056 0.094 0.013 0.007 0.015 0.042 0.006 0.005 0.029 0.276 0.013 0.024 0.004 0.223 0.020 0.029 0.008 0.012 0.029 0.089 
 65 H171901.7    (0)    1 :  0.024 0.191 0.112 0.005 0.008 0.007 0.019 0.004 0.003 0.119 0.053 0.007 0.014 0.006 0.260 0.004 0.057 0.006 0.009 0.005 0.085 
 66 H171902.1    (0)    1 :  0.003 0.003 0.003 0.003 0.003 0.004 0.003 0.005 0.002 0.003 0.007 0.005 0.003 0.002 0.003 0.002 0.003 0.004 0.004 0.933 0.003 
 67 H171902.10    (0)    1 :  0.004 0.007 0.003 0.003 0.002 0.002 0.005 0.004 0.003 0.004 0.003 0.004 0.003 0.002 0.004 0.003 0.005 0.003 0.003 0.931 0.003 
 68 H171902.2    (0)    1 :  0.006 0.003 0.004 0.003 0.002 0.004 0.005 0.006 0.003 0.005 0.008 0.006 0.004 0.004 0.009 0.003 0.003 0.003 0.005 0.908 0.005 
 69 H171902.3    (0)    1 :  0.004 0.003 0.003 0.003 0.003 0.004 0.004 0.005 0.003 0.004 0.009 0.005 0.006 0.003 0.012 0.002 0.005 0.003 0.006 0.909 0.005 
 70 H171902.4    (0)    1 :  0.003 0.003 0.003 0.004 0.002 0.004 0.004 0.004 0.003 0.004 0.003 0.003 0.003 0.003 0.013 0.002 0.004 0.004 0.002 0.927 0.003 
 71 H171902.6    (0)    1 :  0.002 0.004 0.003 0.003 0.002 0.003 0.003 0.003 0.003 0.003 0.003 0.003 0.004 0.002 0.004 0.002 0.004 0.003 0.004 0.941 0.003 
 72 H171902.7    (0)    1 :  0.004 0.006 0.013 0.005 0.003 0.004 0.008 0.005 0.003 0.011 0.004 0.003 0.003 0.002 0.005 0.007 0.004 0.004 0.031 0.868 0.008 
 73 H171902.8    (0)    1 :  0.003 0.004 0.004 0.004 0.003 0.002 0.004 0.004 0.002 0.005 0.005 0.003 0.005 0.003 0.006 0.002 0.007 0.003 0.004 0.921 0.004 
 74 H171902.9    (9)    1 :  0.002 0.003 0.004 0.003 0.003 0.003 0.004 0.004 0.003 0.003 0.003 0.002 0.006 0.002 0.002 0.003 0.003 0.003 0.005 0.933 0.004 
 75 H171903.1    (0)    1 :  0.009 0.022 0.216 0.004 0.006 0.004 0.028 0.004 0.006 0.008 0.005 0.003 0.025 0.005 0.004 0.008 0.004 0.003 0.623 0.003 0.009 
 76 H171903.2    (0)    1 :  0.004 0.016 0.540 0.010 0.007 0.006 0.011 0.005 0.009 0.007 0.008 0.004 0.010 0.002 0.003 0.036 0.005 0.007 0.284 0.005 0.021 
 77 H171903.3    (0)    1 :  0.008 0.009 0.584 0.013 0.018 0.012 0.008 0.004 0.005 0.038 0.012 0.004 0.007 0.004 0.005 0.023 0.004 0.004 0.220 0.003 0.015 
 78 H171903.4    (0)    1 :  0.062 0.015 0.422 0.010 0.004 0.004 0.019 0.003 0.007 0.027 0.007 0.004 0.010 0.003 0.004 0.005 0.004 0.006 0.339 0.021 0.024 
 79 H171903.5    (0)    1 :  0.034 0.006 0.623 0.004 0.004 0.009 0.010 0.003 0.005 0.010 0.008 0.004 0.011 0.003 0.010 0.013 0.010 0.004 0.203 0.004 0.022 
 80 H171903.6    (0)    1 :  0.109 0.019 0.483 0.003 0.005 0.005 0.008 0.004 0.003 0.008 0.003 0.003 0.005 0.002 0.008 0.003 0.004 0.003 0.305 0.005 0.011 
 81   H177.1    (0)    1 :  0.005 0.907 0.004 0.009 0.004 0.004 0.004 0.004 0.003 0.012 0.002 0.005 0.007 0.005 0.003 0.003 0.004 0.003 0.005 0.003 0.004 
 82   H177.2    (0)    1 :  0.006 0.707 0.019 0.022 0.003 0.012 0.012 0.019 0.011 0.005 0.005 0.023 0.006 0.003 0.015 0.003 0.017 0.069 0.017 0.004 0.023 
 83   H177.3    (0)    1 :  0.003 0.906 0.006 0.005 0.005 0.004 0.004 0.003 0.004 0.004 0.004 0.005 0.004 0.002 0.007 0.002 0.004 0.013 0.006 0.004 0.005 
 84   H177.4    (0)    1 :  0.003 0.824 0.006 0.007 0.011 0.005 0.003 0.005 0.007 0.021 0.009 0.048 0.003 0.002 0.006 0.008 0.007 0.008 0.005 0.004 0.008 
 85   H177.5    (0)    1 :  0.013 0.835 0.008 0.012 0.003 0.012 0.007 0.013 0.007 0.025 0.008 0.008 0.008 0.003 0.002 0.005 0.004 0.009 0.004 0.003 0.011 
 86   H177.6    (0)    1 :  0.003 0.909 0.005 0.005 0.003 0.003 0.004 0.004 0.003 0.006 0.004 0.005 0.003 0.002 0.012 0.002 0.003 0.007 0.004 0.005 0.006 
 87   H179.1    (0)    1 :  0.027 0.010 0.007 0.004 0.002 0.042 0.007 0.006 0.010 0.016 0.008 0.800 0.011 0.009 0.003 0.007 0.006 0.002 0.005 0.004 0.012 
 88   H179.2    (0)    1 :  0.026 0.009 0.011 0.008 0.025 0.051 0.010 0.004 0.004 0.006 0.031 0.757 0.007 0.003 0.003 0.006 0.008 0.003 0.008 0.009 0.012 
 89   H179.3    (0)    1 :  0.108 0.021 0.030 0.005 0.005 0.017 0.016 0.003 0.007 0.028 0.011 0.667 0.023 0.008 0.003 0.003 0.008 0.003 0.011 0.005 0.019 
 90   H179.4    (0)    1 :  0.023 0.015 0.027 0.033 0.061 0.011 0.007 0.008 0.005 0.032 0.089 0.618 0.004 0.005 0.010 0.008 0.007 0.005 0.013 0.004 0.014 
 91   H180.1    (0)    1 :  0.005 0.010 0.006 0.003 0.003 0.004 0.873 0.003 0.004 0.002 0.006 0.022 0.004 0.006 0.003 0.004 0.020 0.003 0.006 0.008 0.006 
 92   H180.2    (0)    1 :  0.005 0.010 0.004 0.002 0.003 0.006 0.918 0.005 0.002 0.003 0.003 0.005 0.003 0.007 0.003 0.003 0.004 0.003 0.002 0.003 0.006 
 93   H180.3    (0)    1 :  0.005 0.006 0.008 0.002 0.004 0.008 0.895 0.006 0.003 0.004 0.010 0.004 0.009 0.005 0.004 0.003 0.004 0.006 0.006 0.004 0.005 
 94   H180.4    (0)    1 :  0.003 0.006 0.005 0.003 0.003 0.005 0.908 0.004 0.003 0.003 0.004 0.009 0.004 0.005 0.005 0.003 0.010 0.003 0.003 0.005 0.006 
 95   H180.5    (0)    1 :  0.003 0.010 0.006 0.003 0.003 0.002 0.906 0.006 0.003 0.004 0.004 0.008 0.003 0.003 0.004 0.002 0.010 0.004 0.003 0.004 0.006 
 96   H180.6    (0)    1 :  0.003 0.005 0.005 0.002 0.004 0.004 0.865 0.021 0.003 0.009 0.006 0.008 0.005 0.005 0.012 0.006 0.004 0.013 0.007 0.006 0.007 
 97   H181.1    (0)    1 :  0.003 0.007 0.016 0.003 0.004 0.003 0.004 0.006 0.002 0.004 0.003 0.004 0.003 0.003 0.012 0.007 0.894 0.004 0.007 0.004 0.007 
 98   H181.2    (0)    1 :  0.003 0.010 0.003 0.005 0.003 0.005 0.005 0.006 0.003 0.003 0.006 0.008 0.002 0.003 0.006 0.003 0.904 0.006 0.004 0.006 0.005 
 99   H181.3    (0)    1 :  0.004 0.005 0.004 0.003 0.003 0.002 0.004 0.006 0.003 0.003 0.004 0.004 0.004 0.005 0.012 0.005 0.908 0.004 0.005 0.007 0.005 
100   H181.4    (0)    1 :  0.005 0.007 0.009 0.006 0.004 0.006 0.013 0.023 0.006 0.006 0.009 0.004 0.012 0.004 0.014 0.008 0.830 0.007 0.007 0.005 0.014 
101   H181.5    (0)    1 :  0.004 0.003 0.003 0.003 0.004 0.005 0.004 0.005 0.005 0.005 0.004 0.012 0.004 0.003 0.004 0.004 0.914 0.003 0.003 0.004 0.005 
102   H181.6    (0)    1 :  0.004 0.004 0.005 0.004 0.006 0.006 0.006 0.003 0.005 0.005 0.010 0.022 0.005 0.003 0.003 0.005 0.889 0.003 0.003 0.005 0.006 
103   H181.7    (0)    1 :  0.005 0.004 0.006 0.003 0.006 0.006 0.004 0.003 0.003 0.005 0.004 0.016 0.003 0.003 0.004 0.006 0.902 0.002 0.005 0.004 0.006 
104 H194.1_2004    (0)    1 :  0.004 0.005 0.006 0.003 0.003 0.004 0.004 0.003 0.004 0.922 0.005 0.003 0.005 0.002 0.005 0.002 0.003 0.004 0.005 0.004 0.005 
105 H194.2_2004    (0)    1 :  0.002 0.003 0.004 0.003 0.002 0.003 0.002 0.004 0.003 0.933 0.004 0.002 0.004 0.003 0.003 0.003 0.003 0.004 0.007 0.004 0.004 
106 H194.3_2004    (0)    1 :  0.007 0.015 0.008 0.008 0.004 0.040 0.004 0.006 0.004 0.819 0.010 0.009 0.003 0.002 0.024 0.003 0.006 0.009 0.004 0.006 0.011 
107 H194.4_2004    (0)    1 :  0.003 0.008 0.005 0.005 0.004 0.003 0.003 0.003 0.002 0.909 0.005 0.003 0.003 0.003 0.006 0.003 0.005 0.011 0.004 0.006 0.006 
108 H194.5_2004    (0)    1 :  0.005 0.004 0.008 0.006 0.005 0.017 0.003 0.007 0.004 0.883 0.010 0.004 0.003 0.002 0.008 0.004 0.005 0.004 0.007 0.004 0.007 
109 H194.6_2004    (0)    1 :  0.007 0.046 0.020 0.007 0.014 0.032 0.004 0.004 0.004 0.779 0.011 0.008 0.005 0.003 0.016 0.003 0.005 0.006 0.006 0.009 0.011 
110 H194.7_2004    (0)    1 :  0.003 0.004 0.005 0.002 0.003 0.004 0.003 0.003 0.003 0.935 0.002 0.002 0.003 0.003 0.003 0.003 0.002 0.004 0.004 0.002 0.004 
111 H194.8_2004    (0)    1 :  0.003 0.006 0.006 0.004 0.005 0.005 0.002 0.004 0.003 0.914 0.007 0.003 0.005 0.003 0.007 0.003 0.003 0.005 0.005 0.004 0.004 
112   H194.9    (0)    1 :  0.003 0.004 0.003 0.003 0.003 0.003 0.002 0.005 0.003 0.928 0.005 0.002 0.005 0.005 0.003 0.003 0.003 0.004 0.004 0.004 0.005 
113 H195.1_2003    (0)    1 :  0.002 0.003 0.004 0.003 0.003 0.003 0.003 0.003 0.003 0.005 0.940 0.002 0.002 0.003 0.003 0.003 0.002 0.003 0.003 0.003 0.004 
114 H195.1_2004    (0)    1 :  0.003 0.007 0.004 0.010 0.003 0.003 0.004 0.003 0.004 0.003 0.005 0.003 0.003 0.003 0.007 0.002 0.005 0.918 0.002 0.004 0.004 
115 H195.2_2003    (0)    1 :  0.088 0.004 0.018 0.010 0.005 0.004 0.004 0.041 0.006 0.008 0.666 0.002 0.011 0.005 0.004 0.009 0.007 0.037 0.024 0.013 0.031 
116 H195.2_2004    (0)    1 :  0.011 0.004 0.004 0.004 0.003 0.003 0.004 0.009 0.003 0.004 0.022 0.003 0.002 0.003 0.007 0.003 0.003 0.896 0.003 0.003 0.005 
117 H195.3_2003    (0)    1 :  0.040 0.007 0.026 0.012 0.005 0.016 0.007 0.024 0.008 0.009 0.554 0.003 0.095 0.011 0.003 0.014 0.014 0.025 0.042 0.005 0.077 
118 H195.3_2004    (0)    1 :  0.004 0.009 0.005 0.010 0.004 0.003 0.003 0.004 0.004 0.006 0.081 0.002 0.003 0.003 0.015 0.003 0.007 0.820 0.003 0.007 0.005 
119 H195.4_2003    (0)    1 :  0.002 0.003 0.004 0.003 0.005 0.003 0.003 0.003 0.006 0.004 0.887 0.003 0.002 0.003 0.004 0.003 0.003 0.046 0.003 0.003 0.007 
120 H195.4_2004    (0)    1 :  0.009 0.004 0.004 0.004 0.006 0.003 0.003 0.004 0.003 0.008 0.008 0.003 0.002 0.003 0.004 0.002 0.005 0.914 0.004 0.003 0.005 
121 H195.5_2003    (0)    1 :  0.002 0.003 0.003 0.015 0.005 0.003 0.007 0.003 0.005 0.004 0.904 0.002 0.004 0.014 0.004 0.003 0.003 0.005 0.004 0.003 0.005 
122 H195.5_2004    (0)    1 :  0.003 0.006 0.004 0.004 0.004 0.003 0.003 0.002 0.003 0.003 0.006 0.003 0.003 0.004 0.004 0.003 0.003 0.932 0.003 0.003 0.004 
123 H195.6_2003    (0)    1 :  0.020 0.007 0.022 0.010 0.005 0.003 0.007 0.014 0.008 0.005 0.446 0.003 0.019 0.003 0.003 0.008 0.005 0.352 0.029 0.010 0.023 
124 H195.6_2004    (0)    1 :  0.004 0.004 0.004 0.004 0.004 0.005 0.003 0.006 0.003 0.006 0.015 0.004 0.002 0.003 0.003 0.006 0.003 0.909 0.006 0.003 0.004 
125 H195.7_2003    (0)    1 :  0.065 0.003 0.013 0.007 0.006 0.006 0.003 0.008 0.006 0.007 0.739 0.003 0.003 0.004 0.003 0.007 0.009 0.080 0.012 0.003 0.012 
126 H195.7_2004    (0)    1 :  0.005 0.003 0.003 0.004 0.002 0.003 0.005 0.003 0.003 0.002 0.004 0.002 0.005 0.003 0.003 0.002 0.003 0.935 0.003 0.002 0.004 
127   H195.8    (0)    1 :  0.004 0.004 0.004 0.003 0.004 0.002 0.003 0.003 0.003 0.004 0.003 0.002 0.003 0.003 0.003 0.002 0.003 0.938 0.003 0.003 0.004 
128   H195.9    (0)    1 :  0.005 0.013 0.005 0.006 0.007 0.004 0.004 0.006 0.003 0.006 0.014 0.003 0.003 0.002 0.008 0.003 0.005 0.888 0.005 0.003 0.008 
129   H415.1    (0)    1 :  0.019 0.016 0.017 0.015 0.002 0.008 0.038 0.003 0.007 0.019 0.666 0.007 0.073 0.010 0.022 0.006 0.014 0.010 0.006 0.014 0.030 
130   H415.2    (0)    1 :  0.012 0.155 0.105 0.019 0.003 0.075 0.015 0.013 0.051 0.017 0.053 0.016 0.014 0.003 0.007 0.006 0.008 0.007 0.018 0.245 0.157 
131   H415.3    (0)    1 :  0.007 0.034 0.009 0.006 0.003 0.006 0.008 0.012 0.015 0.005 0.702 0.106 0.006 0.003 0.019 0.005 0.019 0.004 0.003 0.009 0.016 
132   H415.4    (0)    1 :  0.003 0.005 0.007 0.010 0.003 0.018 0.022 0.003 0.005 0.008 0.854 0.003 0.014 0.003 0.008 0.005 0.004 0.005 0.003 0.008 0.010 
133   H415.5    (0)    1 :  0.005 0.016 0.011 0.006 0.004 0.013 0.006 0.005 0.003 0.005 0.813 0.009 0.003 0.003 0.021 0.004 0.017 0.006 0.002 0.019 0.031 
134   H415.6    (0)    1 :  0.003 0.004 0.007 0.008 0.003 0.018 0.022 0.003 0.005 0.010 0.859 0.003 0.013 0.003 0.006 0.005 0.004 0.005 0.003 0.009 0.006 
135   H415.7    (0)    1 :  0.010 0.106 0.154 0.022 0.013 0.009 0.006 0.013 0.022 0.026 0.263 0.051 0.007 0.002 0.029 0.006 0.009 0.011 0.023 0.131 0.087 
136   H506.1    (0)    1 :  0.002 0.003 0.002 0.002 0.004 0.005 0.002 0.004 0.003 0.002 0.003 0.942 0.002 0.003 0.003 0.003 0.004 0.003 0.003 0.002 0.003 
137   H506.2    (0)    1 :  0.002 0.008 0.002 0.004 0.004 0.004 0.002 0.003 0.002 0.003 0.003 0.925 0.002 0.002 0.004 0.003 0.006 0.010 0.003 0.003 0.004 
138   H506.3    (0)    1 :  0.012 0.017 0.008 0.007 0.003 0.012 0.007 0.005 0.005 0.003 0.004 0.864 0.004 0.003 0.004 0.004 0.017 0.007 0.003 0.003 0.008 
139   H506.4    (0)    1 :  0.004 0.010 0.007 0.003 0.012 0.004 0.004 0.003 0.005 0.004 0.003 0.903 0.004 0.003 0.006 0.002 0.006 0.003 0.005 0.005 0.005 
140   H506.5    (0)    1 :  0.002 0.007 0.003 0.004 0.008 0.005 0.003 0.002 0.003 0.003 0.006 0.918 0.003 0.003 0.004 0.003 0.005 0.005 0.004 0.003 0.005 
141   H506.6    (0)    1 :  0.009 0.113 0.022 0.014 0.006 0.004 0.004 0.003 0.006 0.005 0.010 0.742 0.005 0.002 0.003 0.003 0.007 0.016 0.011 0.003 0.013 
142   H506.7    (0)    1 :  0.002 0.005 0.003 0.004 0.003 0.005 0.002 0.003 0.003 0.002 0.004 0.931 0.002 0.002 0.004 0.004 0.005 0.006 0.003 0.003 0.004 
143   H533.1    (0)    1 :  0.002 0.004 0.004 0.002 0.003 0.006 0.005 0.002 0.002 0.002 0.004 0.915 0.002 0.003 0.009 0.012 0.010 0.003 0.003 0.002 0.004 
144   H533.2    (0)    1 :  0.002 0.004 0.003 0.002 0.003 0.004 0.007 0.003 0.002 0.002 0.003 0.913 0.002 0.003 0.010 0.010 0.013 0.004 0.002 0.003 0.005 
145   H533.3    (0)    1 :  0.003 0.004 0.008 0.002 0.003 0.005 0.003 0.004 0.004 0.003 0.002 0.925 0.003 0.003 0.005 0.003 0.004 0.004 0.006 0.002 0.004 
146   H533.4    (0)    1 :  0.003 0.006 0.006 0.005 0.012 0.003 0.006 0.006 0.003 0.012 0.013 0.850 0.004 0.003 0.008 0.006 0.008 0.017 0.020 0.004 0.009 
147   H535.1    (0)    1 :  0.002 0.006 0.004 0.003 0.937 0.003 0.003 0.003 0.002 0.004 0.003 0.004 0.003 0.003 0.003 0.002 0.003 0.002 0.004 0.004 0.003 
148   H535.2    (0)    1 :  0.002 0.004 0.003 0.003 0.940 0.004 0.002 0.003 0.004 0.003 0.002 0.003 0.002 0.003 0.003 0.003 0.005 0.003 0.003 0.003 0.003 
149   H535.3    (0)    1 :  0.002 0.003 0.003 0.003 0.944 0.004 0.003 0.003 0.003 0.003 0.002 0.003 0.002 0.004 0.002 0.003 0.003 0.004 0.003 0.002 0.003 
150   H535.4    (0)    1 :  0.002 0.003 0.003 0.003 0.942 0.003 0.002 0.003 0.003 0.003 0.004 0.003 0.002 0.003 0.005 0.003 0.002 0.004 0.003 0.002 0.003 
151   H535.5    (0)    1 :  0.002 0.003 0.003 0.003 0.945 0.003 0.002 0.002 0.002 0.003 0.004 0.003 0.002 0.002 0.004 0.003 0.002 0.002 0.003 0.002 0.003 
152   H535.6    (0)    1 :  0.002 0.004 0.005 0.003 0.915 0.004 0.003 0.003 0.002 0.004 0.005 0.003 0.007 0.003 0.002 0.003 0.006 0.004 0.008 0.009 0.004 
153   H535.7    (0)    1 :  0.002 0.002 0.002 0.002 0.955 0.003 0.002 0.002 0.002 0.002 0.002 0.003 0.002 0.002 0.003 0.002 0.002 0.002 0.002 0.002 0.003 
154   H535.8    (0)    1 :  0.002 0.002 0.002 0.003 0.942 0.004 0.002 0.004 0.003 0.003 0.004 0.002 0.003 0.002 0.002 0.004 0.004 0.002 0.004 0.002 0.003 
155   H535.9    (0)    1 :  0.002 0.004 0.003 0.003 0.939 0.003 0.003 0.003 0.003 0.003 0.003 0.003 0.003 0.003 0.002 0.002 0.003 0.003 0.004 0.004 0.004 
156   H539.1    (0)    1 :  0.002 0.004 0.004 0.002 0.003 0.002 0.008 0.004 0.003 0.003 0.003 0.002 0.935 0.004 0.002 0.003 0.003 0.002 0.003 0.007 0.003 
157   H539.2    (0)    1 :  0.032 0.024 0.070 0.018 0.008 0.006 0.141 0.008 0.005 0.016 0.005 0.006 0.510 0.053 0.004 0.003 0.005 0.005 0.058 0.006 0.016 
158   H539.3    (9)    1 :  0.009 0.007 0.011 0.008 0.010 0.004 0.015 0.004 0.003 0.023 0.011 0.004 0.834 0.009 0.003 0.004 0.003 0.006 0.017 0.005 0.009 
159   H539.4    (0)    1 :  0.008 0.009 0.015 0.006 0.003 0.006 0.056 0.003 0.004 0.002 0.004 0.003 0.847 0.003 0.003 0.003 0.003 0.004 0.005 0.005 0.007 
160   H539.5    (0)    1 :  0.003 0.005 0.003 0.003 0.004 0.003 0.008 0.005 0.002 0.003 0.002 0.002 0.935 0.003 0.002 0.002 0.002 0.002 0.004 0.004 0.003 
161   H539.6    (0)    1 :  0.003 0.003 0.005 0.002 0.003 0.003 0.011 0.005 0.003 0.004 0.003 0.003 0.915 0.003 0.002 0.002 0.003 0.004 0.013 0.008 0.004 
162   H539.7    (0)    1 :  0.005 0.003 0.003 0.003 0.003 0.003 0.009 0.002 0.003 0.005 0.003 0.003 0.929 0.004 0.003 0.002 0.003 0.002 0.003 0.005 0.004 
163   H539.8    (0)    1 :  0.015 0.005 0.012 0.008 0.025 0.008 0.041 0.005 0.005 0.013 0.008 0.005 0.794 0.023 0.004 0.004 0.004 0.004 0.006 0.003 0.009 
164   H539.9    (0)    1 :  0.006 0.004 0.007 0.003 0.002 0.005 0.009 0.003 0.003 0.002 0.003 0.003 0.924 0.003 0.002 0.004 0.003 0.003 0.003 0.002 0.003 
165   H540.1    (0)    1 :  0.005 0.007 0.013 0.003 0.005 0.004 0.004 0.006 0.005 0.005 0.003 0.003 0.832 0.002 0.003 0.004 0.009 0.010 0.068 0.004 0.005 
166   H540.2    (0)    1 :  0.005 0.005 0.007 0.003 0.002 0.006 0.004 0.006 0.004 0.005 0.003 0.003 0.909 0.004 0.004 0.003 0.005 0.003 0.009 0.003 0.005 
167   H540.3    (0)    1 :  0.009 0.012 0.018 0.021 0.006 0.009 0.016 0.005 0.006 0.032 0.012 0.006 0.751 0.009 0.019 0.005 0.005 0.014 0.010 0.006 0.027 
168   H540.4    (0)    1 :  0.007 0.008 0.013 0.004 0.006 0.004 0.017 0.004 0.009 0.005 0.004 0.006 0.846 0.007 0.003 0.002 0.021 0.005 0.014 0.006 0.008 
169   H540.5    (0)    1 :  0.010 0.007 0.008 0.008 0.002 0.006 0.003 0.005 0.006 0.007 0.003 0.003 0.894 0.004 0.004 0.004 0.006 0.003 0.004 0.005 0.007 
170   H540.6    (0)    1 :  0.006 0.014 0.018 0.008 0.004 0.008 0.006 0.010 0.012 0.005 0.003 0.006 0.798 0.005 0.006 0.006 0.025 0.007 0.031 0.007 0.014 
171   H540.7    (0)    1 :  0.005 0.009 0.007 0.005 0.003 0.005 0.008 0.017 0.007 0.011 0.007 0.009 0.834 0.007 0.016 0.003 0.012 0.005 0.011 0.005 0.016 
172   H540.8    (0)    1 :  0.007 0.015 0.070 0.004 0.005 0.004 0.011 0.005 0.004 0.035 0.007 0.003 0.753 0.004 0.009 0.003 0.009 0.004 0.019 0.011 0.020 
173  H9558.1    (0)    1 :  0.004 0.002 0.004 0.003 0.007 0.003 0.003 0.002 0.002 0.005 0.005 0.005 0.914 0.003 0.002 0.008 0.004 0.003 0.005 0.009 0.005 
174  H9558.2    (0)    1 :  0.007 0.003 0.006 0.006 0.009 0.006 0.003 0.014 0.006 0.009 0.009 0.008 0.838 0.007 0.004 0.015 0.021 0.003 0.005 0.009 0.010 
175  H9558.3    (0)    1 :  0.004 0.002 0.004 0.007 0.005 0.005 0.004 0.014 0.008 0.009 0.004 0.003 0.858 0.008 0.003 0.039 0.008 0.002 0.004 0.003 0.006 
176  H9558.4    (0)    1 :  0.006 0.004 0.006 0.003 0.006 0.003 0.003 0.003 0.002 0.005 0.003 0.005 0.921 0.004 0.002 0.005 0.005 0.002 0.004 0.005 0.005 
177  H9558.5    (0)    1 :  0.008 0.002 0.005 0.004 0.007 0.004 0.005 0.003 0.004 0.003 0.002 0.003 0.921 0.007 0.003 0.004 0.003 0.002 0.002 0.003 0.005 
178  H9558.6    (0)    1 :  0.002 0.003 0.008 0.004 0.007 0.007 0.004 0.006 0.004 0.006 0.006 0.003 0.885 0.005 0.004 0.017 0.003 0.003 0.003 0.004 0.016 
179 kos339.1    (0)    1 :  0.003 0.007 0.007 0.005 0.004 0.004 0.005 0.039 0.018 0.002 0.003 0.032 0.005 0.003 0.823 0.006 0.007 0.002 0.008 0.011 0.006 
180 kos339.2    (0)    1 :  0.004 0.005 0.003 0.007 0.004 0.004 0.005 0.008 0.006 0.003 0.005 0.011 0.003 0.003 0.898 0.006 0.004 0.008 0.003 0.004 0.006 
181 kos339.3    (0)    1 :  0.003 0.003 0.003 0.003 0.004 0.003 0.004 0.003 0.002 0.004 0.005 0.005 0.003 0.002 0.935 0.003 0.003 0.003 0.005 0.003 0.003 
182 kos339.4    (9)    1 :  0.004 0.003 0.004 0.003 0.005 0.003 0.003 0.004 0.002 0.003 0.007 0.004 0.004 0.004 0.926 0.003 0.004 0.002 0.004 0.004 0.004 
183 kos339.5    (0)    1 :  0.003 0.007 0.004 0.003 0.003 0.004 0.005 0.049 0.006 0.003 0.003 0.015 0.004 0.003 0.860 0.004 0.007 0.003 0.004 0.006 0.005 
184 kos339.6    (0)    1 :  0.003 0.005 0.003 0.004 0.003 0.003 0.003 0.011 0.006 0.006 0.003 0.009 0.003 0.003 0.914 0.004 0.004 0.004 0.004 0.003 0.004 
185 kos339.7    (0)    1 :  0.003 0.003 0.003 0.003 0.008 0.004 0.004 0.002 0.002 0.003 0.005 0.004 0.002 0.003 0.931 0.002 0.004 0.003 0.005 0.003 0.004 
186 kos339.8    (0)    1 :  0.004 0.005 0.003 0.004 0.003 0.004 0.004 0.006 0.007 0.003 0.007 0.027 0.003 0.003 0.894 0.003 0.004 0.004 0.003 0.004 0.004 
187 kos339.9    (0)    1 :  0.004 0.026 0.009 0.009 0.005 0.011 0.015 0.023 0.006 0.007 0.007 0.008 0.017 0.003 0.769 0.007 0.014 0.009 0.008 0.030 0.013 
188   H409.1    (0)   12 :  0.003 0.003 0.003 0.003 0.002 0.935 0.002 0.004 0.004 0.003 0.003 0.004 0.002 0.003 0.005 0.003 0.006 0.002 0.002 0.003 0.004 
189  H409.10    (0)   12 :  0.018 0.004 0.004 0.007 0.003 0.845 0.009 0.005 0.005 0.003 0.008 0.028 0.007 0.008 0.005 0.002 0.019 0.003 0.007 0.004 0.006 
190   H409.2    (0)   12 :  0.003 0.005 0.005 0.009 0.008 0.913 0.003 0.002 0.003 0.004 0.007 0.004 0.004 0.002 0.005 0.003 0.004 0.003 0.002 0.005 0.005 
191   H409.3    (0)   12 :  0.004 0.004 0.004 0.004 0.004 0.925 0.003 0.004 0.003 0.006 0.004 0.005 0.003 0.004 0.003 0.005 0.003 0.004 0.003 0.003 0.004 
192   H409.4    (0)   12 :  0.004 0.003 0.003 0.004 0.003 0.940 0.002 0.004 0.002 0.004 0.003 0.003 0.003 0.003 0.003 0.005 0.003 0.003 0.003 0.002 0.003 
193   H409.5    (0)   12 :  0.003 0.003 0.005 0.003 0.005 0.929 0.004 0.004 0.004 0.003 0.004 0.004 0.004 0.003 0.002 0.004 0.002 0.003 0.005 0.003 0.004 
194   H409.6    (0)   12 :  0.004 0.008 0.013 0.007 0.008 0.823 0.006 0.012 0.009 0.010 0.003 0.008 0.007 0.008 0.003 0.037 0.010 0.005 0.007 0.003 0.009 
195   H409.7    (0)   12 :  0.004 0.003 0.004 0.007 0.002 0.910 0.002 0.008 0.006 0.008 0.005 0.004 0.003 0.003 0.007 0.005 0.006 0.004 0.003 0.003 0.004 
196   H409.8    (0)   12 :  0.002 0.004 0.005 0.002 0.003 0.920 0.003 0.007 0.006 0.003 0.004 0.007 0.003 0.003 0.004 0.004 0.004 0.003 0.005 0.004 0.004 
197   H409.9    (0)   12 :  0.007 0.019 0.019 0.006 0.012 0.361 0.025 0.004 0.032 0.004 0.006 0.126 0.240 0.029 0.004 0.005 0.014 0.005 0.009 0.004 0.069 
198   H413.1    (0)   12 :  0.003 0.002 0.003 0.002 0.002 0.003 0.004 0.004 0.004 0.003 0.002 0.002 0.003 0.939 0.003 0.005 0.006 0.002 0.002 0.002 0.003 
199   H413.2    (0)   12 :  0.003 0.002 0.003 0.002 0.003 0.002 0.003 0.003 0.003 0.002 0.003 0.002 0.003 0.946 0.004 0.004 0.003 0.002 0.002 0.003 0.003 
200   H413.3    (0)   12 :  0.004 0.002 0.003 0.003 0.002 0.003 0.002 0.003 0.005 0.004 0.002 0.003 0.003 0.941 0.002 0.003 0.003 0.002 0.003 0.003 0.003 
201   H413.4    (0)   12 :  0.002 0.004 0.003 0.006 0.002 0.005 0.003 0.006 0.008 0.003 0.004 0.005 0.002 0.920 0.006 0.003 0.005 0.003 0.003 0.003 0.004 
202   H413.5    (0)   12 :  0.004 0.002 0.003 0.003 0.002 0.002 0.013 0.006 0.003 0.003 0.002 0.003 0.015 0.910 0.002 0.003 0.003 0.004 0.003 0.009 0.005 
203   H413.6    (0)   12 :  0.015 0.004 0.004 0.007 0.003 0.004 0.009 0.027 0.006 0.004 0.006 0.002 0.013 0.870 0.004 0.005 0.004 0.004 0.003 0.002 0.006 
204   H413.7    (0)   12 :  0.002 0.002 0.002 0.003 0.003 0.002 0.002 0.003 0.003 0.003 0.003 0.003 0.003 0.948 0.003 0.003 0.003 0.002 0.002 0.002 0.003 
205   H563.1    (0)   12 :  0.004 0.005 0.004 0.008 0.002 0.004 0.005 0.004 0.913 0.003 0.002 0.003 0.009 0.012 0.003 0.004 0.003 0.003 0.004 0.002 0.004 
206   H563.2    (0)   12 :  0.003 0.006 0.005 0.009 0.004 0.015 0.006 0.004 0.870 0.015 0.004 0.005 0.007 0.009 0.007 0.006 0.006 0.004 0.004 0.006 0.007 
207   H563.3    (0)   12 :  0.003 0.003 0.004 0.006 0.002 0.004 0.003 0.009 0.920 0.004 0.002 0.003 0.008 0.004 0.002 0.003 0.004 0.003 0.006 0.003 0.004 
208   H563.4    (0)   12 :  0.005 0.005 0.008 0.007 0.003 0.010 0.005 0.005 0.888 0.005 0.002 0.004 0.005 0.013 0.005 0.008 0.004 0.004 0.004 0.003 0.007 
209   H563.5    (0)   12 :  0.004 0.005 0.004 0.008 0.002 0.003 0.003 0.004 0.926 0.002 0.002 0.002 0.007 0.006 0.002 0.004 0.003 0.003 0.004 0.002 0.004 
210   H563.6    (0)   12 :  0.003 0.004 0.006 0.009 0.003 0.007 0.005 0.007 0.889 0.007 0.004 0.005 0.004 0.009 0.010 0.006 0.005 0.003 0.004 0.004 0.006 
211   H563.7    (0)   12 :  0.003 0.003 0.004 0.013 0.002 0.007 0.004 0.010 0.890 0.005 0.004 0.003 0.003 0.012 0.012 0.006 0.005 0.003 0.003 0.003 0.006 
212   H563.8    (0)   12 :  0.006 0.009 0.007 0.015 0.002 0.004 0.005 0.008 0.888 0.003 0.003 0.002 0.014 0.007 0.004 0.004 0.004 0.003 0.004 0.003 0.005 
213   H563.9    (0)   12 :  0.006 0.005 0.004 0.005 0.002 0.016 0.006 0.010 0.872 0.012 0.006 0.005 0.004 0.006 0.008 0.005 0.007 0.004 0.004 0.005 0.009 
214  H7374.1    (0)   12 :  0.003 0.003 0.004 0.901 0.004 0.006 0.004 0.003 0.004 0.007 0.012 0.003 0.004 0.003 0.004 0.009 0.004 0.004 0.006 0.004 0.007 
215  H7374.2    (0)   12 :  0.006 0.005 0.005 0.901 0.004 0.006 0.004 0.003 0.006 0.007 0.005 0.004 0.008 0.008 0.002 0.005 0.004 0.003 0.008 0.003 0.005 
216  H7374.3    (0)   12 :  0.004 0.007 0.007 0.835 0.006 0.007 0.004 0.005 0.007 0.020 0.034 0.004 0.008 0.004 0.004 0.007 0.006 0.008 0.009 0.007 0.009 
217  H7374.4    (0)   12 :  0.006 0.004 0.004 0.917 0.006 0.004 0.004 0.004 0.004 0.004 0.004 0.003 0.006 0.005 0.006 0.003 0.004 0.003 0.003 0.003 0.006 
218  H7374.5    (0)   12 :  0.004 0.004 0.002 0.925 0.002 0.003 0.004 0.005 0.003 0.002 0.004 0.003 0.008 0.003 0.003 0.005 0.004 0.003 0.004 0.004 0.005 
219  H7374.6    (0)   12 :  0.004 0.007 0.006 0.858 0.009 0.005 0.004 0.005 0.008 0.015 0.013 0.005 0.009 0.004 0.006 0.003 0.005 0.008 0.005 0.008 0.013 
220  H7374.7    (0)   12 :  0.003 0.003 0.003 0.932 0.004 0.005 0.002 0.004 0.003 0.004 0.003 0.003 0.003 0.004 0.004 0.004 0.004 0.003 0.002 0.003 0.004 
221  H7374.8    (0)   12 :  0.002 0.004 0.003 0.919 0.003 0.005 0.002 0.005 0.006 0.005 0.008 0.003 0.002 0.002 0.005 0.005 0.004 0.003 0.003 0.003 0.004 
222  H7374.9    (0)   12 :  0.004 0.007 0.004 0.919 0.003 0.003 0.004 0.006 0.004 0.003 0.003 0.003 0.007 0.003 0.004 0.004 0.004 0.004 0.004 0.005 0.004 
223  H9563.1    (0)   12 :  0.004 0.004 0.006 0.004 0.003 0.003 0.004 0.004 0.922 0.004 0.005 0.004 0.004 0.003 0.004 0.003 0.004 0.003 0.003 0.004 0.005 
224  H9563.2    (0)   12 :  0.003 0.004 0.007 0.003 0.003 0.002 0.007 0.003 0.921 0.004 0.004 0.003 0.008 0.004 0.002 0.004 0.004 0.003 0.004 0.004 0.005 
225  H9563.3    (0)   12 :  0.004 0.005 0.005 0.005 0.005 0.006 0.004 0.005 0.909 0.004 0.005 0.007 0.002 0.002 0.003 0.008 0.003 0.004 0.004 0.003 0.005 
226  H9563.4    (0)   12 :  0.006 0.020 0.023 0.006 0.016 0.011 0.016 0.004 0.807 0.008 0.012 0.007 0.004 0.004 0.006 0.007 0.006 0.006 0.009 0.005 0.016 
227  H9563.5    (0)   12 :  0.004 0.006 0.012 0.003 0.005 0.009 0.010 0.003 0.882 0.007 0.004 0.007 0.003 0.005 0.006 0.004 0.005 0.006 0.008 0.005 0.008 
228  H9563.6    (0)   12 :  0.004 0.004 0.005 0.005 0.005 0.003 0.006 0.012 0.893 0.003 0.006 0.006 0.002 0.004 0.003 0.017 0.003 0.004 0.004 0.003 0.006 
229  H9563.7    (0)   12 :  0.004 0.004 0.005 0.005 0.008 0.003 0.003 0.004 0.918 0.003 0.004 0.005 0.003 0.003 0.002 0.009 0.003 0.003 0.004 0.003 0.004 
230  H9563.8    (0)   12 :  0.009 0.013 0.037 0.003 0.005 0.009 0.032 0.003 0.763 0.007 0.014 0.012 0.005 0.003 0.011 0.010 0.012 0.006 0.005 0.005 0.036 
231  H9563.9    (0)   12 :  0.005 0.007 0.012 0.005 0.003 0.003 0.011 0.005 0.887 0.005 0.008 0.007 0.004 0.005 0.005 0.008 0.004 0.004 0.004 0.003 0.006 
232  H9572.1    (0)   12 :  0.005 0.005 0.008 0.010 0.005 0.004 0.011 0.850 0.010 0.009 0.005 0.006 0.018 0.009 0.003 0.004 0.008 0.004 0.012 0.006 0.008 
233  H9572.2    (0)   12 :  0.004 0.008 0.022 0.021 0.003 0.008 0.019 0.788 0.018 0.012 0.010 0.004 0.006 0.007 0.005 0.008 0.006 0.014 0.013 0.014 0.011 
234  H9572.3    (0)   12 :  0.003 0.006 0.022 0.061 0.008 0.018 0.004 0.723 0.006 0.006 0.009 0.005 0.011 0.008 0.013 0.010 0.008 0.003 0.046 0.006 0.022 
235  H9572.4    (0)   12 :  0.002 0.005 0.004 0.006 0.004 0.003 0.002 0.929 0.003 0.003 0.002 0.003 0.004 0.003 0.006 0.003 0.004 0.003 0.004 0.003 0.004 
236  H9572.5    (0)   12 :  0.002 0.004 0.005 0.002 0.003 0.003 0.003 0.917 0.003 0.005 0.002 0.004 0.004 0.003 0.011 0.003 0.003 0.003 0.012 0.003 0.004 


Estimated Allele Frequencies in each cluster
First column gives estimated ancestral frequencies


Locus 1 : 
8 alleles
0.0% missing data
 156   (0.176) 0.021 0.032 0.085 0.155 0.691 0.264 0.146 0.551 0.209 0.024 0.020 0.236 0.086 0.331 0.234 0.462 0.259 0.013 0.018 0.015 0.176 
 152   (0.162) 0.021 0.434 0.125 0.314 0.262 0.015 0.110 0.031 0.012 0.021 0.384 0.120 0.009 0.016 0.025 0.369 0.198 0.346 0.303 0.014 0.162 
 168   (0.092) 0.172 0.017 0.044 0.010 0.006 0.009 0.039 0.017 0.007 0.012 0.010 0.601 0.053 0.192 0.005 0.103 0.322 0.006 0.184 0.297 0.092 
 164   (0.200) 0.495 0.059 0.340 0.024 0.015 0.019 0.255 0.041 0.130 0.310 0.289 0.020 0.207 0.421 0.397 0.024 0.152 0.015 0.188 0.159 0.200 
 160   (0.292) 0.282 0.262 0.370 0.489 0.020 0.684 0.241 0.347 0.636 0.207 0.195 0.019 0.171 0.032 0.335 0.033 0.057 0.615 0.300 0.509 0.292 
 148   (0.041) 0.005 0.008 0.020 0.005 0.003 0.005 0.206 0.007 0.003 0.005 0.099 0.003 0.473 0.004 0.002 0.004 0.007 0.003 0.004 0.004 0.041 
 144   (0.025) 0.003 0.187 0.010 0.003 0.002 0.002 0.002 0.004 0.002 0.188 0.002 0.001 0.001 0.002 0.001 0.003 0.004 0.002 0.002 0.002 0.025 
 172   (0.013) 0.002 0.002 0.006 0.001 0.001 0.001 0.001 0.002 0.001 0.234 0.001 0.001 0.001 0.001 0.001 0.001 0.002 0.001 0.001 0.001 0.013 

Locus 2 : 
7 alleles
0.0% missing data
 156   (0.276) 0.035 0.237 0.276 0.476 0.020 0.220 0.290 0.173 0.291 0.733 0.108 0.017 0.480 0.213 0.171 0.494 0.051 0.448 0.466 0.441 0.276 
 148   (0.072) 0.238 0.013 0.040 0.007 0.005 0.007 0.007 0.013 0.244 0.009 0.007 0.005 0.004 0.251 0.067 0.391 0.012 0.005 0.007 0.006 0.072 
 160   (0.163) 0.214 0.242 0.331 0.019 0.013 0.056 0.219 0.032 0.141 0.028 0.019 0.142 0.144 0.019 0.015 0.059 0.198 0.254 0.143 0.014 0.163 
 168   (0.115) 0.014 0.021 0.057 0.456 0.217 0.011 0.291 0.020 0.297 0.015 0.039 0.007 0.155 0.479 0.098 0.013 0.020 0.123 0.011 0.010 0.115 
 164   (0.206) 0.480 0.050 0.205 0.024 0.223 0.425 0.092 0.287 0.015 0.193 0.769 0.272 0.010 0.022 0.583 0.025 0.039 0.157 0.357 0.151 0.206 
 152   (0.143) 0.016 0.434 0.080 0.016 0.266 0.278 0.098 0.470 0.011 0.019 0.056 0.556 0.127 0.014 0.064 0.015 0.676 0.011 0.015 0.377 0.143 
 172   (0.025) 0.003 0.004 0.011 0.003 0.257 0.002 0.002 0.004 0.002 0.003 0.002 0.001 0.079 0.002 0.001 0.003 0.004 0.002 0.002 0.002 0.025 

Locus 3 : 
5 alleles
0.4% missing data
 193   (0.179) 0.199 0.031 0.092 0.265 0.158 0.246 0.016 0.645 0.366 0.255 0.074 0.012 0.028 0.195 0.020 0.465 0.497 0.014 0.252 0.015 0.179 
 189   (0.266) 0.282 0.137 0.257 0.492 0.019 0.335 0.513 0.099 0.250 0.037 0.547 0.451 0.180 0.031 0.081 0.256 0.049 0.586 0.279 0.364 0.266 
 181   (0.111) 0.012 0.020 0.057 0.012 0.312 0.373 0.131 0.020 0.161 0.014 0.012 0.320 0.006 0.726 0.360 0.225 0.019 0.008 0.011 0.009 0.111 
 185   (0.359) 0.497 0.798 0.465 0.221 0.506 0.037 0.332 0.073 0.218 0.493 0.358 0.160 0.718 0.039 0.378 0.045 0.420 0.189 0.096 0.605 0.359 
 197   (0.084) 0.010 0.015 0.129 0.009 0.006 0.008 0.008 0.163 0.006 0.201 0.009 0.057 0.068 0.009 0.161 0.009 0.015 0.204 0.362 0.007 0.084 

Locus 4 : 
7 alleles
0.0% missing data
 173   (0.285) 0.464 0.059 0.276 0.233 0.019 0.208 0.108 0.181 0.137 0.478 0.163 0.017 0.072 0.677 0.457 0.316 0.413 0.278 0.048 0.320 0.285 
 169   (0.077) 0.010 0.146 0.042 0.009 0.005 0.008 0.007 0.559 0.671 0.010 0.024 0.605 0.004 0.008 0.094 0.222 0.013 0.006 0.008 0.012 0.076 
 165   (0.250) 0.033 0.064 0.193 0.152 0.318 0.024 0.344 0.049 0.019 0.340 0.755 0.027 0.444 0.027 0.138 0.255 0.277 0.321 0.569 0.392 0.250 
 177   (0.256) 0.229 0.467 0.426 0.030 0.650 0.747 0.528 0.051 0.067 0.156 0.035 0.343 0.106 0.027 0.303 0.194 0.273 0.213 0.183 0.023 0.256 
 185   (0.026) 0.003 0.004 0.011 0.003 0.002 0.002 0.002 0.004 0.002 0.003 0.002 0.001 0.001 0.003 0.001 0.003 0.004 0.050 0.003 0.246 0.026 
 181   (0.082) 0.010 0.255 0.039 0.570 0.005 0.008 0.008 0.152 0.102 0.010 0.009 0.005 0.372 0.256 0.005 0.009 0.015 0.006 0.188 0.007 0.082 
 193   (0.025) 0.251 0.004 0.012 0.003 0.002 0.002 0.002 0.004 0.002 0.003 0.012 0.001 0.001 0.002 0.001 0.002 0.004 0.126 0.002 0.002 0.025 

Locus 5 : 
12 alleles
0.0% missing data
 215   (0.084) 0.012 0.016 0.265 0.009 0.006 0.008 0.008 0.082 0.006 0.162 0.009 0.005 0.004 0.009 0.054 0.165 0.059 0.006 0.330 0.035 0.084 
 207   (0.210) 0.133 0.432 0.113 0.360 0.015 0.541 0.019 0.662 0.239 0.405 0.270 0.182 0.010 0.116 0.232 0.348 0.132 0.426 0.021 0.019 0.210 
 195   (0.087) 0.011 0.025 0.061 0.010 0.006 0.009 0.261 0.016 0.007 0.016 0.021 0.058 0.010 0.132 0.163 0.417 0.333 0.006 0.009 0.009 0.087 
 203   (0.194) 0.787 0.142 0.102 0.218 0.013 0.084 0.433 0.161 0.242 0.026 0.046 0.651 0.493 0.698 0.187 0.021 0.398 0.014 0.429 0.019 0.194 
 199   (0.245) 0.036 0.349 0.373 0.384 0.499 0.071 0.076 0.048 0.189 0.278 0.479 0.093 0.458 0.027 0.287 0.029 0.046 0.081 0.195 0.314 0.245 
 211   (0.062) 0.008 0.012 0.030 0.007 0.157 0.006 0.006 0.010 0.307 0.007 0.043 0.004 0.003 0.007 0.070 0.007 0.011 0.459 0.006 0.005 0.062 
 271   (0.016) 0.002 0.003 0.006 0.002 0.001 0.002 0.046 0.003 0.001 0.002 0.002 0.001 0.002 0.001 0.001 0.002 0.003 0.001 0.001 0.001 0.016 
 191   (0.017) 0.002 0.003 0.006 0.002 0.001 0.002 0.002 0.003 0.001 0.002 0.002 0.001 0.001 0.002 0.001 0.002 0.003 0.001 0.002 0.588 0.017 
 284   (0.040) 0.005 0.012 0.021 0.005 0.003 0.272 0.074 0.007 0.003 0.005 0.123 0.003 0.002 0.004 0.002 0.004 0.007 0.003 0.004 0.006 0.040 
 275   (0.019) 0.002 0.003 0.008 0.002 0.001 0.002 0.074 0.003 0.001 0.094 0.002 0.001 0.001 0.002 0.001 0.002 0.003 0.001 0.002 0.002 0.019 
 279   (0.012) 0.001 0.002 0.007 0.001 0.297 0.001 0.001 0.002 0.001 0.001 0.001 0.001 0.001 0.001 0.001 0.001 0.002 0.001 0.001 0.001 0.012 
 280   (0.014) 0.002 0.003 0.008 0.002 0.001 0.002 0.001 0.003 0.001 0.002 0.002 0.001 0.016 0.002 0.001 0.003 0.002 0.001 0.001 0.001 0.014 

Locus 6 : 
9 alleles
0.0% missing data
 254   (0.074) 0.258 0.015 0.115 0.008 0.004 0.007 0.007 0.013 0.005 0.010 0.008 0.004 0.138 0.008 0.213 0.111 0.185 0.005 0.019 0.006 0.074 
 242   (0.207) 0.027 0.042 0.142 0.112 0.013 0.018 0.259 0.730 0.448 0.027 0.085 0.013 0.656 0.023 0.105 0.722 0.133 0.018 0.314 0.359 0.207 
 238   (0.299) 0.482 0.491 0.354 0.036 0.269 0.574 0.517 0.056 0.187 0.213 0.216 0.540 0.154 0.036 0.337 0.120 0.366 0.022 0.184 0.599 0.299 
 250   (0.121) 0.015 0.201 0.077 0.014 0.008 0.011 0.092 0.022 0.009 0.262 0.259 0.173 0.012 0.014 0.324 0.014 0.023 0.797 0.139 0.011 0.121 
 246   (0.175) 0.203 0.231 0.242 0.377 0.698 0.017 0.019 0.159 0.104 0.473 0.419 0.091 0.034 0.286 0.014 0.021 0.034 0.148 0.333 0.015 0.175 
 230   (0.059) 0.007 0.011 0.037 0.006 0.004 0.005 0.100 0.009 0.136 0.008 0.006 0.175 0.003 0.195 0.003 0.006 0.248 0.004 0.006 0.005 0.059 
 258   (0.015) 0.001 0.003 0.007 0.002 0.001 0.363 0.001 0.002 0.001 0.002 0.001 0.001 0.001 0.001 0.001 0.002 0.002 0.001 0.001 0.001 0.015 
 234   (0.023) 0.002 0.004 0.013 0.294 0.001 0.002 0.002 0.004 0.002 0.003 0.003 0.001 0.001 0.435 0.001 0.002 0.004 0.002 0.002 0.002 0.023 
 226   (0.027) 0.003 0.004 0.014 0.150 0.002 0.002 0.002 0.004 0.109 0.003 0.003 0.001 0.001 0.003 0.002 0.003 0.004 0.002 0.002 0.002 0.027 

Locus 7 : 
5 alleles
0.0% missing data
 149   (0.830) 0.527 0.971 0.919 0.982 0.580 0.985 0.668 0.796 0.988 0.979 0.936 0.990 0.580 0.563 0.991 0.982 0.971 0.748 0.984 0.986 0.830 
 153   (0.075) 0.285 0.013 0.036 0.008 0.005 0.007 0.223 0.189 0.006 0.010 0.054 0.005 0.338 0.047 0.004 0.008 0.013 0.070 0.008 0.006 0.075 
 155   (0.038) 0.004 0.006 0.016 0.004 0.205 0.003 0.003 0.006 0.003 0.005 0.004 0.002 0.002 0.384 0.002 0.004 0.006 0.178 0.003 0.003 0.038 
 157   (0.039) 0.181 0.007 0.022 0.004 0.209 0.003 0.004 0.006 0.003 0.005 0.004 0.002 0.080 0.004 0.002 0.004 0.007 0.003 0.003 0.003 0.039 
 151   (0.019) 0.002 0.003 0.007 0.002 0.001 0.002 0.101 0.003 0.001 0.002 0.002 0.001 0.001 0.002 0.001 0.002 0.003 0.001 0.002 0.001 0.019 

Locus 8 : 
15 alleles
0.4% missing data
 150   (0.076) 0.009 0.014 0.041 0.008 0.005 0.007 0.153 0.015 0.006 0.010 0.009 0.004 0.232 0.267 0.271 0.296 0.013 0.005 0.007 0.196 0.076 
 138   (0.117) 0.015 0.024 0.225 0.014 0.008 0.011 0.570 0.164 0.123 0.017 0.196 0.008 0.241 0.271 0.007 0.233 0.255 0.008 0.048 0.010 0.117 
 158   (0.050) 0.006 0.008 0.022 0.005 0.003 0.004 0.004 0.008 0.003 0.006 0.196 0.003 0.003 0.192 0.003 0.222 0.009 0.090 0.005 0.004 0.050 
 146   (0.207) 0.035 0.046 0.161 0.328 0.111 0.467 0.156 0.176 0.136 0.279 0.350 0.077 0.338 0.024 0.105 0.188 0.215 0.015 0.331 0.209 0.207 
 152   (0.119) 0.015 0.332 0.071 0.255 0.008 0.011 0.011 0.024 0.009 0.153 0.128 0.235 0.006 0.013 0.240 0.013 0.264 0.288 0.011 0.275 0.119 
 148   (0.074) 0.446 0.020 0.100 0.352 0.005 0.007 0.007 0.017 0.005 0.009 0.039 0.005 0.004 0.008 0.004 0.008 0.013 0.157 0.210 0.277 0.074 
 156   (0.030) 0.003 0.006 0.024 0.003 0.002 0.003 0.004 0.006 0.110 0.006 0.004 0.002 0.002 0.003 0.002 0.004 0.005 0.058 0.004 0.002 0.030 
 134   (0.046) 0.005 0.100 0.024 0.005 0.003 0.004 0.069 0.282 0.003 0.195 0.005 0.003 0.003 0.005 0.003 0.005 0.008 0.178 0.004 0.004 0.046 
 142   (0.032) 0.041 0.006 0.021 0.003 0.002 0.003 0.003 0.007 0.002 0.004 0.003 0.415 0.002 0.004 0.045 0.004 0.007 0.002 0.003 0.003 0.032 
 128   (0.100) 0.012 0.418 0.242 0.011 0.482 0.009 0.009 0.275 0.007 0.303 0.011 0.006 0.163 0.011 0.228 0.011 0.018 0.007 0.364 0.008 0.100 
 144   (0.039) 0.401 0.007 0.019 0.004 0.003 0.003 0.004 0.009 0.003 0.005 0.049 0.002 0.002 0.004 0.025 0.004 0.007 0.184 0.004 0.003 0.039 
 168   (0.013) 0.002 0.002 0.006 0.001 0.001 0.001 0.001 0.002 0.001 0.001 0.001 0.001 0.001 0.001 0.001 0.001 0.171 0.001 0.001 0.001 0.013 
 160   (0.028) 0.003 0.005 0.011 0.003 0.002 0.258 0.002 0.004 0.002 0.003 0.003 0.235 0.001 0.003 0.002 0.003 0.004 0.002 0.002 0.002 0.028 
 140   (0.028) 0.003 0.005 0.013 0.003 0.362 0.002 0.002 0.005 0.002 0.004 0.003 0.002 0.001 0.003 0.063 0.003 0.004 0.002 0.003 0.002 0.028 
 136   (0.042) 0.004 0.007 0.020 0.004 0.003 0.209 0.004 0.007 0.588 0.005 0.004 0.003 0.002 0.191 0.002 0.004 0.007 0.003 0.004 0.003 0.042 

Locus 9 : 
4 alleles
0.0% missing data
 184   (0.220) 0.201 0.082 0.241 0.212 0.324 0.486 0.022 0.041 0.130 0.247 0.438 0.459 0.090 0.022 0.016 0.829 0.213 0.216 0.036 0.019 0.220 
 186   (0.479) 0.378 0.413 0.608 0.177 0.656 0.244 0.527 0.576 0.508 0.714 0.111 0.485 0.748 0.779 0.094 0.136 0.256 0.409 0.934 0.676 0.479 
 180   (0.195) 0.024 0.372 0.100 0.335 0.012 0.018 0.425 0.362 0.355 0.026 0.419 0.012 0.010 0.187 0.884 0.023 0.267 0.142 0.019 0.297 0.195 
 182   (0.106) 0.397 0.132 0.052 0.276 0.007 0.252 0.026 0.021 0.008 0.013 0.032 0.043 0.153 0.012 0.006 0.012 0.264 0.234 0.012 0.008 0.106 

Locus 10 : 
7 alleles
0.0% missing data
 176   (0.020) 0.002 0.003 0.009 0.002 0.001 0.002 0.002 0.003 0.001 0.002 0.002 0.001 0.001 0.002 0.001 0.266 0.003 0.001 0.002 0.002 0.020 
 168   (0.163) 0.022 0.099 0.428 0.229 0.012 0.156 0.159 0.160 0.408 0.026 0.027 0.175 0.140 0.018 0.051 0.394 0.031 0.012 0.451 0.021 0.164 
 156   (0.123) 0.438 0.375 0.193 0.014 0.009 0.012 0.503 0.022 0.127 0.018 0.013 0.226 0.006 0.012 0.015 0.171 0.024 0.009 0.157 0.096 0.123 
 160   (0.244) 0.381 0.122 0.138 0.156 0.018 0.362 0.091 0.049 0.432 0.453 0.495 0.065 0.372 0.282 0.083 0.118 0.224 0.065 0.025 0.030 0.244 
 164   (0.230) 0.058 0.043 0.125 0.026 0.264 0.213 0.225 0.473 0.016 0.260 0.224 0.015 0.470 0.664 0.014 0.026 0.266 0.437 0.345 0.539 0.230 
 172   (0.196) 0.096 0.353 0.094 0.571 0.695 0.253 0.019 0.289 0.014 0.239 0.027 0.516 0.010 0.020 0.829 0.022 0.447 0.473 0.018 0.311 0.196 
 152   (0.024) 0.004 0.004 0.014 0.003 0.002 0.002 0.002 0.005 0.002 0.003 0.213 0.002 0.001 0.002 0.007 0.003 0.004 0.002 0.002 0.002 0.024 

Locus 11 : 
7 alleles
0.4% missing data
 177   (0.072) 0.010 0.016 0.066 0.470 0.579 0.199 0.007 0.047 0.005 0.010 0.184 0.027 0.004 0.007 0.004 0.335 0.013 0.005 0.011 0.009 0.072 
 173   (0.213) 0.031 0.218 0.272 0.025 0.373 0.028 0.147 0.043 0.445 0.027 0.068 0.250 0.047 0.023 0.021 0.239 0.392 0.567 0.635 0.022 0.213 
 165   (0.267) 0.868 0.487 0.431 0.331 0.019 0.546 0.309 0.050 0.106 0.491 0.065 0.037 0.768 0.697 0.037 0.375 0.049 0.019 0.085 0.030 0.267 
 169   (0.305) 0.042 0.255 0.163 0.159 0.021 0.214 0.197 0.498 0.301 0.315 0.668 0.678 0.034 0.215 0.931 0.035 0.522 0.214 0.032 0.315 0.305 
 161   (0.082) 0.043 0.015 0.041 0.009 0.005 0.008 0.335 0.352 0.006 0.010 0.009 0.005 0.145 0.052 0.004 0.009 0.014 0.109 0.008 0.361 0.082 
 157   (0.038) 0.004 0.006 0.017 0.004 0.002 0.003 0.003 0.006 0.135 0.145 0.004 0.002 0.002 0.004 0.002 0.004 0.006 0.085 0.003 0.003 0.038 
 153   (0.023) 0.002 0.004 0.010 0.002 0.001 0.002 0.002 0.004 0.002 0.003 0.002 0.001 0.001 0.002 0.001 0.002 0.004 0.002 0.226 0.261 0.023 

Values of parameters used in structure:
DATAFILE=/data/home/rchen/Hunting/blackgrouse-hunting/data_job_T21_5,	OUTFILE=data/structure/Results_stru_chicks_hunted/results_job_T21_5,	NUMINDS=236,	NUMLOCI=11,	MISSING=-9,	LABEL=1,	POPDATA=1,	POPFLAG=0,	PHENOTYPE=0,	EXTRACOLS=0,	MAXPOPS=21,	BURNIN=10000,	NUMREPS=10000,	USEPOPINFO=0,	INFERALPHA=1,	INFERLAMBDA=0,	POPSPECIFICLAMBDA=0,	POPALPHAS=0,	COMPUTEPROB=1,	NOADMIX=0,	ADMBURNIN=2500,	UPDATEFREQ=1,	PRINTLIKES=0,	INTERMEDSAVE=0,	PRINTKLD=0,	PRINTNET=0,	PRINTLAMBDA=0,	ANCESTDIST=0,	NUMBOXES=1000,	ANCESTPINT=0.90000,	GENSBACK=2,	MIGRPRIOR=0.05000,	PRINTQHAT=1,	PRINTQSUM=0,	ALPHA=1.0000,	FREQSCORR=1,	FPRIORMEAN=0.0100,	FPRIORSD=0.0500,	ONEFST=0,	LAMBDA=1.0000,	UNIFPRIORALPHA=1,	ALPHAMAX=10.0000,	ALPHAPRIORA=1.0000,	ALPHAPRIORB=2.0000,	ALPHAPROPSD=0.0250,	STARTATPOPINFO=0,	RANDOMIZE=1,	LINKAGE=0,	METROFREQ=10,	REPORTHITRATE=0,	MARKOVPHASE=-1,	PHASED=0,	PLOIDY=2,	PHASEINFO=0	LOCPRIOR=0, 	LOCPRIORINIT=1.000000, 	LOCDATA=0, 	LOCISPOP=0, 	LOCPRIORSTEP=0.100000, 	MAXLOCPRIOR=20.000000, 	SEED=1653047733,	
[STRAT parameters]:    NUMSIMSTATS=1000,	PHENOTYPECOL=-9,	POOLFREQ=10,	LOCUSxONLY=0,	EMERROR=0.00100,	MISSINGPHENO=-9,	