

----------------------------------------------------
STRUCTURE by Pritchard, Stephens and Donnelly (2000)
     and Falush, Stephens and Pritchard (2003)
       Code by Pritchard, Falush and Hubisz
             Version 2.3.4 (Jul 2012)
----------------------------------------------------



Command line arguments:   /usr/local/bin/structure -m parameter_job_T10_3 
Input File:    /data/home/rchen/Hunting/Final_analysis/data_job_T10_3

Run parameters:
   813 individuals
   12 loci
   10 populations assumed
   10000 Burn-in period
   10000 Reps


--------------------------------------------
Proportion of membership of each pre-defined
 population in each of the 10 clusters

Given    Inferred Clusters                                                        Number of
 Pop       1      2      3      4      5      6      7      8      9     10      Individuals

  1:     0.110  0.100  0.099  0.107  0.103  0.110  0.094  0.094  0.091  0.093      144
  2:     0.095  0.098  0.101  0.096  0.096  0.095  0.099  0.093  0.110  0.116      163
  3:     0.096  0.096  0.103  0.084  0.099  0.102  0.110  0.098  0.137  0.076        8
  4:     0.100  0.100  0.100  0.099  0.090  0.100  0.107  0.109  0.091  0.105       88
  5:     0.102  0.096  0.094  0.103  0.110  0.102  0.096  0.099  0.096  0.102      121
  6:     0.100  0.099  0.108  0.101  0.103  0.100  0.114  0.111  0.084  0.080       22
  7:     0.094  0.105  0.091  0.091  0.142  0.087  0.101  0.118  0.102  0.071        9
  8:     0.095  0.099  0.096  0.094  0.104  0.093  0.102  0.090  0.117  0.110       20
  9:     0.097  0.117  0.119  0.100  0.090  0.098  0.101  0.095  0.099  0.084       16
 10:     0.095  0.103  0.100  0.094  0.088  0.097  0.101  0.105  0.121  0.096       64
 11:     0.096  0.103  0.101  0.101  0.103  0.097  0.100  0.104  0.102  0.094      131
 12:     0.108  0.106  0.105  0.111  0.109  0.110  0.094  0.093  0.090  0.073       27
--------------------------------------------

Allele-freq. divergence among pops (Net nucleotide distance),
computed using point estimates of P.

      1       2       3       4       5       6       7       8       9      10      
 1      -    0.0028  0.0029  0.0024  0.0142  0.0000  0.0060  0.0072  0.0085  0.0394  
 2   0.0028     -    0.0025  0.0029  0.0152  0.0029  0.0105  0.0112  0.0083  0.0430  
 3   0.0029  0.0025     -    0.0058  0.0183  0.0029  0.0086  0.0098  0.0082  0.0441  
 4   0.0024  0.0029  0.0058     -    0.0102  0.0024  0.0092  0.0106  0.0122  0.0429  
 5   0.0142  0.0152  0.0183  0.0102     -    0.0139  0.0251  0.0243  0.0208  0.0475  
 6   0.0000  0.0029  0.0029  0.0024  0.0139     -    0.0057  0.0068  0.0083  0.0385  
 7   0.0060  0.0105  0.0086  0.0092  0.0251  0.0057     -    0.0014  0.0142  0.0414  
 8   0.0072  0.0112  0.0098  0.0106  0.0243  0.0068  0.0014     -    0.0155  0.0381  
 9   0.0085  0.0083  0.0082  0.0122  0.0208  0.0083  0.0142  0.0155     -    0.0537  
10   0.0394  0.0430  0.0441  0.0429  0.0475  0.0385  0.0414  0.0381  0.0537     -    

Average distances (expected heterozygosity) between individuals in same cluster:
cluster  1  : 0.7129 
cluster  2  : 0.6795 
cluster  3  : 0.6871 
cluster  4  : 0.7007 
cluster  5  : 0.6564 
cluster  6  : 0.7135 
cluster  7  : 0.7098 
cluster  8  : 0.7033 
cluster  9  : 0.6693 
cluster 10  : 0.5998 

--------------------------------------------
Estimated Ln Prob of Data   = -34617.4
Mean value of ln likelihood = -29001.6
Variance of ln likelihood   = 11231.6
Mean value of alpha         = 0.2402

Mean value of Fst_1         = 0.0065
Mean value of Fst_2         = 0.0933
Mean value of Fst_3         = 0.0546
Mean value of Fst_4         = 0.0959
Mean value of Fst_5         = 0.1364
Mean value of Fst_6         = 0.0006
Mean value of Fst_7         = 0.1009
Mean value of Fst_8         = 0.0963
Mean value of Fst_9         = 0.0939
Mean value of Fst_10         = 0.1793


Inferred ancestry of individuals:
        Label (%Miss) Pop:  Inferred clusters
  1     H102    (8)    1 :  0.081 0.165 0.078 0.217 0.120 0.085 0.060 0.072 0.051 0.072 
  2     H103    (8)    1 :  0.129 0.091 0.105 0.088 0.041 0.128 0.166 0.121 0.098 0.033 
  3     H104    (8)    1 :  0.082 0.110 0.084 0.079 0.101 0.071 0.104 0.109 0.151 0.109 
  4     H105    (0)    1 :  0.104 0.118 0.094 0.125 0.132 0.097 0.071 0.067 0.065 0.127 
  5     H106    (8)    1 :  0.104 0.085 0.082 0.131 0.089 0.099 0.137 0.118 0.056 0.098 
  6     H112    (8)    1 :  0.086 0.108 0.087 0.138 0.086 0.092 0.078 0.077 0.093 0.157 
  7     H113    (8)    1 :  0.082 0.148 0.153 0.075 0.070 0.078 0.081 0.064 0.175 0.073 
  8     H114    (8)    1 :  0.098 0.165 0.159 0.103 0.068 0.080 0.091 0.064 0.131 0.041 
  9     H115    (0)    1 :  0.072 0.191 0.064 0.133 0.124 0.077 0.068 0.065 0.118 0.088 
 10     H143    (8)    1 :  0.097 0.135 0.083 0.170 0.110 0.102 0.072 0.070 0.086 0.075 
 11     H144    (8)    1 :  0.186 0.070 0.112 0.094 0.138 0.166 0.056 0.069 0.080 0.030 
 12     H145    (0)    1 :  0.117 0.150 0.122 0.160 0.072 0.116 0.067 0.081 0.053 0.062 
 13     H149    (0)    1 :  0.084 0.079 0.074 0.092 0.116 0.089 0.140 0.141 0.082 0.103 
 14     H150    (0)    1 :  0.129 0.115 0.107 0.077 0.072 0.186 0.063 0.075 0.091 0.085 
 15  H167542    (0)    1 :  0.065 0.071 0.065 0.140 0.353 0.062 0.053 0.057 0.076 0.057 
 16  H169604    (0)    1 :  0.104 0.094 0.093 0.117 0.121 0.106 0.066 0.089 0.156 0.054 
 17  H169607    (0)    1 :  0.139 0.087 0.107 0.127 0.099 0.114 0.071 0.111 0.093 0.052 
 18  H169608    (8)    1 :  0.068 0.138 0.055 0.130 0.122 0.065 0.063 0.058 0.046 0.256 
 19  H169633    (0)    1 :  0.099 0.109 0.120 0.121 0.131 0.107 0.075 0.077 0.108 0.054 
 20  H169688    (0)    1 :  0.125 0.064 0.078 0.104 0.056 0.127 0.152 0.145 0.087 0.063 
 21  H169714    (8)    1 :  0.097 0.118 0.102 0.068 0.069 0.097 0.102 0.154 0.106 0.086 
 22  H171802    (8)    1 :  0.070 0.070 0.075 0.055 0.056 0.077 0.105 0.092 0.200 0.199 
 23  H171805    (8)    1 :  0.153 0.098 0.108 0.104 0.063 0.133 0.119 0.105 0.071 0.047 
 24  H171807    (8)    1 :  0.119 0.080 0.082 0.081 0.122 0.119 0.075 0.092 0.088 0.143 
 25  H171814    (8)    1 :  0.145 0.094 0.138 0.069 0.041 0.153 0.068 0.080 0.165 0.047 
 26  H171816    (8)    1 :  0.109 0.089 0.104 0.078 0.074 0.113 0.096 0.118 0.077 0.142 
 27  H171817    (8)    1 :  0.087 0.095 0.110 0.098 0.090 0.094 0.111 0.133 0.082 0.099 
 28  H171818    (8)    1 :  0.114 0.090 0.109 0.114 0.133 0.104 0.122 0.098 0.062 0.053 
 29  H171819    (8)    1 :  0.091 0.136 0.174 0.073 0.058 0.099 0.079 0.089 0.095 0.106 
 30  H171834    (8)    1 :  0.104 0.140 0.105 0.153 0.113 0.100 0.075 0.080 0.072 0.058 
 31  H171835    (8)    1 :  0.059 0.091 0.073 0.085 0.066 0.061 0.130 0.186 0.134 0.114 
 32  H171836    (8)    1 :  0.105 0.106 0.109 0.109 0.073 0.097 0.163 0.098 0.110 0.030 
 33  H171837    (8)    1 :  0.086 0.110 0.084 0.104 0.153 0.090 0.077 0.090 0.103 0.103 
 34  H171838    (8)    1 :  0.108 0.154 0.137 0.110 0.060 0.107 0.122 0.094 0.065 0.043 
 35  H171839    (8)    1 :  0.079 0.108 0.088 0.087 0.114 0.078 0.095 0.121 0.152 0.079 
 36  H171841    (8)    1 :  0.059 0.047 0.046 0.059 0.060 0.059 0.057 0.054 0.032 0.528 
 37  H171860    (8)    1 :  0.098 0.119 0.102 0.105 0.099 0.097 0.069 0.075 0.125 0.111 
 38  H171861    (8)    1 :  0.110 0.137 0.094 0.186 0.081 0.103 0.102 0.069 0.084 0.032 
 39  H171862    (8)    1 :  0.125 0.132 0.105 0.117 0.084 0.127 0.073 0.087 0.085 0.065 
 40  H171868    (8)    1 :  0.083 0.137 0.085 0.161 0.189 0.076 0.071 0.072 0.072 0.055 
 41  H171869    (8)    1 :  0.157 0.077 0.105 0.084 0.064 0.158 0.117 0.119 0.068 0.052 
 42  H171870    (8)    1 :  0.107 0.072 0.075 0.106 0.073 0.120 0.140 0.132 0.081 0.094 
 43  H171871    (8)    1 :  0.126 0.103 0.110 0.077 0.045 0.128 0.120 0.106 0.133 0.051 
 44  H171872    (8)    1 :  0.097 0.134 0.091 0.093 0.082 0.097 0.071 0.110 0.125 0.100 
 45  H171873    (8)    1 :  0.127 0.077 0.104 0.085 0.057 0.116 0.131 0.136 0.108 0.059 
 46  H171874    (8)    1 :  0.138 0.106 0.111 0.150 0.072 0.146 0.064 0.091 0.075 0.048 
 47  H171875    (8)    1 :  0.131 0.127 0.136 0.125 0.088 0.131 0.066 0.062 0.095 0.038 
 48  H171876    (8)    1 :  0.125 0.090 0.100 0.124 0.125 0.117 0.079 0.084 0.120 0.036 
 49  H171877    (8)    1 :  0.057 0.081 0.061 0.117 0.401 0.057 0.055 0.056 0.072 0.043 
 50  H171878    (8)    1 :  0.133 0.070 0.091 0.099 0.084 0.140 0.143 0.112 0.044 0.084 
 51  H171901    (0)    1 :  0.070 0.078 0.062 0.091 0.058 0.068 0.149 0.172 0.116 0.135 
 52  H171902    (0)    1 :  0.122 0.090 0.096 0.132 0.066 0.129 0.069 0.105 0.056 0.135 
 53  H171903    (0)    1 :  0.093 0.132 0.101 0.106 0.058 0.118 0.097 0.098 0.144 0.053 
 54  H171935    (8)    1 :  0.109 0.077 0.094 0.101 0.044 0.112 0.143 0.158 0.063 0.101 
 55  H171936    (8)    1 :  0.099 0.109 0.151 0.116 0.101 0.089 0.078 0.075 0.136 0.047 
 56  H171940    (8)    1 :  0.092 0.060 0.077 0.103 0.294 0.090 0.067 0.068 0.047 0.103 
 57  H171945    (8)    1 :  0.115 0.081 0.091 0.113 0.070 0.128 0.063 0.076 0.076 0.187 
 58  H171948    (8)    1 :  0.089 0.127 0.108 0.113 0.088 0.099 0.084 0.065 0.075 0.152 
 59  H171949    (8)    1 :  0.081 0.063 0.069 0.085 0.162 0.086 0.092 0.127 0.064 0.169 
 60  H171950    (8)    1 :  0.066 0.080 0.057 0.077 0.064 0.061 0.173 0.213 0.087 0.123 
 61  H171963    (8)    1 :  0.121 0.085 0.106 0.120 0.070 0.121 0.159 0.126 0.054 0.039 
 62  H171964    (8)    1 :  0.194 0.097 0.152 0.064 0.085 0.187 0.051 0.070 0.051 0.048 
 63  H171966    (8)    1 :  0.110 0.099 0.100 0.129 0.076 0.112 0.139 0.115 0.048 0.071 
 64  H171968    (8)    1 :  0.114 0.088 0.072 0.156 0.095 0.129 0.070 0.096 0.056 0.124 
 65  H171971    (8)    1 :  0.103 0.088 0.117 0.096 0.065 0.117 0.161 0.131 0.064 0.057 
 66  H171972    (8)    1 :  0.116 0.113 0.116 0.099 0.068 0.152 0.075 0.091 0.131 0.039 
 67  H171977    (8)    1 :  0.137 0.083 0.114 0.094 0.156 0.138 0.067 0.083 0.091 0.037 
 68  H171978    (8)    1 :  0.140 0.087 0.089 0.090 0.054 0.127 0.098 0.106 0.064 0.145 
 69  H171979    (8)    1 :  0.139 0.102 0.138 0.075 0.060 0.128 0.118 0.122 0.084 0.034 
 70     H176    (8)    1 :  0.095 0.140 0.137 0.110 0.099 0.090 0.060 0.060 0.087 0.121 
 71     H177    (0)    1 :  0.077 0.080 0.062 0.100 0.079 0.078 0.107 0.104 0.058 0.254 
 72     H179    (0)    1 :  0.070 0.085 0.091 0.104 0.163 0.062 0.081 0.108 0.082 0.155 
 73     H181    (0)    1 :  0.123 0.111 0.135 0.107 0.091 0.131 0.110 0.071 0.068 0.054 
 74     H182    (8)    1 :  0.124 0.135 0.111 0.144 0.060 0.133 0.107 0.085 0.069 0.032 
 75     H183    (8)    1 :  0.129 0.067 0.099 0.099 0.099 0.111 0.146 0.082 0.103 0.067 
 76     H184    (8)    1 :  0.096 0.106 0.106 0.093 0.092 0.089 0.077 0.076 0.056 0.211 
 77     H185    (8)    1 :  0.102 0.127 0.125 0.133 0.101 0.117 0.101 0.072 0.061 0.060 
 78     H186    (8)    1 :  0.166 0.099 0.097 0.101 0.075 0.161 0.074 0.089 0.052 0.087 
 79     H187    (8)    1 :  0.105 0.077 0.096 0.088 0.060 0.098 0.162 0.118 0.089 0.107 
 80     H188    (8)    1 :  0.053 0.061 0.062 0.099 0.408 0.053 0.050 0.046 0.089 0.078 
 81     H192    (8)    1 :  0.092 0.094 0.098 0.093 0.107 0.097 0.086 0.088 0.065 0.180 
 82     H193    (8)    1 :  0.138 0.119 0.102 0.153 0.081 0.125 0.102 0.100 0.045 0.036 
 83     H194    (0)    1 :  0.102 0.110 0.125 0.092 0.103 0.103 0.093 0.104 0.088 0.080 
 84     H195    (0)    1 :  0.140 0.078 0.097 0.107 0.065 0.134 0.117 0.115 0.055 0.092 
 85     H199    (8)    1 :  0.135 0.057 0.099 0.102 0.073 0.174 0.080 0.109 0.083 0.088 
 86     H200    (8)    1 :  0.084 0.072 0.086 0.072 0.081 0.085 0.077 0.093 0.170 0.181 
 87     H414    (8)    1 :  0.115 0.095 0.087 0.099 0.049 0.135 0.126 0.119 0.130 0.045 
 88     H415    (0)    1 :  0.107 0.134 0.140 0.117 0.053 0.095 0.077 0.079 0.152 0.045 
 89     H422    (8)    1 :  0.138 0.088 0.103 0.117 0.067 0.149 0.061 0.079 0.054 0.145 
 90     H423    (8)    1 :  0.052 0.049 0.053 0.052 0.052 0.056 0.056 0.052 0.042 0.535 
 91     H424    (8)    1 :  0.149 0.083 0.101 0.099 0.055 0.156 0.102 0.077 0.099 0.079 
 92     H425    (8)    1 :  0.170 0.065 0.103 0.090 0.075 0.189 0.065 0.100 0.089 0.055 
 93     H426    (8)    1 :  0.193 0.076 0.108 0.078 0.052 0.170 0.111 0.107 0.057 0.048 
 94     H443    (8)    1 :  0.176 0.077 0.088 0.106 0.134 0.221 0.043 0.059 0.064 0.032 
 95     H466    (8)    1 :  0.108 0.089 0.093 0.096 0.093 0.109 0.120 0.119 0.110 0.061 
 96     H467    (8)    1 :  0.092 0.071 0.083 0.067 0.079 0.104 0.130 0.174 0.074 0.126 
 97     H472    (8)    1 :  0.089 0.074 0.098 0.107 0.167 0.090 0.094 0.116 0.086 0.079 
 98     H483    (8)    1 :  0.104 0.098 0.097 0.134 0.215 0.101 0.069 0.069 0.069 0.045 
 99     H504    (8)    1 :  0.172 0.075 0.142 0.086 0.049 0.159 0.076 0.095 0.087 0.060 
100     H505    (8)    1 :  0.088 0.067 0.074 0.086 0.216 0.087 0.103 0.105 0.093 0.081 
101     H506    (0)    1 :  0.144 0.116 0.149 0.107 0.069 0.114 0.071 0.082 0.053 0.096 
102     H507    (8)    1 :  0.118 0.103 0.109 0.094 0.097 0.106 0.131 0.123 0.096 0.023 
103     H508    (8)    1 :  0.102 0.083 0.088 0.078 0.064 0.100 0.175 0.163 0.070 0.077 
104     H524    (8)    1 :  0.081 0.091 0.085 0.099 0.093 0.103 0.103 0.087 0.211 0.047 
105     H525    (8)    1 :  0.159 0.112 0.112 0.091 0.112 0.125 0.072 0.094 0.078 0.045 
106     H526    (8)    1 :  0.073 0.115 0.121 0.123 0.190 0.081 0.046 0.049 0.121 0.082 
107     H527    (8)    1 :  0.105 0.084 0.088 0.116 0.072 0.097 0.110 0.116 0.061 0.151 
108     H528    (8)    1 :  0.131 0.130 0.160 0.082 0.059 0.133 0.069 0.060 0.129 0.047 
109     H529    (8)    1 :  0.117 0.097 0.114 0.109 0.085 0.157 0.088 0.105 0.097 0.031 
110     H533    (0)    1 :  0.101 0.103 0.099 0.114 0.045 0.087 0.189 0.129 0.108 0.026 
111     H538    (8)    1 :  0.082 0.085 0.081 0.095 0.167 0.084 0.084 0.081 0.156 0.083 
112     H539    (0)    1 :  0.099 0.076 0.071 0.133 0.053 0.095 0.196 0.141 0.070 0.066 
113     H540    (0)    1 :  0.121 0.104 0.109 0.090 0.088 0.099 0.125 0.090 0.083 0.091 
114     H541    (8)    1 :  0.107 0.093 0.087 0.126 0.167 0.099 0.074 0.079 0.120 0.047 
115     H558    (8)    1 :  0.127 0.109 0.101 0.083 0.050 0.130 0.138 0.102 0.066 0.092 
116     H559    (8)    1 :  0.127 0.108 0.112 0.153 0.112 0.126 0.051 0.071 0.055 0.085 
117     H579    (8)    1 :  0.130 0.149 0.103 0.131 0.096 0.110 0.090 0.077 0.056 0.058 
118     H584    (8)    1 :  0.155 0.096 0.116 0.088 0.077 0.146 0.099 0.066 0.102 0.055 
119     H585    (8)    1 :  0.118 0.096 0.121 0.085 0.083 0.121 0.119 0.100 0.105 0.052 
120     H605    (8)    1 :  0.101 0.093 0.074 0.102 0.084 0.093 0.099 0.071 0.094 0.188 
121     H606    (8)    1 :  0.084 0.086 0.065 0.127 0.115 0.075 0.067 0.074 0.054 0.253 
122     H632    (8)    1 :  0.156 0.124 0.144 0.108 0.087 0.157 0.054 0.081 0.054 0.035 
123     H634    (8)    1 :  0.119 0.078 0.090 0.109 0.088 0.127 0.133 0.083 0.096 0.077 
124     H671    (8)    1 :  0.085 0.074 0.083 0.073 0.059 0.076 0.096 0.117 0.057 0.280 
125     H672    (8)    1 :  0.063 0.072 0.063 0.061 0.055 0.071 0.088 0.077 0.381 0.070 
126     H673    (8)    1 :  0.160 0.087 0.086 0.108 0.195 0.149 0.058 0.056 0.047 0.052 
127     H689    (8)    1 :  0.141 0.114 0.113 0.102 0.153 0.104 0.071 0.073 0.081 0.047 
128     H690    (8)    1 :  0.064 0.197 0.072 0.141 0.107 0.057 0.081 0.058 0.105 0.118 
129     H691    (8)    1 :  0.093 0.117 0.080 0.138 0.192 0.089 0.064 0.082 0.096 0.050 
130     H692    (8)    1 :  0.158 0.092 0.105 0.093 0.071 0.184 0.116 0.069 0.087 0.025 
131     H709    (8)    1 :  0.105 0.136 0.082 0.103 0.066 0.099 0.089 0.084 0.172 0.065 
132     H710    (8)    1 :  0.136 0.126 0.130 0.097 0.058 0.129 0.103 0.083 0.105 0.033 
133    H7355    (8)    1 :  0.069 0.179 0.153 0.170 0.115 0.073 0.063 0.070 0.067 0.041 
134    H7356    (8)    1 :  0.135 0.087 0.116 0.092 0.080 0.122 0.080 0.070 0.120 0.098 
135    H7357    (8)    1 :  0.084 0.096 0.078 0.127 0.150 0.082 0.095 0.103 0.080 0.105 
136    H7358    (8)    1 :  0.066 0.057 0.058 0.158 0.339 0.068 0.055 0.054 0.086 0.060 
137    H7380    (8)    1 :  0.128 0.132 0.095 0.170 0.086 0.124 0.067 0.081 0.064 0.052 
138    H7381    (8)    1 :  0.152 0.074 0.094 0.072 0.077 0.146 0.092 0.098 0.059 0.136 
139    H7382    (8)    1 :  0.146 0.108 0.094 0.142 0.091 0.122 0.074 0.081 0.080 0.061 
140     H904    (8)    1 :  0.062 0.085 0.059 0.116 0.106 0.063 0.090 0.114 0.060 0.245 
141     H923   (25)    1 :  0.096 0.078 0.100 0.088 0.119 0.115 0.067 0.073 0.114 0.150 
142     H924    (8)    1 :  0.103 0.068 0.091 0.103 0.146 0.110 0.071 0.074 0.087 0.147 
143     H925    (8)    1 :  0.074 0.083 0.070 0.162 0.282 0.071 0.060 0.066 0.082 0.051 
144    H9558    (0)    1 :  0.139 0.099 0.113 0.086 0.043 0.112 0.151 0.107 0.070 0.081 
145     H008    (0)    2 :  0.112 0.118 0.126 0.102 0.114 0.097 0.092 0.075 0.115 0.050 
146     H021    (8)    2 :  0.092 0.094 0.076 0.103 0.140 0.085 0.098 0.132 0.118 0.063 
147     H023    (8)    2 :  0.071 0.080 0.073 0.131 0.178 0.092 0.117 0.105 0.059 0.094 
148     H024    (8)    2 :  0.096 0.133 0.177 0.057 0.050 0.104 0.092 0.054 0.188 0.049 
149     H025    (8)    2 :  0.102 0.072 0.082 0.064 0.085 0.102 0.066 0.058 0.060 0.309 
150     H026    (8)    2 :  0.171 0.082 0.139 0.052 0.060 0.151 0.072 0.074 0.164 0.036 
151     H027    (8)    2 :  0.081 0.090 0.076 0.108 0.125 0.090 0.091 0.102 0.196 0.041 
152     H028    (8)    2 :  0.135 0.135 0.126 0.095 0.104 0.124 0.083 0.068 0.072 0.057 
153     H029    (0)    2 :  0.098 0.120 0.180 0.096 0.107 0.088 0.070 0.082 0.121 0.041 
154     H030    (0)    2 :  0.116 0.146 0.150 0.076 0.066 0.132 0.070 0.067 0.136 0.039 
155     H038    (0)    2 :  0.065 0.064 0.058 0.106 0.097 0.065 0.205 0.232 0.047 0.062 
156     H039    (8)    2 :  0.033 0.043 0.036 0.034 0.042 0.033 0.036 0.040 0.038 0.666 
157     H040    (8)    2 :  0.069 0.065 0.061 0.089 0.043 0.072 0.185 0.252 0.082 0.083 
158     H041    (0)    2 :  0.079 0.138 0.146 0.077 0.149 0.079 0.057 0.050 0.140 0.085 
159     H042    (8)    2 :  0.097 0.101 0.104 0.116 0.139 0.092 0.090 0.083 0.077 0.102 
160     H043    (0)    2 :  0.072 0.049 0.053 0.106 0.054 0.061 0.157 0.127 0.037 0.283 
161     H044   (16)    2 :  0.098 0.103 0.112 0.089 0.042 0.114 0.183 0.122 0.084 0.054 
162     H047    (0)    2 :  0.091 0.081 0.101 0.097 0.057 0.101 0.104 0.088 0.080 0.200 
163     H050    (8)    2 :  0.068 0.095 0.059 0.079 0.039 0.071 0.084 0.070 0.394 0.039 
164     H058    (8)    2 :  0.104 0.083 0.074 0.098 0.062 0.092 0.180 0.157 0.077 0.074 
165     H062    (8)    2 :  0.070 0.064 0.065 0.132 0.333 0.071 0.057 0.063 0.044 0.103 
166     H063    (8)    2 :  0.085 0.077 0.077 0.087 0.082 0.077 0.137 0.106 0.084 0.188 
167     H065    (8)    2 :  0.164 0.060 0.096 0.077 0.086 0.199 0.063 0.077 0.048 0.130 
168     H066    (8)    2 :  0.100 0.117 0.154 0.072 0.043 0.096 0.157 0.122 0.089 0.050 
169     H067    (8)    2 :  0.118 0.099 0.106 0.132 0.160 0.117 0.067 0.088 0.073 0.040 
170     H068    (8)    2 :  0.076 0.059 0.064 0.078 0.128 0.082 0.141 0.145 0.085 0.141 
171     H069    (8)    2 :  0.101 0.072 0.095 0.117 0.087 0.098 0.130 0.136 0.087 0.075 
172     H071    (0)    2 :  0.116 0.113 0.094 0.082 0.095 0.106 0.103 0.105 0.101 0.085 
173     H072    (8)    2 :  0.056 0.061 0.059 0.056 0.075 0.057 0.059 0.058 0.062 0.457 
174     H073    (8)    2 :  0.134 0.102 0.105 0.104 0.065 0.139 0.084 0.105 0.101 0.060 
175     H081    (0)    2 :  0.084 0.124 0.093 0.107 0.191 0.073 0.064 0.059 0.096 0.110 
176     H082    (8)    2 :  0.093 0.118 0.107 0.161 0.072 0.115 0.123 0.065 0.094 0.052 
177     H083    (0)    2 :  0.145 0.112 0.127 0.120 0.086 0.135 0.076 0.064 0.087 0.047 
178     H084    (0)    2 :  0.089 0.083 0.106 0.083 0.070 0.099 0.149 0.174 0.093 0.054 
179     H085    (0)    2 :  0.069 0.108 0.074 0.086 0.211 0.072 0.047 0.052 0.219 0.063 
180     H087    (8)    2 :  0.075 0.140 0.104 0.122 0.240 0.073 0.053 0.059 0.072 0.062 
181     H088    (0)    2 :  0.095 0.087 0.082 0.089 0.096 0.095 0.105 0.111 0.095 0.146 
182     H089    (8)    2 :  0.103 0.077 0.082 0.130 0.243 0.082 0.070 0.078 0.079 0.056 
183     H090    (8)    2 :  0.076 0.091 0.074 0.052 0.051 0.071 0.061 0.048 0.422 0.054 
184     H091    (0)    2 :  0.057 0.126 0.066 0.056 0.074 0.061 0.047 0.052 0.432 0.029 
185     H098    (8)    2 :  0.073 0.108 0.152 0.110 0.096 0.072 0.133 0.068 0.105 0.084 
186   H10001    (8)    2 :  0.037 0.048 0.038 0.042 0.052 0.037 0.046 0.049 0.045 0.607 
187   H10002    (8)    2 :  0.077 0.136 0.066 0.144 0.115 0.075 0.084 0.088 0.061 0.154 
188     H101    (8)    2 :  0.065 0.075 0.057 0.054 0.034 0.061 0.120 0.097 0.402 0.036 
189     H108    (8)    2 :  0.079 0.070 0.064 0.089 0.209 0.086 0.049 0.064 0.044 0.245 
190     H109    (0)    2 :  0.097 0.092 0.119 0.068 0.044 0.087 0.160 0.103 0.109 0.121 
191     H110    (8)    2 :  0.092 0.199 0.105 0.181 0.078 0.091 0.057 0.063 0.095 0.039 
192     H116    (8)    2 :  0.163 0.104 0.131 0.087 0.061 0.149 0.085 0.085 0.091 0.044 
193     H117    (0)    2 :  0.068 0.158 0.213 0.055 0.065 0.063 0.061 0.065 0.219 0.034 
194     H118    (8)    2 :  0.105 0.112 0.083 0.069 0.116 0.106 0.041 0.053 0.280 0.034 
195     H119    (8)    2 :  0.085 0.152 0.157 0.077 0.056 0.085 0.075 0.135 0.099 0.078 
196     H120    (8)    2 :  0.056 0.065 0.063 0.075 0.170 0.058 0.050 0.052 0.044 0.366 
197     H121    (8)    2 :  0.065 0.077 0.061 0.058 0.105 0.059 0.040 0.045 0.451 0.038 
198     H125    (8)    2 :  0.048 0.049 0.051 0.040 0.053 0.047 0.118 0.162 0.039 0.393 
199     H126    (0)    2 :  0.158 0.081 0.113 0.080 0.063 0.162 0.087 0.061 0.070 0.125 
200     H128    (8)    2 :  0.059 0.104 0.078 0.042 0.035 0.062 0.034 0.037 0.526 0.022 
201     H129    (8)    2 :  0.206 0.088 0.128 0.072 0.065 0.181 0.090 0.073 0.064 0.036 
202     H130    (0)    2 :  0.115 0.067 0.070 0.102 0.058 0.111 0.099 0.098 0.056 0.224 
203     H133    (0)    2 :  0.063 0.052 0.058 0.050 0.051 0.070 0.057 0.058 0.077 0.464 
204     H134    (8)    2 :  0.200 0.083 0.144 0.050 0.048 0.272 0.055 0.065 0.040 0.044 
205     H135    (8)    2 :  0.104 0.113 0.091 0.109 0.096 0.107 0.085 0.076 0.093 0.125 
206     H137    (8)    2 :  0.079 0.094 0.157 0.066 0.056 0.085 0.112 0.094 0.192 0.065 
207     H138    (8)    2 :  0.199 0.095 0.115 0.102 0.051 0.156 0.079 0.103 0.060 0.040 
208     H140    (8)    2 :  0.080 0.095 0.094 0.058 0.062 0.093 0.065 0.056 0.259 0.138 
209     H146    (8)    2 :  0.059 0.124 0.068 0.042 0.048 0.068 0.051 0.045 0.434 0.060 
210     H147    (0)    2 :  0.096 0.159 0.125 0.094 0.061 0.083 0.069 0.078 0.183 0.052 
211     H148    (0)    2 :  0.075 0.181 0.134 0.108 0.088 0.080 0.063 0.070 0.158 0.045 
212  H166022    (0)    2 :  0.104 0.124 0.145 0.106 0.049 0.106 0.123 0.114 0.087 0.042 
213  H167359    (8)    2 :  0.116 0.095 0.128 0.089 0.070 0.107 0.108 0.105 0.091 0.091 
214  H167397    (0)    2 :  0.110 0.150 0.195 0.073 0.037 0.097 0.131 0.064 0.121 0.022 
215  H167428    (8)    2 :  0.077 0.077 0.075 0.114 0.352 0.077 0.046 0.039 0.117 0.027 
216  H167496    (0)    2 :  0.072 0.088 0.070 0.068 0.091 0.075 0.078 0.106 0.101 0.251 
217  H167513    (0)    2 :  0.052 0.064 0.067 0.186 0.046 0.054 0.267 0.170 0.040 0.055 
218  H167545    (8)    2 :  0.110 0.106 0.096 0.135 0.071 0.118 0.158 0.087 0.080 0.038 
219  H167547    (0)    2 :  0.068 0.200 0.337 0.045 0.030 0.071 0.071 0.061 0.083 0.035 
220  H169621    (8)    2 :  0.103 0.136 0.138 0.079 0.057 0.095 0.074 0.069 0.211 0.038 
221  H169622    (8)    2 :  0.147 0.085 0.086 0.141 0.079 0.124 0.099 0.118 0.064 0.057 
222  H169750    (0)    2 :  0.113 0.083 0.086 0.078 0.055 0.115 0.137 0.150 0.078 0.106 
223  H171806    (8)    2 :  0.099 0.105 0.108 0.066 0.078 0.091 0.063 0.078 0.218 0.092 
224  H171808    (8)    2 :  0.089 0.075 0.080 0.172 0.156 0.084 0.078 0.099 0.089 0.077 
225  H171809    (8)    2 :  0.104 0.108 0.089 0.140 0.129 0.096 0.073 0.082 0.079 0.102 
226  H171813    (8)    2 :  0.119 0.109 0.119 0.106 0.097 0.110 0.087 0.090 0.087 0.078 
227  H171815    (8)    2 :  0.076 0.054 0.060 0.072 0.065 0.085 0.131 0.113 0.040 0.305 
228  H171824    (8)    2 :  0.070 0.123 0.091 0.122 0.122 0.080 0.078 0.115 0.103 0.096 
229  H171825    (8)    2 :  0.139 0.076 0.095 0.135 0.091 0.132 0.088 0.131 0.061 0.051 
230  H171826    (8)    2 :  0.106 0.112 0.112 0.119 0.095 0.095 0.083 0.096 0.072 0.110 
231  H171827    (8)    2 :  0.103 0.160 0.076 0.139 0.054 0.100 0.112 0.124 0.089 0.043 
232  H171828    (8)    2 :  0.061 0.080 0.060 0.067 0.134 0.058 0.067 0.103 0.060 0.311 
233  H171829    (8)    2 :  0.133 0.082 0.102 0.076 0.048 0.164 0.124 0.131 0.070 0.069 
234  H171830    (8)    2 :  0.084 0.104 0.112 0.105 0.065 0.083 0.156 0.078 0.089 0.125 
235  H171831    (8)    2 :  0.154 0.102 0.127 0.097 0.081 0.148 0.105 0.083 0.066 0.038 
236  H171832    (8)    2 :  0.145 0.108 0.109 0.083 0.086 0.100 0.115 0.095 0.060 0.101 
237  H171863    (8)    2 :  0.140 0.096 0.134 0.111 0.068 0.140 0.097 0.104 0.079 0.030 
238  H171864    (8)    2 :  0.085 0.103 0.110 0.093 0.088 0.094 0.121 0.097 0.137 0.073 
239  H171865    (8)    2 :  0.075 0.063 0.082 0.072 0.083 0.076 0.089 0.081 0.052 0.327 
240  H171879    (8)    2 :  0.101 0.115 0.159 0.061 0.049 0.106 0.087 0.078 0.176 0.068 
241  H171880    (8)    2 :  0.084 0.110 0.130 0.056 0.042 0.083 0.124 0.094 0.236 0.040 
242  H171881    (8)    2 :  0.107 0.100 0.108 0.107 0.169 0.121 0.084 0.091 0.077 0.037 
243  H171882    (8)    2 :  0.041 0.045 0.039 0.048 0.056 0.049 0.040 0.040 0.045 0.598 
244  H171929    (0)    2 :  0.101 0.098 0.103 0.102 0.136 0.113 0.087 0.068 0.103 0.088 
245  H171930    (0)    2 :  0.092 0.076 0.099 0.077 0.038 0.090 0.218 0.115 0.158 0.036 
246  H171933    (0)    2 :  0.101 0.099 0.140 0.086 0.070 0.109 0.097 0.097 0.158 0.044 
247  H171934    (8)    2 :  0.084 0.127 0.115 0.131 0.147 0.089 0.072 0.086 0.089 0.061 
248  H171937    (8)    2 :  0.138 0.078 0.138 0.080 0.055 0.139 0.116 0.090 0.086 0.080 
249  H171962    (8)    2 :  0.102 0.090 0.113 0.105 0.210 0.097 0.090 0.082 0.065 0.044 
250     H190    (0)    2 :  0.110 0.096 0.105 0.093 0.099 0.121 0.116 0.105 0.101 0.055 
251     H191    (8)    2 :  0.095 0.102 0.119 0.098 0.158 0.108 0.091 0.094 0.069 0.066 
252     H396    (8)    2 :  0.069 0.064 0.063 0.115 0.356 0.069 0.060 0.070 0.087 0.047 
253     H397    (8)    2 :  0.121 0.100 0.092 0.099 0.069 0.106 0.099 0.114 0.143 0.058 
254     H398    (8)    2 :  0.120 0.064 0.085 0.104 0.156 0.152 0.071 0.084 0.069 0.094 
255     H400    (0)    2 :  0.081 0.086 0.069 0.157 0.219 0.073 0.069 0.075 0.086 0.084 
256     H401    (8)    2 :  0.067 0.212 0.309 0.051 0.036 0.062 0.065 0.048 0.119 0.031 
257     H402    (8)    2 :  0.099 0.116 0.109 0.127 0.061 0.105 0.124 0.115 0.109 0.033 
258     H427    (8)    2 :  0.089 0.121 0.122 0.135 0.205 0.085 0.056 0.068 0.070 0.050 
259     H428    (0)    2 :  0.086 0.079 0.073 0.096 0.361 0.073 0.041 0.040 0.124 0.027 
260     H497    (0)    2 :  0.070 0.068 0.052 0.158 0.061 0.059 0.197 0.126 0.049 0.159 
261     H512    (0)    2 :  0.097 0.148 0.131 0.109 0.060 0.093 0.106 0.093 0.098 0.066 
262     H513    (0)    2 :  0.052 0.070 0.063 0.189 0.046 0.053 0.269 0.158 0.043 0.057 
263     H514    (8)    2 :  0.159 0.094 0.098 0.095 0.051 0.147 0.120 0.102 0.061 0.073 
264     H519    (8)    2 :  0.061 0.073 0.070 0.176 0.049 0.060 0.238 0.161 0.047 0.065 
265     H532    (0)    2 :  0.091 0.125 0.094 0.146 0.209 0.081 0.062 0.061 0.094 0.037 
266     H543    (0)    2 :  0.097 0.125 0.093 0.098 0.066 0.094 0.123 0.101 0.172 0.032 
267     H544    (8)    2 :  0.140 0.073 0.105 0.098 0.090 0.167 0.074 0.074 0.052 0.128 
268     H545    (0)    2 :  0.124 0.098 0.099 0.122 0.057 0.122 0.156 0.101 0.083 0.039 
269     H546    (8)    2 :  0.101 0.058 0.071 0.088 0.122 0.106 0.104 0.108 0.048 0.193 
270     H547    (0)    2 :  0.061 0.201 0.322 0.044 0.029 0.078 0.077 0.063 0.087 0.037 
271     H548    (0)    2 :  0.089 0.088 0.098 0.133 0.132 0.098 0.099 0.101 0.086 0.076 
272     H549    (0)    2 :  0.045 0.041 0.047 0.178 0.042 0.050 0.276 0.227 0.050 0.043 
273     H620    (8)    2 :  0.046 0.046 0.048 0.050 0.054 0.046 0.045 0.053 0.036 0.577 
274     H623    (8)    2 :  0.134 0.084 0.111 0.107 0.062 0.134 0.127 0.087 0.075 0.080 
275     H624    (8)    2 :  0.106 0.066 0.062 0.089 0.065 0.102 0.141 0.117 0.035 0.217 
276     H625    (8)    2 :  0.090 0.069 0.083 0.132 0.257 0.086 0.087 0.089 0.063 0.044 
277     H626    (8)    2 :  0.089 0.097 0.116 0.090 0.060 0.094 0.153 0.153 0.070 0.078 
278     H654    (8)    2 :  0.047 0.037 0.037 0.071 0.062 0.050 0.136 0.137 0.025 0.398 
279     H655    (8)    2 :  0.082 0.108 0.076 0.107 0.080 0.101 0.112 0.101 0.112 0.121 
280     H656    (8)    2 :  0.057 0.043 0.047 0.055 0.088 0.047 0.038 0.039 0.038 0.548 
281     H666    (8)    2 :  0.054 0.061 0.042 0.039 0.038 0.062 0.058 0.069 0.139 0.438 
282     H667    (8)    2 :  0.099 0.187 0.116 0.151 0.071 0.100 0.077 0.091 0.065 0.043 
283     H677    (8)    2 :  0.109 0.128 0.107 0.118 0.085 0.115 0.069 0.082 0.109 0.077 
284     H693    (8)    2 :  0.056 0.074 0.054 0.106 0.358 0.057 0.049 0.050 0.048 0.149 
285     H694    (8)    2 :  0.109 0.073 0.094 0.070 0.059 0.098 0.164 0.089 0.141 0.103 
286     H701    (8)    2 :  0.101 0.099 0.112 0.091 0.066 0.088 0.155 0.100 0.140 0.048 
287     H702    (8)    2 :  0.103 0.100 0.080 0.106 0.070 0.097 0.151 0.151 0.084 0.059 
288     H731    (8)    2 :  0.109 0.117 0.086 0.104 0.070 0.093 0.063 0.074 0.107 0.178 
289    H7359    (0)    2 :  0.111 0.088 0.118 0.106 0.065 0.131 0.079 0.108 0.100 0.094 
290    H7389    (0)    2 :  0.092 0.110 0.128 0.089 0.147 0.094 0.093 0.074 0.131 0.043 
291    H7390    (8)    2 :  0.064 0.074 0.066 0.057 0.055 0.071 0.206 0.268 0.072 0.067 
292    H7391    (8)    2 :  0.075 0.144 0.152 0.113 0.182 0.067 0.053 0.055 0.111 0.048 
293    H7392    (8)    2 :  0.131 0.092 0.102 0.083 0.101 0.116 0.093 0.127 0.095 0.060 
294    H7393    (8)    2 :  0.090 0.105 0.121 0.086 0.070 0.083 0.104 0.111 0.085 0.144 
295    H7398    (8)    2 :  0.072 0.123 0.129 0.081 0.144 0.077 0.064 0.056 0.178 0.077 
296    H7399    (8)    2 :  0.103 0.140 0.099 0.138 0.074 0.109 0.074 0.085 0.147 0.030 
297    H7400    (8)    2 :  0.044 0.035 0.038 0.046 0.059 0.044 0.042 0.041 0.027 0.624 
298     H745    (8)    2 :  0.159 0.088 0.112 0.111 0.076 0.211 0.085 0.066 0.052 0.039 
299     H746    (8)    2 :  0.120 0.164 0.093 0.168 0.073 0.109 0.089 0.086 0.066 0.032 
300     H747    (0)    2 :  0.071 0.085 0.068 0.061 0.053 0.076 0.120 0.156 0.141 0.169 
301     H748    (8)    2 :  0.107 0.101 0.123 0.102 0.048 0.105 0.124 0.124 0.088 0.078 
302    H7484    (0)    2 :  0.062 0.072 0.076 0.054 0.058 0.064 0.060 0.069 0.069 0.415 
303    H7485    (0)    2 :  0.103 0.080 0.077 0.146 0.078 0.106 0.182 0.109 0.057 0.062 
304     H749    (8)    2 :  0.110 0.104 0.091 0.166 0.093 0.106 0.105 0.127 0.056 0.042 
305     H930    (8)    2 :  0.082 0.074 0.101 0.073 0.040 0.093 0.212 0.109 0.177 0.039 
306     H931    (8)    2 :  0.091 0.098 0.108 0.098 0.182 0.104 0.058 0.064 0.111 0.086 
307     H932    (8)    2 :  0.093 0.125 0.146 0.071 0.062 0.115 0.080 0.109 0.139 0.060 
308     H111    (8)    3 :  0.135 0.076 0.107 0.086 0.042 0.169 0.161 0.105 0.073 0.046 
309     H951    (8)    3 :  0.105 0.100 0.138 0.103 0.105 0.118 0.111 0.087 0.082 0.051 
310     H952    (8)    3 :  0.115 0.084 0.091 0.067 0.060 0.131 0.077 0.092 0.224 0.060 
311     H953    (8)    3 :  0.061 0.113 0.143 0.109 0.285 0.057 0.042 0.057 0.097 0.037 
312     H954    (8)    3 :  0.088 0.070 0.067 0.079 0.074 0.079 0.126 0.103 0.085 0.230 
313     H955    (8)    3 :  0.112 0.094 0.094 0.078 0.055 0.090 0.180 0.141 0.125 0.031 
314     H956    (8)    3 :  0.062 0.104 0.063 0.067 0.051 0.074 0.104 0.112 0.309 0.055 
315    H9563    (0)    3 :  0.090 0.123 0.124 0.081 0.122 0.099 0.078 0.088 0.098 0.097 
316     H002    (8)    4 :  0.100 0.102 0.085 0.091 0.085 0.094 0.082 0.068 0.040 0.253 
317     H003    (8)    4 :  0.125 0.172 0.102 0.155 0.082 0.125 0.062 0.069 0.077 0.033 
318     H009    (0)    4 :  0.137 0.105 0.110 0.088 0.076 0.108 0.113 0.118 0.085 0.059 
319     H010    (8)    4 :  0.107 0.130 0.125 0.122 0.110 0.108 0.070 0.071 0.110 0.047 
320     H011    (8)    4 :  0.064 0.071 0.063 0.083 0.239 0.070 0.096 0.092 0.046 0.175 
321     H012    (8)    4 :  0.110 0.146 0.110 0.124 0.101 0.099 0.080 0.074 0.094 0.063 
322     H013    (8)    4 :  0.101 0.123 0.095 0.104 0.145 0.091 0.070 0.078 0.067 0.126 
323     H014    (8)    4 :  0.131 0.138 0.115 0.126 0.082 0.123 0.084 0.087 0.059 0.056 
324     H045   (16)    4 :  0.064 0.074 0.091 0.093 0.305 0.061 0.066 0.070 0.084 0.091 
325     H046    (0)    4 :  0.159 0.097 0.100 0.123 0.079 0.182 0.062 0.080 0.074 0.043 
326     H051    (8)    4 :  0.093 0.097 0.077 0.101 0.164 0.092 0.072 0.076 0.072 0.155 
327     H052    (8)    4 :  0.105 0.059 0.082 0.060 0.079 0.095 0.051 0.059 0.071 0.340 
328     H053    (8)    4 :  0.116 0.106 0.098 0.073 0.065 0.102 0.114 0.124 0.126 0.076 
329     H056    (8)    4 :  0.080 0.076 0.080 0.098 0.085 0.082 0.088 0.073 0.040 0.299 
330     H076    (0)    4 :  0.141 0.125 0.178 0.078 0.091 0.142 0.067 0.077 0.064 0.036 
331     H151    (8)    4 :  0.087 0.078 0.076 0.078 0.100 0.084 0.158 0.164 0.056 0.119 
332     H152    (8)    4 :  0.095 0.087 0.097 0.088 0.096 0.112 0.056 0.065 0.062 0.243 
333  H171803    (8)    4 :  0.061 0.088 0.068 0.092 0.051 0.062 0.223 0.263 0.051 0.042 
334  H171804    (8)    4 :  0.093 0.088 0.092 0.085 0.072 0.094 0.138 0.166 0.075 0.096 
335  H171833    (8)    4 :  0.177 0.097 0.110 0.093 0.063 0.149 0.108 0.092 0.063 0.048 
336  H171855    (8)    4 :  0.087 0.065 0.090 0.070 0.055 0.101 0.121 0.160 0.034 0.217 
337  H171856    (8)    4 :  0.067 0.075 0.072 0.097 0.055 0.081 0.168 0.206 0.123 0.056 
338  H171857    (8)    4 :  0.109 0.099 0.096 0.078 0.056 0.102 0.103 0.166 0.055 0.134 
339  H171858    (8)    4 :  0.111 0.114 0.116 0.104 0.083 0.120 0.065 0.061 0.101 0.125 
340  H171859    (8)    4 :  0.133 0.109 0.132 0.092 0.075 0.122 0.071 0.086 0.096 0.083 
341  H171961    (8)    4 :  0.087 0.077 0.074 0.101 0.216 0.087 0.079 0.091 0.065 0.122 
342     H198    (8)    4 :  0.170 0.123 0.110 0.137 0.062 0.133 0.072 0.077 0.085 0.031 
343   H20001    (8)    4 :  0.126 0.067 0.092 0.143 0.067 0.123 0.205 0.098 0.045 0.034 
344     H403    (8)    4 :  0.089 0.092 0.126 0.097 0.061 0.099 0.136 0.144 0.073 0.082 
345     H404    (8)    4 :  0.109 0.123 0.093 0.160 0.115 0.109 0.072 0.084 0.095 0.041 
346     H405    (8)    4 :  0.119 0.114 0.138 0.121 0.066 0.144 0.078 0.088 0.085 0.048 
347     H406    (8)    4 :  0.098 0.129 0.203 0.059 0.038 0.108 0.091 0.081 0.082 0.110 
348     H407    (8)    4 :  0.078 0.104 0.111 0.075 0.102 0.071 0.115 0.154 0.148 0.041 
349     H410    (8)    4 :  0.056 0.198 0.311 0.050 0.048 0.059 0.053 0.054 0.140 0.032 
350     H411    (8)    4 :  0.105 0.143 0.117 0.161 0.057 0.102 0.114 0.106 0.048 0.046 
351     H468    (8)    4 :  0.100 0.063 0.086 0.077 0.035 0.100 0.220 0.212 0.066 0.042 
352     H476    (8)    4 :  0.102 0.072 0.080 0.082 0.042 0.093 0.155 0.142 0.113 0.119 
353     H477    (0)    4 :  0.125 0.066 0.108 0.127 0.048 0.129 0.148 0.164 0.060 0.025 
354     H478    (8)    4 :  0.087 0.132 0.090 0.199 0.076 0.087 0.120 0.101 0.054 0.054 
355     H479    (0)    4 :  0.102 0.086 0.071 0.089 0.131 0.095 0.075 0.062 0.096 0.193 
356     H480    (8)    4 :  0.116 0.120 0.098 0.105 0.042 0.117 0.141 0.119 0.104 0.038 
357     H498    (8)    4 :  0.158 0.131 0.111 0.096 0.064 0.133 0.086 0.072 0.079 0.070 
358     H499    (8)    4 :  0.099 0.118 0.084 0.131 0.116 0.116 0.119 0.083 0.056 0.078 
359     H500    (8)    4 :  0.075 0.101 0.072 0.094 0.066 0.075 0.132 0.131 0.097 0.157 
360     H515    (0)    4 :  0.098 0.119 0.094 0.114 0.085 0.090 0.106 0.097 0.084 0.111 
361     H516    (0)    4 :  0.124 0.087 0.093 0.067 0.047 0.111 0.096 0.087 0.192 0.096 
362     H517    (8)    4 :  0.086 0.142 0.211 0.060 0.051 0.078 0.076 0.077 0.148 0.072 
363     H518    (8)    4 :  0.132 0.062 0.092 0.063 0.054 0.134 0.099 0.091 0.085 0.189 
364     H520    (8)    4 :  0.099 0.071 0.081 0.073 0.053 0.103 0.153 0.183 0.083 0.101 
365     H521    (8)    4 :  0.104 0.075 0.100 0.107 0.179 0.099 0.100 0.098 0.094 0.044 
366     H522    (8)    4 :  0.103 0.085 0.075 0.084 0.073 0.099 0.168 0.159 0.108 0.048 
367     H523    (8)    4 :  0.094 0.106 0.071 0.085 0.059 0.090 0.100 0.104 0.203 0.087 
368     H536    (8)    4 :  0.136 0.076 0.088 0.119 0.125 0.167 0.074 0.077 0.072 0.065 
369     H645    (8)    4 :  0.060 0.087 0.059 0.127 0.372 0.058 0.057 0.064 0.047 0.067 
370     H646    (0)    4 :  0.098 0.087 0.079 0.052 0.055 0.082 0.083 0.068 0.363 0.035 
371     H647    (8)    4 :  0.132 0.071 0.103 0.104 0.067 0.123 0.120 0.137 0.082 0.061 
372     H657    (8)    4 :  0.109 0.129 0.153 0.078 0.051 0.120 0.095 0.111 0.115 0.038 
373     H658    (0)    4 :  0.084 0.092 0.066 0.070 0.062 0.081 0.120 0.129 0.243 0.052 
374     H659    (8)    4 :  0.060 0.063 0.057 0.080 0.054 0.057 0.207 0.247 0.039 0.136 
375     H660    (8)    4 :  0.092 0.084 0.084 0.124 0.111 0.108 0.126 0.100 0.064 0.108 
376     H661    (8)    4 :  0.106 0.082 0.080 0.105 0.076 0.117 0.133 0.154 0.046 0.100 
377     H668    (8)    4 :  0.090 0.165 0.084 0.214 0.099 0.092 0.063 0.064 0.086 0.042 
378     H669    (8)    4 :  0.100 0.106 0.103 0.073 0.103 0.108 0.083 0.073 0.143 0.107 
379     H670    (8)    4 :  0.071 0.171 0.077 0.193 0.161 0.066 0.043 0.056 0.066 0.096 
380     H678    (8)    4 :  0.090 0.105 0.096 0.105 0.059 0.101 0.184 0.127 0.083 0.049 
381     H679    (8)    4 :  0.098 0.091 0.101 0.083 0.064 0.094 0.132 0.099 0.183 0.056 
382     H680    (8)    4 :  0.114 0.091 0.110 0.110 0.065 0.121 0.152 0.152 0.047 0.039 
383     H681    (8)    4 :  0.101 0.113 0.073 0.149 0.121 0.088 0.067 0.074 0.074 0.140 
384     H682    (0)    4 :  0.098 0.130 0.110 0.092 0.046 0.086 0.150 0.115 0.136 0.038 
385     H683    (8)    4 :  0.104 0.081 0.100 0.062 0.048 0.103 0.075 0.081 0.110 0.235 
386     H718    (8)    4 :  0.055 0.062 0.055 0.046 0.067 0.061 0.052 0.055 0.108 0.439 
387     H719    (8)    4 :  0.071 0.057 0.072 0.102 0.340 0.058 0.084 0.076 0.070 0.071 
388     H720    (0)    4 :  0.095 0.055 0.063 0.144 0.110 0.086 0.139 0.109 0.037 0.162 
389     H721    (0)    4 :  0.135 0.084 0.113 0.097 0.088 0.115 0.102 0.121 0.045 0.101 
390     H722    (8)    4 :  0.111 0.062 0.082 0.083 0.057 0.184 0.081 0.075 0.069 0.198 
391     H723    (8)    4 :  0.075 0.122 0.124 0.075 0.086 0.077 0.075 0.079 0.079 0.208 
392     H724    (0)    4 :  0.055 0.054 0.069 0.055 0.079 0.067 0.123 0.192 0.090 0.217 
393     H725    (0)    4 :  0.088 0.058 0.077 0.055 0.059 0.089 0.114 0.150 0.059 0.252 
394     H726    (0)    4 :  0.086 0.096 0.093 0.073 0.073 0.085 0.075 0.070 0.066 0.283 
395     H727    (8)    4 :  0.089 0.127 0.095 0.090 0.124 0.087 0.078 0.111 0.094 0.104 
396     H910    (8)    4 :  0.086 0.127 0.092 0.109 0.095 0.086 0.085 0.099 0.101 0.120 
397     H911    (8)    4 :  0.109 0.141 0.212 0.059 0.048 0.100 0.073 0.073 0.123 0.063 
398     H912    (8)    4 :  0.118 0.091 0.145 0.083 0.048 0.115 0.126 0.106 0.069 0.100 
399     H913    (8)    4 :  0.071 0.110 0.056 0.071 0.053 0.070 0.117 0.159 0.239 0.055 
400     H914    (8)    4 :  0.073 0.115 0.062 0.114 0.139 0.068 0.099 0.139 0.100 0.092 
401     H915    (8)    4 :  0.101 0.099 0.113 0.095 0.048 0.090 0.167 0.145 0.077 0.067 
402     H916    (8)    4 :  0.103 0.096 0.086 0.129 0.056 0.096 0.164 0.118 0.089 0.063 
403    H9572    (0)    4 :  0.071 0.066 0.094 0.113 0.100 0.071 0.177 0.189 0.057 0.062 
404     H015    (8)    5 :  0.099 0.095 0.115 0.128 0.097 0.097 0.155 0.096 0.069 0.048 
405     H016    (0)    5 :  0.170 0.080 0.118 0.072 0.060 0.213 0.069 0.079 0.085 0.054 
406     H017    (0)    5 :  0.093 0.082 0.084 0.133 0.052 0.110 0.158 0.154 0.088 0.046 
407     H019   (25)    5 :  0.124 0.108 0.113 0.101 0.100 0.115 0.080 0.078 0.068 0.114 
408     H020    (8)    5 :  0.073 0.065 0.061 0.103 0.250 0.076 0.061 0.053 0.171 0.086 
409     H032    (0)    5 :  0.105 0.093 0.111 0.087 0.039 0.112 0.105 0.103 0.112 0.132 
410     H033    (8)    5 :  0.102 0.096 0.102 0.105 0.103 0.099 0.117 0.083 0.148 0.044 
411     H034    (0)    5 :  0.076 0.128 0.089 0.130 0.111 0.077 0.064 0.091 0.074 0.159 
412     H035    (8)    5 :  0.108 0.103 0.084 0.082 0.070 0.104 0.147 0.130 0.128 0.044 
413     H036    (8)    5 :  0.100 0.083 0.109 0.087 0.094 0.100 0.127 0.095 0.159 0.046 
414     H037    (8)    5 :  0.094 0.075 0.059 0.110 0.091 0.085 0.154 0.183 0.095 0.054 
415     H048    (0)    5 :  0.067 0.065 0.080 0.081 0.172 0.070 0.134 0.164 0.051 0.116 
416     H049    (0)    5 :  0.115 0.071 0.108 0.071 0.096 0.094 0.168 0.101 0.102 0.073 
417     H054    (8)    5 :  0.129 0.126 0.150 0.067 0.062 0.146 0.065 0.076 0.095 0.083 
418     H055    (8)    5 :  0.116 0.122 0.103 0.134 0.123 0.116 0.063 0.078 0.054 0.091 
419     H057    (8)    5 :  0.168 0.067 0.099 0.083 0.068 0.227 0.081 0.087 0.052 0.067 
420     H060    (0)    5 :  0.083 0.132 0.076 0.136 0.141 0.094 0.048 0.057 0.046 0.187 
421     H061    (8)    5 :  0.101 0.119 0.122 0.163 0.086 0.098 0.082 0.099 0.080 0.050 
422     H064    (8)    5 :  0.102 0.092 0.091 0.094 0.127 0.118 0.079 0.077 0.071 0.149 
423     H070    (0)    5 :  0.077 0.168 0.082 0.139 0.116 0.061 0.065 0.075 0.073 0.144 
424     H077    (0)    5 :  0.065 0.070 0.069 0.062 0.075 0.070 0.068 0.060 0.045 0.417 
425     H078    (8)    5 :  0.103 0.079 0.091 0.088 0.061 0.121 0.133 0.145 0.090 0.089 
426     H079    (8)    5 :  0.081 0.114 0.068 0.093 0.121 0.092 0.069 0.068 0.253 0.040 
427     H097    (0)    5 :  0.124 0.094 0.104 0.078 0.069 0.116 0.072 0.089 0.071 0.183 
428     H107    (8)    5 :  0.063 0.072 0.061 0.074 0.139 0.065 0.151 0.174 0.058 0.143 
429     H122    (8)    5 :  0.110 0.108 0.105 0.102 0.064 0.107 0.134 0.152 0.072 0.047 
430     H123    (8)    5 :  0.106 0.111 0.153 0.071 0.051 0.122 0.087 0.100 0.167 0.032 
431     H124    (0)    5 :  0.109 0.109 0.136 0.088 0.084 0.109 0.069 0.099 0.157 0.039 
432     H131    (8)    5 :  0.076 0.092 0.086 0.075 0.085 0.075 0.078 0.078 0.316 0.037 
433     H132    (0)    5 :  0.104 0.096 0.118 0.089 0.157 0.103 0.082 0.098 0.074 0.079 
434     H141    (8)    5 :  0.088 0.081 0.087 0.125 0.072 0.089 0.144 0.173 0.064 0.077 
435     H142    (8)    5 :  0.133 0.117 0.109 0.144 0.058 0.113 0.088 0.111 0.092 0.036 
436     H157    (8)    5 :  0.080 0.075 0.085 0.070 0.108 0.088 0.150 0.191 0.069 0.083 
437     H158    (8)    5 :  0.121 0.085 0.097 0.068 0.039 0.132 0.129 0.103 0.182 0.044 
438     H159    (8)    5 :  0.108 0.118 0.153 0.111 0.063 0.103 0.119 0.118 0.061 0.047 
439     H160    (8)    5 :  0.096 0.091 0.084 0.072 0.038 0.104 0.171 0.195 0.102 0.049 
440     H163    (8)    5 :  0.099 0.129 0.105 0.108 0.066 0.106 0.131 0.099 0.098 0.059 
441     H164    (8)    5 :  0.124 0.153 0.110 0.129 0.103 0.103 0.070 0.070 0.061 0.075 
442     H165    (8)    5 :  0.085 0.110 0.088 0.160 0.114 0.080 0.063 0.074 0.189 0.036 
443     H166    (8)    5 :  0.082 0.066 0.076 0.110 0.233 0.089 0.106 0.067 0.125 0.047 
444     H169    (0)    5 :  0.098 0.124 0.100 0.151 0.087 0.083 0.109 0.094 0.097 0.056 
445  H169613    (0)    5 :  0.109 0.097 0.091 0.121 0.068 0.115 0.068 0.108 0.117 0.106 
446  H169653    (0)    5 :  0.132 0.116 0.122 0.096 0.076 0.106 0.087 0.082 0.133 0.050 
447  H169728    (0)    5 :  0.106 0.081 0.100 0.105 0.056 0.135 0.151 0.143 0.068 0.054 
448  H169742    (8)    5 :  0.059 0.073 0.047 0.168 0.363 0.060 0.061 0.055 0.054 0.060 
449     H170    (8)    5 :  0.177 0.084 0.128 0.075 0.092 0.149 0.080 0.089 0.050 0.076 
450     H171    (8)    5 :  0.167 0.075 0.112 0.083 0.073 0.183 0.090 0.105 0.061 0.049 
451  H171851    (8)    5 :  0.136 0.103 0.097 0.107 0.130 0.126 0.068 0.074 0.081 0.078 
452  H171852    (8)    5 :  0.099 0.060 0.078 0.085 0.069 0.121 0.101 0.129 0.069 0.187 
453  H171853    (8)    5 :  0.081 0.104 0.111 0.085 0.076 0.087 0.136 0.159 0.091 0.070 
454  H171854    (8)    5 :  0.124 0.100 0.113 0.102 0.048 0.105 0.139 0.089 0.057 0.123 
455  H171938    (8)    5 :  0.104 0.144 0.093 0.137 0.097 0.112 0.077 0.080 0.081 0.076 
456  H171939    (8)    5 :  0.120 0.074 0.114 0.100 0.160 0.138 0.076 0.087 0.088 0.043 
457  H171941    (8)    5 :  0.075 0.080 0.069 0.104 0.268 0.072 0.057 0.062 0.069 0.146 
458  H171965    (8)    5 :  0.144 0.118 0.113 0.140 0.061 0.119 0.071 0.114 0.066 0.053 
459  H171970    (8)    5 :  0.062 0.068 0.076 0.072 0.156 0.077 0.081 0.090 0.049 0.269 
460  H171973    (8)    5 :  0.101 0.086 0.102 0.140 0.150 0.101 0.090 0.104 0.082 0.045 
461  H171974    (8)    5 :  0.090 0.128 0.084 0.137 0.155 0.092 0.086 0.099 0.086 0.043 
462  H171975    (8)    5 :  0.081 0.101 0.105 0.103 0.155 0.082 0.083 0.082 0.072 0.136 
463  H171976    (8)    5 :  0.145 0.070 0.086 0.089 0.056 0.155 0.125 0.098 0.045 0.131 
464     H175    (8)    5 :  0.086 0.085 0.085 0.101 0.141 0.084 0.094 0.107 0.113 0.104 
465     H178    (8)    5 :  0.106 0.094 0.085 0.094 0.198 0.099 0.064 0.072 0.083 0.106 
466     H189    (8)    5 :  0.101 0.127 0.101 0.104 0.045 0.107 0.072 0.063 0.240 0.039 
467     H399    (8)    5 :  0.136 0.066 0.127 0.053 0.036 0.216 0.108 0.163 0.053 0.043 
468     H416    (8)    5 :  0.087 0.110 0.098 0.125 0.174 0.081 0.087 0.085 0.056 0.097 
469     H438    (8)    5 :  0.092 0.107 0.117 0.098 0.082 0.094 0.118 0.122 0.111 0.057 
470     H450    (8)    5 :  0.077 0.135 0.061 0.135 0.120 0.069 0.059 0.060 0.039 0.244 
471     H455    (8)    5 :  0.061 0.073 0.059 0.075 0.256 0.058 0.059 0.078 0.056 0.225 
472     H456    (8)    5 :  0.092 0.115 0.095 0.132 0.134 0.094 0.087 0.104 0.090 0.057 
473     H457    (0)    5 :  0.119 0.071 0.092 0.083 0.064 0.113 0.067 0.073 0.049 0.270 
474     H458    (8)    5 :  0.093 0.114 0.099 0.104 0.098 0.094 0.109 0.135 0.097 0.057 
475     H459    (8)    5 :  0.114 0.094 0.097 0.089 0.057 0.116 0.108 0.098 0.195 0.032 
476     H460    (8)    5 :  0.093 0.117 0.075 0.121 0.061 0.093 0.141 0.134 0.078 0.087 
477     H461    (8)    5 :  0.134 0.072 0.097 0.103 0.045 0.091 0.149 0.133 0.083 0.093 
478     H462    (0)    5 :  0.088 0.095 0.090 0.095 0.117 0.088 0.099 0.077 0.207 0.043 
479     H469    (8)    5 :  0.094 0.121 0.135 0.084 0.081 0.102 0.117 0.075 0.135 0.056 
480     H470    (8)    5 :  0.094 0.098 0.107 0.125 0.065 0.100 0.145 0.151 0.056 0.060 
481     H471    (0)    5 :  0.139 0.100 0.105 0.061 0.031 0.126 0.096 0.093 0.197 0.053 
482     H481    (0)    5 :  0.061 0.057 0.055 0.066 0.089 0.065 0.077 0.109 0.091 0.329 
483     H482    (8)    5 :  0.092 0.092 0.086 0.111 0.103 0.092 0.073 0.075 0.053 0.224 
484     H501    (8)    5 :  0.105 0.089 0.094 0.097 0.118 0.099 0.128 0.104 0.085 0.082 
485     H502    (8)    5 :  0.153 0.097 0.095 0.087 0.059 0.128 0.114 0.102 0.120 0.047 
486     H503    (8)    5 :  0.104 0.108 0.125 0.108 0.070 0.107 0.117 0.099 0.117 0.046 
487     H509    (0)    5 :  0.075 0.077 0.107 0.067 0.088 0.068 0.164 0.189 0.076 0.087 
488     H510    (8)    5 :  0.088 0.124 0.099 0.138 0.179 0.079 0.079 0.075 0.054 0.084 
489     H511    (8)    5 :  0.135 0.133 0.115 0.130 0.068 0.144 0.070 0.085 0.068 0.051 
490     H530    (8)    5 :  0.097 0.080 0.085 0.105 0.133 0.089 0.102 0.120 0.106 0.084 
491     H531    (8)    5 :  0.079 0.072 0.057 0.080 0.057 0.092 0.149 0.163 0.086 0.165 
492     H564    (8)    5 :  0.115 0.069 0.067 0.112 0.164 0.095 0.087 0.083 0.048 0.158 
493     H565    (8)    5 :  0.071 0.054 0.060 0.090 0.165 0.064 0.096 0.094 0.040 0.266 
494     H567   (16)    5 :  0.078 0.083 0.071 0.064 0.084 0.076 0.066 0.054 0.388 0.036 
495  H568???    (8)    5 :  0.176 0.096 0.102 0.085 0.051 0.174 0.095 0.084 0.089 0.048 
496     H608    (0)    5 :  0.066 0.149 0.057 0.133 0.125 0.064 0.061 0.054 0.038 0.253 
497     H609   (16)    5 :  0.081 0.078 0.071 0.123 0.294 0.074 0.062 0.057 0.106 0.055 
498     H612    (8)    5 :  0.065 0.077 0.056 0.117 0.166 0.064 0.107 0.139 0.052 0.158 
499     H614    (8)    5 :  0.087 0.064 0.064 0.073 0.073 0.084 0.133 0.137 0.069 0.216 
500     H615    (0)    5 :  0.108 0.057 0.063 0.089 0.068 0.098 0.101 0.113 0.065 0.239 
501     H616    (8)    5 :  0.057 0.082 0.055 0.065 0.101 0.060 0.053 0.090 0.079 0.357 
502     H617    (8)    5 :  0.108 0.126 0.119 0.101 0.080 0.091 0.106 0.093 0.141 0.035 
503     H618    (8)    5 :  0.080 0.071 0.082 0.089 0.159 0.078 0.096 0.125 0.052 0.169 
504     H619    (8)    5 :  0.073 0.119 0.060 0.175 0.273 0.063 0.045 0.045 0.069 0.077 
505     H635    (0)    5 :  0.139 0.130 0.129 0.098 0.087 0.103 0.073 0.077 0.070 0.095 
506     H636    (8)    5 :  0.080 0.187 0.076 0.211 0.104 0.071 0.056 0.073 0.087 0.055 
507     H637    (8)    5 :  0.075 0.055 0.053 0.136 0.212 0.069 0.056 0.064 0.060 0.219 
508     H644    (8)    5 :  0.163 0.077 0.115 0.063 0.046 0.193 0.067 0.063 0.177 0.035 
509     H711    (8)    5 :  0.190 0.095 0.105 0.077 0.060 0.131 0.106 0.089 0.064 0.084 
510     H712    (8)    5 :  0.085 0.081 0.072 0.099 0.261 0.077 0.062 0.078 0.097 0.088 
511    H7360    (8)    5 :  0.141 0.066 0.102 0.099 0.076 0.147 0.098 0.105 0.067 0.099 
512    H7361    (8)    5 :  0.089 0.085 0.099 0.102 0.091 0.083 0.090 0.108 0.056 0.196 
513    H7362    (8)    5 :  0.185 0.068 0.137 0.064 0.058 0.180 0.090 0.072 0.123 0.025 
514    H7363    (8)    5 :  0.091 0.092 0.093 0.121 0.098 0.097 0.087 0.107 0.110 0.105 
515    H7394    (8)    5 :  0.099 0.090 0.094 0.121 0.041 0.094 0.143 0.115 0.157 0.044 
516    H7395    (0)    5 :  0.097 0.145 0.106 0.130 0.134 0.110 0.080 0.088 0.060 0.050 
517    H7396    (8)    5 :  0.105 0.089 0.070 0.100 0.106 0.091 0.124 0.107 0.147 0.060 
518     H742    (0)    5 :  0.062 0.086 0.049 0.164 0.354 0.056 0.059 0.054 0.057 0.058 
519     H743    (8)    5 :  0.084 0.073 0.088 0.099 0.197 0.091 0.055 0.068 0.114 0.131 
520     H744    (8)    5 :  0.058 0.101 0.101 0.060 0.100 0.060 0.073 0.092 0.122 0.233 
521     H957    (8)    5 :  0.148 0.101 0.095 0.091 0.068 0.134 0.117 0.113 0.049 0.084 
522     H958    (0)    5 :  0.092 0.105 0.094 0.087 0.059 0.093 0.125 0.112 0.172 0.061 
523     H959    (8)    5 :  0.071 0.078 0.064 0.108 0.181 0.073 0.083 0.076 0.050 0.216 
524     H960    (0)    5 :  0.092 0.134 0.148 0.089 0.122 0.095 0.071 0.073 0.103 0.073 
525   H_PALI    (8)    6 :  0.106 0.086 0.087 0.129 0.086 0.116 0.121 0.097 0.090 0.083 
526     H581    (8)    6 :  0.098 0.074 0.102 0.088 0.086 0.087 0.158 0.139 0.070 0.098 
527     H582   (16)    6 :  0.086 0.052 0.075 0.073 0.087 0.076 0.164 0.206 0.039 0.143 
528     H583    (8)    6 :  0.113 0.083 0.103 0.111 0.080 0.106 0.119 0.131 0.077 0.076 
529     H595    (8)    6 :  0.098 0.111 0.160 0.085 0.042 0.100 0.191 0.094 0.087 0.033 
530     H596    (8)    6 :  0.106 0.130 0.156 0.093 0.047 0.094 0.120 0.091 0.120 0.042 
531     H597    (8)    6 :  0.130 0.114 0.153 0.101 0.084 0.138 0.072 0.079 0.088 0.041 
532     H598    (8)    6 :  0.116 0.136 0.103 0.107 0.065 0.095 0.083 0.093 0.115 0.085 
533     H599    (0)    6 :  0.060 0.054 0.053 0.077 0.339 0.068 0.071 0.060 0.093 0.124 
534     H642    (8)    6 :  0.112 0.113 0.154 0.073 0.036 0.117 0.140 0.152 0.063 0.040 
535     H643    (8)    6 :  0.093 0.123 0.131 0.087 0.074 0.097 0.085 0.110 0.145 0.056 
536     H664    (8)    6 :  0.067 0.049 0.065 0.073 0.040 0.076 0.234 0.278 0.037 0.080 
537     H665    (8)    6 :  0.096 0.147 0.093 0.140 0.132 0.097 0.074 0.080 0.076 0.065 
538     H674    (0)    6 :  0.120 0.128 0.144 0.098 0.101 0.141 0.074 0.061 0.094 0.039 
539     H675    (8)    6 :  0.099 0.103 0.086 0.098 0.110 0.103 0.100 0.121 0.089 0.090 
540     H676    (8)    6 :  0.097 0.144 0.131 0.121 0.051 0.091 0.130 0.070 0.062 0.104 
541     H686    (8)    6 :  0.129 0.083 0.108 0.121 0.097 0.128 0.103 0.109 0.054 0.068 
542     H687    (8)    6 :  0.129 0.096 0.093 0.093 0.060 0.135 0.124 0.119 0.095 0.056 
543     H917    (0)    6 :  0.095 0.114 0.131 0.110 0.094 0.087 0.090 0.073 0.167 0.039 
544     H918    (8)    6 :  0.080 0.080 0.069 0.152 0.310 0.091 0.061 0.067 0.052 0.039 
545     H919    (0)    6 :  0.058 0.083 0.079 0.088 0.154 0.067 0.094 0.123 0.071 0.184 
546     H920    (0)    6 :  0.108 0.086 0.096 0.104 0.084 0.094 0.104 0.097 0.056 0.171 
547     H631    (8)    7 :  0.096 0.089 0.090 0.105 0.179 0.097 0.095 0.125 0.049 0.077 
548     H684    (8)    7 :  0.162 0.168 0.137 0.102 0.083 0.115 0.057 0.062 0.051 0.062 
549     H685    (8)    7 :  0.052 0.090 0.067 0.050 0.034 0.055 0.189 0.237 0.156 0.070 
550     H713    (8)    7 :  0.048 0.065 0.057 0.079 0.047 0.051 0.235 0.301 0.046 0.070 
551     H715    (8)    7 :  0.152 0.155 0.135 0.102 0.080 0.134 0.061 0.071 0.055 0.056 
552     H716    (8)    7 :  0.088 0.093 0.082 0.100 0.303 0.073 0.047 0.055 0.051 0.108 
553     H717    (8)    7 :  0.092 0.065 0.072 0.122 0.200 0.100 0.098 0.083 0.073 0.095 
554     H729    (8)    7 :  0.083 0.124 0.092 0.079 0.112 0.084 0.066 0.063 0.263 0.034 
555     H730    (8)    7 :  0.073 0.095 0.085 0.075 0.239 0.072 0.058 0.063 0.174 0.065 
556     H431   (16)    8 :  0.072 0.153 0.190 0.063 0.047 0.065 0.083 0.110 0.082 0.136 
557     H432    (8)    8 :  0.112 0.067 0.113 0.111 0.147 0.108 0.112 0.067 0.122 0.041 
558     H433    (8)    8 :  0.104 0.128 0.099 0.094 0.067 0.107 0.088 0.080 0.166 0.067 
559     H434    (8)    8 :  0.081 0.136 0.083 0.096 0.094 0.083 0.097 0.078 0.222 0.031 
560     H444    (8)    8 :  0.095 0.096 0.106 0.108 0.210 0.081 0.077 0.061 0.082 0.085 
561     H454    (0)    8 :  0.069 0.074 0.067 0.078 0.196 0.073 0.095 0.093 0.062 0.195 
562     H475    (8)    8 :  0.052 0.079 0.046 0.070 0.087 0.051 0.056 0.051 0.041 0.467 
563     H491    (8)    8 :  0.098 0.104 0.087 0.119 0.186 0.095 0.074 0.076 0.050 0.112 
564     H492    (8)    8 :  0.084 0.069 0.061 0.086 0.095 0.085 0.170 0.124 0.111 0.115 
565     H493    (8)    8 :  0.143 0.099 0.111 0.101 0.056 0.126 0.102 0.105 0.098 0.058 
566     H494    (8)    8 :  0.085 0.071 0.086 0.085 0.172 0.090 0.121 0.100 0.095 0.095 
567     H495    (0)    8 :  0.092 0.070 0.062 0.111 0.059 0.078 0.128 0.114 0.036 0.249 
568     H662    (8)    8 :  0.129 0.070 0.098 0.099 0.086 0.125 0.128 0.141 0.075 0.047 
569     H663    (8)    8 :  0.098 0.089 0.092 0.118 0.100 0.108 0.123 0.073 0.081 0.117 
570     H695    (8)    8 :  0.096 0.103 0.110 0.094 0.077 0.096 0.079 0.080 0.150 0.116 
571    H7367    (8)    8 :  0.077 0.110 0.085 0.060 0.054 0.075 0.072 0.068 0.363 0.035 
572    H7368    (0)    8 :  0.156 0.129 0.129 0.110 0.061 0.145 0.072 0.088 0.055 0.054 
573    H7369    (8)    8 :  0.099 0.143 0.103 0.113 0.165 0.088 0.063 0.063 0.067 0.096 
574    H7370    (8)    8 :  0.064 0.081 0.091 0.054 0.039 0.069 0.174 0.133 0.271 0.025 
575    H7371    (8)    8 :  0.096 0.103 0.109 0.106 0.087 0.109 0.120 0.096 0.110 0.064 
576     H600    (8)    9 :  0.094 0.110 0.072 0.092 0.092 0.097 0.086 0.078 0.092 0.187 
577     H648    (8)    9 :  0.131 0.135 0.109 0.112 0.077 0.128 0.082 0.093 0.060 0.073 
578     H696    (8)    9 :  0.156 0.081 0.152 0.082 0.043 0.142 0.116 0.100 0.103 0.026 
579     H697    (8)    9 :  0.094 0.157 0.211 0.077 0.094 0.085 0.054 0.074 0.080 0.075 
580     H698    (8)    9 :  0.096 0.137 0.227 0.069 0.064 0.091 0.071 0.075 0.125 0.046 
581     H699    (8)    9 :  0.099 0.086 0.094 0.069 0.084 0.110 0.091 0.070 0.212 0.085 
582     H700    (8)    9 :  0.074 0.166 0.051 0.191 0.131 0.071 0.082 0.075 0.057 0.102 
583     H732    (8)    9 :  0.090 0.064 0.065 0.057 0.098 0.101 0.136 0.148 0.076 0.164 
584     H733    (8)    9 :  0.083 0.165 0.198 0.082 0.057 0.085 0.106 0.066 0.108 0.050 
585     H734    (8)    9 :  0.099 0.085 0.107 0.110 0.046 0.101 0.164 0.161 0.091 0.036 
586     H735    (8)    9 :  0.079 0.107 0.140 0.109 0.068 0.079 0.147 0.127 0.102 0.042 
587     H736    (8)    9 :  0.109 0.076 0.078 0.138 0.091 0.100 0.120 0.156 0.069 0.063 
588     H737    (8)    9 :  0.083 0.139 0.135 0.070 0.117 0.100 0.057 0.066 0.144 0.090 
589     H905    (8)    9 :  0.079 0.166 0.078 0.127 0.111 0.078 0.057 0.058 0.067 0.179 
590     H921    (8)    9 :  0.089 0.105 0.096 0.100 0.146 0.091 0.100 0.099 0.081 0.094 
591     H922    (8)    9 :  0.095 0.089 0.100 0.111 0.126 0.104 0.144 0.078 0.117 0.037 
592  H169705    (8)   10 :  0.069 0.119 0.095 0.062 0.043 0.069 0.090 0.086 0.332 0.035 
593  H171942    (8)   10 :  0.102 0.058 0.111 0.115 0.164 0.101 0.117 0.062 0.127 0.044 
594  H171943    (8)   10 :  0.105 0.108 0.073 0.115 0.086 0.096 0.135 0.137 0.103 0.043 
595  H171944    (8)   10 :  0.097 0.115 0.093 0.097 0.067 0.093 0.153 0.140 0.101 0.043 
596  H171946    (8)   10 :  0.104 0.064 0.088 0.073 0.049 0.087 0.191 0.230 0.049 0.064 
597  H171947    (8)   10 :  0.092 0.079 0.074 0.107 0.139 0.091 0.094 0.080 0.154 0.089 
598  H229641    (0)   10 :  0.108 0.114 0.130 0.079 0.048 0.102 0.087 0.084 0.066 0.182 
599   H30001    (8)   10 :  0.112 0.115 0.120 0.094 0.069 0.108 0.120 0.113 0.071 0.078 
600   H30002    (8)   10 :  0.081 0.124 0.073 0.113 0.088 0.089 0.075 0.083 0.216 0.059 
601   H30005    (8)   10 :  0.087 0.177 0.196 0.067 0.045 0.097 0.071 0.086 0.134 0.039 
602   H30006    (8)   10 :  0.049 0.084 0.047 0.048 0.063 0.060 0.057 0.048 0.473 0.071 
603   H30007    (8)   10 :  0.113 0.075 0.089 0.168 0.192 0.117 0.078 0.087 0.040 0.041 
604     H451    (8)   10 :  0.118 0.143 0.110 0.105 0.089 0.098 0.106 0.079 0.093 0.059 
605     H452    (0)   10 :  0.072 0.174 0.260 0.046 0.039 0.072 0.064 0.062 0.130 0.080 
606     H453    (0)   10 :  0.108 0.071 0.090 0.084 0.101 0.126 0.086 0.105 0.061 0.167 
607     H473    (0)   10 :  0.100 0.062 0.071 0.117 0.128 0.093 0.061 0.081 0.068 0.219 
608     H474    (8)   10 :  0.061 0.058 0.067 0.072 0.047 0.070 0.168 0.161 0.066 0.230 
609     H486    (8)   10 :  0.082 0.100 0.091 0.103 0.074 0.090 0.102 0.083 0.086 0.190 
610     H487    (0)   10 :  0.083 0.103 0.113 0.070 0.077 0.084 0.063 0.060 0.155 0.191 
611     H488    (0)   10 :  0.086 0.123 0.099 0.123 0.159 0.091 0.060 0.068 0.101 0.091 
612     H489    (0)   10 :  0.080 0.071 0.073 0.063 0.065 0.076 0.114 0.104 0.159 0.196 
613     H550    (8)   10 :  0.147 0.083 0.096 0.099 0.057 0.109 0.100 0.153 0.124 0.035 
614     H551    (8)   10 :  0.064 0.093 0.089 0.102 0.149 0.069 0.103 0.081 0.173 0.077 
615     H553    (8)   10 :  0.073 0.088 0.081 0.042 0.049 0.068 0.069 0.084 0.273 0.174 
616     H554    (8)   10 :  0.119 0.126 0.115 0.142 0.083 0.120 0.092 0.073 0.066 0.063 
617     H556    (8)   10 :  0.083 0.097 0.063 0.059 0.069 0.083 0.108 0.118 0.266 0.054 
618     H580    (8)   10 :  0.103 0.129 0.124 0.095 0.088 0.106 0.087 0.101 0.130 0.038 
619     H591    (8)   10 :  0.059 0.059 0.054 0.071 0.129 0.062 0.087 0.085 0.067 0.328 
620     H592    (8)   10 :  0.093 0.098 0.095 0.079 0.047 0.088 0.132 0.159 0.106 0.105 
621     H593    (8)   10 :  0.113 0.117 0.093 0.132 0.081 0.130 0.097 0.085 0.058 0.095 
622     H594    (8)   10 :  0.129 0.093 0.125 0.078 0.092 0.141 0.108 0.085 0.118 0.029 
623     H627    (8)   10 :  0.128 0.088 0.091 0.099 0.059 0.119 0.120 0.104 0.092 0.099 
624     H628    (8)   10 :  0.116 0.123 0.132 0.138 0.185 0.099 0.046 0.053 0.075 0.034 
625     H629    (8)   10 :  0.120 0.069 0.105 0.081 0.060 0.151 0.142 0.162 0.044 0.067 
626     H630    (8)   10 :  0.075 0.069 0.077 0.089 0.041 0.082 0.189 0.229 0.115 0.034 
627     H638    (8)   10 :  0.088 0.111 0.140 0.084 0.052 0.087 0.196 0.115 0.078 0.049 
628     H639    (8)   10 :  0.086 0.056 0.103 0.055 0.054 0.082 0.114 0.144 0.067 0.239 
629     H640    (8)   10 :  0.093 0.088 0.093 0.112 0.062 0.105 0.171 0.130 0.101 0.044 
630     H704    (8)   10 :  0.138 0.087 0.120 0.092 0.093 0.160 0.076 0.083 0.110 0.039 
631     H705    (0)   10 :  0.070 0.118 0.087 0.059 0.048 0.065 0.093 0.095 0.331 0.034 
632     H706    (8)   10 :  0.078 0.120 0.090 0.103 0.148 0.080 0.068 0.083 0.124 0.106 
633     H708    (8)   10 :  0.063 0.074 0.066 0.084 0.067 0.066 0.196 0.249 0.057 0.078 
634    H7351    (8)   10 :  0.134 0.074 0.089 0.116 0.104 0.124 0.111 0.117 0.076 0.055 
635    H7352    (0)   10 :  0.111 0.096 0.135 0.089 0.075 0.101 0.107 0.121 0.088 0.078 
636    H7353    (8)   10 :  0.196 0.086 0.114 0.067 0.052 0.246 0.066 0.057 0.065 0.050 
637    H7354    (0)   10 :  0.097 0.141 0.069 0.179 0.131 0.094 0.051 0.073 0.060 0.104 
638    H7365    (8)   10 :  0.064 0.070 0.065 0.067 0.068 0.072 0.170 0.240 0.064 0.121 
639    H7383    (8)   10 :  0.086 0.112 0.092 0.123 0.132 0.088 0.088 0.102 0.080 0.098 
640    H7384    (8)   10 :  0.090 0.152 0.076 0.094 0.099 0.082 0.063 0.063 0.208 0.072 
641    H7385    (8)   10 :  0.072 0.146 0.068 0.145 0.104 0.080 0.079 0.093 0.077 0.137 
642    H7386    (8)   10 :  0.093 0.101 0.125 0.116 0.180 0.100 0.086 0.086 0.069 0.043 
643    H7387    (8)   10 :  0.101 0.120 0.090 0.146 0.078 0.122 0.089 0.107 0.101 0.046 
644    H7388    (8)   10 :  0.063 0.189 0.262 0.056 0.054 0.064 0.052 0.057 0.122 0.082 
645     H906    (8)   10 :  0.114 0.055 0.080 0.087 0.206 0.129 0.058 0.062 0.043 0.166 
646     H907    (8)   10 :  0.114 0.108 0.119 0.080 0.045 0.112 0.181 0.090 0.096 0.054 
647     H908    (8)   10 :  0.097 0.145 0.118 0.125 0.055 0.093 0.102 0.105 0.085 0.075 
648     H909    (0)   10 :  0.087 0.135 0.078 0.174 0.162 0.103 0.046 0.066 0.068 0.081 
649    H9552    (8)   10 :  0.102 0.106 0.113 0.082 0.119 0.136 0.086 0.120 0.090 0.047 
650    H9553   (25)   10 :  0.061 0.118 0.102 0.042 0.044 0.058 0.061 0.069 0.329 0.116 
651    H9555    (0)   10 :  0.086 0.125 0.101 0.120 0.088 0.092 0.116 0.104 0.122 0.046 
652    H9575   (25)   10 :  0.106 0.081 0.086 0.087 0.063 0.108 0.131 0.172 0.056 0.110 
653    H9703    (0)   10 :  0.059 0.091 0.046 0.046 0.066 0.066 0.082 0.121 0.235 0.189 
654    H9707    (0)   10 :  0.086 0.074 0.079 0.068 0.062 0.081 0.083 0.090 0.097 0.280 
655    HSAA4    (8)   10 :  0.110 0.135 0.119 0.096 0.095 0.103 0.080 0.081 0.143 0.039 
656     H001    (8)   11 :  0.110 0.101 0.090 0.129 0.138 0.097 0.097 0.106 0.056 0.076 
657     H004    (8)   11 :  0.114 0.096 0.091 0.123 0.088 0.127 0.091 0.101 0.082 0.086 
658     H005    (0)   11 :  0.069 0.089 0.077 0.098 0.105 0.069 0.049 0.064 0.040 0.339 
659     H006    (8)   11 :  0.097 0.125 0.087 0.134 0.080 0.096 0.094 0.100 0.111 0.076 
660     H007    (8)   11 :  0.056 0.070 0.045 0.088 0.320 0.059 0.065 0.065 0.071 0.161 
661     H031    (0)   11 :  0.065 0.072 0.062 0.067 0.066 0.063 0.141 0.153 0.077 0.235 
662     H074    (8)   11 :  0.074 0.056 0.079 0.065 0.060 0.079 0.199 0.257 0.060 0.071 
663     H075    (8)   11 :  0.063 0.094 0.053 0.128 0.228 0.055 0.102 0.088 0.043 0.146 
664     H080    (8)   11 :  0.087 0.107 0.132 0.078 0.080 0.086 0.096 0.137 0.080 0.118 
665     H086    (8)   11 :  0.078 0.146 0.099 0.082 0.074 0.083 0.067 0.062 0.267 0.044 
666     H092    (8)   11 :  0.083 0.120 0.087 0.092 0.068 0.088 0.083 0.097 0.149 0.134 
667     H093    (8)   11 :  0.186 0.082 0.122 0.080 0.077 0.181 0.066 0.063 0.091 0.053 
668     H094    (8)   11 :  0.102 0.094 0.110 0.074 0.043 0.109 0.170 0.155 0.104 0.038 
669     H095    (8)   11 :  0.094 0.082 0.073 0.100 0.121 0.104 0.098 0.127 0.080 0.121 
670     H096    (8)   11 :  0.085 0.110 0.086 0.131 0.152 0.091 0.062 0.074 0.061 0.148 
671     H099    (8)   11 :  0.100 0.095 0.098 0.117 0.085 0.110 0.112 0.126 0.071 0.086 
672     H100    (8)   11 :  0.077 0.070 0.087 0.123 0.295 0.077 0.075 0.059 0.113 0.025 
673     H127    (8)   11 :  0.098 0.116 0.133 0.067 0.091 0.094 0.085 0.088 0.140 0.086 
674     H136    (0)   11 :  0.077 0.075 0.078 0.068 0.082 0.069 0.103 0.088 0.055 0.305 
675     H153    (0)   11 :  0.115 0.101 0.121 0.110 0.072 0.113 0.099 0.083 0.072 0.114 
676     H154    (8)   11 :  0.066 0.066 0.094 0.065 0.047 0.071 0.178 0.248 0.060 0.105 
677     H155    (0)   11 :  0.080 0.129 0.157 0.110 0.199 0.079 0.051 0.054 0.115 0.027 
678     H156    (8)   11 :  0.109 0.124 0.108 0.145 0.116 0.100 0.072 0.070 0.129 0.028 
679     H161    (8)   11 :  0.106 0.119 0.101 0.142 0.106 0.109 0.079 0.068 0.066 0.105 
680     H162    (8)   11 :  0.098 0.135 0.188 0.069 0.037 0.105 0.101 0.102 0.128 0.037 
681     H167    (0)   11 :  0.105 0.157 0.082 0.099 0.104 0.093 0.075 0.079 0.156 0.049 
682     H168    (8)   11 :  0.119 0.123 0.144 0.092 0.092 0.106 0.069 0.078 0.108 0.069 
683  H169586    (8)   11 :  0.106 0.043 0.062 0.111 0.045 0.116 0.150 0.159 0.050 0.158 
684  H169738    (8)   11 :  0.088 0.174 0.141 0.101 0.121 0.083 0.054 0.048 0.139 0.051 
685  H169741    (8)   11 :  0.065 0.075 0.059 0.074 0.055 0.067 0.181 0.165 0.154 0.104 
686  H171801    (8)   11 :  0.141 0.085 0.120 0.103 0.122 0.125 0.099 0.078 0.076 0.052 
687  H171810    (8)   11 :  0.090 0.071 0.079 0.118 0.081 0.089 0.168 0.141 0.056 0.106 
688  H171811    (8)   11 :  0.093 0.087 0.080 0.082 0.059 0.089 0.153 0.226 0.053 0.078 
689  H171812    (8)   11 :  0.061 0.048 0.049 0.121 0.477 0.054 0.052 0.057 0.039 0.042 
690  H171820    (8)   11 :  0.080 0.081 0.079 0.085 0.081 0.089 0.146 0.176 0.062 0.121 
691  H171821    (8)   11 :  0.099 0.169 0.181 0.101 0.070 0.088 0.077 0.087 0.074 0.054 
692  H171822    (8)   11 :  0.100 0.134 0.127 0.088 0.072 0.106 0.094 0.095 0.118 0.065 
693  H171823    (8)   11 :  0.102 0.063 0.073 0.069 0.083 0.079 0.074 0.062 0.035 0.360 
694  H171866    (8)   11 :  0.123 0.121 0.176 0.086 0.083 0.111 0.051 0.055 0.099 0.095 
695  H171867    (8)   11 :  0.088 0.135 0.097 0.107 0.078 0.085 0.088 0.066 0.185 0.070 
696  H171967    (8)   11 :  0.071 0.072 0.070 0.074 0.178 0.072 0.123 0.159 0.085 0.095 
697  H171969    (8)   11 :  0.104 0.077 0.075 0.118 0.164 0.100 0.102 0.101 0.084 0.075 
698     H172    (8)   11 :  0.105 0.086 0.109 0.115 0.116 0.098 0.088 0.118 0.102 0.063 
699     H173    (0)   11 :  0.073 0.109 0.097 0.085 0.150 0.084 0.089 0.092 0.176 0.045 
700     H174    (8)   11 :  0.128 0.106 0.172 0.093 0.047 0.117 0.132 0.112 0.065 0.028 
701     H196    (0)   11 :  0.053 0.199 0.297 0.042 0.056 0.063 0.037 0.049 0.169 0.035 
702     H197    (8)   11 :  0.099 0.118 0.117 0.133 0.076 0.114 0.123 0.080 0.091 0.050 
703     H346    (8)   11 :  0.094 0.116 0.077 0.117 0.139 0.095 0.061 0.082 0.106 0.113 
704     H355    (8)   11 :  0.084 0.062 0.074 0.116 0.230 0.093 0.074 0.087 0.064 0.117 
705     H356    (0)   11 :  0.093 0.104 0.089 0.083 0.142 0.106 0.073 0.072 0.150 0.088 
706     H357    (8)   11 :  0.071 0.078 0.084 0.104 0.130 0.088 0.113 0.111 0.073 0.149 
707     H358    (8)   11 :  0.067 0.188 0.068 0.176 0.127 0.072 0.074 0.077 0.091 0.060 
708     H359    (8)   11 :  0.122 0.091 0.101 0.098 0.079 0.114 0.118 0.117 0.091 0.067 
709     H360    (0)   11 :  0.076 0.119 0.063 0.080 0.100 0.078 0.080 0.077 0.275 0.052 
710     H361    (8)   11 :  0.099 0.110 0.093 0.081 0.116 0.094 0.053 0.060 0.215 0.079 
711     H362    (8)   11 :  0.106 0.151 0.191 0.088 0.046 0.096 0.110 0.070 0.106 0.036 
712     H363    (8)   11 :  0.081 0.121 0.068 0.125 0.090 0.090 0.089 0.099 0.077 0.159 
713     H364    (8)   11 :  0.118 0.095 0.098 0.127 0.079 0.129 0.097 0.120 0.071 0.065 
714     H365    (8)   11 :  0.086 0.077 0.092 0.140 0.244 0.086 0.063 0.064 0.075 0.072 
715     H366    (8)   11 :  0.091 0.092 0.123 0.088 0.139 0.129 0.064 0.089 0.142 0.042 
716     H367    (8)   11 :  0.059 0.091 0.150 0.047 0.070 0.061 0.137 0.198 0.049 0.138 
717     H368    (8)   11 :  0.126 0.070 0.072 0.090 0.051 0.133 0.191 0.169 0.071 0.028 
718     H369    (0)   11 :  0.071 0.099 0.079 0.065 0.074 0.073 0.107 0.153 0.071 0.208 
719     H370    (8)   11 :  0.122 0.111 0.105 0.136 0.065 0.121 0.110 0.095 0.091 0.044 
720     H371    (8)   11 :  0.079 0.079 0.108 0.087 0.090 0.087 0.145 0.115 0.152 0.057 
721     H372    (8)   11 :  0.094 0.113 0.154 0.104 0.105 0.091 0.101 0.093 0.094 0.052 
722     H373    (8)   11 :  0.096 0.135 0.099 0.155 0.096 0.100 0.081 0.102 0.090 0.046 
723     H374    (0)   11 :  0.083 0.141 0.064 0.135 0.163 0.087 0.055 0.054 0.108 0.111 
724     H375    (8)   11 :  0.092 0.079 0.084 0.114 0.191 0.087 0.101 0.103 0.064 0.085 
725     H376    (0)   11 :  0.123 0.106 0.124 0.089 0.140 0.129 0.069 0.086 0.078 0.056 
726     H377    (8)   11 :  0.088 0.110 0.069 0.109 0.077 0.090 0.093 0.076 0.143 0.144 
727     H378    (8)   11 :  0.118 0.091 0.102 0.090 0.086 0.113 0.102 0.135 0.093 0.071 
728     H379    (8)   11 :  0.123 0.124 0.093 0.112 0.050 0.122 0.111 0.119 0.074 0.073 
729     H380    (8)   11 :  0.120 0.139 0.104 0.143 0.087 0.114 0.087 0.076 0.086 0.044 
730     H381    (0)   11 :  0.095 0.061 0.075 0.079 0.067 0.101 0.128 0.132 0.054 0.209 
731     H382    (8)   11 :  0.127 0.165 0.118 0.119 0.053 0.115 0.118 0.076 0.079 0.030 
732     H383    (8)   11 :  0.138 0.126 0.115 0.133 0.131 0.141 0.050 0.066 0.067 0.033 
733     H384    (0)   11 :  0.090 0.098 0.066 0.082 0.069 0.089 0.115 0.136 0.149 0.106 
734     H385    (8)   11 :  0.082 0.116 0.094 0.115 0.087 0.090 0.114 0.121 0.073 0.109 
735     H386    (0)   11 :  0.096 0.175 0.089 0.184 0.107 0.091 0.068 0.071 0.078 0.041 
736     H387    (0)   11 :  0.189 0.089 0.112 0.091 0.067 0.181 0.051 0.087 0.046 0.088 
737     H388    (8)   11 :  0.115 0.100 0.116 0.115 0.126 0.107 0.048 0.066 0.170 0.038 
738     H389    (8)   11 :  0.088 0.097 0.087 0.101 0.165 0.095 0.106 0.090 0.090 0.082 
739     H390    (8)   11 :  0.104 0.093 0.081 0.138 0.074 0.109 0.145 0.143 0.080 0.034 
740     H391    (8)   11 :  0.087 0.115 0.137 0.113 0.091 0.108 0.111 0.143 0.064 0.031 
741     H392    (0)   11 :  0.066 0.148 0.060 0.126 0.187 0.064 0.085 0.073 0.053 0.138 
742     H393    (0)   11 :  0.102 0.056 0.075 0.111 0.305 0.088 0.060 0.061 0.096 0.045 
743     H394    (0)   11 :  0.178 0.071 0.125 0.073 0.076 0.186 0.087 0.083 0.063 0.058 
744     H395    (8)   11 :  0.080 0.111 0.123 0.098 0.083 0.087 0.078 0.093 0.064 0.184 
745     H408   (16)   11 :  0.091 0.134 0.083 0.165 0.146 0.091 0.054 0.078 0.081 0.076 
746     H412    (0)   11 :  0.052 0.040 0.055 0.060 0.025 0.045 0.266 0.356 0.033 0.069 
747     H417    (8)   11 :  0.085 0.086 0.080 0.107 0.080 0.081 0.138 0.144 0.117 0.082 
748     H418    (8)   11 :  0.099 0.114 0.169 0.077 0.059 0.097 0.111 0.145 0.066 0.063 
749     H429    (8)   11 :  0.107 0.113 0.098 0.141 0.128 0.130 0.072 0.093 0.064 0.056 
750     H430    (8)   11 :  0.095 0.093 0.096 0.125 0.179 0.093 0.108 0.074 0.096 0.040 
751     H439    (8)   11 :  0.085 0.135 0.092 0.111 0.088 0.091 0.094 0.098 0.141 0.065 
752     H440    (8)   11 :  0.074 0.100 0.065 0.112 0.107 0.061 0.071 0.072 0.063 0.277 
753     H441    (0)   11 :  0.068 0.166 0.242 0.065 0.057 0.084 0.093 0.108 0.080 0.038 
754     H442   (16)   11 :  0.116 0.134 0.140 0.126 0.076 0.120 0.075 0.088 0.070 0.055 
755     H446    (0)   11 :  0.153 0.109 0.093 0.092 0.050 0.136 0.082 0.094 0.135 0.056 
756     H447    (0)   11 :  0.109 0.137 0.094 0.128 0.082 0.089 0.106 0.096 0.126 0.034 
757     H448    (0)   11 :  0.078 0.109 0.133 0.112 0.134 0.068 0.060 0.058 0.156 0.090 
758     H534    (8)   11 :  0.085 0.096 0.090 0.093 0.126 0.094 0.133 0.119 0.044 0.118 
759     H537    (8)   11 :  0.100 0.068 0.084 0.062 0.073 0.110 0.146 0.197 0.044 0.117 
760     H568    (8)   11 :  0.056 0.056 0.061 0.053 0.060 0.057 0.079 0.071 0.059 0.448 
761     H569    (8)   11 :  0.065 0.078 0.070 0.082 0.109 0.067 0.099 0.047 0.351 0.031 
762     H586    (0)   11 :  0.104 0.042 0.057 0.117 0.044 0.098 0.165 0.186 0.044 0.143 
763     H587    (8)   11 :  0.073 0.071 0.058 0.068 0.081 0.067 0.159 0.203 0.073 0.148 
764     H588    (8)   11 :  0.175 0.071 0.093 0.107 0.082 0.211 0.070 0.069 0.075 0.047 
765     H589    (8)   11 :  0.074 0.083 0.068 0.110 0.124 0.072 0.091 0.111 0.046 0.221 
766     H590    (0)   11 :  0.085 0.075 0.078 0.072 0.093 0.086 0.053 0.058 0.050 0.350 
767     H601    (8)   11 :  0.110 0.087 0.103 0.085 0.095 0.107 0.106 0.065 0.175 0.066 
768     H602    (8)   11 :  0.076 0.139 0.167 0.073 0.075 0.087 0.083 0.096 0.080 0.123 
769     H603    (8)   11 :  0.089 0.191 0.118 0.129 0.083 0.096 0.090 0.080 0.076 0.049 
770     H610    (0)   11 :  0.087 0.104 0.077 0.081 0.094 0.092 0.098 0.079 0.197 0.092 
771     H611    (0)   11 :  0.075 0.065 0.072 0.067 0.054 0.077 0.173 0.186 0.133 0.099 
772     H649    (8)   11 :  0.086 0.082 0.087 0.102 0.184 0.100 0.127 0.093 0.073 0.065 
773     H650    (8)   11 :  0.118 0.100 0.115 0.097 0.035 0.098 0.117 0.120 0.141 0.060 
774     H651    (8)   11 :  0.087 0.116 0.116 0.098 0.127 0.080 0.068 0.079 0.154 0.073 
775     H652    (8)   11 :  0.149 0.102 0.108 0.087 0.068 0.136 0.080 0.088 0.093 0.089 
776    H7364    (8)   11 :  0.094 0.095 0.088 0.142 0.136 0.093 0.085 0.090 0.118 0.060 
777    H7366    (8)   11 :  0.086 0.108 0.087 0.092 0.090 0.103 0.062 0.064 0.183 0.126 
778    H7378   (16)   11 :  0.108 0.100 0.146 0.111 0.034 0.153 0.169 0.090 0.065 0.025 
779    H7379    (0)   11 :  0.127 0.104 0.158 0.080 0.064 0.107 0.080 0.073 0.127 0.081 
780     H739    (8)   11 :  0.076 0.060 0.065 0.068 0.070 0.075 0.128 0.155 0.142 0.160 
781     H740    (8)   11 :  0.110 0.106 0.099 0.120 0.048 0.113 0.116 0.093 0.124 0.070 
782     H741    (0)   11 :  0.077 0.077 0.060 0.068 0.050 0.069 0.173 0.158 0.155 0.114 
783     H926    (8)   11 :  0.120 0.113 0.112 0.120 0.055 0.093 0.100 0.081 0.131 0.076 
784     H927    (0)   11 :  0.072 0.115 0.096 0.065 0.050 0.074 0.082 0.084 0.321 0.040 
785     H928    (0)   11 :  0.081 0.078 0.083 0.069 0.042 0.084 0.178 0.145 0.170 0.070 
786    H9560    (0)   11 :  0.100 0.107 0.088 0.067 0.050 0.112 0.118 0.100 0.199 0.059 
787     H409    (0)   12 :  0.117 0.113 0.144 0.113 0.106 0.118 0.102 0.080 0.071 0.035 
788     H413    (0)   12 :  0.113 0.101 0.097 0.174 0.065 0.111 0.134 0.111 0.061 0.033 
789     H419    (8)   12 :  0.105 0.143 0.144 0.108 0.101 0.112 0.064 0.074 0.091 0.057 
790     H420    (8)   12 :  0.112 0.093 0.087 0.092 0.097 0.123 0.084 0.087 0.089 0.137 
791     H421    (8)   12 :  0.144 0.119 0.116 0.160 0.083 0.125 0.069 0.072 0.076 0.036 
792     H435    (8)   12 :  0.146 0.142 0.135 0.111 0.102 0.129 0.059 0.063 0.069 0.045 
793     H436    (8)   12 :  0.085 0.107 0.068 0.111 0.169 0.083 0.088 0.101 0.124 0.063 
794     H437    (8)   12 :  0.107 0.073 0.086 0.095 0.074 0.105 0.092 0.089 0.048 0.231 
795     H445    (8)   12 :  0.082 0.136 0.097 0.168 0.166 0.084 0.060 0.062 0.088 0.057 
796     H449    (8)   12 :  0.123 0.096 0.088 0.059 0.068 0.122 0.063 0.063 0.258 0.061 
797     H463    (8)   12 :  0.106 0.100 0.086 0.117 0.110 0.104 0.081 0.091 0.069 0.135 
798     H464    (8)   12 :  0.110 0.070 0.107 0.082 0.091 0.112 0.169 0.081 0.126 0.052 
799     H465    (8)   12 :  0.146 0.087 0.131 0.096 0.051 0.151 0.123 0.116 0.041 0.059 
800     H490    (8)   12 :  0.149 0.092 0.134 0.076 0.053 0.211 0.085 0.085 0.076 0.038 
801     H561    (8)   12 :  0.098 0.147 0.171 0.091 0.061 0.097 0.103 0.084 0.066 0.083 
802     H562    (8)   12 :  0.085 0.103 0.073 0.132 0.213 0.085 0.081 0.090 0.098 0.040 
803     H563    (0)   12 :  0.089 0.122 0.134 0.088 0.130 0.091 0.085 0.079 0.090 0.091 
804     H570    (8)   12 :  0.082 0.136 0.081 0.128 0.113 0.080 0.093 0.110 0.086 0.092 
805     H571    (8)   12 :  0.111 0.087 0.103 0.107 0.047 0.117 0.152 0.175 0.056 0.045 
806     H572    (8)   12 :  0.078 0.087 0.095 0.093 0.113 0.081 0.147 0.179 0.060 0.068 
807     H573    (8)   12 :  0.113 0.121 0.111 0.138 0.118 0.112 0.098 0.075 0.072 0.039 
808    H7372    (8)   12 :  0.097 0.110 0.084 0.157 0.078 0.097 0.048 0.058 0.249 0.022 
809    H7373    (0)   12 :  0.177 0.089 0.120 0.074 0.063 0.172 0.071 0.121 0.078 0.036 
810    H7374    (0)   12 :  0.101 0.110 0.077 0.113 0.182 0.108 0.059 0.071 0.048 0.132 
811    H7375    (8)   12 :  0.085 0.088 0.092 0.100 0.104 0.089 0.102 0.111 0.068 0.161 
812    H7376    (8)   12 :  0.077 0.094 0.083 0.115 0.346 0.066 0.053 0.049 0.083 0.033 
813    H7377    (8)   12 :  0.090 0.088 0.096 0.088 0.053 0.094 0.175 0.142 0.077 0.096 


Estimated Allele Frequencies in each cluster
First column gives estimated ancestral frequencies


Locus 1 : 
10 alleles
0.4% missing data
 168   (0.100) 0.103 0.072 0.080 0.131 0.208 0.100 0.060 0.070 0.049 0.083 
 160   (0.243) 0.239 0.313 0.259 0.287 0.390 0.243 0.189 0.243 0.260 0.288 
 172   (0.014) 0.014 0.005 0.012 0.007 0.006 0.014 0.013 0.006 0.012 0.001 
 156   (0.216) 0.216 0.257 0.276 0.210 0.111 0.216 0.274 0.220 0.216 0.050 
 164   (0.199) 0.200 0.178 0.207 0.158 0.085 0.199 0.305 0.318 0.279 0.107 
 152   (0.161) 0.164 0.133 0.125 0.159 0.157 0.161 0.124 0.115 0.080 0.452 
 148   (0.048) 0.049 0.032 0.033 0.043 0.040 0.048 0.032 0.024 0.021 0.018 
 144   (0.010) 0.009 0.008 0.005 0.004 0.002 0.010 0.003 0.003 0.081 0.001 
 176   (0.004) 0.003 0.000 0.001 0.000 0.000 0.004 0.001 0.001 0.000 0.000 
 180   (0.004) 0.003 0.000 0.001 0.001 0.000 0.004 0.000 0.000 0.000 0.000 

Locus 2 : 
11 alleles
0.4% missing data
 160   (0.197) 0.196 0.171 0.170 0.192 0.136 0.197 0.200 0.224 0.136 0.130 
 152   (0.149) 0.151 0.112 0.137 0.143 0.171 0.149 0.166 0.171 0.100 0.141 
 164   (0.166) 0.164 0.136 0.133 0.141 0.115 0.166 0.232 0.234 0.135 0.456 
 156   (0.255) 0.265 0.367 0.307 0.301 0.213 0.256 0.190 0.181 0.302 0.064 
 168   (0.112) 0.105 0.107 0.114 0.146 0.272 0.111 0.104 0.090 0.133 0.185 
 172   (0.036) 0.036 0.031 0.039 0.024 0.007 0.036 0.052 0.032 0.122 0.004 
 148   (0.044) 0.044 0.034 0.029 0.031 0.026 0.044 0.043 0.050 0.037 0.014 
 144   (0.016) 0.015 0.031 0.058 0.005 0.005 0.016 0.006 0.010 0.014 0.001 
 176   (0.018) 0.017 0.011 0.013 0.016 0.053 0.018 0.006 0.006 0.018 0.004 
 140   (0.004) 0.003 0.000 0.001 0.000 0.000 0.004 0.000 0.001 0.000 0.000 
 180   (0.004) 0.003 0.000 0.001 0.001 0.000 0.004 0.000 0.001 0.000 0.000 

Locus 3 : 
10 alleles
0.0% missing data
 185   (0.230) 0.230 0.251 0.183 0.271 0.196 0.230 0.197 0.202 0.220 0.386 
 181   (0.093) 0.096 0.112 0.077 0.133 0.104 0.093 0.071 0.059 0.067 0.124 
 193   (0.172) 0.173 0.125 0.151 0.174 0.348 0.173 0.168 0.170 0.113 0.134 
 189   (0.355) 0.353 0.404 0.472 0.332 0.285 0.355 0.463 0.466 0.451 0.238 
 197   (0.109) 0.112 0.089 0.097 0.080 0.060 0.109 0.091 0.091 0.096 0.104 
 177   (0.005) 0.005 0.001 0.002 0.001 0.001 0.005 0.001 0.001 0.001 0.000 
 201   (0.019) 0.019 0.008 0.013 0.007 0.006 0.019 0.007 0.007 0.008 0.002 
 169   (0.010) 0.008 0.009 0.004 0.001 0.001 0.010 0.002 0.003 0.044 0.010 
 173   (0.003) 0.003 0.001 0.001 0.000 0.000 0.003 0.000 0.001 0.000 0.000 
 209   (0.004) 0.002 0.000 0.001 0.000 0.000 0.003 0.000 0.001 0.000 0.000 

Locus 4 : 
9 alleles
0.0% missing data
 177   (0.220) 0.221 0.288 0.209 0.312 0.267 0.220 0.233 0.181 0.238 0.151 
 165   (0.204) 0.209 0.175 0.212 0.167 0.099 0.204 0.198 0.211 0.229 0.078 
 169   (0.227) 0.225 0.235 0.280 0.177 0.174 0.227 0.294 0.342 0.266 0.382 
 173   (0.208) 0.210 0.198 0.186 0.211 0.294 0.208 0.175 0.164 0.220 0.093 
 193   (0.009) 0.010 0.002 0.005 0.002 0.001 0.009 0.003 0.004 0.002 0.001 
 185   (0.031) 0.031 0.032 0.028 0.053 0.063 0.031 0.016 0.019 0.014 0.008 
 181   (0.082) 0.080 0.064 0.072 0.072 0.098 0.082 0.071 0.069 0.029 0.285 
 161   (0.013) 0.012 0.004 0.008 0.005 0.003 0.013 0.008 0.009 0.002 0.002 
 189   (0.005) 0.004 0.001 0.002 0.001 0.000 0.005 0.001 0.001 0.001 0.000 

Locus 5 : 
17 alleles
0.0% missing data
 199   (0.254) 0.257 0.275 0.212 0.271 0.256 0.254 0.297 0.308 0.213 0.542 
 215   (0.037) 0.036 0.028 0.050 0.021 0.010 0.037 0.090 0.113 0.015 0.019 
 203   (0.273) 0.277 0.285 0.274 0.300 0.381 0.273 0.231 0.212 0.384 0.171 
 207   (0.149) 0.154 0.183 0.205 0.162 0.212 0.150 0.110 0.120 0.193 0.084 
 195   (0.089) 0.088 0.084 0.080 0.116 0.085 0.089 0.117 0.117 0.100 0.049 
 211   (0.061) 0.060 0.079 0.095 0.070 0.023 0.061 0.094 0.068 0.040 0.010 
 271   (0.004) 0.003 0.000 0.001 0.000 0.000 0.003 0.000 0.001 0.000 0.000 
 275   (0.016) 0.017 0.013 0.015 0.006 0.004 0.016 0.010 0.008 0.020 0.002 
 283   (0.022) 0.021 0.010 0.013 0.012 0.009 0.022 0.016 0.016 0.006 0.013 
 279   (0.023) 0.023 0.024 0.019 0.015 0.007 0.023 0.012 0.010 0.011 0.002 
 287   (0.024) 0.023 0.008 0.014 0.010 0.006 0.024 0.010 0.010 0.008 0.005 
 191   (0.016) 0.014 0.004 0.007 0.007 0.004 0.015 0.006 0.007 0.004 0.097 
 291   (0.008) 0.007 0.002 0.003 0.004 0.001 0.008 0.004 0.004 0.002 0.004 
 295   (0.005) 0.004 0.001 0.002 0.001 0.000 0.005 0.001 0.001 0.001 0.000 
 267   (0.008) 0.007 0.001 0.004 0.002 0.001 0.008 0.001 0.002 0.001 0.001 
 219   (0.009) 0.007 0.002 0.004 0.002 0.002 0.009 0.001 0.002 0.001 0.002 
 299   (0.003) 0.002 0.000 0.001 0.000 0.000 0.003 0.000 0.001 0.000 0.000 

Locus 6 : 
10 alleles
0.5% missing data
 238   (0.244) 0.244 0.262 0.223 0.308 0.321 0.244 0.262 0.270 0.172 0.197 
 250   (0.143) 0.141 0.164 0.140 0.180 0.196 0.142 0.144 0.146 0.138 0.078 
 246   (0.165) 0.168 0.143 0.135 0.149 0.221 0.165 0.158 0.123 0.323 0.046 
 242   (0.206) 0.205 0.209 0.222 0.185 0.148 0.206 0.221 0.234 0.174 0.589 
 234   (0.100) 0.098 0.100 0.097 0.097 0.068 0.100 0.103 0.139 0.071 0.061 
 254   (0.046) 0.047 0.033 0.042 0.031 0.012 0.046 0.058 0.029 0.025 0.006 
 230   (0.054) 0.055 0.048 0.082 0.034 0.016 0.054 0.036 0.037 0.047 0.009 
 258   (0.022) 0.019 0.030 0.046 0.008 0.010 0.021 0.006 0.007 0.046 0.009 
 226   (0.013) 0.016 0.010 0.009 0.006 0.006 0.013 0.005 0.006 0.002 0.003 
 218   (0.008) 0.007 0.002 0.004 0.002 0.001 0.008 0.005 0.008 0.002 0.003 

Locus 7 : 
5 alleles
77.9% missing data
 149   (0.886) 0.885 0.930 0.913 0.866 0.955 0.886 0.805 0.828 0.944 0.952 
 153   (0.039) 0.038 0.021 0.025 0.077 0.015 0.039 0.134 0.124 0.014 0.028 
 157   (0.029) 0.030 0.019 0.027 0.024 0.010 0.029 0.039 0.024 0.020 0.010 
 155   (0.032) 0.032 0.024 0.026 0.025 0.015 0.032 0.017 0.018 0.017 0.008 
 151   (0.015) 0.015 0.006 0.009 0.007 0.004 0.015 0.005 0.006 0.005 0.003 

Locus 8 : 
21 alleles
0.5% missing data
 152   (0.065) 0.064 0.085 0.055 0.097 0.046 0.065 0.073 0.087 0.065 0.056 
 148   (0.069) 0.073 0.063 0.055 0.077 0.024 0.069 0.036 0.051 0.049 0.025 
 142   (0.058) 0.059 0.040 0.044 0.053 0.017 0.058 0.124 0.093 0.075 0.015 
 140   (0.041) 0.042 0.047 0.035 0.027 0.024 0.041 0.027 0.028 0.059 0.007 
 138   (0.054) 0.054 0.090 0.078 0.050 0.039 0.054 0.044 0.036 0.122 0.060 
 136   (0.069) 0.070 0.056 0.076 0.050 0.024 0.069 0.080 0.062 0.075 0.017 
 150   (0.061) 0.060 0.047 0.051 0.046 0.024 0.061 0.067 0.041 0.062 0.118 
 146   (0.241) 0.242 0.325 0.312 0.272 0.326 0.241 0.274 0.320 0.221 0.445 
 128   (0.091) 0.088 0.088 0.090 0.125 0.129 0.091 0.119 0.126 0.088 0.088 
 164   (0.009) 0.010 0.002 0.005 0.002 0.002 0.009 0.002 0.003 0.002 0.001 
 156   (0.013) 0.012 0.014 0.017 0.007 0.009 0.013 0.003 0.004 0.005 0.017 
 144   (0.039) 0.037 0.018 0.025 0.050 0.077 0.039 0.029 0.035 0.049 0.021 
 158   (0.017) 0.017 0.007 0.010 0.008 0.004 0.017 0.011 0.014 0.006 0.016 
 134   (0.086) 0.088 0.080 0.087 0.086 0.225 0.086 0.061 0.056 0.099 0.088 
 168   (0.020) 0.019 0.011 0.014 0.014 0.011 0.019 0.012 0.012 0.005 0.012 
 160   (0.023) 0.026 0.013 0.019 0.015 0.010 0.023 0.008 0.011 0.005 0.007 
 162   (0.011) 0.009 0.003 0.005 0.003 0.002 0.011 0.005 0.007 0.003 0.003 
 154   (0.017) 0.017 0.008 0.013 0.014 0.005 0.018 0.021 0.010 0.006 0.002 
 170   (0.005) 0.004 0.001 0.002 0.001 0.001 0.005 0.001 0.001 0.001 0.000 
 130   (0.007) 0.007 0.004 0.006 0.003 0.004 0.007 0.002 0.002 0.002 0.003 
 172   (0.004) 0.003 0.001 0.001 0.000 0.000 0.004 0.000 0.001 0.000 0.000 

Locus 9 : 
8 alleles
0.2% missing data
 184   (0.245) 0.257 0.262 0.250 0.251 0.151 0.246 0.191 0.186 0.156 0.072 
 182   (0.149) 0.152 0.111 0.113 0.152 0.107 0.149 0.206 0.175 0.073 0.203 
 186   (0.386) 0.379 0.427 0.470 0.402 0.408 0.386 0.361 0.342 0.427 0.559 
 180   (0.170) 0.167 0.155 0.125 0.182 0.324 0.170 0.224 0.274 0.221 0.162 
 192   (0.017) 0.015 0.027 0.012 0.005 0.005 0.017 0.009 0.011 0.109 0.002 
 188   (0.014) 0.015 0.006 0.009 0.004 0.002 0.014 0.006 0.006 0.003 0.001 
 194   (0.014) 0.012 0.012 0.021 0.003 0.002 0.014 0.003 0.006 0.011 0.001 
 174   (0.004) 0.003 0.001 0.001 0.000 0.000 0.004 0.000 0.001 0.000 0.000 

Locus 10 : 
8 alleles
0.1% missing data
 164   (0.260) 0.268 0.283 0.291 0.243 0.188 0.261 0.204 0.193 0.230 0.167 
 160   (0.219) 0.214 0.178 0.233 0.206 0.269 0.219 0.215 0.205 0.255 0.383 
 168   (0.240) 0.238 0.229 0.220 0.249 0.228 0.240 0.350 0.337 0.139 0.255 
 156   (0.127) 0.122 0.159 0.091 0.112 0.104 0.126 0.156 0.189 0.274 0.162 
 172   (0.078) 0.082 0.093 0.072 0.147 0.188 0.079 0.030 0.039 0.049 0.016 
 152   (0.030) 0.029 0.035 0.061 0.015 0.010 0.030 0.018 0.011 0.038 0.004 
 176   (0.036) 0.039 0.021 0.028 0.025 0.012 0.036 0.026 0.023 0.014 0.011 
 180   (0.009) 0.009 0.002 0.004 0.002 0.001 0.009 0.002 0.003 0.002 0.001 

Locus 11 : 
10 alleles
0.0% missing data
 169   (0.304) 0.310 0.324 0.335 0.350 0.334 0.304 0.298 0.265 0.343 0.154 
 161   (0.094) 0.094 0.117 0.075 0.140 0.184 0.094 0.090 0.090 0.057 0.061 
 165   (0.274) 0.276 0.240 0.272 0.230 0.179 0.274 0.350 0.330 0.328 0.301 
 173   (0.153) 0.152 0.182 0.145 0.149 0.144 0.153 0.085 0.101 0.161 0.213 
 157   (0.048) 0.046 0.057 0.061 0.045 0.015 0.048 0.051 0.045 0.052 0.006 
 177   (0.061) 0.059 0.039 0.045 0.054 0.125 0.061 0.098 0.136 0.023 0.251 
 153   (0.013) 0.014 0.003 0.007 0.010 0.002 0.013 0.007 0.012 0.003 0.004 
 185   (0.013) 0.013 0.005 0.009 0.007 0.003 0.013 0.006 0.007 0.003 0.001 
 181   (0.026) 0.024 0.027 0.043 0.010 0.009 0.026 0.010 0.011 0.024 0.002 
 149   (0.013) 0.012 0.004 0.010 0.005 0.005 0.013 0.005 0.004 0.006 0.005 

Locus 12 : 
5 alleles
0.4% missing data
 149   (0.870) 0.867 0.918 0.902 0.872 0.962 0.870 0.812 0.826 0.945 0.966 
 157   (0.031) 0.033 0.019 0.029 0.025 0.010 0.031 0.052 0.028 0.018 0.008 
 153   (0.048) 0.047 0.030 0.031 0.072 0.013 0.048 0.117 0.123 0.015 0.021 
 151   (0.019) 0.020 0.008 0.012 0.007 0.003 0.019 0.007 0.008 0.004 0.001 
 155   (0.031) 0.033 0.025 0.026 0.023 0.013 0.031 0.011 0.015 0.018 0.003 

Values of parameters used in structure:
DATAFILE=/data/home/rchen/Hunting/Final_analysis/data_job_T10_3,	OUTFILE=/data/home/rchen/Hunting/Final_analysis/Results_females_4.4/results_job_T10_3,	NUMINDS=813,	NUMLOCI=12,	MISSING=-9,	LABEL=1,	POPDATA=1,	POPFLAG=0,	PHENOTYPE=0,	EXTRACOLS=0,	MAXPOPS=10,	BURNIN=10000,	NUMREPS=10000,	USEPOPINFO=0,	INFERALPHA=1,	INFERLAMBDA=0,	POPSPECIFICLAMBDA=0,	POPALPHAS=0,	COMPUTEPROB=1,	NOADMIX=0,	ADMBURNIN=2500,	UPDATEFREQ=1,	PRINTLIKES=0,	INTERMEDSAVE=0,	PRINTKLD=0,	PRINTNET=0,	PRINTLAMBDA=0,	ANCESTDIST=0,	NUMBOXES=1000,	ANCESTPINT=0.90000,	GENSBACK=2,	MIGRPRIOR=0.05000,	PRINTQHAT=1,	PRINTQSUM=0,	ALPHA=1.0000,	FREQSCORR=1,	FPRIORMEAN=0.0100,	FPRIORSD=0.0500,	ONEFST=0,	LAMBDA=1.0000,	UNIFPRIORALPHA=1,	ALPHAMAX=10.0000,	ALPHAPRIORA=1.0000,	ALPHAPRIORB=2.0000,	ALPHAPROPSD=0.0250,	STARTATPOPINFO=0,	RANDOMIZE=1,	LINKAGE=0,	METROFREQ=10,	REPORTHITRATE=0,	MARKOVPHASE=-1,	PHASED=0,	PLOIDY=2,	PHASEINFO=0	LOCPRIOR=0, 	LOCPRIORINIT=1.000000, 	LOCDATA=0, 	LOCISPOP=0, 	LOCPRIORSTEP=0.100000, 	MAXLOCPRIOR=20.000000, 	SEED=1649138667,	
[STRAT parameters]:    NUMSIMSTATS=1000,	PHENOTYPECOL=-9,	POOLFREQ=10,	LOCUSxONLY=0,	EMERROR=0.00100,	MISSINGPHENO=-9,	