

----------------------------------------------------
STRUCTURE by Pritchard, Stephens and Donnelly (2000)
     and Falush, Stephens and Pritchard (2003)
       Code by Pritchard, Falush and Hubisz
             Version 2.3.4 (Jul 2012)
----------------------------------------------------



Command line arguments:   /usr/local/bin/structure -m parameter_job_T10_96 
Input File:    /data/home/rchen/Hunting/Final_analysis/data_job_T10_96

Run parameters:
   813 individuals
   12 loci
   10 populations assumed
   10000 Burn-in period
   10000 Reps


--------------------------------------------
Proportion of membership of each pre-defined
 population in each of the 10 clusters

Given    Inferred Clusters                                                        Number of
 Pop       1      2      3      4      5      6      7      8      9     10      Individuals

  1:     0.098  0.101  0.114  0.112  0.114  0.110  0.086  0.078  0.085  0.102      144
  2:     0.108  0.104  0.070  0.094  0.094  0.092  0.121  0.115  0.095  0.108      163
  3:     0.148  0.102  0.048  0.106  0.099  0.101  0.074  0.134  0.080  0.108        8
  4:     0.084  0.081  0.102  0.099  0.098  0.101  0.113  0.104  0.128  0.089       88
  5:     0.095  0.111  0.108  0.110  0.103  0.107  0.104  0.072  0.086  0.103      121
  6:     0.080  0.105  0.082  0.097  0.100  0.101  0.084  0.131  0.119  0.103       22
  7:     0.103  0.129  0.083  0.093  0.086  0.097  0.094  0.074  0.121  0.120        9
  8:     0.107  0.106  0.092  0.106  0.094  0.094  0.086  0.106  0.099  0.112       20
  9:     0.088  0.071  0.143  0.083  0.088  0.086  0.062  0.175  0.113  0.091       16
 10:     0.113  0.073  0.100  0.090  0.097  0.094  0.115  0.115  0.106  0.097       64
 11:     0.101  0.107  0.115  0.098  0.097  0.097  0.083  0.105  0.105  0.091      131
 12:     0.094  0.092  0.100  0.108  0.116  0.112  0.068  0.091  0.101  0.119       27
--------------------------------------------

Allele-freq. divergence among pops (Net nucleotide distance),
computed using point estimates of P.

      1       2       3       4       5       6       7       8       9      10      
 1      -    0.0113  0.0193  0.0035  0.0027  0.0028  0.0268  0.0112  0.0158  0.0050  
 2   0.0113     -    0.0252  0.0125  0.0108  0.0108  0.0316  0.0219  0.0261  0.0143  
 3   0.0193  0.0252     -    0.0164  0.0150  0.0148  0.0338  0.0320  0.0292  0.0192  
 4   0.0035  0.0125  0.0164     -    0.0006  0.0007  0.0273  0.0123  0.0121  0.0015  
 5   0.0027  0.0108  0.0150  0.0006     -    0.0000  0.0233  0.0110  0.0112  0.0018  
 6   0.0028  0.0108  0.0148  0.0007  0.0000     -    0.0233  0.0110  0.0111  0.0018  
 7   0.0268  0.0316  0.0338  0.0273  0.0233  0.0233     -    0.0335  0.0276  0.0300  
 8   0.0112  0.0219  0.0320  0.0123  0.0110  0.0110  0.0335     -    0.0232  0.0135  
 9   0.0158  0.0261  0.0292  0.0121  0.0112  0.0111  0.0276  0.0232     -    0.0135  
10   0.0050  0.0143  0.0192  0.0015  0.0018  0.0018  0.0300  0.0135  0.0135     -    

Average distances (expected heterozygosity) between individuals in same cluster:
cluster  1  : 0.6937 
cluster  2  : 0.6607 
cluster  3  : 0.6498 
cluster  4  : 0.7086 
cluster  5  : 0.7096 
cluster  6  : 0.7097 
cluster  7  : 0.6216 
cluster  8  : 0.6525 
cluster  9  : 0.7160 
cluster 10  : 0.7123 

--------------------------------------------
Estimated Ln Prob of Data   = -32704.0
Mean value of ln likelihood = -28893.9
Variance of ln likelihood   = 7620.1
Mean value of alpha         = 0.0976

Mean value of Fst_1         = 0.0404
Mean value of Fst_2         = 0.0790
Mean value of Fst_3         = 0.0837
Mean value of Fst_4         = 0.0285
Mean value of Fst_5         = 0.0031
Mean value of Fst_6         = 0.0024
Mean value of Fst_7         = 0.1089
Mean value of Fst_8         = 0.0669
Mean value of Fst_9         = 0.0673
Mean value of Fst_10         = 0.0436


Inferred ancestry of individuals:
        Label (%Miss) Pop:  Inferred clusters
  1     H102    (8)    1 :  0.049 0.045 0.591 0.077 0.050 0.054 0.029 0.020 0.033 0.051 
  2     H103    (8)    1 :  0.070 0.069 0.040 0.324 0.146 0.095 0.015 0.056 0.049 0.137 
  3     H104    (8)    1 :  0.090 0.089 0.100 0.071 0.074 0.082 0.220 0.133 0.083 0.058 
  4     H105    (0)    1 :  0.069 0.102 0.155 0.103 0.108 0.101 0.060 0.061 0.037 0.203 
  5     H106    (8)    1 :  0.050 0.078 0.044 0.129 0.099 0.085 0.117 0.082 0.184 0.132 
  6     H112    (8)    1 :  0.068 0.053 0.424 0.059 0.072 0.065 0.097 0.035 0.052 0.075 
  7     H113    (8)    1 :  0.115 0.070 0.106 0.075 0.063 0.067 0.059 0.352 0.039 0.053 
  8     H114    (8)    1 :  0.098 0.058 0.109 0.084 0.087 0.084 0.024 0.334 0.044 0.079 
  9     H115    (0)    1 :  0.053 0.061 0.618 0.042 0.048 0.030 0.051 0.029 0.025 0.042 
 10     H143    (8)    1 :  0.063 0.085 0.414 0.087 0.082 0.078 0.027 0.037 0.027 0.100 
 11     H144    (8)    1 :  0.158 0.137 0.048 0.093 0.240 0.180 0.020 0.030 0.026 0.068 
 12     H145    (0)    1 :  0.040 0.054 0.383 0.121 0.093 0.099 0.018 0.103 0.020 0.068 
 13     H149    (0)    1 :  0.073 0.077 0.095 0.073 0.101 0.100 0.232 0.037 0.136 0.078 
 14     H150    (0)    1 :  0.103 0.044 0.193 0.085 0.144 0.162 0.071 0.105 0.045 0.048 
 15  H167542    (0)    1 :  0.049 0.587 0.051 0.054 0.068 0.053 0.033 0.029 0.028 0.048 
 16  H169604    (0)    1 :  0.218 0.148 0.090 0.107 0.091 0.101 0.062 0.056 0.032 0.094 
 17  H169607    (0)    1 :  0.157 0.150 0.058 0.183 0.115 0.118 0.044 0.065 0.043 0.066 
 18  H169608    (8)    1 :  0.019 0.015 0.810 0.022 0.023 0.019 0.028 0.016 0.026 0.022 
 19  H169633    (0)    1 :  0.159 0.177 0.071 0.064 0.080 0.091 0.021 0.160 0.042 0.135 
 20  H169688    (0)    1 :  0.148 0.039 0.030 0.153 0.124 0.115 0.030 0.017 0.181 0.162 
 21  H169714    (8)    1 :  0.083 0.059 0.157 0.102 0.100 0.116 0.105 0.085 0.132 0.062 
 22  H171802    (8)    1 :  0.150 0.048 0.049 0.078 0.083 0.080 0.226 0.076 0.115 0.096 
 23  H171805    (8)    1 :  0.062 0.070 0.057 0.210 0.128 0.141 0.026 0.068 0.084 0.155 
 24  H171807    (8)    1 :  0.100 0.058 0.054 0.105 0.128 0.146 0.233 0.029 0.064 0.082 
 25  H171814    (8)    1 :  0.253 0.020 0.044 0.081 0.141 0.110 0.025 0.197 0.053 0.076 
 26  H171816    (8)    1 :  0.103 0.045 0.073 0.115 0.122 0.127 0.142 0.075 0.120 0.078 
 27  H171817    (8)    1 :  0.092 0.062 0.073 0.095 0.109 0.128 0.133 0.126 0.084 0.097 
 28  H171818    (8)    1 :  0.083 0.159 0.050 0.103 0.110 0.119 0.038 0.085 0.146 0.106 
 29  H171819    (8)    1 :  0.071 0.047 0.054 0.091 0.091 0.073 0.102 0.354 0.057 0.060 
 30  H171834    (8)    1 :  0.057 0.032 0.404 0.103 0.078 0.091 0.030 0.045 0.064 0.097 
 31  H171835    (8)    1 :  0.145 0.048 0.076 0.042 0.051 0.051 0.185 0.086 0.281 0.035 
 32  H171836    (8)    1 :  0.113 0.067 0.030 0.129 0.116 0.092 0.013 0.130 0.047 0.262 
 33  H171837    (8)    1 :  0.086 0.254 0.171 0.062 0.087 0.066 0.061 0.090 0.069 0.053 
 34  H171838    (8)    1 :  0.052 0.030 0.075 0.156 0.090 0.099 0.025 0.184 0.095 0.194 
 35  H171839    (8)    1 :  0.154 0.099 0.090 0.053 0.093 0.076 0.139 0.126 0.118 0.052 
 36  H171841    (8)    1 :  0.043 0.028 0.069 0.065 0.061 0.066 0.470 0.023 0.085 0.090 
 37  H171860    (8)    1 :  0.143 0.100 0.146 0.086 0.102 0.110 0.070 0.101 0.035 0.107 
 38  H171861    (8)    1 :  0.059 0.079 0.052 0.179 0.088 0.092 0.018 0.091 0.037 0.306 
 39  H171862    (8)    1 :  0.089 0.045 0.152 0.133 0.165 0.136 0.050 0.061 0.059 0.111 
 40  H171868    (8)    1 :  0.047 0.166 0.405 0.069 0.065 0.070 0.028 0.052 0.034 0.065 
 41  H171869    (8)    1 :  0.088 0.041 0.072 0.150 0.197 0.171 0.031 0.060 0.124 0.066 
 42  H171870    (8)    1 :  0.114 0.048 0.033 0.089 0.115 0.118 0.072 0.027 0.270 0.115 
 43  H171871    (8)    1 :  0.098 0.038 0.077 0.157 0.166 0.172 0.024 0.089 0.068 0.111 
 44  H171872    (8)    1 :  0.129 0.063 0.176 0.067 0.079 0.103 0.112 0.166 0.054 0.052 
 45  H171873    (8)    1 :  0.089 0.076 0.024 0.170 0.119 0.144 0.108 0.037 0.164 0.069 
 46  H171874    (8)    1 :  0.067 0.044 0.084 0.205 0.142 0.124 0.035 0.030 0.049 0.219 
 47  H171875    (8)    1 :  0.062 0.090 0.047 0.179 0.121 0.121 0.023 0.147 0.027 0.183 
 48  H171876    (8)    1 :  0.164 0.097 0.062 0.141 0.150 0.150 0.035 0.042 0.049 0.111 
 49  H171877    (8)    1 :  0.054 0.598 0.055 0.047 0.034 0.037 0.022 0.053 0.056 0.044 
 50  H171878    (8)    1 :  0.105 0.069 0.037 0.100 0.115 0.122 0.044 0.023 0.323 0.063 
 51  H171901    (0)    1 :  0.085 0.059 0.045 0.132 0.098 0.075 0.162 0.048 0.210 0.086 
 52  H171902    (0)    1 :  0.146 0.072 0.066 0.141 0.132 0.138 0.138 0.057 0.050 0.059 
 53  H171903    (0)    1 :  0.107 0.039 0.205 0.102 0.108 0.128 0.035 0.075 0.071 0.130 
 54  H171935    (8)    1 :  0.072 0.021 0.036 0.103 0.103 0.097 0.135 0.059 0.237 0.137 
 55  H171936    (8)    1 :  0.121 0.161 0.034 0.079 0.084 0.084 0.034 0.277 0.055 0.071 
 56  H171940    (8)    1 :  0.081 0.292 0.071 0.079 0.101 0.099 0.110 0.029 0.052 0.087 
 57  H171945    (8)    1 :  0.149 0.102 0.075 0.086 0.133 0.124 0.083 0.060 0.103 0.085 
 58  H171948    (8)    1 :  0.050 0.043 0.206 0.110 0.088 0.087 0.121 0.079 0.054 0.162 
 59  H171949    (8)    1 :  0.075 0.080 0.047 0.049 0.073 0.071 0.412 0.038 0.103 0.052 
 60  H171950    (8)    1 :  0.094 0.040 0.139 0.083 0.065 0.061 0.243 0.041 0.183 0.050 
 61  H171963    (8)    1 :  0.084 0.038 0.037 0.122 0.124 0.112 0.016 0.053 0.324 0.090 
 62  H171964    (8)    1 :  0.082 0.038 0.042 0.097 0.215 0.267 0.029 0.085 0.047 0.100 
 63  H171966    (8)    1 :  0.037 0.046 0.040 0.107 0.109 0.121 0.053 0.082 0.265 0.140 
 64  H171968    (8)    1 :  0.116 0.101 0.117 0.138 0.122 0.130 0.124 0.032 0.071 0.049 
 65  H171971    (8)    1 :  0.066 0.028 0.041 0.106 0.126 0.112 0.040 0.167 0.192 0.121 
 66  H171972    (8)    1 :  0.158 0.032 0.067 0.161 0.155 0.101 0.018 0.067 0.035 0.207 
 67  H171977    (8)    1 :  0.112 0.144 0.044 0.106 0.184 0.147 0.033 0.062 0.110 0.058 
 68  H171978    (8)    1 :  0.062 0.040 0.085 0.131 0.146 0.154 0.138 0.036 0.117 0.091 
 69  H171979    (8)    1 :  0.103 0.048 0.041 0.133 0.139 0.126 0.021 0.111 0.064 0.214 
 70     H176    (8)    1 :  0.054 0.075 0.279 0.058 0.086 0.083 0.049 0.242 0.026 0.048 
 71     H177    (0)    1 :  0.067 0.088 0.120 0.104 0.073 0.067 0.268 0.034 0.133 0.045 
 72     H179    (0)    1 :  0.077 0.301 0.044 0.064 0.047 0.066 0.198 0.078 0.073 0.053 
 73     H181    (0)    1 :  0.086 0.047 0.047 0.086 0.151 0.156 0.040 0.112 0.115 0.161 
 74     H182    (8)    1 :  0.062 0.048 0.187 0.214 0.131 0.080 0.015 0.087 0.036 0.141 
 75     H183    (8)    1 :  0.101 0.084 0.016 0.162 0.146 0.188 0.053 0.037 0.056 0.156 
 76     H184    (8)    1 :  0.067 0.076 0.077 0.117 0.096 0.084 0.131 0.081 0.041 0.231 
 77     H185    (8)    1 :  0.088 0.117 0.037 0.117 0.122 0.092 0.032 0.120 0.077 0.198 
 78     H186    (8)    1 :  0.128 0.066 0.141 0.097 0.200 0.200 0.042 0.021 0.056 0.048 
 79     H187    (8)    1 :  0.074 0.086 0.025 0.162 0.098 0.109 0.052 0.066 0.193 0.136 
 80     H188    (8)    1 :  0.075 0.488 0.030 0.045 0.056 0.047 0.103 0.058 0.055 0.043 
 81     H192    (8)    1 :  0.066 0.067 0.065 0.089 0.100 0.085 0.204 0.052 0.154 0.118 
 82     H193    (8)    1 :  0.057 0.052 0.333 0.132 0.129 0.114 0.017 0.034 0.053 0.079 
 83     H194    (0)    1 :  0.099 0.072 0.119 0.087 0.129 0.117 0.080 0.130 0.074 0.091 
 84     H195    (0)    1 :  0.162 0.044 0.043 0.128 0.129 0.133 0.028 0.021 0.147 0.165 
 85     H199    (8)    1 :  0.229 0.099 0.030 0.100 0.168 0.102 0.058 0.055 0.104 0.055 
 86     H200    (8)    1 :  0.166 0.094 0.039 0.081 0.104 0.116 0.148 0.066 0.060 0.128 
 87     H414    (8)    1 :  0.125 0.040 0.114 0.155 0.128 0.130 0.051 0.041 0.099 0.116 
 88     H415    (0)    1 :  0.145 0.056 0.110 0.112 0.101 0.106 0.043 0.200 0.033 0.094 
 89     H422    (8)    1 :  0.088 0.050 0.132 0.116 0.184 0.146 0.093 0.059 0.041 0.091 
 90     H423    (8)    1 :  0.029 0.026 0.032 0.033 0.036 0.035 0.703 0.023 0.048 0.034 
 91     H424    (8)    1 :  0.092 0.065 0.028 0.132 0.173 0.211 0.032 0.075 0.064 0.128 
 92     H425    (8)    1 :  0.221 0.104 0.026 0.087 0.150 0.156 0.031 0.051 0.119 0.055 
 93     H426    (8)    1 :  0.072 0.037 0.046 0.199 0.241 0.143 0.041 0.051 0.071 0.099 
 94     H443    (8)    1 :  0.145 0.108 0.115 0.067 0.218 0.233 0.019 0.021 0.031 0.042 
 95     H466    (8)    1 :  0.099 0.067 0.101 0.106 0.117 0.120 0.070 0.044 0.186 0.089 
 96     H467    (8)    1 :  0.056 0.041 0.057 0.069 0.105 0.079 0.232 0.053 0.251 0.055 
 97     H472    (8)    1 :  0.179 0.200 0.027 0.075 0.087 0.082 0.120 0.091 0.074 0.064 
 98     H483    (8)    1 :  0.121 0.153 0.045 0.094 0.155 0.148 0.049 0.066 0.037 0.132 
 99     H504    (8)    1 :  0.163 0.054 0.033 0.133 0.150 0.132 0.046 0.147 0.054 0.089 
100     H505    (8)    1 :  0.139 0.215 0.040 0.085 0.096 0.086 0.096 0.050 0.110 0.084 
101     H506    (0)    1 :  0.075 0.044 0.246 0.099 0.144 0.131 0.044 0.095 0.068 0.055 
102     H507    (8)    1 :  0.111 0.110 0.039 0.134 0.126 0.159 0.012 0.085 0.108 0.116 
103     H508    (8)    1 :  0.069 0.036 0.033 0.074 0.109 0.110 0.111 0.070 0.324 0.063 
104     H524    (8)    1 :  0.180 0.118 0.027 0.114 0.098 0.100 0.035 0.112 0.081 0.137 
105     H525    (8)    1 :  0.109 0.081 0.161 0.112 0.142 0.153 0.027 0.054 0.064 0.099 
106     H526    (8)    1 :  0.102 0.323 0.043 0.060 0.076 0.077 0.094 0.121 0.021 0.082 
107     H527    (8)    1 :  0.059 0.058 0.087 0.166 0.120 0.109 0.115 0.038 0.116 0.132 
108     H528    (8)    1 :  0.083 0.057 0.081 0.140 0.122 0.134 0.027 0.197 0.027 0.133 
109     H529    (8)    1 :  0.089 0.111 0.060 0.189 0.128 0.162 0.020 0.118 0.062 0.060 
110     H533    (0)    1 :  0.106 0.034 0.085 0.198 0.105 0.088 0.016 0.104 0.119 0.145 
111     H538    (8)    1 :  0.167 0.170 0.068 0.119 0.090 0.105 0.121 0.048 0.046 0.066 
112     H539    (0)    1 :  0.054 0.040 0.044 0.142 0.092 0.105 0.023 0.030 0.307 0.163 
113     H540    (0)    1 :  0.099 0.083 0.105 0.122 0.126 0.140 0.054 0.083 0.092 0.097 
114     H541    (8)    1 :  0.132 0.287 0.075 0.091 0.101 0.094 0.040 0.078 0.052 0.051 
115     H558    (8)    1 :  0.064 0.035 0.027 0.154 0.115 0.126 0.038 0.044 0.051 0.346 
116     H559    (8)    1 :  0.105 0.107 0.223 0.122 0.104 0.102 0.071 0.059 0.037 0.072 
117     H579    (8)    1 :  0.052 0.077 0.120 0.189 0.100 0.122 0.029 0.047 0.032 0.231 
118     H584    (8)    1 :  0.109 0.107 0.059 0.164 0.172 0.184 0.033 0.060 0.057 0.056 
119     H585    (8)    1 :  0.075 0.068 0.034 0.154 0.140 0.121 0.033 0.109 0.177 0.089 
120     H605    (8)    1 :  0.071 0.075 0.059 0.135 0.110 0.106 0.255 0.045 0.060 0.082 
121     H606    (8)    1 :  0.063 0.094 0.280 0.057 0.078 0.074 0.227 0.029 0.052 0.047 
122     H632    (8)    1 :  0.102 0.043 0.216 0.081 0.186 0.156 0.020 0.078 0.062 0.056 
123     H634    (8)    1 :  0.064 0.149 0.047 0.203 0.127 0.110 0.059 0.045 0.067 0.131 
124     H671    (8)    1 :  0.047 0.047 0.026 0.055 0.057 0.065 0.542 0.056 0.062 0.043 
125     H672    (8)    1 :  0.371 0.046 0.019 0.066 0.075 0.077 0.059 0.082 0.045 0.161 
126     H673    (8)    1 :  0.063 0.172 0.078 0.140 0.165 0.161 0.033 0.027 0.039 0.122 
127     H689    (8)    1 :  0.078 0.170 0.070 0.092 0.181 0.193 0.040 0.058 0.043 0.076 
128     H690    (8)    1 :  0.044 0.031 0.668 0.044 0.033 0.034 0.036 0.045 0.029 0.034 
129     H691    (8)    1 :  0.121 0.267 0.142 0.098 0.090 0.096 0.038 0.037 0.058 0.053 
130     H692    (8)    1 :  0.077 0.046 0.026 0.148 0.183 0.193 0.013 0.061 0.026 0.226 
131     H709    (8)    1 :  0.152 0.036 0.267 0.119 0.090 0.085 0.045 0.046 0.066 0.093 
132     H710    (8)    1 :  0.063 0.086 0.054 0.271 0.127 0.112 0.017 0.113 0.027 0.130 
133    H7355    (8)    1 :  0.061 0.112 0.277 0.051 0.052 0.052 0.019 0.299 0.034 0.044 
134    H7356    (8)    1 :  0.064 0.115 0.081 0.243 0.157 0.114 0.072 0.031 0.047 0.076 
135    H7357    (8)    1 :  0.072 0.172 0.216 0.079 0.090 0.070 0.088 0.054 0.076 0.083 
136    H7358    (8)    1 :  0.096 0.436 0.024 0.076 0.061 0.054 0.028 0.027 0.035 0.163 
137    H7380    (8)    1 :  0.073 0.055 0.265 0.109 0.141 0.137 0.039 0.056 0.036 0.091 
138    H7381    (8)    1 :  0.056 0.048 0.066 0.116 0.201 0.183 0.135 0.037 0.088 0.071 
139    H7382    (8)    1 :  0.124 0.056 0.152 0.131 0.142 0.141 0.029 0.047 0.079 0.098 
140     H904    (8)    1 :  0.061 0.056 0.208 0.058 0.069 0.066 0.332 0.022 0.086 0.042 
141     H923   (25)    1 :  0.094 0.148 0.034 0.063 0.105 0.124 0.160 0.072 0.081 0.118 
142     H924    (8)    1 :  0.089 0.174 0.085 0.081 0.135 0.102 0.161 0.031 0.059 0.083 
143     H925    (8)    1 :  0.083 0.561 0.028 0.059 0.048 0.045 0.041 0.043 0.031 0.061 
144    H9558    (0)    1 :  0.072 0.038 0.025 0.207 0.103 0.109 0.031 0.034 0.043 0.338 
145     H008    (0)    2 :  0.107 0.101 0.064 0.112 0.105 0.118 0.027 0.156 0.036 0.175 
146     H021    (8)    2 :  0.123 0.096 0.153 0.081 0.103 0.092 0.101 0.045 0.141 0.063 
147     H023    (8)    2 :  0.068 0.299 0.094 0.098 0.059 0.059 0.116 0.044 0.114 0.049 
148     H024    (8)    2 :  0.117 0.029 0.020 0.063 0.089 0.103 0.030 0.377 0.031 0.141 
149     H025    (8)    2 :  0.066 0.090 0.057 0.114 0.136 0.124 0.222 0.026 0.061 0.103 
150     H026    (8)    2 :  0.182 0.041 0.026 0.109 0.208 0.180 0.023 0.120 0.046 0.066 
151     H027    (8)    2 :  0.290 0.150 0.043 0.076 0.084 0.098 0.039 0.078 0.065 0.077 
152     H028    (8)    2 :  0.107 0.080 0.037 0.108 0.149 0.147 0.060 0.125 0.045 0.143 
153     H029    (0)    2 :  0.153 0.137 0.021 0.073 0.101 0.075 0.025 0.309 0.048 0.058 
154     H030    (0)    2 :  0.137 0.029 0.033 0.129 0.115 0.115 0.029 0.160 0.041 0.212 
155     H038    (0)    2 :  0.069 0.138 0.027 0.069 0.062 0.059 0.052 0.045 0.404 0.076 
156     H039    (8)    2 :  0.015 0.020 0.043 0.018 0.018 0.020 0.804 0.018 0.029 0.016 
157     H040    (8)    2 :  0.116 0.036 0.037 0.081 0.049 0.060 0.149 0.059 0.355 0.058 
158     H041    (0)    2 :  0.108 0.213 0.032 0.080 0.067 0.062 0.088 0.242 0.026 0.081 
159     H042    (8)    2 :  0.083 0.201 0.060 0.102 0.121 0.098 0.097 0.076 0.056 0.106 
160     H043    (0)    2 :  0.055 0.020 0.054 0.069 0.050 0.066 0.127 0.021 0.452 0.087 
161     H044   (16)    2 :  0.065 0.032 0.034 0.132 0.110 0.111 0.026 0.091 0.084 0.313 
162     H047    (0)    2 :  0.066 0.051 0.096 0.142 0.105 0.116 0.153 0.091 0.049 0.131 
163     H050    (8)    2 :  0.356 0.029 0.067 0.076 0.070 0.076 0.026 0.064 0.047 0.189 
164     H058    (8)    2 :  0.058 0.041 0.047 0.096 0.116 0.082 0.062 0.040 0.376 0.082 
165     H062    (8)    2 :  0.060 0.516 0.074 0.055 0.048 0.052 0.068 0.022 0.057 0.047 
166     H063    (8)    2 :  0.074 0.110 0.070 0.098 0.078 0.091 0.167 0.065 0.168 0.079 
167     H065    (8)    2 :  0.089 0.091 0.042 0.104 0.235 0.229 0.096 0.030 0.037 0.048 
168     H066    (8)    2 :  0.076 0.034 0.026 0.126 0.116 0.083 0.038 0.267 0.132 0.102 
169     H067    (8)    2 :  0.122 0.193 0.068 0.110 0.149 0.141 0.036 0.048 0.064 0.068 
170     H068    (8)    2 :  0.053 0.101 0.028 0.059 0.080 0.056 0.422 0.037 0.118 0.044 
171     H069    (8)    2 :  0.151 0.113 0.016 0.127 0.061 0.087 0.043 0.047 0.211 0.144 
172     H071    (0)    2 :  0.100 0.082 0.182 0.080 0.101 0.103 0.088 0.061 0.108 0.093 
173     H072    (8)    2 :  0.046 0.059 0.047 0.053 0.062 0.059 0.486 0.053 0.063 0.072 
174     H073    (8)    2 :  0.133 0.118 0.052 0.121 0.149 0.139 0.040 0.104 0.080 0.064 
175     H081    (0)    2 :  0.098 0.227 0.111 0.078 0.091 0.082 0.108 0.083 0.040 0.083 
176     H082    (8)    2 :  0.079 0.036 0.037 0.119 0.081 0.100 0.019 0.085 0.083 0.362 
177     H083    (0)    2 :  0.079 0.053 0.047 0.168 0.113 0.102 0.020 0.031 0.040 0.348 
178     H084    (0)    2 :  0.124 0.076 0.036 0.069 0.095 0.093 0.074 0.163 0.194 0.077 
179     H085    (0)    2 :  0.333 0.199 0.080 0.046 0.066 0.067 0.041 0.072 0.024 0.072 
180     H087    (8)    2 :  0.064 0.313 0.161 0.085 0.063 0.071 0.048 0.088 0.029 0.079 
181     H088    (0)    2 :  0.082 0.100 0.101 0.114 0.116 0.107 0.128 0.043 0.105 0.105 
182     H089    (8)    2 :  0.088 0.411 0.041 0.088 0.086 0.081 0.038 0.044 0.063 0.060 
183     H090    (8)    2 :  0.374 0.037 0.031 0.056 0.077 0.075 0.045 0.100 0.024 0.181 
184     H091    (0)    2 :  0.468 0.052 0.029 0.041 0.062 0.046 0.022 0.176 0.022 0.082 
185     H098    (8)    2 :  0.087 0.100 0.032 0.065 0.074 0.092 0.070 0.321 0.059 0.100 
186   H10001    (8)    2 :  0.019 0.019 0.043 0.016 0.016 0.019 0.812 0.016 0.022 0.019 
187   H10002    (8)    2 :  0.065 0.072 0.405 0.079 0.071 0.059 0.075 0.025 0.066 0.082 
188     H101    (8)    2 :  0.388 0.022 0.020 0.072 0.069 0.063 0.031 0.097 0.062 0.176 
189     H108    (8)    2 :  0.040 0.212 0.067 0.070 0.094 0.093 0.323 0.031 0.028 0.044 
190     H109    (0)    2 :  0.082 0.031 0.045 0.087 0.084 0.090 0.091 0.225 0.169 0.096 
191     H110    (8)    2 :  0.082 0.070 0.291 0.099 0.080 0.077 0.023 0.116 0.022 0.141 
192     H116    (8)    2 :  0.140 0.037 0.049 0.102 0.176 0.153 0.030 0.130 0.073 0.110 
193     H117    (0)    2 :  0.231 0.033 0.027 0.042 0.046 0.043 0.027 0.464 0.026 0.063 
194     H118    (8)    2 :  0.375 0.097 0.052 0.045 0.078 0.082 0.030 0.135 0.022 0.085 
195     H119    (8)    2 :  0.056 0.048 0.079 0.054 0.080 0.071 0.086 0.424 0.052 0.049 
196     H120    (8)    2 :  0.039 0.178 0.100 0.054 0.047 0.047 0.401 0.036 0.042 0.058 
197     H121    (8)    2 :  0.460 0.116 0.021 0.033 0.067 0.040 0.028 0.084 0.014 0.137 
198     H125    (8)    2 :  0.019 0.024 0.021 0.017 0.020 0.020 0.766 0.025 0.067 0.022 
199     H126    (0)    2 :  0.070 0.060 0.044 0.122 0.190 0.183 0.061 0.052 0.026 0.193 
200     H128    (8)    2 :  0.523 0.019 0.013 0.042 0.048 0.069 0.015 0.129 0.013 0.130 
201     H129    (8)    2 :  0.072 0.052 0.049 0.207 0.181 0.179 0.027 0.042 0.118 0.074 
202     H130    (0)    2 :  0.067 0.027 0.121 0.121 0.149 0.124 0.236 0.015 0.053 0.088 
203     H133    (0)    2 :  0.056 0.030 0.044 0.047 0.084 0.069 0.528 0.022 0.078 0.042 
204     H134    (8)    2 :  0.075 0.033 0.026 0.097 0.302 0.277 0.020 0.056 0.023 0.091 
205     H135    (8)    2 :  0.095 0.105 0.110 0.117 0.111 0.115 0.112 0.078 0.043 0.114 
206     H137    (8)    2 :  0.148 0.035 0.024 0.062 0.073 0.069 0.110 0.305 0.089 0.085 
207     H138    (8)    2 :  0.074 0.023 0.152 0.169 0.191 0.173 0.019 0.040 0.044 0.115 
208     H140    (8)    2 :  0.203 0.041 0.048 0.060 0.111 0.101 0.203 0.087 0.029 0.117 
209     H146    (8)    2 :  0.446 0.028 0.033 0.034 0.055 0.052 0.053 0.174 0.020 0.104 
210     H147    (0)    2 :  0.171 0.070 0.145 0.108 0.074 0.082 0.041 0.196 0.031 0.082 
211     H148    (0)    2 :  0.119 0.054 0.332 0.043 0.062 0.068 0.030 0.210 0.036 0.046 
212  H166022    (0)    2 :  0.071 0.043 0.066 0.180 0.112 0.115 0.026 0.202 0.047 0.137 
213  H167359    (8)    2 :  0.094 0.047 0.043 0.110 0.142 0.148 0.060 0.098 0.064 0.194 
214  H167397    (0)    2 :  0.119 0.027 0.051 0.076 0.063 0.071 0.011 0.461 0.027 0.093 
215  H167428    (8)    2 :  0.118 0.501 0.025 0.073 0.076 0.052 0.016 0.043 0.016 0.080 
216  H167496    (0)    2 :  0.045 0.082 0.043 0.045 0.049 0.046 0.556 0.042 0.046 0.045 
217  H167513    (0)    2 :  0.027 0.021 0.025 0.045 0.041 0.040 0.027 0.085 0.460 0.229 
218  H167545    (8)    2 :  0.061 0.075 0.051 0.294 0.119 0.116 0.021 0.053 0.069 0.139 
219  H167547    (0)    2 :  0.020 0.012 0.021 0.018 0.032 0.022 0.017 0.818 0.019 0.022 
220  H169621    (8)    2 :  0.189 0.033 0.098 0.108 0.112 0.112 0.035 0.148 0.038 0.129 
221  H169622    (8)    2 :  0.117 0.089 0.076 0.182 0.131 0.122 0.025 0.029 0.113 0.116 
222  H169750    (0)    2 :  0.070 0.038 0.028 0.134 0.129 0.120 0.165 0.061 0.114 0.142 
223  H171806    (8)    2 :  0.188 0.108 0.105 0.055 0.102 0.092 0.077 0.164 0.057 0.053 
224  H171808    (8)    2 :  0.139 0.276 0.051 0.100 0.093 0.082 0.058 0.035 0.077 0.090 
225  H171809    (8)    2 :  0.062 0.194 0.187 0.078 0.088 0.115 0.068 0.067 0.046 0.095 
226  H171813    (8)    2 :  0.073 0.053 0.160 0.102 0.125 0.128 0.038 0.071 0.166 0.083 
227  H171815    (8)    2 :  0.065 0.064 0.053 0.067 0.079 0.074 0.245 0.038 0.241 0.073 
228  H171824    (8)    2 :  0.117 0.111 0.146 0.069 0.080 0.093 0.129 0.137 0.062 0.056 
229  H171825    (8)    2 :  0.133 0.140 0.065 0.165 0.122 0.152 0.026 0.044 0.070 0.082 
230  H171826    (8)    2 :  0.061 0.076 0.157 0.097 0.098 0.101 0.075 0.165 0.095 0.074 
231  H171827    (8)    2 :  0.066 0.033 0.282 0.135 0.094 0.093 0.028 0.043 0.166 0.061 
232  H171828    (8)    2 :  0.045 0.101 0.108 0.027 0.030 0.029 0.529 0.041 0.064 0.027 
233  H171829    (8)    2 :  0.063 0.035 0.055 0.138 0.150 0.152 0.115 0.116 0.099 0.076 
234  H171830    (8)    2 :  0.066 0.061 0.041 0.068 0.089 0.081 0.085 0.197 0.082 0.229 
235  H171831    (8)    2 :  0.075 0.103 0.038 0.124 0.176 0.165 0.023 0.102 0.069 0.124 
236  H171832    (8)    2 :  0.059 0.065 0.062 0.179 0.106 0.159 0.037 0.047 0.041 0.245 
237  H171863    (8)    2 :  0.067 0.042 0.018 0.159 0.166 0.168 0.013 0.079 0.078 0.212 
238  H171864    (8)    2 :  0.117 0.106 0.043 0.061 0.076 0.077 0.103 0.207 0.109 0.101 
239  H171865    (8)    2 :  0.053 0.117 0.022 0.061 0.071 0.069 0.294 0.079 0.148 0.086 
240  H171879    (8)    2 :  0.096 0.032 0.031 0.094 0.084 0.086 0.071 0.309 0.042 0.156 
241  H171880    (8)    2 :  0.226 0.030 0.027 0.062 0.051 0.054 0.029 0.404 0.036 0.082 
242  H171881    (8)    2 :  0.103 0.128 0.091 0.111 0.127 0.142 0.031 0.077 0.071 0.119 
243  H171882    (8)    2 :  0.022 0.029 0.054 0.020 0.024 0.021 0.767 0.015 0.020 0.029 
244  H171929    (0)    2 :  0.123 0.100 0.044 0.080 0.126 0.115 0.051 0.108 0.049 0.204 
245  H171930    (0)    2 :  0.083 0.054 0.021 0.249 0.082 0.086 0.028 0.164 0.046 0.186 
246  H171933    (0)    2 :  0.174 0.059 0.052 0.093 0.110 0.099 0.081 0.181 0.058 0.093 
247  H171934    (8)    2 :  0.074 0.263 0.158 0.075 0.087 0.075 0.041 0.110 0.057 0.061 
248  H171937    (8)    2 :  0.064 0.078 0.064 0.173 0.119 0.179 0.036 0.052 0.025 0.209 
249  H171962    (8)    2 :  0.069 0.260 0.044 0.121 0.102 0.103 0.024 0.056 0.064 0.156 
250     H190    (0)    2 :  0.101 0.079 0.048 0.121 0.141 0.144 0.042 0.059 0.112 0.153 
251     H191    (8)    2 :  0.065 0.156 0.026 0.063 0.108 0.083 0.087 0.124 0.159 0.130 
252     H396    (8)    2 :  0.121 0.560 0.027 0.057 0.038 0.044 0.036 0.029 0.037 0.051 
253     H397    (8)    2 :  0.154 0.070 0.059 0.152 0.143 0.119 0.077 0.070 0.065 0.092 
254     H398    (8)    2 :  0.091 0.186 0.042 0.088 0.163 0.188 0.072 0.028 0.062 0.080 
255     H400    (0)    2 :  0.087 0.415 0.097 0.065 0.074 0.051 0.040 0.043 0.040 0.087 
256     H401    (8)    2 :  0.020 0.019 0.016 0.023 0.032 0.033 0.016 0.779 0.027 0.036 
257     H402    (8)    2 :  0.082 0.061 0.032 0.133 0.108 0.104 0.020 0.143 0.139 0.179 
258     H427    (8)    2 :  0.092 0.338 0.106 0.068 0.088 0.084 0.032 0.115 0.033 0.044 
259     H428    (0)    2 :  0.109 0.502 0.029 0.071 0.070 0.058 0.015 0.054 0.017 0.075 
260     H497    (0)    2 :  0.044 0.030 0.046 0.072 0.061 0.065 0.054 0.042 0.391 0.195 
261     H512    (0)    2 :  0.072 0.031 0.112 0.084 0.081 0.073 0.038 0.306 0.080 0.122 
262     H513    (0)    2 :  0.028 0.019 0.020 0.041 0.047 0.042 0.027 0.094 0.453 0.230 
263     H514    (8)    2 :  0.078 0.027 0.124 0.198 0.152 0.132 0.027 0.030 0.078 0.154 
264     H519    (8)    2 :  0.034 0.030 0.026 0.054 0.051 0.047 0.029 0.094 0.401 0.235 
265     H532    (0)    2 :  0.116 0.403 0.059 0.083 0.071 0.054 0.021 0.101 0.041 0.051 
266     H543    (0)    2 :  0.167 0.056 0.112 0.138 0.109 0.117 0.019 0.075 0.063 0.145 
267     H544    (8)    2 :  0.095 0.062 0.021 0.126 0.117 0.150 0.056 0.019 0.046 0.307 
268     H545    (0)    2 :  0.062 0.073 0.051 0.277 0.137 0.108 0.018 0.054 0.057 0.164 
269     H546    (8)    2 :  0.050 0.087 0.039 0.065 0.093 0.098 0.285 0.033 0.153 0.098 
270     H547    (0)    2 :  0.019 0.012 0.019 0.020 0.027 0.023 0.017 0.817 0.024 0.023 
271     H548    (0)    2 :  0.113 0.223 0.047 0.098 0.082 0.096 0.046 0.118 0.064 0.114 
272     H549    (0)    2 :  0.033 0.029 0.015 0.067 0.045 0.036 0.023 0.031 0.592 0.129 
273     H620    (8)    2 :  0.022 0.038 0.028 0.025 0.029 0.030 0.746 0.023 0.031 0.030 
274     H623    (8)    2 :  0.084 0.047 0.036 0.165 0.155 0.133 0.057 0.041 0.036 0.245 
275     H624    (8)    2 :  0.129 0.038 0.097 0.138 0.080 0.080 0.056 0.017 0.267 0.099 
276     H625    (8)    2 :  0.064 0.415 0.029 0.091 0.083 0.085 0.030 0.053 0.063 0.088 
277     H626    (8)    2 :  0.072 0.094 0.039 0.083 0.111 0.093 0.042 0.170 0.226 0.068 
278     H654    (8)    2 :  0.044 0.026 0.044 0.057 0.042 0.039 0.272 0.017 0.397 0.064 
279     H655    (8)    2 :  0.093 0.038 0.252 0.151 0.117 0.094 0.077 0.035 0.067 0.077 
280     H656    (8)    2 :  0.034 0.062 0.027 0.030 0.041 0.034 0.707 0.019 0.024 0.022 
281     H666    (8)    2 :  0.047 0.017 0.022 0.015 0.027 0.026 0.777 0.018 0.028 0.022 
282     H667    (8)    2 :  0.075 0.063 0.204 0.133 0.100 0.085 0.023 0.137 0.086 0.093 
283     H677    (8)    2 :  0.103 0.131 0.141 0.135 0.114 0.103 0.038 0.101 0.053 0.081 
284     H693    (8)    2 :  0.029 0.489 0.076 0.043 0.047 0.053 0.146 0.034 0.044 0.039 
285     H694    (8)    2 :  0.097 0.075 0.025 0.178 0.139 0.141 0.075 0.048 0.028 0.194 
286     H701    (8)    2 :  0.136 0.048 0.065 0.135 0.108 0.116 0.021 0.081 0.058 0.231 
287     H702    (8)    2 :  0.080 0.034 0.099 0.127 0.094 0.100 0.061 0.101 0.150 0.155 
288     H731    (8)    2 :  0.121 0.050 0.194 0.094 0.093 0.078 0.216 0.060 0.039 0.055 
289    H7359    (0)    2 :  0.095 0.054 0.041 0.133 0.114 0.150 0.072 0.111 0.054 0.176 
290    H7389    (0)    2 :  0.098 0.236 0.030 0.082 0.096 0.091 0.039 0.162 0.094 0.072 
291    H7390    (8)    2 :  0.059 0.030 0.132 0.059 0.075 0.069 0.108 0.030 0.379 0.060 
292    H7391    (8)    2 :  0.050 0.346 0.047 0.044 0.051 0.066 0.045 0.271 0.025 0.054 
293    H7392    (8)    2 :  0.193 0.055 0.055 0.129 0.112 0.142 0.056 0.044 0.155 0.058 
294    H7393    (8)    2 :  0.081 0.041 0.161 0.086 0.097 0.092 0.115 0.120 0.109 0.098 
295    H7398    (8)    2 :  0.189 0.177 0.076 0.054 0.082 0.068 0.078 0.172 0.030 0.073 
296    H7399    (8)    2 :  0.164 0.073 0.139 0.138 0.118 0.118 0.019 0.058 0.055 0.118 
297    H7400    (8)    2 :  0.025 0.044 0.035 0.030 0.029 0.037 0.707 0.019 0.044 0.031 
298     H745    (8)    2 :  0.059 0.027 0.043 0.102 0.203 0.202 0.020 0.055 0.141 0.147 
299     H746    (8)    2 :  0.122 0.060 0.217 0.149 0.096 0.091 0.016 0.065 0.063 0.121 
300     H747    (0)    2 :  0.071 0.037 0.032 0.053 0.057 0.052 0.516 0.052 0.085 0.045 
301     H748    (8)    2 :  0.107 0.033 0.124 0.116 0.101 0.116 0.037 0.130 0.139 0.097 
302    H7484    (0)    2 :  0.027 0.031 0.029 0.028 0.039 0.037 0.704 0.049 0.030 0.027 
303    H7485    (0)    2 :  0.049 0.052 0.025 0.078 0.069 0.087 0.027 0.045 0.420 0.148 
304     H749    (8)    2 :  0.135 0.119 0.060 0.114 0.110 0.092 0.020 0.050 0.140 0.159 
305     H930    (8)    2 :  0.113 0.056 0.021 0.215 0.105 0.075 0.027 0.177 0.055 0.156 
306     H931    (8)    2 :  0.076 0.142 0.042 0.072 0.158 0.115 0.055 0.166 0.040 0.133 
307     H932    (8)    2 :  0.109 0.067 0.051 0.078 0.090 0.121 0.038 0.322 0.064 0.061 
308     H111    (8)    3 :  0.074 0.049 0.042 0.198 0.155 0.158 0.027 0.092 0.086 0.121 
309     H951    (8)    3 :  0.091 0.081 0.063 0.096 0.121 0.124 0.030 0.207 0.080 0.108 
310     H952    (8)    3 :  0.231 0.081 0.042 0.093 0.138 0.137 0.061 0.051 0.077 0.090 
311     H953    (8)    3 :  0.138 0.371 0.031 0.041 0.059 0.041 0.026 0.213 0.034 0.046 
312     H954    (8)    3 :  0.072 0.050 0.069 0.084 0.077 0.060 0.245 0.041 0.137 0.165 
313     H955    (8)    3 :  0.136 0.057 0.028 0.224 0.108 0.143 0.017 0.055 0.066 0.166 
314     H956    (8)    3 :  0.337 0.038 0.056 0.054 0.063 0.064 0.109 0.101 0.088 0.091 
315    H9563    (0)    3 :  0.109 0.093 0.051 0.056 0.071 0.077 0.078 0.315 0.072 0.078 
316     H002    (8)    4 :  0.044 0.048 0.329 0.111 0.088 0.110 0.101 0.021 0.068 0.080 
317     H003    (8)    4 :  0.059 0.076 0.162 0.184 0.172 0.118 0.021 0.064 0.038 0.106 
318     H009    (0)    4 :  0.144 0.046 0.047 0.123 0.105 0.165 0.024 0.032 0.115 0.198 
319     H010    (8)    4 :  0.154 0.080 0.116 0.081 0.124 0.134 0.047 0.104 0.068 0.092 
320     H011    (8)    4 :  0.045 0.234 0.061 0.059 0.065 0.061 0.286 0.030 0.097 0.062 
321     H012    (8)    4 :  0.069 0.064 0.228 0.133 0.091 0.091 0.028 0.098 0.033 0.167 
322     H013    (8)    4 :  0.063 0.149 0.155 0.116 0.104 0.112 0.094 0.045 0.074 0.088 
323     H014    (8)    4 :  0.077 0.030 0.109 0.128 0.130 0.148 0.051 0.062 0.081 0.185 
324     H045   (16)    4 :  0.087 0.360 0.039 0.051 0.055 0.055 0.135 0.096 0.054 0.067 
325     H046    (0)    4 :  0.075 0.078 0.092 0.248 0.175 0.163 0.028 0.031 0.037 0.074 
326     H051    (8)    4 :  0.068 0.152 0.084 0.080 0.094 0.090 0.182 0.067 0.071 0.113 
327     H052    (8)    4 :  0.058 0.054 0.062 0.069 0.094 0.107 0.438 0.031 0.036 0.049 
328     H053    (8)    4 :  0.151 0.049 0.119 0.104 0.115 0.118 0.089 0.069 0.130 0.057 
329     H056    (8)    4 :  0.051 0.050 0.042 0.052 0.076 0.080 0.362 0.053 0.093 0.143 
330     H076    (0)    4 :  0.081 0.054 0.058 0.095 0.146 0.178 0.024 0.231 0.086 0.046 
331     H151    (8)    4 :  0.053 0.035 0.264 0.057 0.088 0.080 0.093 0.031 0.260 0.039 
332     H152    (8)    4 :  0.047 0.074 0.259 0.097 0.116 0.100 0.195 0.024 0.025 0.064 
333  H171803    (8)    4 :  0.067 0.049 0.097 0.077 0.055 0.060 0.056 0.053 0.442 0.043 
334  H171804    (8)    4 :  0.077 0.068 0.086 0.094 0.094 0.087 0.144 0.103 0.178 0.069 
335  H171833    (8)    4 :  0.060 0.047 0.031 0.181 0.171 0.188 0.024 0.037 0.072 0.189 
336  H171855    (8)    4 :  0.028 0.023 0.063 0.062 0.067 0.090 0.205 0.045 0.382 0.036 
337  H171856    (8)    4 :  0.140 0.046 0.071 0.065 0.079 0.091 0.041 0.085 0.318 0.065 
338  H171857    (8)    4 :  0.054 0.042 0.062 0.084 0.121 0.090 0.242 0.124 0.126 0.056 
339  H171858    (8)    4 :  0.065 0.049 0.238 0.100 0.124 0.099 0.109 0.099 0.025 0.093 
340  H171859    (8)    4 :  0.081 0.058 0.103 0.089 0.134 0.124 0.137 0.129 0.056 0.089 
341  H171961    (8)    4 :  0.056 0.207 0.062 0.067 0.068 0.094 0.165 0.052 0.137 0.092 
342     H198    (8)    4 :  0.075 0.069 0.087 0.199 0.153 0.183 0.016 0.055 0.041 0.122 
343   H20001    (8)    4 :  0.041 0.059 0.050 0.200 0.093 0.104 0.013 0.030 0.290 0.120 
344     H403    (8)    4 :  0.075 0.044 0.048 0.072 0.097 0.134 0.096 0.148 0.211 0.074 
345     H404    (8)    4 :  0.086 0.132 0.289 0.095 0.106 0.109 0.021 0.044 0.030 0.087 
346     H405    (8)    4 :  0.072 0.073 0.108 0.131 0.109 0.176 0.028 0.197 0.040 0.066 
347     H406    (8)    4 :  0.037 0.024 0.017 0.056 0.076 0.084 0.058 0.513 0.064 0.071 
348     H407    (8)    4 :  0.153 0.105 0.087 0.066 0.069 0.086 0.068 0.158 0.153 0.055 
349     H410    (8)    4 :  0.042 0.048 0.016 0.023 0.027 0.024 0.024 0.763 0.015 0.018 
350     H411    (8)    4 :  0.044 0.022 0.195 0.091 0.127 0.139 0.020 0.115 0.102 0.143 
351     H468    (8)    4 :  0.077 0.029 0.021 0.121 0.132 0.109 0.057 0.077 0.285 0.091 
352     H476    (8)    4 :  0.090 0.028 0.031 0.149 0.111 0.120 0.125 0.066 0.146 0.134 
353     H477    (0)    4 :  0.113 0.044 0.064 0.195 0.145 0.162 0.018 0.030 0.110 0.119 
354     H478    (8)    4 :  0.073 0.055 0.169 0.170 0.089 0.092 0.023 0.037 0.102 0.189 
355     H479    (0)    4 :  0.091 0.237 0.077 0.080 0.098 0.097 0.191 0.035 0.046 0.047 
356     H480    (8)    4 :  0.097 0.025 0.134 0.194 0.135 0.126 0.020 0.089 0.080 0.100 
357     H498    (8)    4 :  0.084 0.048 0.125 0.194 0.162 0.128 0.053 0.050 0.040 0.116 
358     H499    (8)    4 :  0.050 0.216 0.140 0.115 0.101 0.092 0.034 0.058 0.106 0.088 
359     H500    (8)    4 :  0.059 0.069 0.117 0.128 0.061 0.081 0.205 0.063 0.150 0.066 
360     H515    (0)    4 :  0.065 0.038 0.291 0.102 0.067 0.089 0.074 0.094 0.087 0.093 
361     H516    (0)    4 :  0.157 0.032 0.070 0.106 0.136 0.147 0.049 0.060 0.066 0.177 
362     H517    (8)    4 :  0.051 0.028 0.044 0.049 0.057 0.067 0.069 0.547 0.028 0.059 
363     H518    (8)    4 :  0.078 0.046 0.034 0.064 0.108 0.101 0.389 0.033 0.061 0.084 
364     H520    (8)    4 :  0.080 0.034 0.057 0.099 0.087 0.095 0.255 0.058 0.170 0.064 
365     H521    (8)    4 :  0.100 0.183 0.033 0.111 0.111 0.103 0.035 0.064 0.159 0.101 
366     H522    (8)    4 :  0.086 0.064 0.063 0.139 0.104 0.095 0.058 0.038 0.262 0.093 
367     H523    (8)    4 :  0.207 0.026 0.125 0.116 0.103 0.084 0.091 0.066 0.069 0.113 
368     H536    (8)    4 :  0.075 0.233 0.074 0.087 0.179 0.160 0.056 0.041 0.056 0.039 
369     H645    (8)    4 :  0.047 0.540 0.074 0.049 0.050 0.050 0.068 0.040 0.046 0.037 
370     H646    (0)    4 :  0.354 0.034 0.034 0.082 0.105 0.088 0.021 0.117 0.037 0.128 
371     H647    (8)    4 :  0.154 0.066 0.033 0.133 0.119 0.114 0.057 0.059 0.185 0.081 
372     H657    (8)    4 :  0.089 0.050 0.029 0.087 0.124 0.108 0.027 0.358 0.059 0.069 
373     H658    (0)    4 :  0.299 0.049 0.062 0.123 0.085 0.102 0.064 0.047 0.074 0.095 
374     H659    (8)    4 :  0.029 0.028 0.084 0.033 0.046 0.048 0.099 0.034 0.557 0.043 
375     H660    (8)    4 :  0.083 0.081 0.115 0.112 0.114 0.110 0.044 0.034 0.126 0.181 
376     H661    (8)    4 :  0.040 0.039 0.049 0.071 0.078 0.099 0.059 0.031 0.475 0.060 
377     H668    (8)    4 :  0.064 0.050 0.344 0.125 0.103 0.087 0.023 0.058 0.033 0.114 
378     H669    (8)    4 :  0.161 0.083 0.116 0.081 0.116 0.110 0.096 0.098 0.070 0.070 
379     H670    (8)    4 :  0.030 0.103 0.615 0.047 0.036 0.045 0.044 0.028 0.021 0.031 
380     H678    (8)    4 :  0.078 0.051 0.070 0.102 0.070 0.094 0.027 0.090 0.355 0.061 
381     H679    (8)    4 :  0.152 0.059 0.022 0.106 0.084 0.083 0.028 0.228 0.055 0.185 
382     H680    (8)    4 :  0.025 0.039 0.054 0.108 0.090 0.089 0.022 0.089 0.445 0.039 
383     H681    (8)    4 :  0.069 0.111 0.105 0.103 0.085 0.091 0.133 0.061 0.053 0.189 
384     H682    (0)    4 :  0.092 0.035 0.049 0.173 0.076 0.083 0.034 0.260 0.079 0.118 
385     H683    (8)    4 :  0.135 0.036 0.022 0.073 0.098 0.109 0.269 0.063 0.072 0.124 
386     H718    (8)    4 :  0.044 0.038 0.023 0.024 0.034 0.030 0.718 0.034 0.029 0.025 
387     H719    (8)    4 :  0.070 0.355 0.035 0.083 0.094 0.077 0.067 0.040 0.072 0.108 
388     H720    (0)    4 :  0.030 0.143 0.046 0.095 0.096 0.095 0.096 0.030 0.287 0.082 
389     H721    (0)    4 :  0.050 0.084 0.107 0.095 0.147 0.147 0.109 0.044 0.165 0.053 
390     H722    (8)    4 :  0.063 0.029 0.030 0.066 0.177 0.152 0.173 0.036 0.182 0.092 
391     H723    (8)    4 :  0.070 0.087 0.102 0.070 0.068 0.064 0.156 0.220 0.087 0.076 
392     H724    (0)    4 :  0.059 0.072 0.020 0.031 0.041 0.036 0.568 0.042 0.100 0.030 
393     H725    (0)    4 :  0.043 0.034 0.042 0.051 0.070 0.056 0.521 0.034 0.098 0.050 
394     H726    (0)    4 :  0.056 0.050 0.152 0.097 0.096 0.118 0.155 0.083 0.077 0.114 
395     H727    (8)    4 :  0.080 0.144 0.112 0.073 0.088 0.088 0.133 0.113 0.117 0.052 
396     H910    (8)    4 :  0.069 0.088 0.153 0.076 0.071 0.088 0.190 0.093 0.088 0.085 
397     H911    (8)    4 :  0.051 0.026 0.017 0.040 0.063 0.052 0.049 0.632 0.030 0.041 
398     H912    (8)    4 :  0.071 0.049 0.043 0.126 0.102 0.120 0.078 0.185 0.137 0.089 
399     H913    (8)    4 :  0.276 0.030 0.062 0.091 0.083 0.089 0.100 0.048 0.152 0.069 
400     H914    (8)    4 :  0.098 0.124 0.368 0.039 0.048 0.053 0.054 0.043 0.132 0.042 
401     H915    (8)    4 :  0.078 0.037 0.050 0.086 0.121 0.099 0.058 0.223 0.145 0.103 
402     H916    (8)    4 :  0.074 0.033 0.083 0.132 0.117 0.128 0.034 0.124 0.157 0.116 
403    H9572    (0)    4 :  0.035 0.043 0.025 0.053 0.056 0.087 0.103 0.098 0.394 0.106 
404     H015    (8)    5 :  0.077 0.070 0.024 0.146 0.110 0.137 0.031 0.064 0.082 0.260 
405     H016    (0)    5 :  0.116 0.042 0.045 0.098 0.206 0.245 0.022 0.079 0.066 0.080 
406     H017    (0)    5 :  0.084 0.019 0.117 0.098 0.111 0.090 0.028 0.038 0.358 0.058 
407     H019   (25)    5 :  0.067 0.074 0.042 0.151 0.129 0.130 0.053 0.043 0.050 0.260 
408     H020    (8)    5 :  0.146 0.388 0.066 0.057 0.054 0.059 0.054 0.022 0.057 0.097 
409     H032    (0)    5 :  0.091 0.035 0.061 0.113 0.097 0.119 0.152 0.163 0.057 0.113 
410     H033    (8)    5 :  0.131 0.103 0.079 0.157 0.119 0.111 0.041 0.039 0.039 0.181 
411     H034    (0)    5 :  0.055 0.041 0.329 0.067 0.077 0.075 0.176 0.069 0.049 0.062 
412     H035    (8)    5 :  0.118 0.072 0.045 0.110 0.098 0.136 0.046 0.087 0.218 0.071 
413     H036    (8)    5 :  0.101 0.108 0.022 0.165 0.121 0.122 0.062 0.140 0.062 0.096 
414     H037    (8)    5 :  0.122 0.082 0.103 0.102 0.077 0.090 0.112 0.028 0.231 0.052 
415     H048    (0)    5 :  0.057 0.226 0.019 0.056 0.070 0.060 0.264 0.069 0.143 0.037 
416     H049    (0)    5 :  0.075 0.126 0.027 0.235 0.108 0.129 0.040 0.030 0.045 0.187 
417     H054    (8)    5 :  0.079 0.044 0.061 0.052 0.141 0.174 0.090 0.252 0.047 0.060 
418     H055    (8)    5 :  0.064 0.055 0.282 0.089 0.126 0.112 0.061 0.048 0.100 0.065 
419     H057    (8)    5 :  0.066 0.039 0.065 0.112 0.190 0.268 0.040 0.016 0.077 0.127 
420     H060    (0)    5 :  0.027 0.032 0.755 0.026 0.036 0.034 0.027 0.017 0.026 0.020 
421     H061    (8)    5 :  0.098 0.124 0.160 0.131 0.117 0.114 0.029 0.067 0.057 0.103 
422     H064    (8)    5 :  0.091 0.067 0.105 0.090 0.128 0.129 0.120 0.044 0.136 0.090 
423     H070    (0)    5 :  0.062 0.039 0.583 0.051 0.040 0.050 0.040 0.054 0.031 0.050 
424     H077    (0)    5 :  0.038 0.023 0.165 0.067 0.073 0.070 0.363 0.053 0.054 0.094 
425     H078    (8)    5 :  0.102 0.030 0.072 0.087 0.116 0.099 0.096 0.052 0.296 0.051 
426     H079    (8)    5 :  0.320 0.156 0.063 0.072 0.081 0.078 0.022 0.071 0.049 0.088 
427     H097    (0)    5 :  0.070 0.027 0.086 0.150 0.134 0.146 0.088 0.061 0.056 0.181 
428     H107    (8)    5 :  0.065 0.092 0.053 0.054 0.050 0.052 0.464 0.029 0.099 0.043 
429     H122    (8)    5 :  0.116 0.057 0.103 0.095 0.115 0.147 0.032 0.065 0.195 0.075 
430     H123    (8)    5 :  0.144 0.050 0.031 0.080 0.095 0.100 0.021 0.369 0.052 0.058 
431     H124    (0)    5 :  0.167 0.089 0.028 0.102 0.101 0.081 0.021 0.288 0.047 0.077 
432     H131    (8)    5 :  0.308 0.057 0.033 0.090 0.097 0.101 0.030 0.098 0.043 0.143 
433     H132    (0)    5 :  0.126 0.137 0.072 0.087 0.108 0.106 0.071 0.131 0.095 0.067 
434     H141    (8)    5 :  0.082 0.080 0.073 0.109 0.090 0.107 0.083 0.056 0.241 0.078 
435     H142    (8)    5 :  0.079 0.039 0.142 0.206 0.134 0.132 0.028 0.062 0.044 0.136 
436     H157    (8)    5 :  0.080 0.074 0.091 0.066 0.115 0.094 0.191 0.058 0.181 0.050 
437     H158    (8)    5 :  0.153 0.052 0.032 0.248 0.131 0.132 0.026 0.081 0.045 0.100 
438     H159    (8)    5 :  0.094 0.065 0.050 0.132 0.097 0.126 0.039 0.170 0.088 0.140 
439     H160    (8)    5 :  0.100 0.038 0.031 0.132 0.132 0.117 0.109 0.079 0.194 0.069 
440     H163    (8)    5 :  0.081 0.065 0.074 0.177 0.119 0.125 0.053 0.115 0.047 0.146 
441     H164    (8)    5 :  0.047 0.050 0.054 0.165 0.096 0.077 0.032 0.059 0.041 0.379 
442     H165    (8)    5 :  0.255 0.165 0.055 0.078 0.083 0.073 0.021 0.101 0.053 0.116 
443     H166    (8)    5 :  0.113 0.315 0.038 0.126 0.072 0.111 0.035 0.023 0.037 0.129 
444     H169    (0)    5 :  0.081 0.076 0.158 0.228 0.095 0.099 0.031 0.039 0.034 0.156 
445  H169613    (0)    5 :  0.109 0.031 0.159 0.155 0.130 0.135 0.087 0.031 0.030 0.133 
446  H169653    (0)    5 :  0.073 0.097 0.067 0.238 0.110 0.153 0.041 0.053 0.024 0.143 
447  H169728    (0)    5 :  0.078 0.058 0.061 0.113 0.151 0.132 0.081 0.093 0.151 0.082 
448  H169742    (8)    5 :  0.029 0.682 0.069 0.042 0.030 0.031 0.029 0.017 0.035 0.036 
449     H170    (8)    5 :  0.089 0.042 0.093 0.116 0.208 0.163 0.050 0.051 0.047 0.141 
450     H171    (8)    5 :  0.097 0.057 0.053 0.120 0.193 0.203 0.021 0.051 0.100 0.104 
451  H171851    (8)    5 :  0.085 0.064 0.067 0.118 0.129 0.169 0.050 0.030 0.047 0.243 
452  H171852    (8)    5 :  0.122 0.071 0.043 0.117 0.085 0.111 0.180 0.042 0.165 0.065 
453  H171853    (8)    5 :  0.072 0.061 0.059 0.093 0.093 0.096 0.105 0.139 0.202 0.079 
454  H171854    (8)    5 :  0.063 0.040 0.063 0.132 0.119 0.121 0.072 0.073 0.089 0.228 
455  H171938    (8)    5 :  0.065 0.122 0.149 0.121 0.110 0.120 0.067 0.128 0.042 0.075 
456  H171939    (8)    5 :  0.205 0.138 0.022 0.120 0.124 0.109 0.031 0.067 0.078 0.106 
457  H171941    (8)    5 :  0.061 0.199 0.142 0.072 0.087 0.073 0.203 0.017 0.080 0.066 
458  H171965    (8)    5 :  0.080 0.040 0.212 0.183 0.151 0.131 0.026 0.033 0.023 0.121 
459  H171970    (8)    5 :  0.039 0.066 0.075 0.051 0.056 0.057 0.508 0.027 0.070 0.051 
460  H171973    (8)    5 :  0.074 0.278 0.051 0.121 0.087 0.115 0.034 0.089 0.078 0.073 
461  H171974    (8)    5 :  0.095 0.079 0.333 0.070 0.083 0.102 0.030 0.054 0.082 0.072 
462  H171975    (8)    5 :  0.055 0.173 0.058 0.078 0.079 0.086 0.197 0.108 0.075 0.094 
463  H171976    (8)    5 :  0.062 0.053 0.025 0.203 0.163 0.131 0.091 0.037 0.075 0.159 
464     H175    (8)    5 :  0.083 0.146 0.059 0.078 0.094 0.093 0.255 0.048 0.081 0.064 
465     H178    (8)    5 :  0.084 0.250 0.090 0.101 0.101 0.094 0.085 0.040 0.047 0.108 
466     H189    (8)    5 :  0.297 0.025 0.046 0.116 0.106 0.102 0.022 0.050 0.026 0.210 
467     H399    (8)    5 :  0.046 0.027 0.020 0.043 0.220 0.226 0.063 0.203 0.119 0.034 
468     H416    (8)    5 :  0.099 0.217 0.084 0.091 0.071 0.082 0.062 0.103 0.116 0.074 
469     H438    (8)    5 :  0.096 0.091 0.100 0.117 0.083 0.096 0.086 0.141 0.106 0.085 
470     H450    (8)    5 :  0.026 0.026 0.736 0.027 0.025 0.039 0.045 0.015 0.032 0.029 
471     H455    (8)    5 :  0.037 0.164 0.091 0.043 0.055 0.054 0.422 0.032 0.058 0.046 
472     H456    (8)    5 :  0.093 0.287 0.080 0.125 0.097 0.073 0.045 0.062 0.066 0.073 
473     H457    (0)    5 :  0.053 0.042 0.155 0.093 0.099 0.135 0.243 0.026 0.044 0.109 
474     H458    (8)    5 :  0.081 0.053 0.196 0.087 0.125 0.116 0.073 0.065 0.144 0.060 
475     H459    (8)    5 :  0.158 0.053 0.039 0.199 0.158 0.159 0.022 0.042 0.043 0.127 
476     H460    (8)    5 :  0.055 0.047 0.104 0.143 0.085 0.092 0.054 0.046 0.283 0.091 
477     H461    (8)    5 :  0.079 0.043 0.054 0.228 0.119 0.162 0.056 0.053 0.054 0.150 
478     H462    (0)    5 :  0.152 0.126 0.061 0.107 0.107 0.103 0.046 0.097 0.048 0.152 
479     H469    (8)    5 :  0.128 0.057 0.060 0.088 0.100 0.105 0.031 0.293 0.030 0.108 
480     H470    (8)    5 :  0.061 0.045 0.063 0.091 0.069 0.098 0.048 0.088 0.272 0.166 
481     H471    (0)    5 :  0.154 0.020 0.027 0.131 0.179 0.185 0.052 0.073 0.072 0.107 
482     H481    (0)    5 :  0.089 0.061 0.050 0.038 0.038 0.042 0.568 0.023 0.048 0.043 
483     H482    (8)    5 :  0.037 0.024 0.499 0.055 0.074 0.068 0.051 0.062 0.040 0.090 
484     H501    (8)    5 :  0.091 0.154 0.035 0.159 0.097 0.094 0.059 0.055 0.126 0.131 
485     H502    (8)    5 :  0.138 0.051 0.054 0.215 0.145 0.133 0.023 0.043 0.044 0.156 
486     H503    (8)    5 :  0.067 0.094 0.058 0.161 0.127 0.108 0.033 0.160 0.099 0.091 
487     H509    (0)    5 :  0.056 0.084 0.023 0.064 0.067 0.071 0.340 0.121 0.127 0.046 
488     H510    (8)    5 :  0.047 0.154 0.108 0.140 0.102 0.104 0.044 0.029 0.040 0.234 
489     H511    (8)    5 :  0.086 0.044 0.159 0.156 0.150 0.127 0.026 0.086 0.043 0.124 
490     H530    (8)    5 :  0.129 0.183 0.063 0.104 0.092 0.095 0.072 0.084 0.104 0.075 
491     H531    (8)    5 :  0.059 0.082 0.023 0.110 0.079 0.084 0.211 0.041 0.247 0.063 
492     H564    (8)    5 :  0.044 0.214 0.058 0.101 0.095 0.097 0.057 0.022 0.172 0.140 
493     H565    (8)    5 :  0.052 0.225 0.043 0.073 0.052 0.064 0.252 0.028 0.143 0.068 
494     H567   (16)    5 :  0.363 0.086 0.023 0.057 0.079 0.080 0.034 0.087 0.026 0.166 
495  H568???    (8)    5 :  0.088 0.043 0.075 0.153 0.193 0.178 0.031 0.070 0.041 0.128 
496     H608    (0)    5 :  0.020 0.019 0.803 0.020 0.024 0.020 0.033 0.018 0.022 0.019 
497     H609   (16)    5 :  0.103 0.409 0.067 0.058 0.074 0.081 0.054 0.035 0.032 0.088 
498     H612    (8)    5 :  0.035 0.259 0.136 0.056 0.047 0.055 0.187 0.035 0.147 0.041 
499     H614    (8)    5 :  0.074 0.053 0.056 0.082 0.067 0.080 0.270 0.037 0.233 0.047 
500     H615    (0)    5 :  0.114 0.051 0.039 0.108 0.097 0.099 0.247 0.032 0.141 0.072 
501     H616    (8)    5 :  0.047 0.062 0.133 0.032 0.034 0.033 0.550 0.040 0.037 0.031 
502     H617    (8)    5 :  0.125 0.103 0.046 0.165 0.104 0.099 0.022 0.170 0.071 0.094 
503     H618    (8)    5 :  0.038 0.139 0.052 0.051 0.095 0.099 0.241 0.057 0.157 0.072 
504     H619    (8)    5 :  0.075 0.425 0.176 0.056 0.054 0.064 0.042 0.021 0.029 0.059 
505     H635    (0)    5 :  0.071 0.050 0.078 0.159 0.125 0.129 0.088 0.081 0.025 0.194 
506     H636    (8)    5 :  0.061 0.155 0.359 0.102 0.071 0.063 0.028 0.060 0.034 0.068 
507     H637    (8)    5 :  0.106 0.357 0.065 0.086 0.059 0.064 0.130 0.022 0.042 0.070 
508     H644    (8)    5 :  0.199 0.031 0.020 0.088 0.199 0.205 0.024 0.098 0.027 0.109 
509     H711    (8)    5 :  0.133 0.044 0.049 0.150 0.131 0.158 0.032 0.030 0.112 0.160 
510     H712    (8)    5 :  0.160 0.266 0.100 0.059 0.073 0.070 0.143 0.042 0.044 0.043 
511    H7360    (8)    5 :  0.103 0.044 0.072 0.127 0.135 0.173 0.080 0.031 0.118 0.118 
512    H7361    (8)    5 :  0.063 0.053 0.147 0.106 0.104 0.127 0.207 0.059 0.058 0.077 
513    H7362    (8)    5 :  0.111 0.070 0.020 0.159 0.210 0.209 0.022 0.093 0.039 0.067 
514    H7363    (8)    5 :  0.067 0.094 0.123 0.089 0.138 0.118 0.097 0.052 0.095 0.126 
515    H7394    (8)    5 :  0.113 0.035 0.071 0.201 0.090 0.111 0.025 0.060 0.041 0.251 
516    H7395    (0)    5 :  0.046 0.118 0.235 0.128 0.101 0.147 0.034 0.040 0.074 0.077 
517    H7396    (8)    5 :  0.135 0.106 0.088 0.169 0.099 0.104 0.043 0.043 0.111 0.101 
518     H742    (0)    5 :  0.028 0.725 0.061 0.030 0.031 0.032 0.024 0.015 0.025 0.029 
519     H743    (8)    5 :  0.116 0.252 0.022 0.047 0.072 0.063 0.273 0.057 0.048 0.049 
520     H744    (8)    5 :  0.065 0.072 0.040 0.037 0.039 0.037 0.538 0.081 0.059 0.032 
521     H957    (8)    5 :  0.054 0.034 0.093 0.179 0.124 0.147 0.032 0.039 0.091 0.206 
522     H958    (0)    5 :  0.120 0.055 0.047 0.162 0.137 0.081 0.111 0.110 0.066 0.110 
523     H959    (8)    5 :  0.049 0.137 0.159 0.076 0.093 0.097 0.124 0.036 0.078 0.152 
524     H960    (0)    5 :  0.076 0.114 0.056 0.080 0.104 0.079 0.095 0.278 0.052 0.067 
525   H_PALI    (8)    6 :  0.094 0.055 0.118 0.160 0.099 0.090 0.029 0.024 0.061 0.270 
526     H581    (8)    6 :  0.110 0.088 0.026 0.097 0.090 0.079 0.111 0.107 0.215 0.078 
527     H582   (16)    6 :  0.044 0.042 0.051 0.064 0.091 0.075 0.225 0.036 0.310 0.063 
528     H583    (8)    6 :  0.137 0.086 0.049 0.094 0.094 0.111 0.076 0.101 0.172 0.080 
529     H595    (8)    6 :  0.090 0.033 0.022 0.112 0.095 0.088 0.024 0.375 0.078 0.082 
530     H596    (8)    6 :  0.068 0.031 0.041 0.137 0.095 0.091 0.019 0.355 0.050 0.113 
531     H597    (8)    6 :  0.084 0.069 0.083 0.082 0.184 0.198 0.021 0.147 0.043 0.090 
532     H598    (8)    6 :  0.086 0.038 0.307 0.096 0.087 0.080 0.094 0.103 0.040 0.069 
533     H599    (0)    6 :  0.091 0.424 0.025 0.056 0.061 0.065 0.095 0.027 0.058 0.096 
534     H642    (8)    6 :  0.054 0.018 0.028 0.069 0.094 0.091 0.025 0.273 0.260 0.090 
535     H643    (8)    6 :  0.130 0.079 0.075 0.076 0.092 0.100 0.064 0.265 0.052 0.067 
536     H664    (8)    6 :  0.046 0.023 0.027 0.049 0.076 0.066 0.090 0.033 0.531 0.059 
537     H665    (8)    6 :  0.066 0.175 0.246 0.085 0.081 0.086 0.032 0.089 0.046 0.094 
538     H674    (0)    6 :  0.098 0.064 0.042 0.098 0.141 0.150 0.026 0.155 0.043 0.185 
539     H675    (8)    6 :  0.076 0.089 0.080 0.056 0.096 0.106 0.189 0.053 0.141 0.114 
540     H676    (8)    6 :  0.039 0.027 0.100 0.128 0.099 0.102 0.043 0.249 0.055 0.158 
541     H686    (8)    6 :  0.081 0.061 0.195 0.122 0.153 0.151 0.035 0.037 0.081 0.084 
542     H687    (8)    6 :  0.086 0.053 0.083 0.151 0.151 0.154 0.048 0.071 0.123 0.080 
543     H917    (0)    6 :  0.082 0.133 0.037 0.167 0.097 0.083 0.032 0.227 0.034 0.109 
544     H918    (8)    6 :  0.067 0.464 0.042 0.082 0.080 0.087 0.035 0.020 0.052 0.071 
545     H919    (0)    6 :  0.060 0.200 0.055 0.056 0.049 0.050 0.335 0.073 0.079 0.043 
546     H920    (0)    6 :  0.061 0.052 0.066 0.095 0.088 0.116 0.202 0.056 0.087 0.176 
547     H631    (8)    7 :  0.061 0.156 0.131 0.109 0.105 0.123 0.068 0.036 0.140 0.070 
548     H684    (8)    7 :  0.056 0.027 0.093 0.198 0.114 0.132 0.024 0.033 0.023 0.301 
549     H685    (8)    7 :  0.129 0.021 0.027 0.050 0.043 0.050 0.236 0.168 0.229 0.046 
550     H713    (8)    7 :  0.037 0.029 0.098 0.058 0.069 0.061 0.158 0.042 0.398 0.050 
551     H715    (8)    7 :  0.067 0.036 0.124 0.151 0.134 0.170 0.033 0.044 0.039 0.202 
552     H716    (8)    7 :  0.041 0.351 0.141 0.084 0.094 0.086 0.077 0.020 0.036 0.070 
553     H717    (8)    7 :  0.097 0.136 0.046 0.064 0.099 0.108 0.141 0.034 0.128 0.149 
554     H729    (8)    7 :  0.263 0.094 0.057 0.078 0.066 0.091 0.024 0.158 0.037 0.133 
555     H730    (8)    7 :  0.180 0.308 0.032 0.047 0.053 0.056 0.081 0.128 0.059 0.057 
556     H431   (16)    8 :  0.047 0.038 0.048 0.045 0.061 0.078 0.131 0.438 0.069 0.045 
557     H432    (8)    8 :  0.043 0.322 0.022 0.223 0.081 0.084 0.026 0.052 0.027 0.121 
558     H433    (8)    8 :  0.132 0.061 0.069 0.150 0.101 0.089 0.055 0.143 0.037 0.162 
559     H434    (8)    8 :  0.182 0.055 0.256 0.112 0.083 0.074 0.022 0.048 0.074 0.095 
560     H444    (8)    8 :  0.063 0.230 0.050 0.104 0.111 0.098 0.059 0.052 0.037 0.197 
561     H454    (0)    8 :  0.064 0.157 0.055 0.070 0.080 0.055 0.302 0.031 0.087 0.099 
562     H475    (8)    8 :  0.035 0.021 0.379 0.040 0.045 0.061 0.239 0.027 0.046 0.107 
563     H491    (8)    8 :  0.066 0.115 0.228 0.096 0.126 0.106 0.066 0.020 0.086 0.090 
564     H492    (8)    8 :  0.123 0.093 0.038 0.104 0.087 0.103 0.099 0.036 0.222 0.095 
565     H493    (8)    8 :  0.121 0.037 0.056 0.185 0.168 0.158 0.056 0.065 0.047 0.107 
566     H494    (8)    8 :  0.065 0.259 0.037 0.078 0.093 0.087 0.156 0.057 0.087 0.082 
567     H495    (0)    8 :  0.063 0.042 0.203 0.052 0.079 0.080 0.068 0.023 0.320 0.069 
568     H662    (8)    8 :  0.096 0.053 0.017 0.103 0.079 0.089 0.026 0.048 0.418 0.070 
569     H663    (8)    8 :  0.064 0.175 0.066 0.126 0.101 0.112 0.052 0.124 0.111 0.069 
570     H695    (8)    8 :  0.122 0.065 0.062 0.105 0.106 0.115 0.136 0.133 0.056 0.101 
571    H7367    (8)    8 :  0.385 0.025 0.040 0.050 0.055 0.053 0.018 0.181 0.032 0.160 
572    H7368    (0)    8 :  0.067 0.049 0.055 0.132 0.153 0.166 0.048 0.127 0.045 0.157 
573    H7369    (8)    8 :  0.096 0.160 0.110 0.096 0.104 0.096 0.064 0.135 0.032 0.107 
574    H7370    (8)    8 :  0.221 0.037 0.016 0.115 0.061 0.065 0.016 0.214 0.069 0.185 
575    H7371    (8)    8 :  0.085 0.133 0.036 0.123 0.100 0.111 0.072 0.161 0.068 0.111 
576     H600    (8)    9 :  0.051 0.041 0.489 0.050 0.058 0.074 0.103 0.036 0.061 0.038 
577     H648    (8)    9 :  0.051 0.045 0.046 0.091 0.121 0.122 0.061 0.112 0.197 0.155 
578     H696    (8)    9 :  0.158 0.031 0.014 0.094 0.142 0.133 0.016 0.173 0.157 0.082 
579     H697    (8)    9 :  0.066 0.089 0.039 0.069 0.080 0.074 0.058 0.420 0.054 0.052 
580     H698    (8)    9 :  0.099 0.056 0.024 0.048 0.062 0.049 0.035 0.521 0.048 0.058 
581     H699    (8)    9 :  0.186 0.095 0.056 0.086 0.126 0.118 0.060 0.059 0.076 0.137 
582     H700    (8)    9 :  0.026 0.027 0.723 0.038 0.036 0.029 0.023 0.014 0.044 0.040 
583     H732    (8)    9 :  0.072 0.072 0.031 0.098 0.083 0.072 0.212 0.035 0.282 0.044 
584     H733    (8)    9 :  0.056 0.035 0.036 0.048 0.056 0.067 0.027 0.542 0.040 0.092 
585     H734    (8)    9 :  0.106 0.045 0.030 0.180 0.139 0.109 0.026 0.081 0.136 0.149 
586     H735    (8)    9 :  0.086 0.037 0.027 0.058 0.067 0.083 0.026 0.291 0.237 0.087 
587     H736    (8)    9 :  0.156 0.100 0.058 0.120 0.094 0.090 0.041 0.029 0.200 0.112 
588     H737    (8)    9 :  0.076 0.172 0.165 0.041 0.079 0.072 0.102 0.205 0.034 0.054 
589     H905    (8)    9 :  0.038 0.043 0.444 0.086 0.054 0.080 0.094 0.042 0.037 0.082 
590     H921    (8)    9 :  0.077 0.138 0.085 0.098 0.099 0.102 0.082 0.110 0.111 0.099 
591     H922    (8)    9 :  0.099 0.114 0.028 0.126 0.116 0.094 0.024 0.133 0.091 0.174 
592  H169705    (8)   10 :  0.344 0.022 0.039 0.055 0.043 0.056 0.032 0.280 0.056 0.074 
593  H171942    (8)   10 :  0.049 0.316 0.019 0.226 0.088 0.073 0.032 0.048 0.025 0.122 
594  H171943    (8)   10 :  0.116 0.117 0.083 0.152 0.110 0.133 0.029 0.041 0.138 0.082 
595  H171944    (8)   10 :  0.103 0.093 0.101 0.092 0.089 0.096 0.026 0.157 0.171 0.072 
596  H171946    (8)   10 :  0.101 0.027 0.056 0.092 0.083 0.082 0.046 0.048 0.419 0.047 
597  H171947    (8)   10 :  0.175 0.120 0.049 0.101 0.108 0.097 0.037 0.035 0.055 0.224 
598  H229641    (0)   10 :  0.068 0.029 0.043 0.100 0.103 0.110 0.131 0.216 0.069 0.132 
599   H30001    (8)   10 :  0.066 0.045 0.160 0.104 0.098 0.121 0.057 0.112 0.129 0.107 
600   H30002    (8)   10 :  0.292 0.046 0.236 0.077 0.089 0.080 0.032 0.022 0.043 0.082 
601   H30005    (8)   10 :  0.053 0.024 0.071 0.055 0.069 0.058 0.033 0.552 0.049 0.037 
602   H30006    (8)   10 :  0.474 0.036 0.021 0.036 0.055 0.052 0.069 0.081 0.026 0.149 
603   H30007    (8)   10 :  0.160 0.183 0.032 0.111 0.115 0.092 0.013 0.038 0.085 0.173 
604     H451    (8)   10 :  0.069 0.065 0.082 0.170 0.108 0.096 0.028 0.051 0.031 0.299 
605     H452    (0)   10 :  0.039 0.033 0.021 0.030 0.035 0.032 0.080 0.676 0.028 0.026 
606     H453    (0)   10 :  0.061 0.065 0.131 0.094 0.117 0.115 0.247 0.026 0.076 0.067 
607     H473    (0)   10 :  0.123 0.165 0.066 0.109 0.106 0.138 0.142 0.025 0.044 0.083 
608     H474    (8)   10 :  0.087 0.021 0.077 0.068 0.062 0.051 0.282 0.027 0.285 0.041 
609     H486    (8)   10 :  0.053 0.046 0.029 0.068 0.070 0.059 0.367 0.088 0.102 0.118 
610     H487    (0)   10 :  0.087 0.044 0.179 0.054 0.083 0.092 0.232 0.098 0.039 0.093 
611     H488    (0)   10 :  0.068 0.095 0.291 0.063 0.088 0.104 0.099 0.063 0.042 0.087 
612     H489    (0)   10 :  0.143 0.045 0.130 0.075 0.089 0.072 0.164 0.065 0.109 0.108 
613     H550    (8)   10 :  0.195 0.024 0.029 0.209 0.115 0.090 0.021 0.028 0.150 0.139 
614     H551    (8)   10 :  0.119 0.262 0.033 0.066 0.060 0.062 0.079 0.144 0.086 0.088 
615     H553    (8)   10 :  0.101 0.026 0.019 0.024 0.042 0.040 0.610 0.063 0.030 0.045 
616     H554    (8)   10 :  0.081 0.035 0.057 0.149 0.114 0.102 0.033 0.047 0.062 0.321 
617     H556    (8)   10 :  0.321 0.050 0.021 0.065 0.090 0.092 0.146 0.035 0.112 0.068 
618     H580    (8)   10 :  0.138 0.080 0.108 0.099 0.099 0.124 0.044 0.104 0.103 0.101 
619     H591    (8)   10 :  0.065 0.124 0.083 0.053 0.066 0.050 0.290 0.043 0.157 0.071 
620     H592    (8)   10 :  0.081 0.042 0.060 0.107 0.105 0.092 0.151 0.139 0.130 0.095 
621     H593    (8)   10 :  0.050 0.041 0.080 0.139 0.136 0.112 0.029 0.047 0.109 0.258 
622     H594    (8)   10 :  0.136 0.075 0.023 0.165 0.147 0.126 0.017 0.144 0.073 0.093 
623     H627    (8)   10 :  0.078 0.046 0.052 0.136 0.152 0.126 0.101 0.046 0.114 0.149 
624     H628    (8)   10 :  0.089 0.246 0.071 0.075 0.110 0.103 0.019 0.205 0.026 0.056 
625     H629    (8)   10 :  0.050 0.040 0.028 0.111 0.160 0.155 0.089 0.086 0.195 0.085 
626     H630    (8)   10 :  0.124 0.027 0.035 0.082 0.076 0.069 0.036 0.072 0.415 0.065 
627     H638    (8)   10 :  0.061 0.032 0.027 0.067 0.085 0.092 0.039 0.313 0.199 0.087 
628     H639    (8)   10 :  0.050 0.024 0.019 0.046 0.060 0.062 0.485 0.075 0.145 0.034 
629     H640    (8)   10 :  0.101 0.065 0.034 0.151 0.117 0.110 0.046 0.095 0.152 0.131 
630     H704    (8)   10 :  0.149 0.066 0.057 0.105 0.196 0.196 0.019 0.070 0.065 0.077 
631     H705    (0)   10 :  0.343 0.028 0.036 0.053 0.047 0.050 0.032 0.260 0.060 0.090 
632     H706    (8)   10 :  0.080 0.161 0.151 0.065 0.062 0.074 0.168 0.109 0.062 0.068 
633     H708    (8)   10 :  0.064 0.035 0.048 0.043 0.044 0.056 0.057 0.043 0.576 0.033 
634    H7351    (8)   10 :  0.129 0.053 0.050 0.148 0.174 0.119 0.039 0.030 0.098 0.160 
635    H7352    (0)   10 :  0.096 0.097 0.048 0.104 0.157 0.124 0.077 0.139 0.076 0.080 
636    H7353    (8)   10 :  0.064 0.032 0.041 0.070 0.281 0.310 0.032 0.074 0.032 0.065 
637    H7354    (0)   10 :  0.048 0.052 0.536 0.062 0.085 0.062 0.059 0.019 0.029 0.047 
638    H7365    (8)   10 :  0.048 0.059 0.083 0.052 0.062 0.063 0.302 0.066 0.219 0.046 
639    H7383    (8)   10 :  0.072 0.084 0.290 0.097 0.108 0.089 0.058 0.064 0.063 0.076 
640    H7384    (8)   10 :  0.216 0.050 0.266 0.070 0.082 0.102 0.059 0.047 0.038 0.071 
641    H7385    (8)   10 :  0.033 0.031 0.663 0.039 0.037 0.035 0.052 0.030 0.055 0.027 
642    H7386    (8)   10 :  0.082 0.169 0.037 0.081 0.086 0.103 0.037 0.184 0.067 0.153 
643    H7387    (8)   10 :  0.108 0.059 0.231 0.113 0.136 0.118 0.025 0.059 0.062 0.090 
644    H7388    (8)   10 :  0.034 0.034 0.027 0.028 0.032 0.036 0.065 0.691 0.024 0.028 
645     H906    (8)   10 :  0.069 0.209 0.051 0.083 0.114 0.123 0.124 0.022 0.066 0.139 
646     H907    (8)   10 :  0.067 0.034 0.035 0.161 0.128 0.141 0.030 0.195 0.078 0.132 
647     H908    (8)   10 :  0.056 0.039 0.190 0.087 0.097 0.096 0.053 0.122 0.127 0.133 
648     H909    (0)   10 :  0.076 0.109 0.426 0.071 0.078 0.078 0.052 0.022 0.023 0.066 
649    H9552    (8)   10 :  0.117 0.100 0.050 0.087 0.165 0.161 0.049 0.111 0.074 0.087 
650    H9553   (25)   10 :  0.145 0.037 0.021 0.037 0.046 0.037 0.480 0.103 0.037 0.056 
651    H9555    (0)   10 :  0.110 0.100 0.098 0.131 0.099 0.097 0.036 0.180 0.062 0.089 
652    H9575   (25)   10 :  0.058 0.041 0.050 0.111 0.093 0.111 0.107 0.043 0.326 0.060 
653    H9703    (0)   10 :  0.171 0.032 0.067 0.027 0.035 0.035 0.512 0.047 0.041 0.035 
654    H9707    (0)   10 :  0.077 0.034 0.043 0.070 0.074 0.069 0.402 0.078 0.053 0.100 
655    HSAA4    (8)   10 :  0.118 0.070 0.121 0.088 0.124 0.119 0.036 0.114 0.105 0.105 
656     H001    (8)   11 :  0.059 0.269 0.142 0.091 0.093 0.101 0.065 0.065 0.068 0.046 
657     H004    (8)   11 :  0.111 0.045 0.176 0.107 0.144 0.117 0.053 0.053 0.081 0.113 
658     H005    (0)   11 :  0.038 0.054 0.371 0.062 0.067 0.070 0.197 0.030 0.039 0.073 
659     H006    (8)   11 :  0.111 0.056 0.156 0.137 0.117 0.115 0.059 0.070 0.064 0.116 
660     H007    (8)   11 :  0.080 0.398 0.166 0.044 0.057 0.049 0.079 0.019 0.049 0.059 
661     H031    (0)   11 :  0.062 0.084 0.071 0.066 0.051 0.059 0.313 0.068 0.173 0.053 
662     H074    (8)   11 :  0.064 0.039 0.042 0.059 0.083 0.089 0.170 0.079 0.317 0.060 
663     H075    (8)   11 :  0.040 0.385 0.165 0.054 0.045 0.046 0.054 0.024 0.149 0.039 
664     H080    (8)   11 :  0.063 0.054 0.119 0.074 0.095 0.093 0.205 0.148 0.109 0.041 
665     H086    (8)   11 :  0.177 0.050 0.164 0.060 0.086 0.080 0.069 0.126 0.064 0.124 
666     H092    (8)   11 :  0.143 0.035 0.284 0.069 0.089 0.089 0.081 0.098 0.055 0.056 
667     H093    (8)   11 :  0.128 0.071 0.036 0.144 0.244 0.175 0.029 0.045 0.048 0.079 
668     H094    (8)   11 :  0.080 0.030 0.051 0.177 0.136 0.116 0.027 0.126 0.160 0.097 
669     H095    (8)   11 :  0.060 0.120 0.106 0.071 0.103 0.089 0.256 0.044 0.087 0.064 
670     H096    (8)   11 :  0.057 0.223 0.176 0.103 0.078 0.086 0.089 0.045 0.047 0.094 
671     H099    (8)   11 :  0.078 0.061 0.183 0.088 0.089 0.119 0.069 0.076 0.145 0.093 
672     H100    (8)   11 :  0.057 0.425 0.040 0.154 0.092 0.086 0.022 0.025 0.029 0.070 
673     H127    (8)   11 :  0.103 0.099 0.062 0.076 0.072 0.077 0.132 0.216 0.076 0.087 
674     H136    (0)   11 :  0.085 0.044 0.221 0.084 0.095 0.075 0.163 0.062 0.099 0.073 
675     H153    (0)   11 :  0.074 0.036 0.121 0.148 0.130 0.131 0.050 0.065 0.062 0.185 
676     H154    (8)   11 :  0.041 0.041 0.058 0.070 0.071 0.066 0.249 0.077 0.278 0.047 
677     H155    (0)   11 :  0.161 0.279 0.028 0.077 0.069 0.058 0.025 0.201 0.027 0.076 
678     H156    (8)   11 :  0.102 0.158 0.036 0.136 0.106 0.118 0.013 0.115 0.021 0.194 
679     H161    (8)   11 :  0.093 0.059 0.077 0.146 0.089 0.075 0.028 0.024 0.072 0.336 
680     H162    (8)   11 :  0.066 0.028 0.039 0.079 0.085 0.095 0.025 0.460 0.050 0.073 
681     H167    (0)   11 :  0.106 0.090 0.230 0.127 0.107 0.129 0.019 0.040 0.055 0.096 
682     H168    (8)   11 :  0.076 0.109 0.119 0.108 0.097 0.109 0.048 0.214 0.035 0.084 
683  H169586    (8)   11 :  0.191 0.058 0.023 0.142 0.052 0.077 0.040 0.014 0.329 0.074 
684  H169738    (8)   11 :  0.056 0.120 0.076 0.062 0.067 0.078 0.039 0.361 0.028 0.113 
685  H169741    (8)   11 :  0.149 0.031 0.047 0.165 0.055 0.073 0.103 0.023 0.265 0.088 
686  H171801    (8)   11 :  0.091 0.097 0.022 0.154 0.134 0.188 0.040 0.042 0.051 0.181 
687  H171810    (8)   11 :  0.064 0.051 0.100 0.117 0.116 0.097 0.092 0.037 0.251 0.076 
688  H171811    (8)   11 :  0.046 0.030 0.050 0.056 0.076 0.088 0.080 0.038 0.498 0.037 
689  H171812    (8)   11 :  0.046 0.617 0.046 0.055 0.049 0.050 0.042 0.020 0.037 0.035 
690  H171820    (8)   11 :  0.082 0.055 0.067 0.061 0.094 0.099 0.144 0.070 0.281 0.046 
691  H171821    (8)   11 :  0.059 0.046 0.096 0.072 0.119 0.093 0.039 0.356 0.064 0.056 
692  H171822    (8)   11 :  0.118 0.073 0.142 0.087 0.107 0.112 0.053 0.148 0.051 0.109 
693  H171823    (8)   11 :  0.049 0.049 0.128 0.100 0.110 0.131 0.164 0.022 0.077 0.170 
694  H171866    (8)   11 :  0.075 0.120 0.049 0.073 0.102 0.131 0.050 0.312 0.022 0.065 
695  H171867    (8)   11 :  0.140 0.102 0.175 0.110 0.079 0.083 0.035 0.124 0.033 0.120 
696  H171967    (8)   11 :  0.108 0.191 0.040 0.073 0.066 0.070 0.148 0.063 0.174 0.067 
697  H171969    (8)   11 :  0.122 0.151 0.062 0.118 0.119 0.107 0.051 0.043 0.118 0.109 
698     H172    (8)   11 :  0.141 0.174 0.057 0.115 0.101 0.090 0.073 0.073 0.094 0.083 
699     H173    (0)   11 :  0.109 0.332 0.035 0.088 0.076 0.070 0.050 0.096 0.068 0.076 
700     H174    (8)   11 :  0.045 0.030 0.064 0.086 0.143 0.129 0.013 0.209 0.205 0.077 
701     H196    (0)   11 :  0.033 0.038 0.021 0.025 0.034 0.030 0.025 0.745 0.018 0.030 
702     H197    (8)   11 :  0.088 0.061 0.184 0.110 0.090 0.101 0.025 0.098 0.105 0.137 
703     H346    (8)   11 :  0.149 0.104 0.242 0.085 0.117 0.092 0.062 0.023 0.040 0.086 
704     H355    (8)   11 :  0.117 0.282 0.036 0.065 0.094 0.098 0.158 0.041 0.063 0.048 
705     H356    (0)   11 :  0.083 0.132 0.137 0.063 0.121 0.118 0.147 0.057 0.047 0.094 
706     H357    (8)   11 :  0.059 0.157 0.059 0.083 0.075 0.091 0.115 0.078 0.160 0.125 
707     H358    (8)   11 :  0.052 0.114 0.574 0.039 0.042 0.050 0.023 0.037 0.037 0.031 
708     H359    (8)   11 :  0.104 0.039 0.088 0.099 0.143 0.122 0.059 0.071 0.139 0.135 
709     H360    (0)   11 :  0.278 0.074 0.137 0.072 0.097 0.094 0.030 0.035 0.056 0.128 
710     H361    (8)   11 :  0.175 0.153 0.118 0.081 0.100 0.115 0.062 0.054 0.033 0.108 
711     H362    (8)   11 :  0.059 0.028 0.051 0.071 0.065 0.068 0.018 0.522 0.033 0.085 
712     H363    (8)   11 :  0.064 0.027 0.358 0.088 0.087 0.070 0.105 0.049 0.062 0.090 
713     H364    (8)   11 :  0.134 0.063 0.115 0.149 0.149 0.119 0.030 0.030 0.116 0.096 
714     H365    (8)   11 :  0.180 0.268 0.028 0.064 0.072 0.069 0.037 0.091 0.084 0.107 
715     H366    (8)   11 :  0.125 0.195 0.041 0.082 0.096 0.109 0.073 0.160 0.037 0.080 
716     H367    (8)   11 :  0.033 0.048 0.026 0.030 0.044 0.046 0.293 0.253 0.196 0.032 
717     H368    (8)   11 :  0.074 0.044 0.022 0.176 0.106 0.107 0.020 0.025 0.331 0.095 
718     H369    (0)   11 :  0.052 0.073 0.107 0.062 0.057 0.059 0.357 0.096 0.096 0.041 
719     H370    (8)   11 :  0.101 0.056 0.086 0.179 0.160 0.106 0.029 0.094 0.061 0.126 
720     H371    (8)   11 :  0.207 0.066 0.029 0.083 0.091 0.081 0.037 0.108 0.215 0.083 
721     H372    (8)   11 :  0.126 0.201 0.054 0.103 0.082 0.094 0.050 0.155 0.075 0.062 
722     H373    (8)   11 :  0.071 0.053 0.297 0.095 0.111 0.096 0.025 0.056 0.108 0.089 
723     H374    (0)   11 :  0.049 0.084 0.563 0.061 0.067 0.046 0.044 0.016 0.028 0.042 
724     H375    (8)   11 :  0.057 0.308 0.032 0.085 0.072 0.085 0.131 0.065 0.092 0.074 
725     H376    (0)   11 :  0.100 0.108 0.050 0.145 0.168 0.174 0.043 0.053 0.063 0.097 
726     H377    (8)   11 :  0.110 0.042 0.294 0.119 0.100 0.081 0.084 0.034 0.039 0.098 
727     H378    (8)   11 :  0.087 0.085 0.090 0.110 0.150 0.150 0.097 0.067 0.097 0.067 
728     H379    (8)   11 :  0.064 0.032 0.161 0.146 0.131 0.144 0.048 0.106 0.081 0.087 
729     H380    (8)   11 :  0.056 0.115 0.053 0.194 0.135 0.111 0.034 0.099 0.033 0.170 
730     H381    (0)   11 :  0.070 0.036 0.031 0.094 0.125 0.098 0.170 0.027 0.223 0.126 
731     H382    (8)   11 :  0.067 0.040 0.042 0.146 0.098 0.102 0.014 0.158 0.037 0.296 
732     H383    (8)   11 :  0.102 0.090 0.099 0.150 0.181 0.170 0.020 0.060 0.035 0.092 
733     H384    (0)   11 :  0.175 0.043 0.109 0.108 0.094 0.120 0.078 0.033 0.185 0.055 
734     H385    (8)   11 :  0.054 0.028 0.368 0.064 0.082 0.073 0.034 0.082 0.126 0.089 
735     H386    (0)   11 :  0.051 0.165 0.237 0.126 0.087 0.086 0.032 0.098 0.050 0.068 
736     H387    (0)   11 :  0.078 0.030 0.163 0.159 0.214 0.179 0.055 0.023 0.035 0.064 
737     H388    (8)   11 :  0.342 0.108 0.039 0.064 0.075 0.086 0.025 0.160 0.033 0.069 
738     H389    (8)   11 :  0.085 0.209 0.098 0.090 0.089 0.091 0.078 0.076 0.104 0.082 
739     H390    (8)   11 :  0.091 0.056 0.107 0.109 0.118 0.119 0.030 0.059 0.187 0.124 
740     H391    (8)   11 :  0.127 0.119 0.029 0.079 0.105 0.098 0.021 0.194 0.156 0.071 
741     H392    (0)   11 :  0.040 0.331 0.313 0.051 0.043 0.056 0.044 0.025 0.065 0.032 
742     H393    (0)   11 :  0.092 0.374 0.041 0.112 0.108 0.112 0.027 0.024 0.033 0.076 
743     H394    (0)   11 :  0.094 0.069 0.021 0.105 0.236 0.178 0.033 0.053 0.150 0.060 
744     H395    (8)   11 :  0.078 0.069 0.093 0.083 0.072 0.076 0.164 0.200 0.089 0.077 
745     H408   (16)   11 :  0.101 0.200 0.227 0.097 0.079 0.094 0.060 0.041 0.033 0.067 
746     H412    (0)   11 :  0.029 0.014 0.014 0.036 0.053 0.038 0.208 0.032 0.544 0.033 
747     H417    (8)   11 :  0.182 0.072 0.056 0.147 0.077 0.081 0.044 0.035 0.201 0.104 
748     H418    (8)   11 :  0.073 0.037 0.071 0.074 0.111 0.122 0.069 0.237 0.164 0.042 
749     H429    (8)   11 :  0.070 0.139 0.172 0.136 0.120 0.092 0.035 0.035 0.132 0.069 
750     H430    (8)   11 :  0.075 0.294 0.043 0.114 0.090 0.087 0.034 0.098 0.059 0.105 
751     H439    (8)   11 :  0.112 0.059 0.309 0.084 0.071 0.088 0.036 0.095 0.077 0.069 
752     H440    (8)   11 :  0.052 0.067 0.415 0.056 0.076 0.049 0.172 0.027 0.035 0.051 
753     H441    (0)   11 :  0.040 0.030 0.034 0.040 0.052 0.049 0.035 0.571 0.093 0.056 
754     H442   (16)   11 :  0.088 0.094 0.038 0.100 0.132 0.132 0.058 0.244 0.044 0.069 
755     H446    (0)   11 :  0.147 0.036 0.160 0.133 0.119 0.158 0.073 0.050 0.052 0.073 
756     H447    (0)   11 :  0.068 0.242 0.101 0.158 0.070 0.096 0.020 0.099 0.070 0.076 
757     H448    (0)   11 :  0.059 0.266 0.047 0.057 0.066 0.063 0.145 0.197 0.033 0.067 
758     H534    (8)   11 :  0.040 0.033 0.380 0.065 0.060 0.060 0.054 0.027 0.242 0.037 
759     H537    (8)   11 :  0.060 0.049 0.045 0.092 0.101 0.145 0.263 0.061 0.144 0.040 
760     H568    (8)   11 :  0.049 0.030 0.129 0.055 0.067 0.060 0.413 0.045 0.070 0.082 
761     H569    (8)   11 :  0.301 0.170 0.020 0.054 0.054 0.052 0.025 0.096 0.027 0.201 
762     H586    (0)   11 :  0.200 0.049 0.018 0.142 0.053 0.061 0.028 0.014 0.353 0.082 
763     H587    (8)   11 :  0.100 0.070 0.115 0.075 0.064 0.065 0.259 0.032 0.179 0.042 
764     H588    (8)   11 :  0.085 0.085 0.119 0.098 0.219 0.245 0.022 0.031 0.032 0.064 
765     H589    (8)   11 :  0.063 0.103 0.299 0.054 0.057 0.054 0.125 0.026 0.171 0.048 
766     H590    (0)   11 :  0.073 0.078 0.033 0.076 0.081 0.091 0.374 0.055 0.044 0.096 
767     H601    (8)   11 :  0.141 0.085 0.048 0.089 0.113 0.107 0.027 0.121 0.033 0.238 
768     H602    (8)   11 :  0.043 0.069 0.186 0.042 0.077 0.069 0.089 0.294 0.085 0.046 
769     H603    (8)   11 :  0.062 0.080 0.206 0.107 0.075 0.087 0.028 0.170 0.048 0.137 
770     H610    (0)   11 :  0.203 0.054 0.179 0.077 0.100 0.080 0.062 0.073 0.080 0.092 
771     H611    (0)   11 :  0.106 0.052 0.028 0.115 0.074 0.075 0.197 0.052 0.218 0.083 
772     H649    (8)   11 :  0.071 0.205 0.047 0.143 0.120 0.114 0.058 0.054 0.077 0.111 
773     H650    (8)   11 :  0.159 0.025 0.057 0.169 0.123 0.111 0.040 0.120 0.058 0.139 
774     H651    (8)   11 :  0.154 0.114 0.111 0.086 0.083 0.097 0.052 0.167 0.039 0.096 
775     H652    (8)   11 :  0.118 0.038 0.130 0.136 0.149 0.186 0.050 0.065 0.042 0.085 
776    H7364    (8)   11 :  0.116 0.196 0.086 0.124 0.102 0.111 0.050 0.073 0.071 0.071 
777    H7366    (8)   11 :  0.196 0.065 0.149 0.071 0.096 0.095 0.087 0.091 0.037 0.112 
778    H7378   (16)   11 :  0.038 0.031 0.014 0.118 0.086 0.115 0.013 0.276 0.222 0.085 
779    H7379    (0)   11 :  0.148 0.061 0.054 0.088 0.128 0.120 0.080 0.185 0.057 0.078 
780     H739    (8)   11 :  0.147 0.068 0.027 0.077 0.064 0.062 0.298 0.037 0.138 0.082 
781     H740    (8)   11 :  0.137 0.031 0.057 0.132 0.095 0.148 0.037 0.055 0.039 0.270 
782     H741    (0)   11 :  0.138 0.035 0.034 0.185 0.077 0.081 0.092 0.026 0.246 0.085 
783     H926    (8)   11 :  0.101 0.046 0.095 0.123 0.098 0.148 0.057 0.078 0.069 0.185 
784     H927    (0)   11 :  0.372 0.036 0.057 0.057 0.054 0.057 0.031 0.205 0.030 0.100 
785     H928    (0)   11 :  0.160 0.036 0.024 0.159 0.075 0.085 0.049 0.125 0.148 0.141 
786    H9560    (0)   11 :  0.142 0.034 0.100 0.132 0.147 0.157 0.042 0.064 0.058 0.124 
787     H409    (0)   12 :  0.060 0.096 0.040 0.146 0.127 0.127 0.020 0.135 0.067 0.181 
788     H413    (0)   12 :  0.046 0.033 0.027 0.106 0.136 0.110 0.019 0.029 0.207 0.287 
789     H419    (8)   12 :  0.071 0.086 0.122 0.103 0.144 0.109 0.038 0.169 0.048 0.111 
790     H420    (8)   12 :  0.077 0.132 0.058 0.093 0.103 0.109 0.175 0.062 0.063 0.128 
791     H421    (8)   12 :  0.079 0.038 0.059 0.160 0.157 0.114 0.016 0.044 0.037 0.297 
792     H435    (8)   12 :  0.055 0.057 0.255 0.130 0.123 0.116 0.019 0.091 0.038 0.116 
793     H436    (8)   12 :  0.185 0.109 0.179 0.078 0.116 0.091 0.056 0.040 0.068 0.078 
794     H437    (8)   12 :  0.060 0.039 0.123 0.103 0.122 0.121 0.167 0.036 0.157 0.072 
795     H445    (8)   12 :  0.084 0.216 0.183 0.121 0.091 0.089 0.027 0.070 0.026 0.094 
796     H449    (8)   12 :  0.299 0.038 0.062 0.112 0.128 0.136 0.041 0.052 0.034 0.097 
797     H463    (8)   12 :  0.074 0.049 0.131 0.082 0.118 0.100 0.215 0.040 0.088 0.104 
798     H464    (8)   12 :  0.099 0.145 0.021 0.265 0.102 0.112 0.037 0.030 0.022 0.167 
799     H465    (8)   12 :  0.049 0.024 0.028 0.088 0.138 0.137 0.047 0.077 0.315 0.097 
800     H490    (8)   12 :  0.091 0.030 0.038 0.102 0.260 0.252 0.023 0.058 0.034 0.112 
801     H561    (8)   12 :  0.089 0.047 0.044 0.100 0.083 0.074 0.043 0.358 0.077 0.085 
802     H562    (8)   12 :  0.105 0.189 0.135 0.091 0.102 0.128 0.045 0.057 0.058 0.091 
803     H563    (0)   12 :  0.092 0.097 0.047 0.056 0.060 0.078 0.070 0.354 0.064 0.081 
804     H570    (8)   12 :  0.063 0.047 0.460 0.050 0.066 0.060 0.057 0.049 0.085 0.064 
805     H571    (8)   12 :  0.047 0.023 0.056 0.090 0.127 0.138 0.040 0.046 0.367 0.065 
806     H572    (8)   12 :  0.044 0.045 0.027 0.085 0.085 0.070 0.121 0.122 0.290 0.111 
807     H573    (8)   12 :  0.084 0.110 0.106 0.101 0.119 0.115 0.023 0.087 0.077 0.177 
808    H7372    (8)   12 :  0.294 0.083 0.086 0.096 0.097 0.108 0.017 0.068 0.022 0.131 
809    H7373    (0)   12 :  0.106 0.029 0.028 0.196 0.208 0.184 0.018 0.024 0.109 0.099 
810    H7374    (0)   12 :  0.071 0.108 0.217 0.085 0.098 0.107 0.125 0.029 0.039 0.121 
811    H7375    (8)   12 :  0.044 0.152 0.039 0.094 0.079 0.064 0.233 0.099 0.105 0.091 
812    H7376    (8)   12 :  0.092 0.442 0.060 0.077 0.063 0.077 0.020 0.060 0.023 0.086 
813    H7377    (8)   12 :  0.069 0.030 0.068 0.103 0.080 0.098 0.113 0.159 0.199 0.082 


Estimated Allele Frequencies in each cluster
First column gives estimated ancestral frequencies


Locus 1 : 
10 alleles
0.4% missing data
 168   (0.095) 0.103 0.213 0.077 0.093 0.096 0.095 0.071 0.051 0.077 0.077 
 160   (0.251) 0.259 0.346 0.390 0.217 0.249 0.251 0.298 0.284 0.243 0.187 
 172   (0.012) 0.006 0.015 0.002 0.023 0.012 0.012 0.001 0.004 0.002 0.010 
 156   (0.208) 0.189 0.123 0.199 0.220 0.208 0.209 0.085 0.328 0.240 0.240 
 164   (0.204) 0.250 0.123 0.115 0.218 0.205 0.204 0.200 0.247 0.281 0.196 
 152   (0.169) 0.115 0.125 0.200 0.169 0.170 0.170 0.329 0.061 0.127 0.209 
 148   (0.043) 0.023 0.045 0.016 0.051 0.044 0.042 0.014 0.016 0.027 0.059 
 144   (0.012) 0.052 0.010 0.003 0.007 0.012 0.011 0.002 0.008 0.002 0.019 
 176   (0.003) 0.001 0.000 0.000 0.001 0.003 0.003 0.000 0.001 0.000 0.001 
 180   (0.003) 0.001 0.000 0.000 0.001 0.002 0.002 0.000 0.000 0.001 0.001 

Locus 2 : 
11 alleles
0.4% missing data
 160   (0.183) 0.161 0.138 0.225 0.173 0.184 0.188 0.139 0.156 0.231 0.144 
 152   (0.156) 0.130 0.141 0.101 0.155 0.157 0.156 0.190 0.106 0.162 0.149 
 164   (0.175) 0.159 0.141 0.207 0.177 0.174 0.174 0.364 0.099 0.254 0.166 
 156   (0.246) 0.288 0.207 0.364 0.285 0.248 0.246 0.069 0.333 0.118 0.287 
 168   (0.116) 0.112 0.268 0.049 0.105 0.114 0.113 0.195 0.148 0.123 0.140 
 172   (0.041) 0.079 0.014 0.012 0.046 0.041 0.041 0.008 0.050 0.024 0.070 
 148   (0.043) 0.045 0.027 0.028 0.037 0.043 0.043 0.019 0.013 0.072 0.025 
 144   (0.015) 0.008 0.007 0.005 0.008 0.015 0.015 0.004 0.087 0.010 0.006 
 176   (0.019) 0.015 0.056 0.008 0.012 0.018 0.018 0.013 0.007 0.005 0.012 
 140   (0.003) 0.001 0.000 0.000 0.001 0.003 0.003 0.000 0.001 0.000 0.001 
 180   (0.003) 0.001 0.000 0.001 0.001 0.003 0.003 0.000 0.000 0.000 0.001 

Locus 3 : 
10 alleles
0.0% missing data
 185   (0.233) 0.246 0.157 0.436 0.235 0.233 0.232 0.261 0.135 0.220 0.220 
 181   (0.098) 0.075 0.094 0.193 0.109 0.098 0.098 0.064 0.056 0.048 0.110 
 193   (0.173) 0.148 0.294 0.087 0.170 0.175 0.176 0.192 0.105 0.174 0.190 
 189   (0.354) 0.388 0.386 0.183 0.366 0.352 0.352 0.379 0.600 0.463 0.349 
 197   (0.110) 0.101 0.062 0.093 0.102 0.110 0.111 0.070 0.088 0.082 0.115 
 177   (0.004) 0.003 0.001 0.001 0.001 0.004 0.004 0.000 0.001 0.001 0.001 
 201   (0.015) 0.012 0.004 0.007 0.012 0.016 0.015 0.002 0.007 0.010 0.008 
 169   (0.009) 0.025 0.001 0.001 0.003 0.008 0.008 0.030 0.006 0.002 0.006 
 173   (0.002) 0.001 0.000 0.000 0.001 0.002 0.002 0.000 0.001 0.000 0.001 
 209   (0.003) 0.001 0.000 0.000 0.001 0.003 0.003 0.000 0.001 0.001 0.001 

Locus 4 : 
9 alleles
0.0% missing data
 177   (0.221) 0.214 0.274 0.406 0.228 0.220 0.222 0.086 0.211 0.192 0.265 
 165   (0.202) 0.222 0.118 0.124 0.226 0.206 0.204 0.121 0.206 0.166 0.188 
 169   (0.234) 0.253 0.194 0.178 0.225 0.233 0.233 0.449 0.349 0.305 0.184 
 173   (0.208) 0.215 0.233 0.198 0.200 0.211 0.209 0.143 0.137 0.182 0.232 
 193   (0.008) 0.006 0.002 0.003 0.006 0.008 0.008 0.001 0.001 0.003 0.004 
 185   (0.030) 0.030 0.077 0.023 0.033 0.031 0.030 0.007 0.019 0.016 0.029 
 181   (0.083) 0.056 0.100 0.066 0.072 0.079 0.082 0.191 0.072 0.111 0.093 
 161   (0.010) 0.004 0.002 0.002 0.009 0.009 0.010 0.002 0.003 0.023 0.004 
 189   (0.004) 0.001 0.000 0.000 0.002 0.004 0.004 0.001 0.002 0.003 0.001 

Locus 5 : 
17 alleles
0.0% missing data
 199   (0.257) 0.231 0.234 0.427 0.286 0.256 0.259 0.449 0.174 0.316 0.242 
 215   (0.043) 0.026 0.013 0.012 0.033 0.043 0.042 0.059 0.061 0.108 0.026 
 203   (0.270) 0.322 0.416 0.220 0.295 0.273 0.269 0.253 0.262 0.174 0.299 
 207   (0.151) 0.192 0.196 0.151 0.142 0.152 0.152 0.074 0.236 0.127 0.154 
 195   (0.103) 0.105 0.078 0.112 0.095 0.101 0.101 0.043 0.078 0.108 0.121 
 211   (0.057) 0.047 0.025 0.041 0.057 0.057 0.057 0.012 0.150 0.085 0.066 
 271   (0.003) 0.001 0.000 0.001 0.001 0.002 0.002 0.000 0.001 0.000 0.000 
 275   (0.017) 0.015 0.004 0.007 0.016 0.018 0.018 0.002 0.009 0.006 0.015 
 283   (0.018) 0.008 0.006 0.007 0.016 0.017 0.017 0.009 0.004 0.032 0.016 
 279   (0.019) 0.014 0.005 0.010 0.019 0.020 0.020 0.002 0.011 0.006 0.034 
 287   (0.020) 0.014 0.005 0.004 0.013 0.020 0.020 0.006 0.005 0.022 0.008 
 191   (0.015) 0.009 0.008 0.004 0.011 0.015 0.015 0.088 0.003 0.006 0.006 
 291   (0.007) 0.008 0.003 0.001 0.005 0.006 0.007 0.001 0.001 0.007 0.003 
 295   (0.004) 0.001 0.001 0.001 0.003 0.004 0.004 0.000 0.002 0.001 0.001 
 267   (0.006) 0.003 0.002 0.001 0.003 0.007 0.007 0.001 0.001 0.001 0.002 
 219   (0.007) 0.003 0.002 0.001 0.004 0.006 0.006 0.001 0.001 0.001 0.005 
 299   (0.003) 0.001 0.000 0.000 0.001 0.002 0.003 0.000 0.000 0.001 0.001 

Locus 6 : 
10 alleles
0.5% missing data
 238   (0.247) 0.210 0.319 0.262 0.273 0.247 0.247 0.229 0.218 0.251 0.247 
 250   (0.139) 0.151 0.227 0.210 0.145 0.137 0.137 0.066 0.138 0.140 0.120 
 246   (0.177) 0.258 0.231 0.099 0.204 0.180 0.178 0.060 0.113 0.106 0.201 
 242   (0.212) 0.194 0.113 0.263 0.192 0.213 0.212 0.471 0.246 0.234 0.247 
 234   (0.097) 0.073 0.056 0.118 0.075 0.097 0.098 0.114 0.076 0.149 0.077 
 254   (0.042) 0.026 0.016 0.016 0.044 0.042 0.042 0.006 0.041 0.056 0.041 
 230   (0.047) 0.061 0.018 0.018 0.038 0.047 0.047 0.013 0.099 0.046 0.032 
 258   (0.020) 0.017 0.015 0.007 0.013 0.019 0.019 0.033 0.062 0.006 0.016 
 226   (0.012) 0.007 0.003 0.006 0.012 0.012 0.012 0.001 0.002 0.004 0.017 
 218   (0.007) 0.003 0.001 0.001 0.004 0.007 0.007 0.007 0.003 0.008 0.002 

Locus 7 : 
5 alleles
77.9% missing data
 149   (0.886) 0.918 0.948 0.954 0.871 0.886 0.886 0.964 0.948 0.744 0.847 
 153   (0.042) 0.034 0.018 0.016 0.042 0.042 0.042 0.016 0.018 0.217 0.062 
 157   (0.030) 0.021 0.018 0.012 0.044 0.030 0.030 0.009 0.015 0.015 0.042 
 155   (0.029) 0.020 0.011 0.010 0.030 0.029 0.029 0.009 0.015 0.018 0.042 
 151   (0.013) 0.007 0.005 0.007 0.013 0.013 0.013 0.003 0.004 0.005 0.007 

Locus 8 : 
21 alleles
0.5% missing data
 152   (0.067) 0.068 0.035 0.114 0.067 0.066 0.066 0.072 0.059 0.069 0.077 
 148   (0.061) 0.060 0.021 0.076 0.079 0.064 0.063 0.025 0.021 0.025 0.083 
 142   (0.061) 0.064 0.028 0.028 0.083 0.063 0.061 0.047 0.047 0.090 0.068 
 140   (0.034) 0.050 0.042 0.026 0.038 0.034 0.035 0.006 0.041 0.027 0.030 
 138   (0.057) 0.067 0.033 0.113 0.048 0.056 0.056 0.066 0.096 0.039 0.059 
 136   (0.065) 0.072 0.027 0.017 0.069 0.066 0.067 0.020 0.098 0.055 0.085 
 150   (0.060) 0.056 0.025 0.029 0.058 0.058 0.058 0.086 0.061 0.064 0.079 
 146   (0.261) 0.224 0.289 0.403 0.241 0.262 0.264 0.411 0.331 0.329 0.222 
 128   (0.094) 0.084 0.197 0.053 0.112 0.093 0.094 0.112 0.092 0.121 0.079 
 164   (0.009) 0.006 0.002 0.002 0.004 0.009 0.009 0.001 0.001 0.001 0.002 
 156   (0.011) 0.004 0.002 0.038 0.005 0.010 0.009 0.002 0.022 0.002 0.006 
 144   (0.036) 0.069 0.078 0.009 0.035 0.035 0.034 0.026 0.015 0.034 0.041 
 158   (0.016) 0.015 0.003 0.004 0.016 0.015 0.016 0.010 0.003 0.019 0.012 
 134   (0.095) 0.119 0.185 0.045 0.085 0.095 0.094 0.078 0.080 0.075 0.106 
 168   (0.017) 0.011 0.008 0.003 0.011 0.017 0.017 0.019 0.009 0.016 0.018 
 160   (0.019) 0.013 0.006 0.031 0.016 0.019 0.019 0.005 0.007 0.009 0.011 
 162   (0.008) 0.004 0.002 0.002 0.005 0.007 0.007 0.010 0.002 0.004 0.004 
 154   (0.015) 0.007 0.014 0.004 0.019 0.015 0.016 0.002 0.010 0.018 0.010 
 170   (0.005) 0.001 0.001 0.001 0.002 0.004 0.004 0.001 0.001 0.001 0.001 
 130   (0.007) 0.003 0.004 0.003 0.006 0.007 0.007 0.001 0.001 0.002 0.006 
 172   (0.003) 0.001 0.000 0.000 0.001 0.003 0.003 0.000 0.000 0.000 0.001 

Locus 9 : 
8 alleles
0.2% missing data
 184   (0.231) 0.170 0.171 0.208 0.262 0.235 0.236 0.086 0.227 0.149 0.267 
 182   (0.151) 0.117 0.090 0.180 0.164 0.150 0.151 0.119 0.069 0.236 0.171 
 186   (0.391) 0.391 0.440 0.392 0.377 0.390 0.388 0.532 0.530 0.332 0.388 
 180   (0.184) 0.227 0.286 0.205 0.168 0.183 0.183 0.251 0.097 0.264 0.145 
 192   (0.017) 0.082 0.006 0.010 0.011 0.016 0.016 0.008 0.035 0.008 0.018 
 188   (0.012) 0.006 0.003 0.003 0.011 0.013 0.012 0.002 0.002 0.008 0.005 
 194   (0.011) 0.006 0.002 0.002 0.005 0.011 0.011 0.001 0.039 0.002 0.005 
 174   (0.003) 0.001 0.001 0.000 0.001 0.003 0.003 0.000 0.000 0.000 0.001 

Locus 10 : 
8 alleles
0.1% missing data
 164   (0.252) 0.209 0.195 0.221 0.283 0.256 0.253 0.188 0.276 0.169 0.274 
 160   (0.223) 0.245 0.295 0.134 0.198 0.221 0.222 0.383 0.252 0.198 0.223 
 168   (0.238) 0.194 0.221 0.254 0.250 0.237 0.238 0.174 0.220 0.423 0.271 
 156   (0.132) 0.221 0.087 0.226 0.129 0.131 0.130 0.217 0.089 0.163 0.105 
 172   (0.086) 0.073 0.169 0.126 0.080 0.087 0.087 0.023 0.059 0.027 0.073 
 152   (0.027) 0.031 0.019 0.007 0.019 0.027 0.027 0.005 0.086 0.006 0.024 
 176   (0.033) 0.022 0.013 0.030 0.037 0.034 0.034 0.008 0.016 0.012 0.028 
 180   (0.008) 0.004 0.001 0.001 0.005 0.008 0.008 0.001 0.002 0.002 0.003 

Locus 11 : 
10 alleles
0.0% missing data
 169   (0.303) 0.328 0.306 0.291 0.297 0.304 0.306 0.191 0.328 0.305 0.360 
 161   (0.093) 0.068 0.168 0.230 0.098 0.093 0.093 0.038 0.034 0.108 0.071 
 165   (0.285) 0.313 0.226 0.130 0.311 0.288 0.288 0.294 0.294 0.324 0.317 
 173   (0.146) 0.154 0.144 0.196 0.139 0.147 0.146 0.215 0.153 0.070 0.121 
 157   (0.050) 0.042 0.022 0.038 0.053 0.049 0.049 0.014 0.080 0.043 0.044 
 177   (0.070) 0.051 0.103 0.100 0.056 0.068 0.068 0.239 0.031 0.126 0.048 
 153   (0.011) 0.013 0.006 0.003 0.014 0.011 0.011 0.001 0.003 0.008 0.007 
 185   (0.012) 0.007 0.003 0.003 0.009 0.012 0.012 0.001 0.006 0.004 0.009 
 181   (0.020) 0.020 0.014 0.003 0.014 0.020 0.020 0.003 0.068 0.010 0.014 
 149   (0.010) 0.004 0.008 0.007 0.009 0.009 0.009 0.005 0.004 0.001 0.009 

Locus 12 : 
5 alleles
0.4% missing data
 149   (0.877) 0.904 0.957 0.957 0.856 0.877 0.877 0.972 0.948 0.770 0.834 
 157   (0.034) 0.020 0.020 0.008 0.050 0.034 0.034 0.007 0.017 0.018 0.047 
 153   (0.047) 0.040 0.014 0.021 0.050 0.046 0.046 0.015 0.020 0.195 0.061 
 151   (0.015) 0.008 0.003 0.007 0.014 0.016 0.016 0.002 0.006 0.006 0.009 
 155   (0.027) 0.027 0.006 0.007 0.030 0.027 0.027 0.003 0.009 0.012 0.049 

Values of parameters used in structure:
DATAFILE=/data/home/rchen/Hunting/Final_analysis/data_job_T10_96,	OUTFILE=/data/home/rchen/Hunting/Final_analysis/Results_females_4.4/results_job_T10_96,	NUMINDS=813,	NUMLOCI=12,	MISSING=-9,	LABEL=1,	POPDATA=1,	POPFLAG=0,	PHENOTYPE=0,	EXTRACOLS=0,	MAXPOPS=10,	BURNIN=10000,	NUMREPS=10000,	USEPOPINFO=0,	INFERALPHA=1,	INFERLAMBDA=0,	POPSPECIFICLAMBDA=0,	POPALPHAS=0,	COMPUTEPROB=1,	NOADMIX=0,	ADMBURNIN=2500,	UPDATEFREQ=1,	PRINTLIKES=0,	INTERMEDSAVE=0,	PRINTKLD=0,	PRINTNET=0,	PRINTLAMBDA=0,	ANCESTDIST=0,	NUMBOXES=1000,	ANCESTPINT=0.90000,	GENSBACK=2,	MIGRPRIOR=0.05000,	PRINTQHAT=1,	PRINTQSUM=0,	ALPHA=1.0000,	FREQSCORR=1,	FPRIORMEAN=0.0100,	FPRIORSD=0.0500,	ONEFST=0,	LAMBDA=1.0000,	UNIFPRIORALPHA=1,	ALPHAMAX=10.0000,	ALPHAPRIORA=1.0000,	ALPHAPRIORB=2.0000,	ALPHAPROPSD=0.0250,	STARTATPOPINFO=0,	RANDOMIZE=1,	LINKAGE=0,	METROFREQ=10,	REPORTHITRATE=0,	MARKOVPHASE=-1,	PHASED=0,	PLOIDY=2,	PHASEINFO=0	LOCPRIOR=0, 	LOCPRIORINIT=1.000000, 	LOCDATA=0, 	LOCISPOP=0, 	LOCPRIORSTEP=0.100000, 	MAXLOCPRIOR=20.000000, 	SEED=1649138948,	
[STRAT parameters]:    NUMSIMSTATS=1000,	PHENOTYPECOL=-9,	POOLFREQ=10,	LOCUSxONLY=0,	EMERROR=0.00100,	MISSINGPHENO=-9,	