

----------------------------------------------------
STRUCTURE by Pritchard, Stephens and Donnelly (2000)
     and Falush, Stephens and Pritchard (2003)
       Code by Pritchard, Falush and Hubisz
             Version 2.3.4 (Jul 2012)
----------------------------------------------------



Command line arguments:   /usr/local/bin/structure -m parameter_job_T9_38 
Input File:    /data/home/rchen/Hunting/Final_analysis/data_job_T9_38

Run parameters:
   813 individuals
   12 loci
   9 populations assumed
   10000 Burn-in period
   10000 Reps


--------------------------------------------
Proportion of membership of each pre-defined
 population in each of the 9 clusters

Given    Inferred Clusters                                                 Number of
 Pop       1      2      3      4      5      6      7      8      9      Individuals

  1:     0.114  0.101  0.101  0.115  0.120  0.121  0.113  0.115  0.101      144
  2:     0.108  0.112  0.127  0.109  0.108  0.105  0.113  0.102  0.117      163
  3:     0.123  0.118  0.084  0.106  0.110  0.098  0.127  0.094  0.141        8
  4:     0.109  0.121  0.118  0.109  0.110  0.107  0.106  0.111  0.109       88
  5:     0.110  0.105  0.115  0.111  0.112  0.115  0.110  0.114  0.107      121
  6:     0.115  0.122  0.097  0.114  0.112  0.112  0.113  0.113  0.102       22
  7:     0.090  0.132  0.092  0.116  0.098  0.104  0.098  0.125  0.146        9
  8:     0.113  0.111  0.125  0.105  0.105  0.105  0.112  0.113  0.110       20
  9:     0.113  0.118  0.100  0.115  0.106  0.102  0.115  0.119  0.112       16
 10:     0.109  0.121  0.107  0.110  0.108  0.102  0.110  0.109  0.125       64
 11:     0.114  0.113  0.104  0.112  0.105  0.115  0.110  0.111  0.115      131
 12:     0.109  0.111  0.085  0.118  0.120  0.116  0.112  0.126  0.102       27
--------------------------------------------

Allele-freq. divergence among pops (Net nucleotide distance),
computed using point estimates of P.

      1       2       3       4       5       6       7       8       9      
 1      -    0.0083  0.0392  0.0027  0.0018  0.0044  0.0019  0.0060  0.0082  
 2   0.0083     -    0.0381  0.0105  0.0089  0.0144  0.0084  0.0125  0.0090  
 3   0.0392  0.0381     -    0.0387  0.0380  0.0436  0.0430  0.0348  0.0402  
 4   0.0027  0.0105  0.0387     -    0.0010  0.0011  0.0014  0.0019  0.0069  
 5   0.0018  0.0089  0.0380  0.0010     -    0.0022  0.0013  0.0027  0.0077  
 6   0.0044  0.0144  0.0436  0.0011  0.0022     -    0.0027  0.0028  0.0095  
 7   0.0019  0.0084  0.0430  0.0014  0.0013  0.0027     -    0.0048  0.0054  
 8   0.0060  0.0125  0.0348  0.0019  0.0027  0.0028  0.0048     -    0.0097  
 9   0.0082  0.0090  0.0402  0.0069  0.0077  0.0095  0.0054  0.0097     -    

Average distances (expected heterozygosity) between individuals in same cluster:
cluster  1  : 0.6927 
cluster  2  : 0.7127 
cluster  3  : 0.6071 
cluster  4  : 0.6939 
cluster  5  : 0.7145 
cluster  6  : 0.6912 
cluster  7  : 0.7010 
cluster  8  : 0.6903 
cluster  9  : 0.6702 

--------------------------------------------
Estimated Ln Prob of Data   = -33442.7
Mean value of ln likelihood = -29037.7
Variance of ln likelihood   = 8810.0
Mean value of alpha         = 0.2817

Mean value of Fst_1         = 0.0751
Mean value of Fst_2         = 0.1050
Mean value of Fst_3         = 0.1852
Mean value of Fst_4         = 0.0714
Mean value of Fst_5         = 0.0075
Mean value of Fst_6         = 0.0743
Mean value of Fst_7         = 0.0626
Mean value of Fst_8         = 0.0865
Mean value of Fst_9         = 0.1167


Inferred ancestry of individuals:
        Label (%Miss) Pop:  Inferred clusters
  1     H102    (8)    1 :  0.099 0.078 0.084 0.151 0.094 0.180 0.089 0.171 0.053 
  2     H103    (8)    1 :  0.149 0.115 0.036 0.115 0.136 0.164 0.135 0.083 0.067 
  3     H104    (8)    1 :  0.106 0.110 0.127 0.113 0.091 0.087 0.095 0.090 0.182 
  4     H105    (0)    1 :  0.117 0.062 0.136 0.130 0.110 0.129 0.093 0.146 0.078 
  5     H106    (8)    1 :  0.100 0.131 0.120 0.109 0.113 0.105 0.109 0.118 0.095 
  6     H112    (8)    1 :  0.094 0.085 0.176 0.104 0.092 0.101 0.090 0.164 0.094 
  7     H113    (8)    1 :  0.100 0.093 0.081 0.113 0.095 0.108 0.127 0.108 0.175 
  8     H114    (8)    1 :  0.133 0.104 0.046 0.116 0.105 0.125 0.138 0.112 0.122 
  9     H115    (0)    1 :  0.079 0.071 0.114 0.137 0.080 0.127 0.090 0.192 0.111 
 10     H143    (8)    1 :  0.102 0.068 0.074 0.110 0.107 0.195 0.097 0.176 0.071 
 11     H144    (8)    1 :  0.138 0.077 0.035 0.105 0.221 0.131 0.127 0.099 0.066 
 12     H145    (0)    1 :  0.107 0.054 0.069 0.155 0.117 0.150 0.142 0.149 0.057 
 13     H149    (0)    1 :  0.113 0.142 0.119 0.108 0.098 0.090 0.080 0.120 0.130 
 14     H150    (0)    1 :  0.096 0.078 0.091 0.130 0.157 0.103 0.113 0.123 0.110 
 15  H167542    (0)    1 :  0.075 0.099 0.063 0.132 0.089 0.168 0.103 0.130 0.141 
 16  H169604    (0)    1 :  0.109 0.096 0.054 0.130 0.104 0.149 0.120 0.097 0.142 
 17  H169607    (0)    1 :  0.107 0.075 0.049 0.143 0.117 0.166 0.141 0.080 0.121 
 18  H169608    (8)    1 :  0.068 0.076 0.264 0.114 0.072 0.079 0.066 0.211 0.049 
 19  H169633    (0)    1 :  0.112 0.105 0.052 0.125 0.112 0.142 0.118 0.103 0.129 
 20  H169688    (0)    1 :  0.124 0.185 0.074 0.092 0.122 0.106 0.134 0.078 0.087 
 21  H169714    (8)    1 :  0.110 0.140 0.094 0.115 0.114 0.091 0.095 0.110 0.132 
 22  H171802    (8)    1 :  0.108 0.120 0.204 0.071 0.081 0.075 0.125 0.076 0.141 
 23  H171805    (8)    1 :  0.144 0.099 0.052 0.128 0.139 0.146 0.120 0.106 0.066 
 24  H171807    (8)    1 :  0.128 0.085 0.144 0.117 0.109 0.100 0.099 0.127 0.092 
 25  H171814    (8)    1 :  0.148 0.095 0.056 0.116 0.149 0.096 0.127 0.075 0.137 
 26  H171816    (8)    1 :  0.138 0.106 0.146 0.108 0.109 0.093 0.101 0.100 0.098 
 27  H171817    (8)    1 :  0.118 0.109 0.098 0.119 0.114 0.111 0.100 0.117 0.114 
 28  H171818    (8)    1 :  0.135 0.123 0.058 0.113 0.129 0.103 0.111 0.133 0.095 
 29  H171819    (8)    1 :  0.136 0.110 0.115 0.107 0.108 0.093 0.133 0.093 0.106 
 30  H171834    (8)    1 :  0.121 0.069 0.062 0.134 0.124 0.143 0.092 0.193 0.062 
 31  H171835    (8)    1 :  0.058 0.231 0.131 0.075 0.069 0.059 0.082 0.100 0.195 
 32  H171836    (8)    1 :  0.143 0.107 0.038 0.116 0.129 0.115 0.152 0.125 0.076 
 33  H171837    (8)    1 :  0.088 0.083 0.131 0.146 0.093 0.101 0.117 0.107 0.134 
 34  H171838    (8)    1 :  0.130 0.104 0.052 0.138 0.111 0.140 0.125 0.142 0.057 
 35  H171839    (8)    1 :  0.094 0.141 0.106 0.105 0.086 0.092 0.096 0.102 0.178 
 36  H171841    (8)    1 :  0.089 0.055 0.523 0.061 0.063 0.051 0.053 0.066 0.040 
 37  H171860    (8)    1 :  0.111 0.084 0.099 0.129 0.112 0.120 0.115 0.117 0.114 
 38  H171861    (8)    1 :  0.106 0.096 0.039 0.144 0.113 0.169 0.116 0.154 0.063 
 39  H171862    (8)    1 :  0.106 0.079 0.069 0.121 0.156 0.160 0.094 0.130 0.085 
 40  H171868    (8)    1 :  0.091 0.083 0.069 0.128 0.099 0.169 0.085 0.202 0.075 
 41  H171869    (8)    1 :  0.126 0.107 0.063 0.103 0.189 0.099 0.133 0.095 0.085 
 42  H171870    (8)    1 :  0.095 0.204 0.093 0.094 0.114 0.105 0.113 0.085 0.096 
 43  H171871    (8)    1 :  0.160 0.115 0.053 0.125 0.137 0.099 0.127 0.101 0.084 
 44  H171872    (8)    1 :  0.105 0.094 0.101 0.115 0.098 0.125 0.108 0.106 0.148 
 45  H171873    (8)    1 :  0.109 0.185 0.079 0.089 0.121 0.094 0.117 0.083 0.123 
 46  H171874    (8)    1 :  0.136 0.081 0.058 0.150 0.118 0.154 0.102 0.137 0.065 
 47  H171875    (8)    1 :  0.114 0.063 0.042 0.145 0.125 0.157 0.130 0.130 0.094 
 48  H171876    (8)    1 :  0.154 0.094 0.047 0.121 0.118 0.141 0.114 0.122 0.089 
 49  H171877    (8)    1 :  0.071 0.099 0.071 0.125 0.072 0.110 0.087 0.146 0.219 
 50  H171878    (8)    1 :  0.129 0.162 0.089 0.118 0.120 0.101 0.108 0.099 0.072 
 51  H171901    (0)    1 :  0.165 0.129 0.147 0.089 0.085 0.074 0.109 0.076 0.125 
 52  H171902    (0)    1 :  0.101 0.074 0.103 0.135 0.129 0.151 0.120 0.095 0.092 
 53  H171903    (0)    1 :  0.146 0.093 0.058 0.123 0.125 0.120 0.119 0.118 0.098 
 54  H171935    (8)    1 :  0.102 0.194 0.126 0.097 0.114 0.083 0.100 0.100 0.084 
 55  H171936    (8)    1 :  0.143 0.104 0.052 0.126 0.105 0.132 0.114 0.080 0.145 
 56  H171940    (8)    1 :  0.103 0.076 0.130 0.106 0.129 0.116 0.079 0.162 0.098 
 57  H171945    (8)    1 :  0.118 0.079 0.164 0.116 0.144 0.119 0.107 0.082 0.070 
 58  H171948    (8)    1 :  0.094 0.079 0.190 0.134 0.094 0.106 0.089 0.140 0.074 
 59  H171949    (8)    1 :  0.088 0.128 0.187 0.094 0.087 0.094 0.083 0.124 0.115 
 60  H171950    (8)    1 :  0.096 0.211 0.124 0.086 0.072 0.077 0.079 0.097 0.158 
 61  H171963    (8)    1 :  0.102 0.188 0.052 0.109 0.111 0.095 0.136 0.109 0.096 
 62  H171964    (8)    1 :  0.114 0.060 0.054 0.149 0.184 0.100 0.142 0.117 0.079 
 63  H171966    (8)    1 :  0.113 0.138 0.089 0.102 0.129 0.101 0.117 0.131 0.080 
 64  H171968    (8)    1 :  0.122 0.082 0.111 0.121 0.125 0.168 0.095 0.101 0.075 
 65  H171971    (8)    1 :  0.154 0.139 0.064 0.114 0.109 0.094 0.125 0.110 0.090 
 66  H171972    (8)    1 :  0.149 0.081 0.048 0.132 0.127 0.123 0.145 0.108 0.088 
 67  H171977    (8)    1 :  0.092 0.105 0.047 0.128 0.157 0.131 0.125 0.098 0.116 
 68  H171978    (8)    1 :  0.127 0.115 0.144 0.109 0.121 0.110 0.098 0.111 0.066 
 69  H171979    (8)    1 :  0.138 0.090 0.040 0.153 0.133 0.128 0.133 0.115 0.069 
 70     H176    (8)    1 :  0.121 0.074 0.144 0.119 0.105 0.101 0.108 0.138 0.091 
 71     H177    (0)    1 :  0.090 0.101 0.254 0.101 0.086 0.105 0.085 0.096 0.083 
 72     H179    (0)    1 :  0.100 0.112 0.140 0.103 0.077 0.118 0.106 0.085 0.158 
 73     H181    (0)    1 :  0.119 0.088 0.064 0.110 0.178 0.108 0.115 0.152 0.066 
 74     H182    (8)    1 :  0.125 0.071 0.038 0.142 0.117 0.178 0.136 0.135 0.057 
 75     H183    (8)    1 :  0.146 0.092 0.085 0.090 0.160 0.095 0.128 0.143 0.061 
 76     H184    (8)    1 :  0.101 0.065 0.221 0.114 0.116 0.112 0.086 0.114 0.072 
 77     H185    (8)    1 :  0.097 0.078 0.064 0.124 0.150 0.113 0.155 0.118 0.101 
 78     H186    (8)    1 :  0.113 0.105 0.095 0.102 0.191 0.129 0.101 0.106 0.059 
 79     H187    (8)    1 :  0.149 0.131 0.128 0.097 0.090 0.109 0.119 0.080 0.098 
 80     H188    (8)    1 :  0.082 0.091 0.123 0.093 0.089 0.093 0.085 0.129 0.215 
 81     H192    (8)    1 :  0.095 0.108 0.195 0.108 0.112 0.095 0.085 0.126 0.076 
 82     H193    (8)    1 :  0.098 0.080 0.042 0.116 0.140 0.189 0.134 0.144 0.056 
 83     H194    (0)    1 :  0.112 0.098 0.098 0.114 0.110 0.116 0.124 0.123 0.105 
 84     H195    (0)    1 :  0.141 0.133 0.095 0.109 0.145 0.095 0.138 0.081 0.064 
 85     H199    (8)    1 :  0.147 0.082 0.081 0.124 0.142 0.148 0.137 0.070 0.068 
 86     H200    (8)    1 :  0.094 0.098 0.191 0.092 0.103 0.095 0.120 0.086 0.120 
 87     H414    (8)    1 :  0.169 0.116 0.055 0.107 0.122 0.108 0.108 0.114 0.101 
 88     H415    (0)    1 :  0.158 0.077 0.052 0.121 0.098 0.137 0.148 0.088 0.122 
 89     H422    (8)    1 :  0.107 0.068 0.142 0.133 0.156 0.134 0.094 0.098 0.069 
 90     H423    (8)    1 :  0.061 0.058 0.511 0.053 0.067 0.056 0.062 0.066 0.066 
 91     H424    (8)    1 :  0.137 0.091 0.080 0.122 0.150 0.127 0.121 0.096 0.076 
 92     H425    (8)    1 :  0.132 0.091 0.053 0.113 0.220 0.113 0.125 0.071 0.083 
 93     H426    (8)    1 :  0.127 0.083 0.063 0.118 0.176 0.111 0.159 0.102 0.061 
 94     H443    (8)    1 :  0.090 0.058 0.044 0.107 0.259 0.139 0.101 0.118 0.084 
 95     H466    (8)    1 :  0.112 0.121 0.079 0.110 0.127 0.105 0.095 0.121 0.130 
 96     H467    (8)    1 :  0.083 0.176 0.150 0.102 0.099 0.072 0.081 0.092 0.144 
 97     H472    (8)    1 :  0.096 0.100 0.095 0.112 0.104 0.102 0.134 0.082 0.174 
 98     H483    (8)    1 :  0.133 0.065 0.056 0.115 0.129 0.151 0.111 0.171 0.069 
 99     H504    (8)    1 :  0.150 0.079 0.060 0.128 0.163 0.143 0.132 0.067 0.079 
100     H505    (8)    1 :  0.130 0.134 0.101 0.100 0.096 0.085 0.108 0.102 0.146 
101     H506    (0)    1 :  0.114 0.075 0.101 0.114 0.133 0.149 0.116 0.124 0.074 
102     H507    (8)    1 :  0.117 0.108 0.029 0.121 0.134 0.103 0.161 0.112 0.114 
103     H508    (8)    1 :  0.090 0.163 0.109 0.099 0.119 0.081 0.112 0.097 0.130 
104     H524    (8)    1 :  0.113 0.117 0.058 0.106 0.114 0.113 0.131 0.087 0.162 
105     H525    (8)    1 :  0.101 0.078 0.053 0.134 0.130 0.132 0.129 0.134 0.108 
106     H526    (8)    1 :  0.091 0.057 0.094 0.144 0.076 0.137 0.126 0.102 0.173 
107     H527    (8)    1 :  0.170 0.105 0.156 0.107 0.091 0.106 0.097 0.089 0.078 
108     H528    (8)    1 :  0.118 0.089 0.043 0.132 0.133 0.137 0.128 0.104 0.116 
109     H529    (8)    1 :  0.097 0.094 0.037 0.130 0.152 0.153 0.143 0.086 0.107 
110     H533    (0)    1 :  0.174 0.106 0.029 0.119 0.099 0.156 0.144 0.096 0.078 
111     H538    (8)    1 :  0.118 0.097 0.100 0.105 0.099 0.094 0.120 0.114 0.154 
112     H539    (0)    1 :  0.102 0.223 0.099 0.105 0.094 0.103 0.102 0.090 0.081 
113     H540    (0)    1 :  0.136 0.081 0.085 0.119 0.126 0.116 0.120 0.130 0.087 
114     H541    (8)    1 :  0.102 0.097 0.050 0.140 0.096 0.137 0.123 0.110 0.146 
115     H558    (8)    1 :  0.129 0.078 0.103 0.124 0.139 0.134 0.125 0.118 0.051 
116     H559    (8)    1 :  0.105 0.069 0.097 0.121 0.122 0.195 0.102 0.124 0.066 
117     H579    (8)    1 :  0.112 0.058 0.071 0.141 0.113 0.143 0.138 0.161 0.064 
118     H584    (8)    1 :  0.114 0.100 0.067 0.116 0.131 0.131 0.135 0.117 0.088 
119     H585    (8)    1 :  0.135 0.125 0.064 0.104 0.141 0.099 0.122 0.096 0.114 
120     H605    (8)    1 :  0.098 0.089 0.185 0.111 0.124 0.118 0.092 0.106 0.078 
121     H606    (8)    1 :  0.090 0.080 0.229 0.097 0.097 0.124 0.090 0.109 0.083 
122     H632    (8)    1 :  0.106 0.066 0.039 0.142 0.157 0.135 0.136 0.137 0.082 
123     H634    (8)    1 :  0.145 0.115 0.083 0.108 0.121 0.126 0.115 0.117 0.070 
124     H671    (8)    1 :  0.086 0.112 0.253 0.089 0.092 0.081 0.088 0.066 0.133 
125     H672    (8)    1 :  0.114 0.160 0.069 0.077 0.086 0.085 0.137 0.071 0.201 
126     H673    (8)    1 :  0.105 0.062 0.084 0.128 0.164 0.126 0.083 0.172 0.074 
127     H689    (8)    1 :  0.121 0.084 0.054 0.109 0.157 0.150 0.114 0.133 0.079 
128     H690    (8)    1 :  0.069 0.089 0.134 0.127 0.069 0.117 0.084 0.200 0.111 
129     H691    (8)    1 :  0.125 0.085 0.057 0.117 0.107 0.146 0.114 0.124 0.126 
130     H692    (8)    1 :  0.131 0.069 0.035 0.107 0.207 0.129 0.121 0.141 0.059 
131     H709    (8)    1 :  0.102 0.102 0.074 0.121 0.120 0.131 0.112 0.131 0.107 
132     H710    (8)    1 :  0.117 0.101 0.048 0.109 0.138 0.165 0.131 0.131 0.060 
133    H7355    (8)    1 :  0.107 0.066 0.044 0.149 0.084 0.165 0.137 0.148 0.100 
134    H7356    (8)    1 :  0.096 0.113 0.091 0.106 0.126 0.131 0.122 0.130 0.085 
135    H7357    (8)    1 :  0.088 0.103 0.097 0.120 0.102 0.136 0.114 0.117 0.123 
136    H7358    (8)    1 :  0.097 0.092 0.086 0.115 0.090 0.158 0.096 0.134 0.132 
137    H7380    (8)    1 :  0.116 0.067 0.062 0.134 0.124 0.167 0.109 0.161 0.060 
138    H7381    (8)    1 :  0.119 0.097 0.162 0.092 0.156 0.100 0.088 0.105 0.080 
139    H7382    (8)    1 :  0.163 0.085 0.060 0.116 0.132 0.127 0.116 0.124 0.078 
140     H904    (8)    1 :  0.097 0.103 0.272 0.086 0.067 0.107 0.063 0.110 0.095 
141     H923   (25)    1 :  0.097 0.096 0.161 0.106 0.113 0.113 0.115 0.079 0.120 
142     H924    (8)    1 :  0.092 0.084 0.158 0.104 0.119 0.119 0.100 0.108 0.116 
143     H925    (8)    1 :  0.075 0.077 0.054 0.140 0.080 0.177 0.126 0.071 0.199 
144    H9558    (0)    1 :  0.132 0.070 0.087 0.109 0.156 0.145 0.145 0.110 0.048 
145     H008    (0)    2 :  0.126 0.099 0.059 0.114 0.115 0.109 0.119 0.127 0.131 
146     H021    (8)    2 :  0.093 0.129 0.092 0.104 0.093 0.096 0.105 0.140 0.147 
147     H023    (8)    2 :  0.103 0.117 0.108 0.111 0.083 0.154 0.100 0.101 0.123 
148     H024    (8)    2 :  0.151 0.129 0.058 0.131 0.132 0.081 0.129 0.077 0.112 
149     H025    (8)    2 :  0.084 0.073 0.311 0.095 0.112 0.077 0.082 0.098 0.067 
150     H026    (8)    2 :  0.129 0.092 0.039 0.105 0.223 0.094 0.133 0.085 0.100 
151     H027    (8)    2 :  0.100 0.118 0.055 0.105 0.103 0.109 0.114 0.104 0.191 
152     H028    (8)    2 :  0.121 0.085 0.068 0.130 0.149 0.121 0.122 0.116 0.087 
153     H029    (0)    2 :  0.130 0.104 0.045 0.132 0.113 0.119 0.145 0.076 0.137 
154     H030    (0)    2 :  0.115 0.091 0.043 0.167 0.131 0.095 0.140 0.101 0.117 
155     H038    (0)    2 :  0.063 0.253 0.093 0.096 0.072 0.067 0.109 0.075 0.172 
156     H039    (8)    2 :  0.043 0.050 0.636 0.045 0.043 0.039 0.039 0.056 0.049 
157     H040    (8)    2 :  0.081 0.280 0.095 0.081 0.073 0.075 0.097 0.056 0.162 
158     H041    (0)    2 :  0.112 0.097 0.092 0.118 0.088 0.106 0.108 0.119 0.159 
159     H042    (8)    2 :  0.099 0.083 0.124 0.114 0.107 0.123 0.119 0.109 0.122 
160     H043    (0)    2 :  0.098 0.217 0.304 0.063 0.064 0.053 0.067 0.066 0.068 
161     H044   (16)    2 :  0.135 0.096 0.070 0.122 0.133 0.110 0.148 0.129 0.056 
162     H047    (0)    2 :  0.119 0.083 0.176 0.087 0.119 0.107 0.114 0.104 0.092 
163     H050    (8)    2 :  0.099 0.156 0.043 0.073 0.100 0.105 0.149 0.097 0.179 
164     H058    (8)    2 :  0.108 0.183 0.093 0.099 0.132 0.078 0.099 0.108 0.101 
165     H062    (8)    2 :  0.076 0.076 0.129 0.125 0.077 0.138 0.104 0.117 0.159 
166     H063    (8)    2 :  0.100 0.138 0.224 0.088 0.077 0.073 0.083 0.111 0.106 
167     H065    (8)    2 :  0.106 0.069 0.139 0.088 0.247 0.105 0.084 0.096 0.067 
168     H066    (8)    2 :  0.153 0.134 0.055 0.108 0.125 0.096 0.139 0.093 0.098 
169     H067    (8)    2 :  0.100 0.089 0.047 0.141 0.125 0.161 0.109 0.106 0.122 
170     H068    (8)    2 :  0.096 0.157 0.176 0.074 0.096 0.100 0.104 0.088 0.110 
171     H069    (8)    2 :  0.133 0.129 0.083 0.114 0.111 0.123 0.137 0.067 0.103 
172     H071    (0)    2 :  0.098 0.102 0.129 0.123 0.113 0.102 0.092 0.117 0.122 
173     H072    (8)    2 :  0.075 0.070 0.452 0.063 0.067 0.057 0.067 0.072 0.078 
174     H073    (8)    2 :  0.115 0.098 0.058 0.128 0.137 0.127 0.130 0.086 0.121 
175     H081    (0)    2 :  0.070 0.074 0.155 0.107 0.079 0.100 0.099 0.139 0.178 
176     H082    (8)    2 :  0.113 0.098 0.064 0.147 0.108 0.096 0.133 0.162 0.079 
177     H083    (0)    2 :  0.117 0.070 0.061 0.170 0.127 0.106 0.144 0.141 0.064 
178     H084    (0)    2 :  0.108 0.155 0.073 0.112 0.098 0.091 0.127 0.090 0.146 
179     H085    (0)    2 :  0.086 0.102 0.077 0.097 0.082 0.091 0.099 0.116 0.249 
180     H087    (8)    2 :  0.077 0.077 0.077 0.141 0.095 0.146 0.110 0.146 0.131 
181     H088    (0)    2 :  0.123 0.097 0.189 0.098 0.098 0.105 0.088 0.115 0.086 
182     H089    (8)    2 :  0.100 0.082 0.063 0.142 0.108 0.148 0.124 0.110 0.123 
183     H090    (8)    2 :  0.090 0.137 0.064 0.086 0.095 0.087 0.136 0.084 0.222 
184     H091    (0)    2 :  0.087 0.134 0.032 0.101 0.075 0.069 0.138 0.074 0.291 
185     H098    (8)    2 :  0.118 0.112 0.096 0.106 0.096 0.099 0.127 0.103 0.143 
186   H10001    (8)    2 :  0.042 0.060 0.590 0.050 0.038 0.041 0.038 0.079 0.062 
187   H10002    (8)    2 :  0.095 0.107 0.148 0.117 0.092 0.139 0.090 0.143 0.070 
188     H101    (8)    2 :  0.125 0.188 0.042 0.064 0.078 0.083 0.156 0.066 0.200 
189     H108    (8)    2 :  0.068 0.051 0.290 0.097 0.094 0.118 0.069 0.120 0.094 
190     H109    (0)    2 :  0.152 0.115 0.125 0.096 0.105 0.083 0.126 0.090 0.108 
191     H110    (8)    2 :  0.102 0.070 0.051 0.136 0.092 0.192 0.116 0.148 0.093 
192     H116    (8)    2 :  0.128 0.106 0.054 0.117 0.159 0.110 0.137 0.103 0.087 
193     H117    (0)    2 :  0.128 0.121 0.042 0.125 0.074 0.068 0.120 0.088 0.236 
194     H118    (8)    2 :  0.084 0.109 0.043 0.114 0.128 0.088 0.118 0.077 0.239 
195     H119    (8)    2 :  0.123 0.105 0.089 0.124 0.093 0.114 0.094 0.096 0.162 
196     H120    (8)    2 :  0.064 0.049 0.433 0.081 0.060 0.073 0.055 0.096 0.091 
197     H121    (8)    2 :  0.071 0.160 0.043 0.071 0.065 0.096 0.146 0.067 0.280 
198     H125    (8)    2 :  0.057 0.118 0.439 0.055 0.050 0.050 0.051 0.051 0.130 
199     H126    (0)    2 :  0.102 0.060 0.163 0.083 0.188 0.141 0.106 0.097 0.060 
200     H128    (8)    2 :  0.079 0.151 0.023 0.102 0.090 0.082 0.167 0.045 0.260 
201     H129    (8)    2 :  0.107 0.094 0.044 0.109 0.202 0.115 0.136 0.118 0.075 
202     H130    (0)    2 :  0.144 0.082 0.211 0.094 0.124 0.097 0.096 0.103 0.048 
203     H133    (0)    2 :  0.079 0.092 0.422 0.067 0.065 0.067 0.074 0.062 0.071 
204     H134    (8)    2 :  0.111 0.064 0.047 0.100 0.304 0.114 0.117 0.096 0.047 
205     H135    (8)    2 :  0.119 0.084 0.122 0.117 0.100 0.144 0.106 0.121 0.086 
206     H137    (8)    2 :  0.119 0.118 0.068 0.114 0.100 0.086 0.129 0.081 0.185 
207     H138    (8)    2 :  0.140 0.064 0.049 0.126 0.175 0.136 0.126 0.132 0.051 
208     H140    (8)    2 :  0.101 0.093 0.122 0.108 0.124 0.092 0.115 0.087 0.158 
209     H146    (8)    2 :  0.091 0.129 0.063 0.104 0.100 0.067 0.124 0.057 0.265 
210     H147    (0)    2 :  0.100 0.094 0.065 0.128 0.095 0.117 0.132 0.107 0.163 
211     H148    (0)    2 :  0.101 0.082 0.054 0.146 0.089 0.116 0.110 0.144 0.158 
212  H166022    (0)    2 :  0.136 0.092 0.044 0.135 0.113 0.159 0.136 0.103 0.083 
213  H167359    (8)    2 :  0.185 0.088 0.080 0.138 0.133 0.110 0.111 0.082 0.072 
214  H167397    (0)    2 :  0.157 0.105 0.028 0.120 0.117 0.108 0.168 0.096 0.100 
215  H167428    (8)    2 :  0.087 0.109 0.036 0.109 0.086 0.187 0.097 0.150 0.139 
216  H167496    (0)    2 :  0.079 0.109 0.272 0.073 0.069 0.079 0.080 0.089 0.149 
217  H167513    (0)    2 :  0.072 0.294 0.089 0.080 0.068 0.059 0.101 0.128 0.107 
218  H167545    (8)    2 :  0.129 0.097 0.043 0.129 0.116 0.181 0.141 0.093 0.070 
219  H167547    (0)    2 :  0.174 0.110 0.045 0.146 0.096 0.081 0.180 0.078 0.090 
220  H169621    (8)    2 :  0.114 0.095 0.043 0.138 0.099 0.099 0.152 0.113 0.146 
221  H169622    (8)    2 :  0.174 0.079 0.059 0.147 0.123 0.152 0.107 0.095 0.065 
222  H169750    (0)    2 :  0.118 0.139 0.117 0.117 0.097 0.081 0.130 0.084 0.117 
223  H171806    (8)    2 :  0.079 0.131 0.113 0.097 0.091 0.076 0.123 0.088 0.202 
224  H171808    (8)    2 :  0.092 0.090 0.077 0.131 0.104 0.160 0.126 0.093 0.129 
225  H171809    (8)    2 :  0.103 0.077 0.117 0.131 0.107 0.136 0.106 0.130 0.093 
226  H171813    (8)    2 :  0.087 0.125 0.090 0.122 0.132 0.099 0.115 0.138 0.091 
227  H171815    (8)    2 :  0.069 0.159 0.348 0.074 0.073 0.072 0.066 0.072 0.069 
228  H171824    (8)    2 :  0.098 0.093 0.103 0.125 0.099 0.129 0.091 0.108 0.154 
229  H171825    (8)    2 :  0.150 0.075 0.056 0.157 0.133 0.158 0.102 0.087 0.080 
230  H171826    (8)    2 :  0.118 0.093 0.107 0.120 0.109 0.115 0.110 0.135 0.093 
231  H171827    (8)    2 :  0.094 0.169 0.057 0.125 0.090 0.134 0.115 0.125 0.090 
232  H171828    (8)    2 :  0.056 0.079 0.361 0.076 0.054 0.060 0.057 0.099 0.158 
233  H171829    (8)    2 :  0.154 0.127 0.083 0.095 0.132 0.091 0.120 0.110 0.089 
234  H171830    (8)    2 :  0.114 0.132 0.141 0.109 0.082 0.096 0.127 0.099 0.101 
235  H171831    (8)    2 :  0.119 0.100 0.048 0.105 0.164 0.109 0.136 0.145 0.075 
236  H171832    (8)    2 :  0.125 0.067 0.101 0.126 0.119 0.139 0.127 0.139 0.056 
237  H171863    (8)    2 :  0.165 0.088 0.039 0.129 0.143 0.117 0.137 0.112 0.070 
238  H171864    (8)    2 :  0.113 0.117 0.095 0.102 0.094 0.088 0.123 0.102 0.166 
239  H171865    (8)    2 :  0.081 0.118 0.356 0.075 0.072 0.070 0.072 0.067 0.089 
240  H171879    (8)    2 :  0.164 0.094 0.069 0.130 0.114 0.089 0.114 0.077 0.149 
241  H171880    (8)    2 :  0.159 0.133 0.042 0.111 0.094 0.087 0.131 0.083 0.160 
242  H171881    (8)    2 :  0.128 0.089 0.049 0.123 0.118 0.133 0.105 0.157 0.099 
243  H171882    (8)    2 :  0.042 0.053 0.580 0.049 0.054 0.048 0.047 0.068 0.058 
244  H171929    (0)    2 :  0.105 0.094 0.117 0.119 0.126 0.096 0.100 0.134 0.107 
245  H171930    (0)    2 :  0.156 0.095 0.042 0.093 0.125 0.138 0.183 0.083 0.085 
246  H171933    (0)    2 :  0.124 0.107 0.050 0.131 0.108 0.108 0.136 0.097 0.139 
247  H171934    (8)    2 :  0.080 0.097 0.063 0.143 0.095 0.140 0.120 0.130 0.132 
248  H171937    (8)    2 :  0.119 0.085 0.083 0.103 0.173 0.122 0.125 0.120 0.070 
249  H171962    (8)    2 :  0.142 0.075 0.053 0.129 0.132 0.116 0.098 0.156 0.099 
250     H190    (0)    2 :  0.107 0.089 0.067 0.120 0.157 0.116 0.124 0.118 0.101 
251     H191    (8)    2 :  0.106 0.111 0.111 0.098 0.110 0.087 0.110 0.144 0.122 
252     H396    (8)    2 :  0.064 0.085 0.065 0.114 0.093 0.098 0.113 0.110 0.259 
253     H397    (8)    2 :  0.137 0.109 0.064 0.124 0.113 0.138 0.123 0.086 0.107 
254     H398    (8)    2 :  0.089 0.097 0.098 0.105 0.190 0.103 0.091 0.106 0.122 
255     H400    (0)    2 :  0.093 0.071 0.098 0.133 0.099 0.136 0.118 0.102 0.149 
256     H401    (8)    2 :  0.150 0.108 0.033 0.157 0.087 0.081 0.183 0.078 0.123 
257     H402    (8)    2 :  0.108 0.163 0.037 0.125 0.111 0.117 0.121 0.106 0.112 
258     H427    (8)    2 :  0.093 0.072 0.063 0.131 0.108 0.145 0.126 0.116 0.147 
259     H428    (0)    2 :  0.086 0.120 0.034 0.109 0.104 0.177 0.091 0.131 0.148 
260     H497    (0)    2 :  0.073 0.231 0.200 0.069 0.079 0.069 0.081 0.112 0.085 
261     H512    (0)    2 :  0.111 0.134 0.075 0.109 0.114 0.108 0.119 0.130 0.102 
262     H513    (0)    2 :  0.070 0.289 0.092 0.074 0.066 0.061 0.111 0.135 0.100 
263     H514    (8)    2 :  0.171 0.082 0.087 0.117 0.134 0.112 0.136 0.105 0.056 
264     H519    (8)    2 :  0.077 0.234 0.090 0.083 0.073 0.069 0.125 0.150 0.099 
265     H532    (0)    2 :  0.103 0.080 0.042 0.134 0.099 0.138 0.134 0.089 0.182 
266     H543    (0)    2 :  0.139 0.103 0.040 0.115 0.129 0.134 0.138 0.117 0.087 
267     H544    (8)    2 :  0.124 0.065 0.143 0.125 0.183 0.102 0.107 0.100 0.052 
268     H545    (0)    2 :  0.120 0.086 0.039 0.117 0.129 0.195 0.152 0.096 0.066 
269     H546    (8)    2 :  0.078 0.123 0.253 0.082 0.101 0.082 0.074 0.119 0.086 
270     H547    (0)    2 :  0.172 0.112 0.045 0.145 0.106 0.089 0.171 0.077 0.084 
271     H548    (0)    2 :  0.118 0.101 0.087 0.139 0.109 0.133 0.121 0.093 0.098 
272     H549    (0)    2 :  0.070 0.360 0.092 0.061 0.050 0.059 0.094 0.087 0.128 
273     H620    (8)    2 :  0.052 0.052 0.578 0.054 0.051 0.058 0.044 0.054 0.057 
274     H623    (8)    2 :  0.129 0.081 0.086 0.110 0.163 0.128 0.130 0.109 0.064 
275     H624    (8)    2 :  0.149 0.149 0.190 0.110 0.085 0.082 0.099 0.075 0.061 
276     H625    (8)    2 :  0.095 0.092 0.072 0.126 0.097 0.120 0.122 0.115 0.161 
277     H626    (8)    2 :  0.125 0.137 0.082 0.117 0.106 0.094 0.138 0.093 0.107 
278     H654    (8)    2 :  0.054 0.194 0.419 0.053 0.054 0.045 0.051 0.053 0.076 
279     H655    (8)    2 :  0.175 0.100 0.126 0.107 0.099 0.110 0.094 0.113 0.076 
280     H656    (8)    2 :  0.049 0.044 0.549 0.054 0.060 0.063 0.051 0.058 0.072 
281     H666    (8)    2 :  0.063 0.088 0.438 0.056 0.066 0.041 0.068 0.055 0.125 
282     H667    (8)    2 :  0.083 0.120 0.050 0.141 0.099 0.164 0.117 0.128 0.097 
283     H677    (8)    2 :  0.102 0.071 0.072 0.160 0.135 0.129 0.133 0.098 0.101 
284     H693    (8)    2 :  0.065 0.067 0.238 0.098 0.071 0.116 0.068 0.144 0.133 
285     H694    (8)    2 :  0.134 0.078 0.102 0.097 0.148 0.112 0.144 0.114 0.070 
286     H701    (8)    2 :  0.158 0.109 0.058 0.120 0.132 0.113 0.125 0.105 0.079 
287     H702    (8)    2 :  0.126 0.148 0.076 0.100 0.106 0.102 0.110 0.119 0.113 
288     H731    (8)    2 :  0.112 0.082 0.141 0.107 0.092 0.124 0.119 0.113 0.111 
289    H7359    (0)    2 :  0.192 0.078 0.087 0.131 0.126 0.112 0.118 0.075 0.081 
290    H7389    (0)    2 :  0.107 0.109 0.055 0.106 0.105 0.082 0.131 0.098 0.208 
291    H7390    (8)    2 :  0.115 0.225 0.089 0.091 0.080 0.069 0.085 0.087 0.159 
292    H7391    (8)    2 :  0.104 0.071 0.056 0.143 0.078 0.138 0.118 0.098 0.194 
293    H7392    (8)    2 :  0.110 0.117 0.064 0.124 0.141 0.112 0.118 0.103 0.111 
294    H7393    (8)    2 :  0.112 0.140 0.128 0.109 0.101 0.084 0.095 0.117 0.113 
295    H7398    (8)    2 :  0.092 0.115 0.085 0.102 0.088 0.097 0.122 0.097 0.201 
296    H7399    (8)    2 :  0.098 0.111 0.040 0.122 0.113 0.148 0.136 0.131 0.102 
297    H7400    (8)    2 :  0.049 0.051 0.605 0.049 0.050 0.054 0.047 0.048 0.047 
298     H745    (8)    2 :  0.090 0.092 0.048 0.106 0.243 0.089 0.123 0.141 0.067 
299     H746    (8)    2 :  0.092 0.114 0.040 0.135 0.117 0.152 0.138 0.125 0.087 
300     H747    (0)    2 :  0.104 0.161 0.176 0.077 0.079 0.078 0.089 0.073 0.163 
301     H748    (8)    2 :  0.153 0.115 0.084 0.113 0.097 0.116 0.132 0.112 0.079 
302    H7484    (0)    2 :  0.064 0.064 0.411 0.071 0.074 0.076 0.069 0.063 0.108 
303    H7485    (0)    2 :  0.087 0.184 0.100 0.092 0.117 0.083 0.121 0.135 0.082 
304     H749    (8)    2 :  0.100 0.122 0.060 0.146 0.111 0.133 0.151 0.088 0.089 
305     H930    (8)    2 :  0.155 0.100 0.046 0.098 0.116 0.132 0.181 0.078 0.093 
306     H931    (8)    2 :  0.123 0.092 0.113 0.112 0.115 0.105 0.093 0.117 0.129 
307     H932    (8)    2 :  0.118 0.109 0.070 0.125 0.129 0.092 0.114 0.084 0.159 
308     H111    (8)    3 :  0.150 0.095 0.054 0.106 0.165 0.128 0.134 0.109 0.059 
309     H951    (8)    3 :  0.122 0.124 0.064 0.112 0.131 0.121 0.123 0.117 0.086 
310     H952    (8)    3 :  0.102 0.133 0.066 0.098 0.107 0.107 0.151 0.072 0.164 
311     H953    (8)    3 :  0.098 0.077 0.046 0.130 0.069 0.098 0.144 0.081 0.257 
312     H954    (8)    3 :  0.119 0.137 0.221 0.089 0.084 0.070 0.093 0.091 0.095 
313     H955    (8)    3 :  0.173 0.108 0.039 0.107 0.135 0.114 0.147 0.098 0.079 
314     H956    (8)    3 :  0.095 0.174 0.060 0.083 0.082 0.070 0.116 0.078 0.243 
315    H9563    (0)    3 :  0.127 0.092 0.121 0.123 0.105 0.079 0.106 0.104 0.144 
316     H002    (8)    4 :  0.075 0.082 0.260 0.109 0.118 0.105 0.075 0.126 0.051 
317     H003    (8)    4 :  0.090 0.062 0.043 0.150 0.138 0.171 0.121 0.123 0.102 
318     H009    (0)    4 :  0.114 0.133 0.059 0.121 0.124 0.103 0.143 0.111 0.091 
319     H010    (8)    4 :  0.129 0.086 0.054 0.117 0.133 0.128 0.117 0.135 0.102 
320     H011    (8)    4 :  0.074 0.102 0.242 0.096 0.083 0.082 0.069 0.142 0.110 
321     H012    (8)    4 :  0.121 0.076 0.066 0.139 0.118 0.139 0.114 0.139 0.087 
322     H013    (8)    4 :  0.092 0.085 0.163 0.113 0.100 0.120 0.089 0.142 0.097 
323     H014    (8)    4 :  0.108 0.084 0.062 0.128 0.148 0.134 0.110 0.149 0.077 
324     H045   (16)    4 :  0.075 0.112 0.140 0.096 0.090 0.083 0.080 0.122 0.203 
325     H046    (0)    4 :  0.098 0.060 0.048 0.158 0.157 0.156 0.137 0.104 0.082 
326     H051    (8)    4 :  0.074 0.083 0.223 0.100 0.089 0.092 0.079 0.138 0.122 
327     H052    (8)    4 :  0.081 0.072 0.299 0.082 0.109 0.101 0.096 0.088 0.072 
328     H053    (8)    4 :  0.135 0.127 0.086 0.102 0.104 0.109 0.109 0.104 0.125 
329     H056    (8)    4 :  0.081 0.072 0.339 0.080 0.086 0.068 0.083 0.122 0.068 
330     H076    (0)    4 :  0.121 0.080 0.048 0.125 0.177 0.123 0.121 0.119 0.086 
331     H151    (8)    4 :  0.092 0.192 0.150 0.091 0.093 0.076 0.087 0.126 0.094 
332     H152    (8)    4 :  0.086 0.075 0.232 0.092 0.119 0.117 0.073 0.145 0.061 
333  H171803    (8)    4 :  0.071 0.289 0.053 0.085 0.072 0.082 0.099 0.080 0.170 
334  H171804    (8)    4 :  0.088 0.160 0.112 0.104 0.086 0.093 0.105 0.094 0.159 
335  H171833    (8)    4 :  0.126 0.085 0.053 0.115 0.209 0.107 0.114 0.135 0.056 
336  H171855    (8)    4 :  0.079 0.151 0.242 0.070 0.105 0.066 0.076 0.100 0.111 
337  H171856    (8)    4 :  0.080 0.255 0.061 0.091 0.080 0.079 0.105 0.078 0.171 
338  H171857    (8)    4 :  0.089 0.135 0.161 0.098 0.107 0.088 0.102 0.097 0.123 
339  H171858    (8)    4 :  0.093 0.064 0.112 0.138 0.125 0.125 0.107 0.138 0.098 
340  H171859    (8)    4 :  0.100 0.083 0.099 0.110 0.128 0.113 0.118 0.112 0.138 
341  H171961    (8)    4 :  0.098 0.095 0.189 0.109 0.108 0.090 0.082 0.138 0.091 
342     H198    (8)    4 :  0.122 0.061 0.034 0.143 0.136 0.183 0.144 0.108 0.069 
343   H20001    (8)    4 :  0.123 0.139 0.041 0.107 0.132 0.135 0.119 0.158 0.047 
344     H403    (8)    4 :  0.088 0.176 0.090 0.103 0.108 0.088 0.117 0.093 0.138 
345     H404    (8)    4 :  0.103 0.073 0.047 0.132 0.134 0.174 0.099 0.155 0.082 
346     H405    (8)    4 :  0.122 0.078 0.052 0.133 0.138 0.143 0.135 0.104 0.095 
347     H406    (8)    4 :  0.140 0.113 0.111 0.116 0.118 0.077 0.146 0.081 0.098 
348     H407    (8)    4 :  0.102 0.141 0.046 0.115 0.090 0.087 0.114 0.089 0.216 
349     H410    (8)    4 :  0.165 0.087 0.037 0.156 0.077 0.070 0.154 0.061 0.192 
350     H411    (8)    4 :  0.096 0.104 0.059 0.138 0.140 0.146 0.115 0.160 0.043 
351     H468    (8)    4 :  0.148 0.227 0.047 0.092 0.093 0.103 0.118 0.063 0.108 
352     H476    (8)    4 :  0.182 0.117 0.126 0.097 0.107 0.097 0.117 0.070 0.088 
353     H477    (0)    4 :  0.143 0.106 0.032 0.114 0.137 0.154 0.135 0.101 0.078 
354     H478    (8)    4 :  0.101 0.146 0.065 0.131 0.093 0.151 0.124 0.125 0.065 
355     H479    (0)    4 :  0.085 0.075 0.186 0.105 0.125 0.111 0.097 0.093 0.123 
356     H480    (8)    4 :  0.119 0.114 0.043 0.131 0.132 0.139 0.138 0.110 0.074 
357     H498    (8)    4 :  0.126 0.076 0.093 0.145 0.117 0.131 0.111 0.132 0.069 
358     H499    (8)    4 :  0.105 0.101 0.089 0.124 0.122 0.141 0.091 0.146 0.081 
359     H500    (8)    4 :  0.137 0.147 0.174 0.098 0.077 0.098 0.088 0.073 0.108 
360     H515    (0)    4 :  0.101 0.111 0.138 0.120 0.100 0.111 0.098 0.142 0.079 
361     H516    (0)    4 :  0.134 0.109 0.086 0.097 0.153 0.112 0.106 0.105 0.098 
362     H517    (8)    4 :  0.148 0.101 0.083 0.126 0.104 0.089 0.119 0.079 0.152 
363     H518    (8)    4 :  0.135 0.088 0.196 0.077 0.133 0.093 0.096 0.090 0.092 
364     H520    (8)    4 :  0.102 0.221 0.096 0.085 0.081 0.071 0.089 0.094 0.160 
365     H521    (8)    4 :  0.090 0.141 0.060 0.119 0.113 0.107 0.109 0.120 0.140 
366     H522    (8)    4 :  0.127 0.206 0.054 0.104 0.093 0.098 0.107 0.097 0.113 
367     H523    (8)    4 :  0.129 0.117 0.090 0.117 0.094 0.091 0.120 0.101 0.140 
368     H536    (8)    4 :  0.092 0.080 0.069 0.128 0.165 0.154 0.102 0.097 0.115 
369     H645    (8)    4 :  0.071 0.083 0.104 0.130 0.082 0.143 0.088 0.144 0.156 
370     H646    (0)    4 :  0.116 0.140 0.037 0.102 0.142 0.074 0.139 0.076 0.175 
371     H647    (8)    4 :  0.187 0.116 0.074 0.112 0.119 0.092 0.115 0.084 0.102 
372     H657    (8)    4 :  0.147 0.117 0.039 0.119 0.117 0.108 0.143 0.078 0.133 
373     H658    (0)    4 :  0.178 0.135 0.064 0.090 0.096 0.093 0.128 0.078 0.140 
374     H659    (8)    4 :  0.064 0.286 0.192 0.072 0.057 0.056 0.068 0.089 0.116 
375     H660    (8)    4 :  0.120 0.109 0.137 0.114 0.111 0.112 0.098 0.122 0.078 
376     H661    (8)    4 :  0.090 0.182 0.117 0.102 0.104 0.091 0.094 0.134 0.087 
377     H668    (8)    4 :  0.103 0.071 0.048 0.139 0.107 0.187 0.098 0.186 0.061 
378     H669    (8)    4 :  0.118 0.102 0.107 0.113 0.108 0.113 0.111 0.115 0.114 
379     H670    (8)    4 :  0.070 0.053 0.109 0.134 0.078 0.204 0.086 0.189 0.076 
380     H678    (8)    4 :  0.113 0.147 0.060 0.109 0.113 0.093 0.139 0.123 0.103 
381     H679    (8)    4 :  0.167 0.115 0.066 0.117 0.109 0.099 0.134 0.083 0.109 
382     H680    (8)    4 :  0.089 0.199 0.048 0.101 0.146 0.075 0.086 0.138 0.118 
383     H681    (8)    4 :  0.098 0.080 0.174 0.133 0.086 0.152 0.087 0.116 0.073 
384     H682    (0)    4 :  0.147 0.111 0.045 0.130 0.087 0.134 0.138 0.096 0.113 
385     H683    (8)    4 :  0.126 0.104 0.238 0.082 0.118 0.072 0.107 0.067 0.087 
386     H718    (8)    4 :  0.062 0.078 0.407 0.074 0.068 0.060 0.067 0.061 0.123 
387     H719    (8)    4 :  0.088 0.114 0.109 0.095 0.089 0.095 0.084 0.179 0.147 
388     H720    (0)    4 :  0.068 0.169 0.187 0.087 0.119 0.083 0.084 0.119 0.083 
389     H721    (0)    4 :  0.087 0.100 0.113 0.112 0.168 0.103 0.102 0.116 0.098 
390     H722    (8)    4 :  0.078 0.132 0.245 0.069 0.152 0.065 0.087 0.090 0.082 
391     H723    (8)    4 :  0.112 0.096 0.207 0.096 0.083 0.080 0.102 0.093 0.130 
392     H724    (0)    4 :  0.070 0.159 0.228 0.082 0.059 0.063 0.083 0.070 0.185 
393     H725    (0)    4 :  0.086 0.146 0.261 0.077 0.083 0.064 0.075 0.090 0.118 
394     H726    (0)    4 :  0.103 0.085 0.268 0.104 0.105 0.077 0.084 0.108 0.066 
395     H727    (8)    4 :  0.090 0.114 0.113 0.108 0.089 0.120 0.105 0.124 0.137 
396     H910    (8)    4 :  0.084 0.132 0.147 0.108 0.086 0.106 0.097 0.117 0.123 
397     H911    (8)    4 :  0.167 0.096 0.067 0.130 0.127 0.085 0.116 0.088 0.122 
398     H912    (8)    4 :  0.146 0.131 0.109 0.096 0.118 0.098 0.121 0.099 0.082 
399     H913    (8)    4 :  0.146 0.152 0.074 0.083 0.075 0.071 0.135 0.085 0.179 
400     H914    (8)    4 :  0.084 0.131 0.109 0.115 0.078 0.093 0.088 0.154 0.147 
401     H915    (8)    4 :  0.136 0.139 0.085 0.104 0.101 0.118 0.131 0.089 0.096 
402     H916    (8)    4 :  0.119 0.140 0.074 0.102 0.129 0.107 0.132 0.110 0.087 
403    H9572    (0)    4 :  0.086 0.232 0.063 0.120 0.086 0.087 0.081 0.098 0.148 
404     H015    (8)    5 :  0.120 0.104 0.054 0.122 0.134 0.112 0.124 0.157 0.072 
405     H016    (0)    5 :  0.151 0.068 0.065 0.106 0.227 0.112 0.106 0.087 0.077 
406     H017    (0)    5 :  0.089 0.218 0.059 0.101 0.116 0.100 0.117 0.110 0.092 
407     H019   (25)    5 :  0.122 0.080 0.112 0.129 0.126 0.117 0.106 0.145 0.065 
408     H020    (8)    5 :  0.069 0.122 0.116 0.094 0.100 0.127 0.110 0.111 0.151 
409     H032    (0)    5 :  0.131 0.103 0.120 0.104 0.116 0.117 0.125 0.086 0.098 
410     H033    (8)    5 :  0.135 0.104 0.055 0.098 0.114 0.144 0.129 0.126 0.096 
411     H034    (0)    5 :  0.093 0.078 0.157 0.118 0.094 0.115 0.083 0.170 0.092 
412     H035    (8)    5 :  0.123 0.149 0.054 0.102 0.114 0.087 0.133 0.084 0.153 
413     H036    (8)    5 :  0.115 0.145 0.056 0.088 0.107 0.110 0.144 0.087 0.150 
414     H037    (8)    5 :  0.140 0.159 0.082 0.106 0.087 0.091 0.100 0.106 0.130 
415     H048    (0)    5 :  0.076 0.154 0.137 0.091 0.085 0.083 0.096 0.084 0.194 
416     H049    (0)    5 :  0.115 0.100 0.093 0.078 0.129 0.144 0.138 0.124 0.079 
417     H054    (8)    5 :  0.105 0.083 0.097 0.115 0.164 0.103 0.102 0.091 0.141 
418     H055    (8)    5 :  0.095 0.078 0.108 0.123 0.130 0.161 0.090 0.153 0.062 
419     H057    (8)    5 :  0.139 0.093 0.091 0.116 0.210 0.096 0.100 0.104 0.051 
420     H060    (0)    5 :  0.080 0.053 0.191 0.125 0.107 0.097 0.086 0.209 0.051 
421     H061    (8)    5 :  0.105 0.080 0.051 0.142 0.121 0.173 0.130 0.095 0.102 
422     H064    (8)    5 :  0.087 0.119 0.172 0.107 0.111 0.101 0.087 0.111 0.105 
423     H070    (0)    5 :  0.072 0.070 0.168 0.135 0.075 0.110 0.082 0.203 0.085 
424     H077    (0)    5 :  0.074 0.069 0.399 0.082 0.078 0.069 0.069 0.101 0.059 
425     H078    (8)    5 :  0.120 0.186 0.097 0.098 0.103 0.089 0.108 0.091 0.109 
426     H079    (8)    5 :  0.101 0.108 0.045 0.115 0.086 0.103 0.139 0.092 0.212 
427     H097    (0)    5 :  0.147 0.079 0.173 0.132 0.121 0.084 0.120 0.087 0.058 
428     H107    (8)    5 :  0.086 0.151 0.199 0.082 0.070 0.069 0.066 0.126 0.150 
429     H122    (8)    5 :  0.133 0.133 0.057 0.135 0.114 0.098 0.122 0.105 0.103 
430     H123    (8)    5 :  0.148 0.108 0.036 0.111 0.134 0.095 0.143 0.080 0.144 
431     H124    (0)    5 :  0.173 0.109 0.045 0.125 0.120 0.100 0.123 0.070 0.136 
432     H131    (8)    5 :  0.098 0.146 0.044 0.095 0.105 0.108 0.142 0.103 0.158 
433     H132    (0)    5 :  0.113 0.109 0.096 0.106 0.119 0.115 0.095 0.113 0.133 
434     H141    (8)    5 :  0.095 0.190 0.092 0.108 0.090 0.106 0.111 0.092 0.117 
435     H142    (8)    5 :  0.147 0.070 0.045 0.130 0.131 0.156 0.151 0.115 0.055 
436     H157    (8)    5 :  0.085 0.159 0.109 0.122 0.090 0.081 0.084 0.096 0.173 
437     H158    (8)    5 :  0.131 0.109 0.047 0.094 0.144 0.132 0.146 0.082 0.115 
438     H159    (8)    5 :  0.098 0.104 0.048 0.135 0.139 0.126 0.147 0.101 0.102 
439     H160    (8)    5 :  0.106 0.172 0.053 0.100 0.105 0.109 0.120 0.071 0.165 
440     H163    (8)    5 :  0.129 0.080 0.063 0.113 0.126 0.174 0.128 0.109 0.080 
441     H164    (8)    5 :  0.093 0.073 0.100 0.155 0.103 0.125 0.140 0.145 0.067 
442     H165    (8)    5 :  0.090 0.120 0.042 0.121 0.095 0.166 0.113 0.106 0.147 
443     H166    (8)    5 :  0.101 0.106 0.066 0.106 0.107 0.136 0.122 0.142 0.114 
444     H169    (0)    5 :  0.124 0.077 0.056 0.103 0.116 0.176 0.119 0.145 0.083 
445  H169613    (0)    5 :  0.142 0.059 0.114 0.117 0.116 0.130 0.121 0.128 0.074 
446  H169653    (0)    5 :  0.116 0.094 0.063 0.121 0.109 0.155 0.128 0.134 0.079 
447  H169728    (0)    5 :  0.141 0.130 0.068 0.098 0.123 0.132 0.126 0.102 0.079 
448  H169742    (8)    5 :  0.065 0.093 0.076 0.131 0.081 0.189 0.110 0.116 0.139 
449     H170    (8)    5 :  0.123 0.059 0.077 0.135 0.169 0.112 0.131 0.134 0.060 
450     H171    (8)    5 :  0.112 0.091 0.073 0.107 0.178 0.099 0.135 0.128 0.077 
451  H171851    (8)    5 :  0.119 0.075 0.085 0.146 0.145 0.111 0.111 0.138 0.070 
452  H171852    (8)    5 :  0.126 0.123 0.180 0.093 0.107 0.094 0.105 0.064 0.106 
453  H171853    (8)    5 :  0.102 0.150 0.080 0.107 0.089 0.098 0.102 0.116 0.156 
454  H171854    (8)    5 :  0.127 0.093 0.116 0.124 0.117 0.110 0.122 0.130 0.060 
455  H171938    (8)    5 :  0.116 0.070 0.092 0.148 0.112 0.160 0.094 0.122 0.088 
456  H171939    (8)    5 :  0.116 0.089 0.052 0.121 0.131 0.141 0.140 0.085 0.127 
457  H171941    (8)    5 :  0.089 0.083 0.204 0.109 0.080 0.089 0.069 0.189 0.089 
458  H171965    (8)    5 :  0.146 0.059 0.054 0.135 0.127 0.189 0.112 0.132 0.047 
459  H171970    (8)    5 :  0.077 0.084 0.301 0.091 0.070 0.070 0.066 0.136 0.106 
460  H171973    (8)    5 :  0.108 0.092 0.047 0.141 0.105 0.169 0.113 0.098 0.125 
461  H171974    (8)    5 :  0.115 0.115 0.055 0.110 0.101 0.116 0.101 0.181 0.106 
462  H171975    (8)    5 :  0.095 0.088 0.162 0.102 0.097 0.103 0.093 0.139 0.120 
463  H171976    (8)    5 :  0.115 0.101 0.128 0.111 0.144 0.122 0.110 0.116 0.055 
464     H175    (8)    5 :  0.106 0.120 0.120 0.101 0.102 0.105 0.102 0.083 0.160 
465     H178    (8)    5 :  0.095 0.070 0.152 0.126 0.102 0.115 0.098 0.139 0.103 
466     H189    (8)    5 :  0.094 0.104 0.045 0.115 0.119 0.150 0.140 0.098 0.133 
467     H399    (8)    5 :  0.132 0.139 0.051 0.092 0.216 0.068 0.105 0.071 0.127 
468     H416    (8)    5 :  0.126 0.094 0.121 0.126 0.089 0.125 0.110 0.108 0.100 
469     H438    (8)    5 :  0.100 0.126 0.070 0.114 0.092 0.106 0.118 0.123 0.151 
470     H450    (8)    5 :  0.064 0.067 0.259 0.114 0.077 0.093 0.074 0.199 0.053 
471     H455    (8)    5 :  0.065 0.093 0.287 0.089 0.068 0.069 0.059 0.141 0.128 
472     H456    (8)    5 :  0.098 0.095 0.074 0.129 0.089 0.135 0.135 0.102 0.143 
473     H457    (0)    5 :  0.091 0.081 0.264 0.079 0.130 0.088 0.087 0.114 0.066 
474     H458    (8)    5 :  0.094 0.123 0.082 0.113 0.118 0.101 0.104 0.141 0.125 
475     H459    (8)    5 :  0.216 0.101 0.036 0.116 0.128 0.103 0.123 0.096 0.082 
476     H460    (8)    5 :  0.091 0.178 0.102 0.113 0.083 0.123 0.115 0.097 0.097 
477     H461    (8)    5 :  0.147 0.077 0.103 0.106 0.149 0.141 0.122 0.099 0.057 
478     H462    (0)    5 :  0.100 0.139 0.050 0.100 0.100 0.131 0.134 0.096 0.149 
479     H469    (8)    5 :  0.118 0.114 0.061 0.109 0.107 0.123 0.150 0.109 0.110 
480     H470    (8)    5 :  0.099 0.175 0.074 0.115 0.116 0.107 0.096 0.117 0.100 
481     H471    (0)    5 :  0.179 0.099 0.050 0.108 0.185 0.071 0.128 0.065 0.116 
482     H481    (0)    5 :  0.074 0.099 0.328 0.072 0.071 0.071 0.079 0.075 0.132 
483     H482    (8)    5 :  0.109 0.075 0.229 0.101 0.093 0.100 0.081 0.149 0.064 
484     H501    (8)    5 :  0.155 0.117 0.094 0.110 0.107 0.106 0.111 0.108 0.092 
485     H502    (8)    5 :  0.152 0.084 0.053 0.121 0.145 0.117 0.147 0.097 0.083 
486     H503    (8)    5 :  0.092 0.159 0.058 0.105 0.130 0.145 0.122 0.097 0.092 
487     H509    (0)    5 :  0.077 0.163 0.109 0.093 0.087 0.066 0.098 0.102 0.205 
488     H510    (8)    5 :  0.095 0.062 0.121 0.138 0.119 0.143 0.086 0.176 0.060 
489     H511    (8)    5 :  0.114 0.069 0.062 0.146 0.128 0.164 0.124 0.124 0.068 
490     H530    (8)    5 :  0.122 0.132 0.090 0.114 0.092 0.106 0.111 0.093 0.140 
491     H531    (8)    5 :  0.136 0.145 0.167 0.090 0.109 0.068 0.105 0.072 0.108 
492     H564    (8)    5 :  0.099 0.101 0.175 0.125 0.102 0.120 0.086 0.116 0.077 
493     H565    (8)    5 :  0.086 0.074 0.354 0.088 0.073 0.084 0.081 0.087 0.075 
494     H567   (16)    5 :  0.090 0.156 0.043 0.077 0.083 0.115 0.159 0.084 0.192 
495  H568???    (8)    5 :  0.141 0.082 0.050 0.122 0.181 0.114 0.119 0.124 0.067 
496     H608    (0)    5 :  0.065 0.064 0.274 0.116 0.072 0.073 0.065 0.215 0.056 
497     H609   (16)    5 :  0.094 0.102 0.068 0.102 0.094 0.136 0.101 0.167 0.137 
498     H612    (8)    5 :  0.070 0.142 0.225 0.091 0.068 0.097 0.071 0.107 0.130 
499     H614    (8)    5 :  0.120 0.170 0.213 0.076 0.090 0.070 0.078 0.085 0.096 
500     H615    (0)    5 :  0.172 0.094 0.232 0.087 0.098 0.075 0.096 0.063 0.082 
501     H616    (8)    5 :  0.060 0.074 0.364 0.080 0.061 0.066 0.070 0.098 0.127 
502     H617    (8)    5 :  0.124 0.098 0.037 0.135 0.112 0.129 0.149 0.088 0.128 
503     H618    (8)    5 :  0.077 0.118 0.233 0.089 0.085 0.078 0.074 0.116 0.128 
504     H619    (8)    5 :  0.078 0.073 0.090 0.122 0.088 0.207 0.097 0.140 0.105 
505     H635    (0)    5 :  0.111 0.075 0.100 0.138 0.108 0.146 0.118 0.132 0.073 
506     H636    (8)    5 :  0.083 0.056 0.072 0.156 0.076 0.208 0.111 0.150 0.088 
507     H637    (8)    5 :  0.088 0.067 0.255 0.107 0.087 0.116 0.089 0.090 0.100 
508     H644    (8)    5 :  0.113 0.102 0.038 0.113 0.198 0.116 0.132 0.083 0.106 
509     H711    (8)    5 :  0.134 0.102 0.085 0.114 0.145 0.118 0.129 0.103 0.069 
510     H712    (8)    5 :  0.078 0.075 0.122 0.109 0.082 0.096 0.093 0.127 0.217 
511    H7360    (8)    5 :  0.128 0.110 0.116 0.109 0.133 0.120 0.094 0.124 0.065 
512    H7361    (8)    5 :  0.094 0.070 0.222 0.107 0.120 0.099 0.095 0.119 0.074 
513    H7362    (8)    5 :  0.122 0.126 0.029 0.094 0.196 0.124 0.144 0.088 0.077 
514    H7363    (8)    5 :  0.092 0.141 0.118 0.091 0.116 0.108 0.110 0.139 0.085 
515    H7394    (8)    5 :  0.156 0.074 0.054 0.118 0.101 0.156 0.155 0.114 0.071 
516    H7395    (0)    5 :  0.098 0.083 0.070 0.132 0.130 0.137 0.103 0.167 0.081 
517    H7396    (8)    5 :  0.160 0.131 0.066 0.107 0.097 0.112 0.121 0.102 0.105 
518     H742    (0)    5 :  0.067 0.092 0.080 0.138 0.082 0.177 0.105 0.114 0.144 
519     H743    (8)    5 :  0.096 0.078 0.146 0.101 0.084 0.109 0.117 0.074 0.195 
520     H744    (8)    5 :  0.082 0.113 0.225 0.088 0.069 0.064 0.081 0.066 0.212 
521     H957    (8)    5 :  0.137 0.096 0.079 0.140 0.116 0.137 0.113 0.126 0.056 
522     H958    (0)    5 :  0.152 0.109 0.066 0.109 0.106 0.121 0.136 0.083 0.119 
523     H959    (8)    5 :  0.092 0.084 0.266 0.096 0.086 0.091 0.073 0.132 0.080 
524     H960    (0)    5 :  0.119 0.089 0.086 0.122 0.117 0.111 0.116 0.095 0.145 
525   H_PALI    (8)    6 :  0.166 0.097 0.081 0.124 0.111 0.125 0.110 0.124 0.063 
526     H581    (8)    6 :  0.124 0.152 0.138 0.101 0.099 0.102 0.099 0.075 0.111 
527     H582   (16)    6 :  0.073 0.198 0.161 0.099 0.098 0.078 0.065 0.100 0.128 
528     H583    (8)    6 :  0.128 0.140 0.081 0.113 0.127 0.104 0.110 0.088 0.110 
529     H595    (8)    6 :  0.178 0.107 0.034 0.114 0.122 0.117 0.159 0.090 0.079 
530     H596    (8)    6 :  0.149 0.100 0.046 0.131 0.130 0.116 0.139 0.091 0.098 
531     H597    (8)    6 :  0.123 0.084 0.042 0.126 0.152 0.130 0.126 0.128 0.090 
532     H598    (8)    6 :  0.099 0.098 0.100 0.130 0.108 0.126 0.097 0.134 0.110 
533     H599    (0)    6 :  0.096 0.082 0.212 0.084 0.081 0.090 0.092 0.137 0.127 
534     H642    (8)    6 :  0.101 0.181 0.046 0.110 0.138 0.079 0.136 0.100 0.109 
535     H643    (8)    6 :  0.128 0.103 0.070 0.118 0.102 0.109 0.118 0.097 0.156 
536     H664    (8)    6 :  0.077 0.299 0.110 0.072 0.089 0.056 0.083 0.083 0.132 
537     H665    (8)    6 :  0.113 0.077 0.076 0.145 0.092 0.165 0.106 0.141 0.086 
538     H674    (0)    6 :  0.113 0.103 0.048 0.123 0.155 0.093 0.152 0.139 0.075 
539     H675    (8)    6 :  0.099 0.149 0.110 0.089 0.114 0.094 0.106 0.145 0.094 
540     H676    (8)    6 :  0.122 0.095 0.104 0.121 0.118 0.144 0.139 0.110 0.047 
541     H686    (8)    6 :  0.115 0.091 0.076 0.121 0.138 0.139 0.119 0.132 0.068 
542     H687    (8)    6 :  0.129 0.125 0.071 0.110 0.127 0.108 0.115 0.106 0.109 
543     H917    (0)    6 :  0.111 0.119 0.044 0.136 0.096 0.130 0.144 0.106 0.113 
544     H918    (8)    6 :  0.105 0.082 0.049 0.127 0.114 0.183 0.100 0.140 0.100 
545     H919    (0)    6 :  0.090 0.087 0.224 0.102 0.069 0.081 0.085 0.090 0.173 
546     H920    (0)    6 :  0.092 0.112 0.213 0.104 0.095 0.102 0.095 0.123 0.065 
547     H631    (8)    7 :  0.098 0.118 0.088 0.133 0.127 0.116 0.087 0.138 0.095 
548     H684    (8)    7 :  0.102 0.047 0.063 0.167 0.126 0.156 0.140 0.150 0.049 
549     H685    (8)    7 :  0.086 0.248 0.100 0.079 0.059 0.050 0.079 0.051 0.249 
550     H713    (8)    7 :  0.056 0.321 0.088 0.082 0.053 0.067 0.075 0.073 0.184 
551     H715    (8)    7 :  0.100 0.058 0.061 0.154 0.147 0.157 0.127 0.143 0.053 
552     H716    (8)    7 :  0.079 0.062 0.165 0.110 0.103 0.115 0.071 0.195 0.100 
553     H717    (8)    7 :  0.100 0.103 0.148 0.096 0.100 0.098 0.083 0.162 0.110 
554     H729    (8)    7 :  0.108 0.122 0.042 0.122 0.086 0.098 0.129 0.111 0.182 
555     H730    (8)    7 :  0.079 0.110 0.072 0.101 0.078 0.079 0.094 0.097 0.291 
556     H431   (16)    8 :  0.137 0.111 0.120 0.117 0.087 0.087 0.123 0.077 0.141 
557     H432    (8)    8 :  0.087 0.140 0.046 0.089 0.129 0.135 0.142 0.149 0.084 
558     H433    (8)    8 :  0.116 0.085 0.079 0.139 0.123 0.118 0.132 0.096 0.111 
559     H434    (8)    8 :  0.111 0.113 0.046 0.104 0.113 0.110 0.124 0.145 0.133 
560     H444    (8)    8 :  0.106 0.075 0.121 0.101 0.112 0.118 0.106 0.172 0.089 
561     H454    (0)    8 :  0.082 0.098 0.247 0.091 0.074 0.068 0.075 0.149 0.116 
562     H475    (8)    8 :  0.064 0.060 0.461 0.085 0.058 0.062 0.053 0.114 0.044 
563     H491    (8)    8 :  0.091 0.083 0.153 0.118 0.115 0.104 0.077 0.186 0.073 
564     H492    (8)    8 :  0.146 0.151 0.148 0.083 0.088 0.086 0.103 0.084 0.109 
565     H493    (8)    8 :  0.155 0.087 0.059 0.117 0.117 0.130 0.134 0.118 0.084 
566     H494    (8)    8 :  0.083 0.128 0.123 0.092 0.103 0.124 0.102 0.118 0.126 
567     H495    (0)    8 :  0.067 0.179 0.274 0.080 0.085 0.066 0.086 0.092 0.070 
568     H662    (8)    8 :  0.110 0.187 0.050 0.098 0.126 0.087 0.116 0.082 0.143 
569     H663    (8)    8 :  0.102 0.115 0.132 0.113 0.112 0.114 0.099 0.110 0.103 
570     H695    (8)    8 :  0.147 0.079 0.121 0.120 0.106 0.112 0.106 0.088 0.121 
571    H7367    (8)    8 :  0.110 0.142 0.039 0.100 0.098 0.088 0.140 0.082 0.200 
572    H7368    (0)    8 :  0.112 0.071 0.066 0.117 0.161 0.162 0.121 0.115 0.075 
573    H7369    (8)    8 :  0.085 0.063 0.107 0.129 0.105 0.120 0.128 0.130 0.132 
574    H7370    (8)    8 :  0.201 0.136 0.032 0.088 0.094 0.096 0.161 0.068 0.125 
575    H7371    (8)    8 :  0.144 0.115 0.078 0.121 0.099 0.119 0.112 0.094 0.119 
576     H600    (8)    9 :  0.087 0.084 0.227 0.108 0.091 0.096 0.081 0.147 0.080 
577     H648    (8)    9 :  0.104 0.121 0.084 0.123 0.133 0.115 0.101 0.125 0.094 
578     H696    (8)    9 :  0.133 0.157 0.031 0.112 0.154 0.097 0.152 0.079 0.083 
579     H697    (8)    9 :  0.121 0.080 0.085 0.131 0.105 0.091 0.143 0.097 0.148 
580     H698    (8)    9 :  0.138 0.123 0.055 0.125 0.112 0.087 0.135 0.082 0.143 
581     H699    (8)    9 :  0.090 0.113 0.109 0.091 0.113 0.098 0.131 0.119 0.136 
582     H700    (8)    9 :  0.082 0.129 0.106 0.119 0.072 0.125 0.082 0.217 0.068 
583     H732    (8)    9 :  0.092 0.161 0.197 0.081 0.101 0.064 0.071 0.077 0.156 
584     H733    (8)    9 :  0.146 0.109 0.059 0.126 0.120 0.099 0.146 0.094 0.100 
585     H734    (8)    9 :  0.163 0.113 0.042 0.120 0.098 0.128 0.163 0.095 0.077 
586     H735    (8)    9 :  0.108 0.179 0.055 0.110 0.102 0.083 0.131 0.106 0.125 
587     H736    (8)    9 :  0.120 0.142 0.088 0.130 0.094 0.123 0.108 0.102 0.093 
588     H737    (8)    9 :  0.084 0.084 0.104 0.122 0.090 0.091 0.104 0.136 0.185 
589     H905    (8)    9 :  0.100 0.058 0.197 0.116 0.088 0.121 0.069 0.179 0.072 
590     H921    (8)    9 :  0.111 0.108 0.123 0.115 0.102 0.102 0.091 0.128 0.120 
591     H922    (8)    9 :  0.125 0.130 0.043 0.105 0.117 0.114 0.131 0.128 0.106 
592  H169705    (8)   10 :  0.107 0.161 0.039 0.108 0.079 0.074 0.129 0.072 0.231 
593  H171942    (8)   10 :  0.092 0.142 0.050 0.078 0.120 0.135 0.137 0.170 0.076 
594  H171943    (8)   10 :  0.099 0.133 0.049 0.112 0.112 0.122 0.127 0.099 0.147 
595  H171944    (8)   10 :  0.128 0.126 0.058 0.140 0.091 0.101 0.118 0.109 0.130 
596  H171946    (8)   10 :  0.095 0.259 0.091 0.085 0.088 0.073 0.109 0.076 0.124 
597  H171947    (8)   10 :  0.124 0.111 0.084 0.105 0.109 0.123 0.122 0.107 0.115 
598  H229641    (0)   10 :  0.135 0.099 0.165 0.112 0.122 0.094 0.107 0.089 0.077 
599   H30001    (8)   10 :  0.107 0.110 0.097 0.121 0.110 0.120 0.110 0.127 0.099 
600   H30002    (8)   10 :  0.129 0.090 0.064 0.112 0.094 0.120 0.119 0.144 0.127 
601   H30005    (8)   10 :  0.130 0.109 0.050 0.138 0.094 0.101 0.118 0.096 0.165 
602   H30006    (8)   10 :  0.062 0.155 0.075 0.074 0.078 0.074 0.156 0.066 0.261 
603   H30007    (8)   10 :  0.104 0.076 0.043 0.166 0.139 0.129 0.144 0.090 0.109 
604     H451    (8)   10 :  0.098 0.081 0.069 0.138 0.117 0.173 0.109 0.137 0.077 
605     H452    (0)   10 :  0.157 0.087 0.091 0.130 0.080 0.066 0.139 0.069 0.180 
606     H453    (0)   10 :  0.134 0.095 0.181 0.096 0.125 0.091 0.083 0.112 0.084 
607     H473    (0)   10 :  0.093 0.055 0.215 0.113 0.119 0.126 0.097 0.083 0.098 
608     H474    (8)   10 :  0.100 0.226 0.208 0.070 0.083 0.065 0.076 0.068 0.105 
609     H486    (8)   10 :  0.085 0.108 0.261 0.088 0.084 0.077 0.086 0.103 0.107 
610     H487    (0)   10 :  0.122 0.077 0.175 0.106 0.104 0.092 0.097 0.107 0.119 
611     H488    (0)   10 :  0.099 0.077 0.122 0.129 0.108 0.122 0.085 0.169 0.088 
612     H489    (0)   10 :  0.134 0.124 0.179 0.090 0.083 0.066 0.094 0.086 0.143 
613     H550    (8)   10 :  0.222 0.097 0.040 0.145 0.098 0.094 0.140 0.079 0.085 
614     H551    (8)   10 :  0.100 0.141 0.091 0.101 0.078 0.080 0.111 0.096 0.200 
615     H553    (8)   10 :  0.087 0.128 0.163 0.088 0.074 0.060 0.103 0.058 0.237 
616     H554    (8)   10 :  0.093 0.101 0.073 0.140 0.126 0.117 0.138 0.140 0.071 
617     H556    (8)   10 :  0.107 0.151 0.060 0.096 0.103 0.063 0.138 0.057 0.224 
618     H580    (8)   10 :  0.100 0.127 0.042 0.117 0.131 0.118 0.108 0.148 0.110 
619     H591    (8)   10 :  0.075 0.103 0.375 0.070 0.066 0.068 0.067 0.076 0.099 
620     H592    (8)   10 :  0.127 0.146 0.107 0.092 0.102 0.091 0.108 0.086 0.142 
621     H593    (8)   10 :  0.103 0.123 0.102 0.128 0.109 0.118 0.104 0.142 0.072 
622     H594    (8)   10 :  0.128 0.095 0.034 0.120 0.160 0.096 0.154 0.112 0.101 
623     H627    (8)   10 :  0.155 0.126 0.105 0.117 0.120 0.105 0.108 0.093 0.071 
624     H628    (8)   10 :  0.120 0.061 0.039 0.140 0.138 0.142 0.123 0.125 0.112 
625     H629    (8)   10 :  0.112 0.161 0.088 0.094 0.130 0.085 0.095 0.127 0.109 
626     H630    (8)   10 :  0.094 0.271 0.044 0.073 0.087 0.066 0.117 0.091 0.157 
627     H638    (8)   10 :  0.141 0.139 0.055 0.100 0.101 0.101 0.147 0.121 0.095 
628     H639    (8)   10 :  0.093 0.151 0.238 0.080 0.107 0.067 0.089 0.064 0.110 
629     H640    (8)   10 :  0.105 0.185 0.052 0.098 0.109 0.124 0.136 0.092 0.100 
630     H704    (8)   10 :  0.099 0.110 0.047 0.115 0.202 0.118 0.106 0.122 0.081 
631     H705    (0)   10 :  0.112 0.136 0.036 0.106 0.080 0.082 0.131 0.078 0.238 
632     H706    (8)   10 :  0.083 0.091 0.141 0.105 0.082 0.093 0.086 0.136 0.181 
633     H708    (8)   10 :  0.079 0.267 0.109 0.084 0.077 0.066 0.092 0.086 0.139 
634    H7351    (8)   10 :  0.133 0.116 0.063 0.124 0.126 0.122 0.107 0.126 0.083 
635    H7352    (0)   10 :  0.114 0.102 0.084 0.108 0.122 0.111 0.121 0.092 0.147 
636    H7353    (8)   10 :  0.107 0.081 0.063 0.093 0.259 0.107 0.122 0.103 0.065 
637    H7354    (0)   10 :  0.102 0.063 0.106 0.130 0.108 0.153 0.077 0.194 0.066 
638    H7365    (8)   10 :  0.081 0.211 0.136 0.085 0.066 0.077 0.080 0.072 0.192 
639    H7383    (8)   10 :  0.108 0.082 0.106 0.121 0.097 0.139 0.090 0.164 0.093 
640    H7384    (8)   10 :  0.092 0.089 0.093 0.123 0.101 0.118 0.092 0.143 0.148 
641    H7385    (8)   10 :  0.068 0.094 0.147 0.116 0.086 0.108 0.083 0.209 0.090 
642    H7386    (8)   10 :  0.115 0.101 0.063 0.127 0.122 0.125 0.102 0.145 0.101 
643    H7387    (8)   10 :  0.121 0.084 0.057 0.138 0.121 0.145 0.111 0.144 0.079 
644    H7388    (8)   10 :  0.151 0.080 0.093 0.143 0.080 0.078 0.122 0.074 0.180 
645     H906    (8)   10 :  0.085 0.061 0.249 0.101 0.132 0.098 0.075 0.117 0.081 
646     H907    (8)   10 :  0.140 0.110 0.060 0.102 0.127 0.144 0.161 0.093 0.063 
647     H908    (8)   10 :  0.084 0.130 0.089 0.128 0.102 0.127 0.105 0.134 0.101 
648     H909    (0)   10 :  0.090 0.059 0.108 0.140 0.098 0.146 0.087 0.187 0.087 
649    H9552    (8)   10 :  0.106 0.109 0.066 0.108 0.146 0.128 0.099 0.111 0.126 
650    H9553   (25)   10 :  0.085 0.113 0.116 0.104 0.071 0.062 0.114 0.059 0.276 
651    H9555    (0)   10 :  0.136 0.112 0.057 0.129 0.108 0.115 0.132 0.106 0.105 
652    H9575   (25)   10 :  0.133 0.156 0.130 0.094 0.112 0.090 0.087 0.092 0.106 
653    H9703    (0)   10 :  0.066 0.132 0.215 0.078 0.067 0.057 0.090 0.082 0.213 
654    H9707    (0)   10 :  0.102 0.092 0.292 0.093 0.088 0.070 0.088 0.084 0.091 
655    HSAA4    (8)   10 :  0.093 0.126 0.046 0.111 0.126 0.117 0.117 0.153 0.111 
656     H001    (8)   11 :  0.092 0.090 0.093 0.121 0.113 0.138 0.097 0.146 0.109 
657     H004    (8)   11 :  0.138 0.085 0.086 0.118 0.135 0.139 0.111 0.107 0.080 
658     H005    (0)   11 :  0.078 0.053 0.336 0.104 0.074 0.115 0.062 0.116 0.062 
659     H006    (8)   11 :  0.133 0.095 0.084 0.135 0.109 0.148 0.099 0.115 0.081 
660     H007    (8)   11 :  0.062 0.079 0.230 0.087 0.072 0.087 0.068 0.153 0.163 
661     H031    (0)   11 :  0.098 0.143 0.259 0.074 0.069 0.068 0.074 0.073 0.141 
662     H074    (8)   11 :  0.093 0.217 0.109 0.092 0.091 0.064 0.076 0.092 0.166 
663     H075    (8)   11 :  0.078 0.099 0.189 0.115 0.074 0.116 0.086 0.122 0.120 
664     H080    (8)   11 :  0.087 0.129 0.163 0.101 0.088 0.084 0.099 0.116 0.133 
665     H086    (8)   11 :  0.086 0.107 0.071 0.110 0.096 0.097 0.121 0.115 0.198 
666     H092    (8)   11 :  0.101 0.093 0.148 0.119 0.091 0.091 0.099 0.126 0.132 
667     H093    (8)   11 :  0.116 0.075 0.055 0.122 0.175 0.127 0.140 0.100 0.089 
668     H094    (8)   11 :  0.177 0.151 0.048 0.104 0.111 0.101 0.121 0.106 0.081 
669     H095    (8)   11 :  0.079 0.122 0.135 0.104 0.098 0.143 0.096 0.103 0.120 
670     H096    (8)   11 :  0.099 0.074 0.148 0.122 0.103 0.153 0.092 0.128 0.082 
671     H099    (8)   11 :  0.103 0.118 0.101 0.116 0.113 0.100 0.113 0.134 0.102 
672     H100    (8)   11 :  0.085 0.124 0.035 0.103 0.101 0.191 0.128 0.121 0.113 
673     H127    (8)   11 :  0.108 0.112 0.097 0.114 0.096 0.078 0.109 0.091 0.196 
674     H136    (0)   11 :  0.161 0.098 0.258 0.092 0.076 0.072 0.075 0.094 0.075 
675     H153    (0)   11 :  0.127 0.080 0.122 0.118 0.128 0.118 0.122 0.123 0.063 
676     H154    (8)   11 :  0.100 0.217 0.133 0.083 0.076 0.068 0.089 0.073 0.162 
677     H155    (0)   11 :  0.086 0.092 0.033 0.121 0.090 0.122 0.146 0.102 0.207 
678     H156    (8)   11 :  0.126 0.087 0.034 0.127 0.113 0.182 0.137 0.117 0.077 
679     H161    (8)   11 :  0.097 0.100 0.121 0.135 0.115 0.103 0.118 0.127 0.084 
680     H162    (8)   11 :  0.115 0.135 0.043 0.132 0.136 0.104 0.148 0.070 0.117 
681     H167    (0)   11 :  0.129 0.081 0.053 0.116 0.122 0.099 0.110 0.166 0.124 
682     H168    (8)   11 :  0.110 0.099 0.087 0.112 0.115 0.121 0.119 0.126 0.111 
683  H169586    (8)   11 :  0.144 0.173 0.132 0.110 0.113 0.112 0.093 0.059 0.063 
684  H169738    (8)   11 :  0.121 0.085 0.063 0.134 0.098 0.121 0.119 0.103 0.156 
685  H169741    (8)   11 :  0.219 0.167 0.113 0.079 0.073 0.078 0.113 0.052 0.106 
686  H171801    (8)   11 :  0.128 0.081 0.052 0.124 0.156 0.123 0.116 0.159 0.061 
687  H171810    (8)   11 :  0.157 0.138 0.156 0.094 0.092 0.093 0.098 0.096 0.076 
688  H171811    (8)   11 :  0.080 0.216 0.097 0.112 0.089 0.095 0.090 0.110 0.111 
689  H171812    (8)   11 :  0.114 0.082 0.068 0.132 0.088 0.126 0.082 0.165 0.143 
690  H171820    (8)   11 :  0.089 0.158 0.145 0.104 0.098 0.087 0.095 0.096 0.128 
691  H171821    (8)   11 :  0.128 0.084 0.061 0.134 0.123 0.144 0.129 0.114 0.083 
692  H171822    (8)   11 :  0.128 0.089 0.068 0.111 0.120 0.135 0.132 0.095 0.122 
693  H171823    (8)   11 :  0.090 0.065 0.397 0.073 0.089 0.077 0.065 0.103 0.041 
694  H171866    (8)   11 :  0.112 0.079 0.098 0.130 0.129 0.129 0.124 0.084 0.115 
695  H171867    (8)   11 :  0.102 0.089 0.078 0.128 0.090 0.149 0.122 0.116 0.125 
696  H171967    (8)   11 :  0.097 0.131 0.136 0.101 0.083 0.083 0.089 0.103 0.178 
697  H171969    (8)   11 :  0.120 0.082 0.091 0.121 0.121 0.129 0.119 0.119 0.098 
698     H172    (8)   11 :  0.113 0.105 0.067 0.136 0.100 0.137 0.123 0.088 0.130 
699     H173    (0)   11 :  0.112 0.138 0.056 0.099 0.076 0.122 0.113 0.103 0.181 
700     H174    (8)   11 :  0.114 0.129 0.032 0.118 0.142 0.091 0.151 0.131 0.092 
701     H196    (0)   11 :  0.170 0.075 0.040 0.134 0.072 0.065 0.154 0.069 0.221 
702     H197    (8)   11 :  0.105 0.103 0.054 0.118 0.119 0.141 0.125 0.146 0.090 
703     H346    (8)   11 :  0.108 0.079 0.132 0.106 0.093 0.112 0.100 0.162 0.109 
704     H355    (8)   11 :  0.084 0.101 0.132 0.116 0.109 0.143 0.089 0.093 0.133 
705     H356    (0)   11 :  0.103 0.104 0.098 0.092 0.104 0.109 0.098 0.137 0.154 
706     H357    (8)   11 :  0.101 0.121 0.159 0.106 0.101 0.091 0.100 0.113 0.109 
707     H358    (8)   11 :  0.075 0.071 0.069 0.147 0.070 0.151 0.108 0.202 0.107 
708     H359    (8)   11 :  0.146 0.126 0.073 0.111 0.122 0.095 0.120 0.113 0.094 
709     H360    (0)   11 :  0.105 0.117 0.065 0.105 0.101 0.112 0.114 0.131 0.151 
710     H361    (8)   11 :  0.092 0.107 0.095 0.106 0.097 0.136 0.105 0.134 0.127 
711     H362    (8)   11 :  0.152 0.093 0.042 0.147 0.119 0.134 0.138 0.088 0.087 
712     H363    (8)   11 :  0.132 0.105 0.146 0.109 0.078 0.118 0.086 0.145 0.082 
713     H364    (8)   11 :  0.176 0.105 0.064 0.113 0.112 0.144 0.115 0.109 0.062 
714     H365    (8)   11 :  0.113 0.082 0.085 0.132 0.105 0.152 0.103 0.096 0.132 
715     H366    (8)   11 :  0.116 0.088 0.052 0.117 0.092 0.105 0.119 0.096 0.216 
716     H367    (8)   11 :  0.084 0.171 0.151 0.098 0.070 0.057 0.094 0.083 0.191 
717     H368    (8)   11 :  0.166 0.173 0.040 0.107 0.114 0.109 0.113 0.086 0.092 
718     H369    (0)   11 :  0.077 0.153 0.205 0.085 0.067 0.092 0.081 0.095 0.145 
719     H370    (8)   11 :  0.130 0.111 0.053 0.111 0.130 0.167 0.123 0.106 0.069 
720     H371    (8)   11 :  0.110 0.162 0.075 0.077 0.093 0.081 0.130 0.108 0.163 
721     H372    (8)   11 :  0.116 0.086 0.060 0.135 0.093 0.143 0.136 0.087 0.143 
722     H373    (8)   11 :  0.097 0.107 0.069 0.120 0.126 0.136 0.092 0.182 0.072 
723     H374    (0)   11 :  0.095 0.062 0.139 0.118 0.084 0.122 0.075 0.225 0.078 
724     H375    (8)   11 :  0.108 0.106 0.117 0.114 0.086 0.128 0.094 0.118 0.130 
725     H376    (0)   11 :  0.116 0.080 0.055 0.112 0.168 0.133 0.114 0.134 0.088 
726     H377    (8)   11 :  0.165 0.091 0.137 0.095 0.082 0.113 0.099 0.126 0.091 
727     H378    (8)   11 :  0.095 0.106 0.090 0.118 0.135 0.116 0.121 0.110 0.110 
728     H379    (8)   11 :  0.131 0.113 0.074 0.130 0.110 0.137 0.117 0.113 0.076 
729     H380    (8)   11 :  0.127 0.072 0.054 0.153 0.106 0.181 0.112 0.124 0.072 
730     H381    (0)   11 :  0.146 0.116 0.224 0.100 0.104 0.074 0.085 0.075 0.077 
731     H382    (8)   11 :  0.122 0.088 0.034 0.128 0.129 0.161 0.148 0.130 0.060 
732     H383    (8)   11 :  0.140 0.055 0.041 0.129 0.154 0.181 0.109 0.129 0.062 
733     H384    (0)   11 :  0.171 0.120 0.097 0.104 0.099 0.099 0.117 0.095 0.098 
734     H385    (8)   11 :  0.123 0.129 0.101 0.113 0.101 0.088 0.098 0.160 0.088 
735     H386    (0)   11 :  0.084 0.079 0.048 0.149 0.097 0.211 0.098 0.144 0.090 
736     H387    (0)   11 :  0.098 0.063 0.097 0.135 0.186 0.115 0.140 0.101 0.064 
737     H388    (8)   11 :  0.124 0.078 0.040 0.122 0.114 0.139 0.132 0.082 0.168 
738     H389    (8)   11 :  0.095 0.094 0.119 0.123 0.089 0.118 0.106 0.119 0.137 
739     H390    (8)   11 :  0.091 0.182 0.041 0.110 0.107 0.114 0.116 0.115 0.124 
740     H391    (8)   11 :  0.101 0.120 0.035 0.135 0.123 0.111 0.136 0.090 0.148 
741     H392    (0)   11 :  0.069 0.073 0.153 0.147 0.079 0.121 0.090 0.164 0.103 
742     H393    (0)   11 :  0.089 0.112 0.055 0.102 0.116 0.168 0.107 0.141 0.110 
743     H394    (0)   11 :  0.099 0.116 0.066 0.106 0.189 0.110 0.123 0.096 0.095 
744     H395    (8)   11 :  0.117 0.108 0.190 0.105 0.091 0.111 0.091 0.088 0.098 
745     H408   (16)   11 :  0.079 0.071 0.084 0.137 0.082 0.170 0.110 0.145 0.122 
746     H412    (0)   11 :  0.055 0.363 0.091 0.075 0.057 0.037 0.063 0.047 0.211 
747     H417    (8)   11 :  0.171 0.133 0.084 0.110 0.100 0.110 0.110 0.073 0.108 
748     H418    (8)   11 :  0.095 0.128 0.078 0.129 0.119 0.101 0.125 0.105 0.119 
749     H429    (8)   11 :  0.094 0.094 0.071 0.133 0.120 0.134 0.110 0.129 0.115 
750     H430    (8)   11 :  0.093 0.123 0.060 0.120 0.105 0.129 0.131 0.122 0.118 
751     H439    (8)   11 :  0.113 0.107 0.071 0.118 0.107 0.114 0.108 0.137 0.126 
752     H440    (8)   11 :  0.082 0.086 0.248 0.098 0.080 0.089 0.082 0.143 0.091 
753     H441    (0)   11 :  0.128 0.118 0.043 0.138 0.101 0.090 0.153 0.089 0.140 
754     H442   (16)   11 :  0.139 0.085 0.074 0.130 0.124 0.150 0.122 0.092 0.084 
755     H446    (0)   11 :  0.151 0.090 0.062 0.116 0.126 0.116 0.141 0.098 0.099 
756     H447    (0)   11 :  0.118 0.091 0.038 0.145 0.095 0.160 0.145 0.091 0.117 
757     H448    (0)   11 :  0.096 0.103 0.087 0.122 0.082 0.114 0.119 0.084 0.192 
758     H534    (8)   11 :  0.081 0.149 0.144 0.111 0.092 0.069 0.086 0.180 0.089 
759     H537    (8)   11 :  0.081 0.184 0.135 0.084 0.105 0.084 0.069 0.093 0.166 
760     H568    (8)   11 :  0.080 0.083 0.425 0.063 0.067 0.062 0.065 0.078 0.076 
761     H569    (8)   11 :  0.078 0.172 0.037 0.071 0.079 0.125 0.144 0.076 0.218 
762     H586    (0)   11 :  0.124 0.224 0.131 0.105 0.110 0.100 0.087 0.056 0.064 
763     H587    (8)   11 :  0.113 0.167 0.141 0.089 0.074 0.081 0.086 0.103 0.147 
764     H588    (8)   11 :  0.119 0.078 0.047 0.111 0.205 0.159 0.113 0.111 0.056 
765     H589    (8)   11 :  0.080 0.115 0.209 0.111 0.080 0.095 0.088 0.105 0.117 
766     H590    (0)   11 :  0.079 0.061 0.384 0.075 0.085 0.074 0.080 0.082 0.080 
767     H601    (8)   11 :  0.117 0.132 0.071 0.111 0.119 0.107 0.113 0.109 0.120 
768     H602    (8)   11 :  0.105 0.111 0.133 0.126 0.082 0.080 0.114 0.105 0.145 
769     H603    (8)   11 :  0.102 0.079 0.063 0.136 0.094 0.153 0.132 0.150 0.091 
770     H610    (0)   11 :  0.102 0.119 0.112 0.103 0.105 0.083 0.101 0.126 0.149 
771     H611    (0)   11 :  0.162 0.157 0.111 0.083 0.090 0.083 0.110 0.069 0.134 
772     H649    (8)   11 :  0.109 0.101 0.096 0.092 0.120 0.125 0.117 0.140 0.100 
773     H650    (8)   11 :  0.162 0.100 0.058 0.132 0.120 0.127 0.131 0.080 0.090 
774     H651    (8)   11 :  0.100 0.091 0.083 0.125 0.102 0.115 0.119 0.120 0.145 
775     H652    (8)   11 :  0.117 0.089 0.110 0.103 0.143 0.120 0.127 0.114 0.077 
776    H7364    (8)   11 :  0.103 0.117 0.067 0.109 0.109 0.149 0.129 0.099 0.119 
777    H7366    (8)   11 :  0.095 0.085 0.138 0.095 0.102 0.105 0.114 0.121 0.145 
778    H7378   (16)   11 :  0.125 0.171 0.037 0.089 0.152 0.092 0.147 0.128 0.058 
779    H7379    (0)   11 :  0.153 0.106 0.078 0.110 0.113 0.123 0.116 0.093 0.109 
780     H739    (8)   11 :  0.133 0.160 0.137 0.070 0.078 0.085 0.112 0.061 0.164 
781     H740    (8)   11 :  0.134 0.081 0.073 0.115 0.135 0.136 0.130 0.123 0.074 
782     H741    (0)   11 :  0.219 0.171 0.115 0.069 0.068 0.087 0.105 0.058 0.107 
783     H926    (8)   11 :  0.104 0.106 0.078 0.113 0.118 0.151 0.133 0.119 0.078 
784     H927    (0)   11 :  0.118 0.115 0.045 0.120 0.089 0.085 0.124 0.079 0.226 
785     H928    (0)   11 :  0.172 0.160 0.073 0.088 0.107 0.094 0.139 0.074 0.094 
786    H9560    (0)   11 :  0.175 0.103 0.069 0.105 0.140 0.093 0.114 0.099 0.101 
787     H409    (0)   12 :  0.125 0.076 0.043 0.129 0.146 0.137 0.109 0.151 0.084 
788     H413    (0)   12 :  0.106 0.157 0.045 0.138 0.128 0.074 0.136 0.143 0.073 
789     H419    (8)   12 :  0.117 0.083 0.071 0.138 0.132 0.135 0.105 0.118 0.100 
790     H420    (8)   12 :  0.089 0.101 0.170 0.096 0.117 0.098 0.095 0.118 0.116 
791     H421    (8)   12 :  0.141 0.063 0.040 0.156 0.139 0.151 0.122 0.128 0.060 
792     H435    (8)   12 :  0.089 0.074 0.059 0.152 0.130 0.132 0.132 0.162 0.070 
793     H436    (8)   12 :  0.088 0.119 0.073 0.104 0.103 0.126 0.109 0.138 0.141 
794     H437    (8)   12 :  0.096 0.109 0.227 0.101 0.121 0.096 0.088 0.100 0.061 
795     H445    (8)   12 :  0.101 0.081 0.063 0.134 0.108 0.192 0.102 0.139 0.080 
796     H449    (8)   12 :  0.119 0.118 0.080 0.098 0.136 0.072 0.117 0.100 0.160 
797     H463    (8)   12 :  0.090 0.095 0.167 0.109 0.114 0.104 0.100 0.136 0.084 
798     H464    (8)   12 :  0.128 0.105 0.061 0.075 0.132 0.154 0.163 0.117 0.065 
799     H465    (8)   12 :  0.113 0.145 0.074 0.108 0.147 0.079 0.128 0.135 0.071 
800     H490    (8)   12 :  0.154 0.080 0.042 0.110 0.220 0.119 0.112 0.102 0.061 
801     H561    (8)   12 :  0.133 0.120 0.095 0.120 0.112 0.106 0.131 0.090 0.093 
802     H562    (8)   12 :  0.112 0.102 0.056 0.117 0.104 0.153 0.087 0.156 0.112 
803     H563    (0)   12 :  0.117 0.091 0.116 0.118 0.103 0.087 0.105 0.103 0.161 
804     H570    (8)   12 :  0.075 0.120 0.097 0.117 0.093 0.116 0.084 0.177 0.121 
805     H571    (8)   12 :  0.099 0.221 0.054 0.109 0.114 0.097 0.103 0.101 0.102 
806     H572    (8)   12 :  0.090 0.180 0.069 0.141 0.094 0.082 0.084 0.101 0.159 
807     H573    (8)   12 :  0.102 0.094 0.047 0.121 0.130 0.120 0.127 0.158 0.101 
808    H7372    (8)   12 :  0.099 0.095 0.028 0.122 0.099 0.178 0.138 0.102 0.140 
809    H7373    (0)   12 :  0.177 0.082 0.037 0.130 0.150 0.083 0.176 0.098 0.067 
810    H7374    (0)   12 :  0.094 0.072 0.152 0.112 0.095 0.125 0.092 0.166 0.092 
811    H7375    (8)   12 :  0.088 0.144 0.165 0.111 0.087 0.092 0.089 0.098 0.125 
812    H7376    (8)   12 :  0.093 0.104 0.048 0.121 0.092 0.142 0.098 0.167 0.135 
813    H7377    (8)   12 :  0.114 0.171 0.107 0.100 0.100 0.087 0.104 0.094 0.123 


Estimated Allele Frequencies in each cluster
First column gives estimated ancestral frequencies


Locus 1 : 
10 alleles
0.4% missing data
 168   (0.101) 0.103 0.060 0.073 0.107 0.103 0.134 0.100 0.081 0.100 
 160   (0.246) 0.223 0.228 0.313 0.286 0.246 0.279 0.230 0.305 0.337 
 172   (0.016) 0.008 0.010 0.001 0.006 0.015 0.014 0.014 0.009 0.004 
 156   (0.216) 0.211 0.249 0.057 0.232 0.216 0.203 0.251 0.234 0.185 
 164   (0.198) 0.273 0.307 0.098 0.179 0.197 0.163 0.225 0.141 0.251 
 152   (0.158) 0.142 0.099 0.438 0.142 0.161 0.146 0.125 0.180 0.071 
 148   (0.042) 0.032 0.027 0.018 0.041 0.044 0.048 0.032 0.043 0.017 
 144   (0.014) 0.006 0.019 0.001 0.006 0.011 0.012 0.021 0.006 0.034 
 176   (0.006) 0.001 0.001 0.000 0.001 0.004 0.001 0.001 0.001 0.000 
 180   (0.004) 0.001 0.000 0.000 0.001 0.003 0.001 0.001 0.001 0.000 

Locus 2 : 
11 alleles
0.4% missing data
 160   (0.180) 0.171 0.195 0.142 0.180 0.187 0.179 0.170 0.177 0.167 
 152   (0.156) 0.145 0.155 0.134 0.148 0.159 0.140 0.134 0.169 0.116 
 164   (0.152) 0.195 0.241 0.429 0.135 0.149 0.134 0.139 0.135 0.160 
 156   (0.251) 0.266 0.159 0.062 0.320 0.256 0.323 0.288 0.289 0.244 
 168   (0.117) 0.105 0.136 0.210 0.113 0.113 0.113 0.117 0.136 0.187 
 172   (0.048) 0.048 0.043 0.005 0.032 0.047 0.037 0.062 0.030 0.049 
 148   (0.046) 0.038 0.046 0.012 0.033 0.045 0.032 0.043 0.033 0.034 
 144   (0.020) 0.022 0.010 0.002 0.024 0.018 0.010 0.027 0.011 0.024 
 176   (0.020) 0.009 0.014 0.005 0.013 0.019 0.029 0.019 0.018 0.019 
 140   (0.005) 0.001 0.001 0.000 0.001 0.004 0.001 0.001 0.001 0.000 
 180   (0.005) 0.001 0.001 0.000 0.001 0.004 0.001 0.001 0.001 0.000 

Locus 3 : 
10 alleles
0.0% missing data
 185   (0.225) 0.239 0.198 0.363 0.231 0.224 0.257 0.199 0.258 0.164 
 181   (0.107) 0.083 0.054 0.115 0.114 0.104 0.129 0.085 0.123 0.045 
 193   (0.174) 0.142 0.164 0.182 0.164 0.180 0.154 0.155 0.221 0.193 
 189   (0.340) 0.391 0.490 0.244 0.368 0.339 0.354 0.433 0.297 0.506 
 197   (0.109) 0.126 0.076 0.084 0.102 0.111 0.091 0.100 0.086 0.061 
 177   (0.006) 0.002 0.001 0.000 0.001 0.006 0.002 0.002 0.001 0.001 
 201   (0.018) 0.011 0.007 0.003 0.011 0.019 0.007 0.012 0.010 0.005 
 169   (0.012) 0.005 0.010 0.009 0.007 0.010 0.003 0.011 0.002 0.024 
 173   (0.006) 0.001 0.001 0.000 0.001 0.004 0.001 0.001 0.001 0.001 
 209   (0.004) 0.001 0.001 0.000 0.001 0.003 0.001 0.001 0.001 0.001 

Locus 4 : 
9 alleles
0.0% missing data
 177   (0.228) 0.208 0.207 0.156 0.256 0.231 0.292 0.237 0.293 0.210 
 165   (0.190) 0.247 0.193 0.061 0.189 0.195 0.185 0.221 0.148 0.163 
 169   (0.222) 0.239 0.325 0.369 0.228 0.218 0.203 0.233 0.187 0.340 
 173   (0.214) 0.206 0.179 0.114 0.207 0.217 0.206 0.187 0.263 0.184 
 193   (0.010) 0.006 0.003 0.001 0.004 0.010 0.004 0.006 0.002 0.001 
 185   (0.036) 0.019 0.014 0.007 0.039 0.033 0.040 0.042 0.024 0.047 
 181   (0.082) 0.068 0.066 0.289 0.071 0.079 0.065 0.066 0.075 0.048 
 161   (0.013) 0.007 0.011 0.002 0.006 0.012 0.005 0.006 0.005 0.006 
 189   (0.006) 0.002 0.002 0.001 0.001 0.005 0.001 0.002 0.001 0.001 

Locus 5 : 
17 alleles
0.0% missing data
 199   (0.213) 0.279 0.279 0.566 0.257 0.216 0.247 0.216 0.297 0.220 
 215   (0.046) 0.031 0.100 0.020 0.036 0.044 0.023 0.039 0.025 0.063 
 203   (0.254) 0.262 0.240 0.172 0.289 0.263 0.340 0.310 0.281 0.344 
 207   (0.176) 0.174 0.135 0.070 0.181 0.175 0.163 0.174 0.156 0.205 
 195   (0.100) 0.109 0.103 0.052 0.094 0.097 0.090 0.100 0.105 0.090 
 211   (0.067) 0.067 0.077 0.014 0.066 0.068 0.054 0.087 0.065 0.045 
 271   (0.005) 0.001 0.000 0.000 0.001 0.003 0.001 0.001 0.001 0.001 
 275   (0.022) 0.019 0.010 0.002 0.011 0.022 0.009 0.012 0.013 0.007 
 283   (0.018) 0.012 0.019 0.011 0.013 0.018 0.014 0.011 0.016 0.005 
 279   (0.021) 0.014 0.007 0.002 0.020 0.023 0.023 0.016 0.017 0.006 
 287   (0.019) 0.011 0.018 0.004 0.012 0.019 0.011 0.015 0.008 0.006 
 191   (0.020) 0.008 0.005 0.083 0.009 0.017 0.010 0.008 0.006 0.006 
 291   (0.010) 0.005 0.004 0.002 0.005 0.008 0.005 0.004 0.002 0.001 
 295   (0.007) 0.002 0.001 0.000 0.002 0.005 0.002 0.002 0.001 0.001 
 267   (0.007) 0.003 0.001 0.001 0.002 0.008 0.003 0.003 0.002 0.001 
 219   (0.010) 0.003 0.001 0.002 0.003 0.009 0.003 0.003 0.002 0.001 
 299   (0.005) 0.001 0.000 0.000 0.001 0.004 0.001 0.001 0.001 0.000 

Locus 6 : 
10 alleles
0.5% missing data
 238   (0.240) 0.247 0.249 0.217 0.270 0.245 0.303 0.229 0.263 0.229 
 250   (0.143) 0.146 0.120 0.086 0.170 0.139 0.178 0.165 0.153 0.164 
 246   (0.169) 0.206 0.161 0.047 0.147 0.170 0.184 0.196 0.165 0.198 
 242   (0.201) 0.197 0.241 0.550 0.206 0.201 0.149 0.186 0.209 0.208 
 234   (0.100) 0.068 0.129 0.074 0.087 0.100 0.084 0.082 0.121 0.099 
 254   (0.047) 0.043 0.032 0.006 0.033 0.050 0.030 0.047 0.039 0.018 
 230   (0.053) 0.056 0.046 0.008 0.049 0.055 0.044 0.056 0.027 0.033 
 258   (0.023) 0.023 0.012 0.009 0.025 0.020 0.013 0.024 0.010 0.047 
 226   (0.013) 0.009 0.003 0.001 0.011 0.012 0.010 0.010 0.011 0.002 
 218   (0.010) 0.005 0.008 0.002 0.003 0.008 0.003 0.004 0.003 0.003 

Locus 7 : 
5 alleles
77.9% missing data
 149   (0.888) 0.915 0.781 0.941 0.911 0.889 0.910 0.892 0.909 0.930 
 153   (0.037) 0.024 0.185 0.042 0.029 0.035 0.023 0.038 0.039 0.044 
 157   (0.032) 0.028 0.014 0.009 0.021 0.033 0.040 0.033 0.023 0.011 
 155   (0.029) 0.026 0.016 0.006 0.030 0.029 0.017 0.028 0.022 0.011 
 151   (0.014) 0.007 0.004 0.003 0.009 0.014 0.009 0.009 0.007 0.004 

Locus 8 : 
21 alleles
0.5% missing data
 152   (0.064) 0.055 0.099 0.052 0.067 0.062 0.089 0.059 0.077 0.063 
 148   (0.054) 0.072 0.025 0.017 0.071 0.057 0.080 0.061 0.058 0.023 
 142   (0.057) 0.096 0.092 0.017 0.044 0.056 0.065 0.070 0.036 0.045 
 140   (0.037) 0.031 0.029 0.005 0.040 0.038 0.032 0.044 0.026 0.054 
 138   (0.063) 0.068 0.053 0.054 0.068 0.060 0.055 0.063 0.065 0.085 
 136   (0.072) 0.090 0.060 0.015 0.065 0.076 0.052 0.070 0.050 0.044 
 150   (0.060) 0.055 0.052 0.118 0.052 0.059 0.043 0.050 0.047 0.040 
 146   (0.244) 0.242 0.299 0.448 0.285 0.247 0.270 0.258 0.344 0.285 
 128   (0.096) 0.093 0.121 0.076 0.111 0.095 0.123 0.112 0.072 0.132 
 164   (0.010) 0.005 0.002 0.001 0.003 0.013 0.004 0.004 0.003 0.001 
 156   (0.016) 0.009 0.005 0.019 0.011 0.013 0.006 0.010 0.014 0.003 
 144   (0.038) 0.036 0.037 0.021 0.038 0.037 0.051 0.044 0.025 0.051 
 158   (0.015) 0.025 0.009 0.012 0.011 0.014 0.006 0.011 0.006 0.004 
 134   (0.090) 0.071 0.074 0.116 0.090 0.090 0.075 0.089 0.109 0.150 
 168   (0.020) 0.013 0.013 0.015 0.010 0.018 0.011 0.012 0.017 0.006 
 160   (0.021) 0.013 0.007 0.007 0.014 0.022 0.018 0.018 0.019 0.005 
 162   (0.008) 0.006 0.007 0.003 0.003 0.007 0.003 0.004 0.005 0.005 
 154   (0.016) 0.014 0.014 0.002 0.009 0.017 0.011 0.013 0.017 0.003 
 170   (0.005) 0.002 0.001 0.001 0.001 0.004 0.002 0.001 0.002 0.001 
 130   (0.011) 0.004 0.002 0.002 0.004 0.010 0.005 0.004 0.006 0.002 
 172   (0.004) 0.001 0.000 0.000 0.001 0.003 0.001 0.001 0.001 0.000 

Locus 9 : 
8 alleles
0.2% missing data
 184   (0.235) 0.246 0.143 0.074 0.251 0.245 0.286 0.226 0.227 0.121 
 182   (0.142) 0.161 0.195 0.191 0.124 0.146 0.116 0.123 0.157 0.080 
 186   (0.389) 0.366 0.369 0.529 0.409 0.388 0.424 0.433 0.392 0.431 
 180   (0.177) 0.190 0.253 0.201 0.179 0.172 0.151 0.173 0.202 0.288 
 192   (0.023) 0.016 0.028 0.002 0.018 0.019 0.009 0.024 0.011 0.065 
 188   (0.013) 0.006 0.005 0.001 0.008 0.013 0.007 0.009 0.006 0.004 
 194   (0.015) 0.014 0.006 0.001 0.010 0.014 0.006 0.010 0.005 0.010 
 174   (0.005) 0.001 0.000 0.000 0.001 0.003 0.001 0.001 0.001 0.000 

Locus 10 : 
8 alleles
0.1% missing data
 164   (0.254) 0.253 0.178 0.163 0.274 0.259 0.276 0.260 0.250 0.182 
 160   (0.221) 0.206 0.202 0.381 0.201 0.219 0.200 0.242 0.207 0.279 
 168   (0.234) 0.274 0.337 0.272 0.236 0.230 0.199 0.220 0.252 0.213 
 156   (0.130) 0.126 0.205 0.150 0.132 0.124 0.113 0.137 0.130 0.227 
 172   (0.084) 0.079 0.039 0.020 0.098 0.086 0.151 0.072 0.114 0.061 
 152   (0.031) 0.031 0.023 0.004 0.029 0.031 0.025 0.038 0.017 0.028 
 176   (0.036) 0.027 0.013 0.009 0.026 0.041 0.032 0.028 0.027 0.008 
 180   (0.010) 0.004 0.003 0.001 0.003 0.009 0.004 0.004 0.002 0.002 

Locus 11 : 
10 alleles
0.0% missing data
 169   (0.303) 0.303 0.301 0.161 0.317 0.311 0.322 0.322 0.350 0.328 
 161   (0.099) 0.063 0.106 0.074 0.117 0.098 0.127 0.093 0.145 0.081 
 165   (0.274) 0.369 0.303 0.285 0.262 0.282 0.244 0.296 0.202 0.263 
 173   (0.142) 0.133 0.090 0.210 0.149 0.136 0.156 0.142 0.154 0.167 
 157   (0.050) 0.048 0.045 0.006 0.054 0.049 0.055 0.055 0.041 0.031 
 177   (0.063) 0.039 0.125 0.254 0.052 0.060 0.050 0.043 0.075 0.100 
 153   (0.014) 0.011 0.005 0.002 0.010 0.013 0.014 0.009 0.004 0.002 
 185   (0.014) 0.007 0.003 0.001 0.009 0.013 0.009 0.009 0.006 0.003 
 181   (0.025) 0.022 0.017 0.003 0.024 0.024 0.016 0.024 0.014 0.021 
 149   (0.014) 0.006 0.006 0.004 0.006 0.013 0.008 0.007 0.009 0.003 

Locus 12 : 
5 alleles
0.4% missing data
 149   (0.871) 0.903 0.797 0.958 0.901 0.872 0.902 0.876 0.904 0.935 
 157   (0.036) 0.036 0.017 0.008 0.022 0.036 0.038 0.037 0.027 0.008 
 153   (0.044) 0.026 0.169 0.030 0.036 0.042 0.031 0.043 0.039 0.043 
 151   (0.018) 0.010 0.005 0.001 0.010 0.019 0.010 0.013 0.010 0.004 
 155   (0.031) 0.025 0.012 0.003 0.031 0.031 0.018 0.031 0.021 0.010 

Values of parameters used in structure:
DATAFILE=/data/home/rchen/Hunting/Final_analysis/data_job_T9_38,	OUTFILE=/data/home/rchen/Hunting/Final_analysis/Results_females_4.4/results_job_T9_38,	NUMINDS=813,	NUMLOCI=12,	MISSING=-9,	LABEL=1,	POPDATA=1,	POPFLAG=0,	PHENOTYPE=0,	EXTRACOLS=0,	MAXPOPS=9,	BURNIN=10000,	NUMREPS=10000,	USEPOPINFO=0,	INFERALPHA=1,	INFERLAMBDA=0,	POPSPECIFICLAMBDA=0,	POPALPHAS=0,	COMPUTEPROB=1,	NOADMIX=0,	ADMBURNIN=2500,	UPDATEFREQ=1,	PRINTLIKES=0,	INTERMEDSAVE=0,	PRINTKLD=0,	PRINTNET=0,	PRINTLAMBDA=0,	ANCESTDIST=0,	NUMBOXES=1000,	ANCESTPINT=0.90000,	GENSBACK=2,	MIGRPRIOR=0.05000,	PRINTQHAT=1,	PRINTQSUM=0,	ALPHA=1.0000,	FREQSCORR=1,	FPRIORMEAN=0.0100,	FPRIORSD=0.0500,	ONEFST=0,	LAMBDA=1.0000,	UNIFPRIORALPHA=1,	ALPHAMAX=10.0000,	ALPHAPRIORA=1.0000,	ALPHAPRIORB=2.0000,	ALPHAPROPSD=0.0250,	STARTATPOPINFO=0,	RANDOMIZE=1,	LINKAGE=0,	METROFREQ=10,	REPORTHITRATE=0,	MARKOVPHASE=-1,	PHASED=0,	PLOIDY=2,	PHASEINFO=0	LOCPRIOR=0, 	LOCPRIORINIT=1.000000, 	LOCDATA=0, 	LOCISPOP=0, 	LOCPRIORSTEP=0.100000, 	MAXLOCPRIOR=20.000000, 	SEED=1649139525,	
[STRAT parameters]:    NUMSIMSTATS=1000,	PHENOTYPECOL=-9,	POOLFREQ=10,	LOCUSxONLY=0,	EMERROR=0.00100,	MISSINGPHENO=-9,	