

----------------------------------------------------
STRUCTURE by Pritchard, Stephens and Donnelly (2000)
     and Falush, Stephens and Pritchard (2003)
       Code by Pritchard, Falush and Hubisz
             Version 2.3.4 (Jul 2012)
----------------------------------------------------



Command line arguments:   /usr/local/bin/structure -m parameter_job_T9_43 
Input File:    /data/home/rchen/Hunting/Final_analysis/data_job_T9_43

Run parameters:
   813 individuals
   12 loci
   9 populations assumed
   10000 Burn-in period
   10000 Reps


--------------------------------------------
Proportion of membership of each pre-defined
 population in each of the 9 clusters

Given    Inferred Clusters                                                 Number of
 Pop       1      2      3      4      5      6      7      8      9      Individuals

  1:     0.099  0.113  0.120  0.118  0.109  0.100  0.106  0.112  0.122      144
  2:     0.123  0.100  0.103  0.113  0.113  0.127  0.115  0.100  0.106      163
  3:     0.137  0.092  0.103  0.119  0.137  0.089  0.126  0.091  0.105        8
  4:     0.109  0.119  0.110  0.091  0.107  0.120  0.112  0.119  0.112       88
  5:     0.093  0.114  0.118  0.117  0.106  0.116  0.106  0.117  0.114      121
  6:     0.138  0.115  0.112  0.114  0.098  0.100  0.105  0.113  0.106       22
  7:     0.080  0.125  0.100  0.122  0.116  0.101  0.113  0.140  0.101        9
  8:     0.109  0.099  0.114  0.111  0.124  0.120  0.114  0.106  0.102       20
  9:     0.168  0.099  0.103  0.090  0.100  0.098  0.118  0.119  0.105       16
 10:     0.117  0.113  0.102  0.094  0.126  0.108  0.120  0.111  0.108       64
 11:     0.112  0.116  0.109  0.117  0.111  0.102  0.112  0.113  0.107      131
 12:     0.105  0.120  0.118  0.104  0.111  0.094  0.109  0.121  0.117       27
--------------------------------------------

Allele-freq. divergence among pops (Net nucleotide distance),
computed using point estimates of P.

      1       2       3       4       5       6       7       8       9      
 1      -    0.0196  0.0169  0.0325  0.0134  0.0516  0.0147  0.0182  0.0134  
 2   0.0196     -    0.0064  0.0270  0.0059  0.0333  0.0037  0.0014  0.0046  
 3   0.0169  0.0064     -    0.0208  0.0050  0.0388  0.0051  0.0042  0.0026  
 4   0.0325  0.0270  0.0208     -    0.0200  0.0520  0.0215  0.0254  0.0183  
 5   0.0134  0.0059  0.0050  0.0200     -    0.0397  0.0015  0.0053  0.0022  
 6   0.0516  0.0333  0.0388  0.0520  0.0397     -    0.0367  0.0304  0.0348  
 7   0.0147  0.0037  0.0051  0.0215  0.0015  0.0367     -    0.0030  0.0027  
 8   0.0182  0.0014  0.0042  0.0254  0.0053  0.0304  0.0030     -    0.0029  
 9   0.0134  0.0046  0.0026  0.0183  0.0022  0.0348  0.0027  0.0029     -    

Average distances (expected heterozygosity) between individuals in same cluster:
cluster  1  : 0.6563 
cluster  2  : 0.6999 
cluster  3  : 0.6959 
cluster  4  : 0.6464 
cluster  5  : 0.6979 
cluster  6  : 0.6054 
cluster  7  : 0.7064 
cluster  8  : 0.7112 
cluster  9  : 0.7198 

--------------------------------------------
Estimated Ln Prob of Data   = -33712.8
Mean value of ln likelihood = -28986.6
Variance of ln likelihood   = 9452.5
Mean value of alpha         = 0.2778

Mean value of Fst_1         = 0.0965
Mean value of Fst_2         = 0.1019
Mean value of Fst_3         = 0.0787
Mean value of Fst_4         = 0.1338
Mean value of Fst_5         = 0.0560
Mean value of Fst_6         = 0.1751
Mean value of Fst_7         = 0.0919
Mean value of Fst_8         = 0.0827
Mean value of Fst_9         = 0.0016


Inferred ancestry of individuals:
        Label (%Miss) Pop:  Inferred clusters
  1     H102    (8)    1 :  0.034 0.165 0.191 0.079 0.079 0.075 0.108 0.182 0.087 
  2     H103    (8)    1 :  0.107 0.096 0.217 0.058 0.114 0.035 0.088 0.151 0.135 
  3     H104    (8)    1 :  0.098 0.110 0.087 0.099 0.130 0.177 0.111 0.101 0.087 
  4     H105    (0)    1 :  0.096 0.104 0.139 0.148 0.087 0.132 0.082 0.106 0.107 
  5     H106    (8)    1 :  0.116 0.087 0.123 0.098 0.106 0.122 0.113 0.117 0.118 
  6     H112    (8)    1 :  0.079 0.115 0.125 0.067 0.097 0.165 0.106 0.148 0.098 
  7     H113    (8)    1 :  0.230 0.076 0.097 0.077 0.157 0.092 0.102 0.087 0.082 
  8     H114    (8)    1 :  0.229 0.102 0.112 0.089 0.136 0.047 0.111 0.076 0.098 
  9     H115    (0)    1 :  0.068 0.100 0.175 0.087 0.105 0.103 0.129 0.160 0.074 
 10     H143    (8)    1 :  0.058 0.139 0.171 0.119 0.099 0.081 0.085 0.144 0.105 
 11     H144    (8)    1 :  0.054 0.126 0.141 0.186 0.119 0.038 0.084 0.066 0.185 
 12     H145    (0)    1 :  0.133 0.109 0.152 0.082 0.078 0.046 0.080 0.187 0.134 
 13     H149    (0)    1 :  0.064 0.153 0.102 0.092 0.096 0.167 0.097 0.128 0.101 
 14     H150    (0)    1 :  0.123 0.084 0.111 0.069 0.103 0.106 0.097 0.116 0.190 
 15  H167542    (0)    1 :  0.059 0.072 0.086 0.444 0.076 0.056 0.072 0.069 0.067 
 16  H169604    (0)    1 :  0.072 0.131 0.118 0.174 0.129 0.061 0.118 0.086 0.111 
 17  H169607    (0)    1 :  0.088 0.119 0.122 0.163 0.106 0.052 0.107 0.108 0.135 
 18  H169608    (8)    1 :  0.057 0.097 0.179 0.043 0.059 0.161 0.104 0.231 0.070 
 19  H169633    (0)    1 :  0.185 0.072 0.081 0.220 0.109 0.048 0.111 0.063 0.111 
 20  H169688    (0)    1 :  0.039 0.144 0.089 0.082 0.122 0.053 0.219 0.110 0.143 
 21  H169714    (8)    1 :  0.087 0.141 0.100 0.072 0.138 0.105 0.110 0.144 0.103 
 22  H171802    (8)    1 :  0.094 0.085 0.096 0.061 0.180 0.195 0.132 0.076 0.080 
 23  H171805    (8)    1 :  0.093 0.123 0.153 0.076 0.113 0.049 0.113 0.156 0.123 
 24  H171807    (8)    1 :  0.061 0.124 0.117 0.099 0.119 0.158 0.105 0.086 0.132 
 25  H171814    (8)    1 :  0.181 0.083 0.085 0.055 0.168 0.046 0.126 0.070 0.185 
 26  H171816    (8)    1 :  0.094 0.124 0.104 0.068 0.118 0.144 0.109 0.120 0.119 
 27  H171817    (8)    1 :  0.138 0.143 0.111 0.079 0.096 0.139 0.088 0.108 0.099 
 28  H171818    (8)    1 :  0.119 0.129 0.115 0.138 0.103 0.073 0.120 0.098 0.106 
 29  H171819    (8)    1 :  0.273 0.092 0.087 0.059 0.100 0.113 0.092 0.087 0.098 
 30  H171834    (8)    1 :  0.072 0.137 0.192 0.058 0.121 0.061 0.097 0.157 0.106 
 31  H171835    (8)    1 :  0.087 0.121 0.064 0.061 0.127 0.141 0.173 0.156 0.071 
 32  H171836    (8)    1 :  0.191 0.099 0.123 0.099 0.137 0.035 0.114 0.083 0.119 
 33  H171837    (8)    1 :  0.082 0.092 0.106 0.191 0.125 0.089 0.108 0.110 0.098 
 34  H171838    (8)    1 :  0.304 0.107 0.118 0.042 0.088 0.052 0.082 0.107 0.103 
 35  H171839    (8)    1 :  0.089 0.118 0.086 0.131 0.144 0.103 0.142 0.092 0.096 
 36  H171841    (8)    1 :  0.046 0.063 0.072 0.039 0.070 0.460 0.081 0.082 0.087 
 37  H171860    (8)    1 :  0.096 0.106 0.104 0.121 0.145 0.102 0.109 0.119 0.098 
 38  H171861    (8)    1 :  0.129 0.145 0.179 0.073 0.100 0.041 0.090 0.119 0.124 
 39  H171862    (8)    1 :  0.108 0.147 0.143 0.082 0.109 0.067 0.090 0.129 0.127 
 40  H171868    (8)    1 :  0.083 0.123 0.161 0.207 0.081 0.061 0.077 0.122 0.085 
 41  H171869    (8)    1 :  0.080 0.113 0.115 0.071 0.145 0.058 0.144 0.093 0.181 
 42  H171870    (8)    1 :  0.053 0.128 0.096 0.083 0.107 0.101 0.173 0.133 0.126 
 43  H171871    (8)    1 :  0.117 0.115 0.128 0.045 0.182 0.050 0.121 0.112 0.129 
 44  H171872    (8)    1 :  0.117 0.142 0.103 0.084 0.115 0.119 0.124 0.113 0.082 
 45  H171873    (8)    1 :  0.083 0.124 0.128 0.085 0.106 0.077 0.131 0.136 0.130 
 46  H171874    (8)    1 :  0.050 0.199 0.122 0.069 0.117 0.055 0.126 0.123 0.140 
 47  H171875    (8)    1 :  0.135 0.147 0.134 0.113 0.095 0.045 0.093 0.101 0.135 
 48  H171876    (8)    1 :  0.066 0.149 0.137 0.138 0.114 0.052 0.107 0.102 0.135 
 49  H171877    (8)    1 :  0.069 0.065 0.069 0.423 0.065 0.053 0.096 0.093 0.067 
 50  H171878    (8)    1 :  0.064 0.137 0.077 0.096 0.103 0.078 0.188 0.133 0.125 
 51  H171901    (0)    1 :  0.075 0.166 0.092 0.092 0.124 0.123 0.129 0.113 0.088 
 52  H171902    (0)    1 :  0.076 0.145 0.109 0.116 0.085 0.132 0.076 0.107 0.154 
 53  H171903    (0)    1 :  0.071 0.151 0.115 0.053 0.175 0.056 0.142 0.112 0.125 
 54  H171935    (8)    1 :  0.098 0.144 0.090 0.039 0.102 0.138 0.150 0.127 0.112 
 55  H171936    (8)    1 :  0.157 0.080 0.074 0.214 0.125 0.052 0.115 0.075 0.108 
 56  H171940    (8)    1 :  0.048 0.086 0.114 0.282 0.076 0.126 0.065 0.101 0.101 
 57  H171945    (8)    1 :  0.094 0.085 0.094 0.117 0.104 0.132 0.128 0.096 0.149 
 58  H171948    (8)    1 :  0.127 0.107 0.122 0.054 0.091 0.190 0.090 0.136 0.083 
 59  H171949    (8)    1 :  0.063 0.105 0.084 0.153 0.085 0.221 0.084 0.110 0.094 
 60  H171950    (8)    1 :  0.054 0.196 0.077 0.054 0.089 0.166 0.106 0.179 0.078 
 61  H171963    (8)    1 :  0.122 0.110 0.098 0.073 0.117 0.042 0.159 0.149 0.131 
 62  H171964    (8)    1 :  0.121 0.106 0.101 0.076 0.107 0.065 0.068 0.120 0.236 
 63  H171966    (8)    1 :  0.142 0.105 0.126 0.057 0.113 0.093 0.112 0.126 0.125 
 64  H171968    (8)    1 :  0.050 0.162 0.139 0.103 0.080 0.136 0.089 0.106 0.135 
 65  H171971    (8)    1 :  0.164 0.142 0.121 0.047 0.103 0.064 0.106 0.127 0.125 
 66  H171972    (8)    1 :  0.102 0.145 0.113 0.062 0.154 0.042 0.141 0.120 0.121 
 67  H171977    (8)    1 :  0.110 0.078 0.102 0.207 0.090 0.049 0.097 0.111 0.156 
 68  H171978    (8)    1 :  0.056 0.126 0.120 0.052 0.112 0.143 0.099 0.163 0.128 
 69  H171979    (8)    1 :  0.149 0.126 0.130 0.066 0.145 0.040 0.113 0.101 0.132 
 70     H176    (8)    1 :  0.158 0.089 0.112 0.110 0.095 0.110 0.094 0.124 0.109 
 71     H177    (0)    1 :  0.053 0.111 0.113 0.106 0.080 0.220 0.118 0.107 0.092 
 72     H179    (0)    1 :  0.080 0.104 0.073 0.266 0.073 0.185 0.076 0.077 0.066 
 73     H181    (0)    1 :  0.187 0.088 0.119 0.081 0.111 0.077 0.093 0.083 0.161 
 74     H182    (8)    1 :  0.130 0.134 0.214 0.058 0.072 0.039 0.083 0.164 0.106 
 75     H183    (8)    1 :  0.084 0.093 0.170 0.099 0.140 0.085 0.095 0.084 0.151 
 76     H184    (8)    1 :  0.109 0.087 0.119 0.083 0.077 0.236 0.085 0.103 0.100 
 77     H185    (8)    1 :  0.190 0.078 0.096 0.192 0.094 0.071 0.085 0.074 0.120 
 78     H186    (8)    1 :  0.038 0.120 0.150 0.070 0.116 0.104 0.108 0.101 0.193 
 79     H187    (8)    1 :  0.091 0.121 0.136 0.087 0.095 0.080 0.171 0.122 0.097 
 80     H188    (8)    1 :  0.080 0.052 0.058 0.380 0.082 0.123 0.090 0.067 0.068 
 81     H192    (8)    1 :  0.093 0.101 0.106 0.081 0.078 0.192 0.106 0.136 0.106 
 82     H193    (8)    1 :  0.083 0.124 0.221 0.071 0.072 0.045 0.098 0.155 0.130 
 83     H194    (0)    1 :  0.107 0.112 0.110 0.109 0.100 0.104 0.107 0.124 0.126 
 84     H195    (0)    1 :  0.047 0.132 0.081 0.081 0.150 0.062 0.170 0.103 0.173 
 85     H199    (8)    1 :  0.091 0.092 0.119 0.122 0.102 0.068 0.109 0.104 0.195 
 86     H200    (8)    1 :  0.079 0.093 0.085 0.096 0.125 0.201 0.128 0.079 0.114 
 87     H414    (8)    1 :  0.070 0.148 0.132 0.049 0.145 0.058 0.136 0.105 0.155 
 88     H415    (0)    1 :  0.163 0.140 0.130 0.065 0.135 0.057 0.114 0.089 0.108 
 89     H422    (8)    1 :  0.080 0.122 0.116 0.075 0.091 0.145 0.075 0.102 0.194 
 90     H423    (8)    1 :  0.057 0.057 0.058 0.049 0.055 0.544 0.059 0.062 0.060 
 91     H424    (8)    1 :  0.122 0.077 0.132 0.082 0.119 0.072 0.110 0.102 0.185 
 92     H425    (8)    1 :  0.081 0.085 0.082 0.148 0.116 0.044 0.106 0.080 0.258 
 93     H426    (8)    1 :  0.076 0.123 0.185 0.042 0.115 0.065 0.067 0.140 0.188 
 94     H443    (8)    1 :  0.035 0.100 0.138 0.193 0.098 0.040 0.061 0.072 0.264 
 95     H466    (8)    1 :  0.073 0.119 0.124 0.092 0.125 0.090 0.123 0.126 0.129 
 96     H467    (8)    1 :  0.077 0.145 0.074 0.061 0.090 0.164 0.117 0.181 0.092 
 97     H472    (8)    1 :  0.103 0.101 0.075 0.252 0.093 0.102 0.093 0.084 0.097 
 98     H483    (8)    1 :  0.109 0.112 0.146 0.219 0.086 0.070 0.072 0.066 0.121 
 99     H504    (8)    1 :  0.138 0.107 0.107 0.081 0.115 0.060 0.086 0.102 0.204 
100     H505    (8)    1 :  0.062 0.120 0.072 0.232 0.112 0.095 0.105 0.111 0.092 
101     H506    (0)    1 :  0.122 0.123 0.188 0.077 0.092 0.088 0.084 0.119 0.107 
102     H507    (8)    1 :  0.125 0.111 0.126 0.128 0.139 0.029 0.111 0.108 0.124 
103     H508    (8)    1 :  0.087 0.158 0.086 0.059 0.105 0.106 0.162 0.130 0.108 
104     H524    (8)    1 :  0.099 0.083 0.087 0.153 0.180 0.051 0.155 0.081 0.111 
105     H525    (8)    1 :  0.071 0.110 0.159 0.104 0.106 0.057 0.098 0.163 0.132 
106     H526    (8)    1 :  0.107 0.065 0.081 0.367 0.073 0.092 0.080 0.059 0.077 
107     H527    (8)    1 :  0.053 0.147 0.105 0.069 0.113 0.136 0.125 0.130 0.123 
108     H528    (8)    1 :  0.157 0.116 0.134 0.073 0.117 0.051 0.106 0.096 0.150 
109     H529    (8)    1 :  0.115 0.076 0.127 0.171 0.114 0.036 0.092 0.095 0.173 
110     H533    (0)    1 :  0.169 0.117 0.176 0.050 0.122 0.028 0.103 0.136 0.097 
111     H538    (8)    1 :  0.059 0.083 0.096 0.230 0.154 0.095 0.112 0.083 0.087 
112     H539    (0)    1 :  0.064 0.146 0.115 0.061 0.101 0.062 0.195 0.157 0.100 
113     H540    (0)    1 :  0.094 0.108 0.147 0.096 0.128 0.083 0.101 0.112 0.132 
114     H541    (8)    1 :  0.083 0.119 0.100 0.206 0.119 0.056 0.104 0.097 0.116 
115     H558    (8)    1 :  0.151 0.107 0.155 0.048 0.124 0.081 0.091 0.108 0.135 
116     H559    (8)    1 :  0.071 0.156 0.181 0.119 0.081 0.111 0.070 0.089 0.121 
117     H579    (8)    1 :  0.079 0.126 0.188 0.081 0.082 0.075 0.081 0.172 0.116 
118     H584    (8)    1 :  0.096 0.085 0.150 0.107 0.127 0.067 0.092 0.108 0.167 
119     H585    (8)    1 :  0.141 0.105 0.096 0.086 0.125 0.067 0.116 0.117 0.148 
120     H605    (8)    1 :  0.071 0.090 0.134 0.094 0.105 0.180 0.097 0.090 0.139 
121     H606    (8)    1 :  0.044 0.143 0.093 0.131 0.084 0.228 0.081 0.122 0.076 
122     H632    (8)    1 :  0.115 0.129 0.145 0.103 0.096 0.039 0.081 0.119 0.172 
123     H634    (8)    1 :  0.073 0.096 0.162 0.115 0.129 0.074 0.100 0.113 0.138 
124     H671    (8)    1 :  0.089 0.128 0.063 0.077 0.074 0.317 0.075 0.089 0.088 
125     H672    (8)    1 :  0.059 0.082 0.064 0.076 0.266 0.075 0.208 0.077 0.094 
126     H673    (8)    1 :  0.050 0.099 0.138 0.176 0.098 0.077 0.075 0.100 0.186 
127     H689    (8)    1 :  0.086 0.114 0.113 0.209 0.117 0.057 0.072 0.083 0.150 
128     H690    (8)    1 :  0.079 0.096 0.159 0.070 0.114 0.106 0.126 0.180 0.070 
129     H691    (8)    1 :  0.050 0.129 0.121 0.243 0.104 0.055 0.111 0.095 0.092 
130     H692    (8)    1 :  0.146 0.091 0.154 0.086 0.101 0.034 0.094 0.071 0.221 
131     H709    (8)    1 :  0.064 0.092 0.157 0.053 0.180 0.076 0.139 0.145 0.094 
132     H710    (8)    1 :  0.175 0.100 0.181 0.056 0.095 0.044 0.073 0.128 0.147 
133    H7355    (8)    1 :  0.242 0.092 0.116 0.163 0.073 0.041 0.083 0.115 0.075 
134    H7356    (8)    1 :  0.075 0.088 0.154 0.114 0.103 0.095 0.095 0.138 0.138 
135    H7357    (8)    1 :  0.085 0.120 0.131 0.169 0.092 0.113 0.092 0.100 0.099 
136    H7358    (8)    1 :  0.053 0.059 0.071 0.444 0.077 0.065 0.087 0.053 0.089 
137    H7380    (8)    1 :  0.093 0.188 0.169 0.069 0.091 0.062 0.076 0.130 0.122 
138    H7381    (8)    1 :  0.066 0.111 0.094 0.060 0.103 0.167 0.080 0.117 0.202 
139    H7382    (8)    1 :  0.079 0.156 0.136 0.084 0.123 0.061 0.128 0.103 0.130 
140     H904    (8)    1 :  0.040 0.135 0.097 0.071 0.071 0.317 0.091 0.116 0.063 
141     H923   (25)    1 :  0.094 0.073 0.076 0.162 0.105 0.134 0.143 0.094 0.120 
142     H924    (8)    1 :  0.053 0.082 0.109 0.184 0.108 0.158 0.092 0.092 0.121 
143     H925    (8)    1 :  0.050 0.055 0.045 0.567 0.062 0.053 0.059 0.051 0.058 
144    H9558    (0)    1 :  0.140 0.100 0.174 0.045 0.119 0.080 0.077 0.126 0.138 
145     H008    (0)    2 :  0.229 0.084 0.126 0.117 0.097 0.056 0.104 0.087 0.101 
146     H021    (8)    2 :  0.060 0.150 0.111 0.152 0.113 0.101 0.106 0.113 0.093 
147     H023    (8)    2 :  0.063 0.085 0.105 0.267 0.069 0.113 0.093 0.114 0.091 
148     H024    (8)    2 :  0.332 0.048 0.074 0.047 0.151 0.060 0.116 0.061 0.111 
149     H025    (8)    2 :  0.060 0.080 0.096 0.087 0.085 0.311 0.070 0.093 0.118 
150     H026    (8)    2 :  0.123 0.088 0.098 0.078 0.187 0.042 0.098 0.073 0.213 
151     H027    (8)    2 :  0.073 0.091 0.087 0.189 0.183 0.049 0.148 0.078 0.102 
152     H028    (8)    2 :  0.155 0.113 0.119 0.108 0.114 0.081 0.079 0.090 0.142 
153     H029    (0)    2 :  0.224 0.087 0.084 0.206 0.105 0.045 0.086 0.064 0.098 
154     H030    (0)    2 :  0.246 0.091 0.102 0.050 0.131 0.042 0.134 0.094 0.110 
155     H038    (0)    2 :  0.053 0.211 0.052 0.133 0.061 0.065 0.169 0.179 0.078 
156     H039    (8)    2 :  0.040 0.045 0.046 0.041 0.039 0.650 0.046 0.054 0.039 
157     H040    (8)    2 :  0.086 0.199 0.076 0.055 0.077 0.102 0.159 0.165 0.081 
158     H041    (0)    2 :  0.197 0.071 0.097 0.180 0.101 0.103 0.096 0.075 0.080 
159     H042    (8)    2 :  0.101 0.079 0.105 0.235 0.078 0.125 0.087 0.095 0.093 
160     H043    (0)    2 :  0.049 0.156 0.061 0.038 0.080 0.203 0.211 0.129 0.073 
161     H044   (16)    2 :  0.177 0.101 0.145 0.047 0.139 0.061 0.137 0.089 0.104 
162     H047    (0)    2 :  0.107 0.080 0.146 0.054 0.101 0.188 0.081 0.121 0.123 
163     H050    (8)    2 :  0.083 0.082 0.096 0.044 0.250 0.046 0.216 0.079 0.105 
164     H058    (8)    2 :  0.081 0.141 0.109 0.053 0.104 0.091 0.185 0.129 0.108 
165     H062    (8)    2 :  0.043 0.073 0.066 0.458 0.058 0.102 0.053 0.074 0.073 
166     H063    (8)    2 :  0.084 0.097 0.094 0.082 0.115 0.207 0.135 0.106 0.080 
167     H065    (8)    2 :  0.054 0.079 0.106 0.137 0.099 0.133 0.061 0.075 0.257 
168     H066    (8)    2 :  0.197 0.136 0.104 0.039 0.126 0.054 0.106 0.113 0.123 
169     H067    (8)    2 :  0.084 0.149 0.118 0.189 0.095 0.056 0.078 0.100 0.132 
170     H068    (8)    2 :  0.066 0.108 0.094 0.135 0.092 0.202 0.101 0.117 0.086 
171     H069    (8)    2 :  0.085 0.116 0.085 0.156 0.100 0.070 0.164 0.102 0.122 
172     H071    (0)    2 :  0.065 0.120 0.124 0.086 0.122 0.112 0.118 0.129 0.124 
173     H072    (8)    2 :  0.080 0.056 0.061 0.072 0.082 0.434 0.073 0.074 0.069 
174     H073    (8)    2 :  0.090 0.091 0.113 0.123 0.104 0.058 0.127 0.107 0.187 
175     H081    (0)    2 :  0.099 0.090 0.096 0.199 0.082 0.160 0.093 0.103 0.077 
176     H082    (8)    2 :  0.179 0.076 0.132 0.065 0.133 0.065 0.134 0.088 0.128 
177     H083    (0)    2 :  0.096 0.095 0.170 0.064 0.133 0.061 0.131 0.131 0.119 
178     H084    (0)    2 :  0.154 0.132 0.085 0.096 0.109 0.074 0.147 0.112 0.091 
179     H085    (0)    2 :  0.062 0.066 0.081 0.244 0.177 0.072 0.146 0.076 0.074 
180     H087    (8)    2 :  0.120 0.102 0.110 0.266 0.068 0.080 0.068 0.109 0.077 
181     H088    (0)    2 :  0.072 0.110 0.107 0.108 0.105 0.175 0.118 0.116 0.088 
182     H089    (8)    2 :  0.069 0.084 0.087 0.321 0.099 0.058 0.110 0.079 0.093 
183     H090    (8)    2 :  0.095 0.056 0.079 0.058 0.280 0.078 0.214 0.055 0.085 
184     H091    (0)    2 :  0.101 0.060 0.074 0.102 0.286 0.035 0.211 0.064 0.068 
185     H098    (8)    2 :  0.335 0.062 0.082 0.098 0.082 0.097 0.090 0.066 0.087 
186   H10001    (8)    2 :  0.037 0.059 0.059 0.041 0.044 0.601 0.059 0.058 0.043 
187   H10002    (8)    2 :  0.050 0.121 0.152 0.082 0.085 0.126 0.134 0.158 0.092 
188     H101    (8)    2 :  0.091 0.080 0.092 0.041 0.270 0.042 0.231 0.076 0.077 
189     H108    (8)    2 :  0.049 0.077 0.091 0.189 0.060 0.333 0.050 0.074 0.077 
190     H109    (0)    2 :  0.184 0.102 0.077 0.041 0.157 0.107 0.121 0.106 0.105 
191     H110    (8)    2 :  0.140 0.147 0.172 0.084 0.083 0.051 0.104 0.126 0.093 
192     H116    (8)    2 :  0.157 0.115 0.124 0.052 0.117 0.057 0.102 0.126 0.150 
193     H117    (0)    2 :  0.261 0.068 0.063 0.074 0.203 0.051 0.147 0.070 0.064 
194     H118    (8)    2 :  0.111 0.054 0.078 0.149 0.219 0.038 0.161 0.062 0.128 
195     H119    (8)    2 :  0.206 0.121 0.103 0.058 0.091 0.131 0.095 0.108 0.088 
196     H120    (8)    2 :  0.047 0.060 0.068 0.141 0.053 0.433 0.068 0.066 0.065 
197     H121    (8)    2 :  0.073 0.051 0.065 0.158 0.241 0.046 0.239 0.047 0.080 
198     H125    (8)    2 :  0.053 0.128 0.040 0.045 0.047 0.474 0.064 0.098 0.052 
199     H126    (0)    2 :  0.115 0.059 0.164 0.060 0.080 0.148 0.084 0.094 0.197 
200     H128    (8)    2 :  0.127 0.044 0.058 0.056 0.293 0.023 0.246 0.042 0.112 
201     H129    (8)    2 :  0.079 0.106 0.183 0.062 0.109 0.046 0.076 0.121 0.219 
202     H130    (0)    2 :  0.046 0.126 0.133 0.037 0.101 0.231 0.079 0.129 0.117 
203     H133    (0)    2 :  0.045 0.070 0.065 0.049 0.086 0.420 0.085 0.087 0.093 
204     H134    (8)    2 :  0.133 0.090 0.085 0.065 0.100 0.046 0.049 0.068 0.365 
205     H135    (8)    2 :  0.086 0.108 0.158 0.117 0.099 0.141 0.087 0.099 0.106 
206     H137    (8)    2 :  0.199 0.081 0.091 0.052 0.167 0.092 0.141 0.085 0.092 
207     H138    (8)    2 :  0.072 0.140 0.163 0.042 0.131 0.044 0.081 0.140 0.187 
208     H140    (8)    2 :  0.107 0.083 0.093 0.074 0.203 0.125 0.150 0.072 0.092 
209     H146    (8)    2 :  0.099 0.047 0.051 0.048 0.328 0.050 0.229 0.053 0.095 
210     H147    (0)    2 :  0.176 0.089 0.127 0.077 0.133 0.069 0.134 0.096 0.098 
211     H148    (0)    2 :  0.167 0.097 0.123 0.084 0.166 0.052 0.115 0.109 0.086 
212  H166022    (0)    2 :  0.217 0.132 0.134 0.064 0.116 0.048 0.086 0.102 0.101 
213  H167359    (8)    2 :  0.103 0.109 0.107 0.083 0.131 0.079 0.137 0.109 0.141 
214  H167397    (0)    2 :  0.432 0.060 0.107 0.048 0.085 0.027 0.105 0.060 0.077 
215  H167428    (8)    2 :  0.086 0.048 0.065 0.466 0.073 0.033 0.090 0.057 0.082 
216  H167496    (0)    2 :  0.066 0.094 0.071 0.101 0.086 0.352 0.087 0.083 0.060 
217  H167513    (0)    2 :  0.208 0.115 0.065 0.046 0.074 0.083 0.189 0.154 0.067 
218  H167545    (8)    2 :  0.092 0.101 0.223 0.093 0.088 0.043 0.084 0.164 0.113 
219  H167547    (0)    2 :  0.592 0.058 0.053 0.027 0.055 0.037 0.056 0.060 0.063 
220  H169621    (8)    2 :  0.153 0.108 0.113 0.057 0.162 0.045 0.147 0.100 0.115 
221  H169622    (8)    2 :  0.057 0.149 0.120 0.110 0.119 0.043 0.141 0.112 0.149 
222  H169750    (0)    2 :  0.092 0.143 0.109 0.042 0.119 0.139 0.119 0.133 0.105 
223  H171806    (8)    2 :  0.106 0.083 0.087 0.087 0.175 0.103 0.157 0.099 0.104 
224  H171808    (8)    2 :  0.064 0.089 0.100 0.309 0.101 0.069 0.085 0.076 0.107 
225  H171809    (8)    2 :  0.099 0.127 0.128 0.152 0.084 0.120 0.083 0.106 0.099 
226  H171813    (8)    2 :  0.114 0.099 0.115 0.070 0.098 0.078 0.122 0.172 0.130 
227  H171815    (8)    2 :  0.056 0.129 0.069 0.066 0.064 0.281 0.133 0.115 0.088 
228  H171824    (8)    2 :  0.101 0.138 0.109 0.134 0.108 0.135 0.092 0.098 0.085 
229  H171825    (8)    2 :  0.066 0.141 0.130 0.133 0.101 0.059 0.102 0.116 0.151 
230  H171826    (8)    2 :  0.129 0.123 0.112 0.096 0.104 0.139 0.086 0.116 0.096 
231  H171827    (8)    2 :  0.061 0.153 0.169 0.044 0.115 0.047 0.162 0.144 0.105 
232  H171828    (8)    2 :  0.063 0.080 0.069 0.100 0.063 0.414 0.074 0.081 0.057 
233  H171829    (8)    2 :  0.116 0.144 0.100 0.046 0.122 0.090 0.102 0.108 0.172 
234  H171830    (8)    2 :  0.271 0.075 0.101 0.067 0.081 0.137 0.096 0.090 0.081 
235  H171831    (8)    2 :  0.189 0.089 0.103 0.122 0.107 0.050 0.088 0.086 0.166 
236  H171832    (8)    2 :  0.092 0.097 0.171 0.073 0.092 0.099 0.081 0.172 0.124 
237  H171863    (8)    2 :  0.129 0.100 0.123 0.086 0.122 0.033 0.127 0.102 0.179 
238  H171864    (8)    2 :  0.179 0.080 0.103 0.111 0.138 0.105 0.117 0.081 0.085 
239  H171865    (8)    2 :  0.099 0.088 0.076 0.092 0.060 0.337 0.088 0.083 0.077 
240  H171879    (8)    2 :  0.196 0.103 0.079 0.042 0.159 0.070 0.152 0.088 0.112 
241  H171880    (8)    2 :  0.225 0.079 0.079 0.046 0.221 0.047 0.159 0.070 0.073 
242  H171881    (8)    2 :  0.097 0.121 0.132 0.152 0.114 0.064 0.098 0.107 0.115 
243  H171882    (8)    2 :  0.038 0.044 0.050 0.040 0.044 0.635 0.052 0.050 0.046 
244  H171929    (0)    2 :  0.155 0.077 0.094 0.143 0.113 0.111 0.107 0.081 0.119 
245  H171930    (0)    2 :  0.153 0.074 0.214 0.057 0.147 0.041 0.100 0.114 0.099 
246  H171933    (0)    2 :  0.125 0.130 0.105 0.083 0.154 0.057 0.141 0.087 0.118 
247  H171934    (8)    2 :  0.105 0.073 0.091 0.247 0.118 0.060 0.090 0.127 0.089 
248  H171937    (8)    2 :  0.093 0.073 0.190 0.050 0.126 0.075 0.080 0.117 0.196 
249  H171962    (8)    2 :  0.072 0.090 0.146 0.208 0.111 0.051 0.086 0.112 0.124 
250     H190    (0)    2 :  0.097 0.097 0.156 0.092 0.132 0.063 0.100 0.110 0.152 
251     H191    (8)    2 :  0.183 0.084 0.089 0.124 0.100 0.122 0.094 0.083 0.122 
252     H396    (8)    2 :  0.043 0.072 0.053 0.498 0.071 0.061 0.068 0.067 0.065 
253     H397    (8)    2 :  0.090 0.118 0.122 0.094 0.132 0.072 0.115 0.118 0.139 
254     H398    (8)    2 :  0.053 0.081 0.063 0.264 0.094 0.088 0.081 0.090 0.186 
255     H400    (0)    2 :  0.066 0.076 0.086 0.355 0.088 0.075 0.083 0.076 0.096 
256     H401    (8)    2 :  0.579 0.043 0.049 0.040 0.080 0.034 0.077 0.049 0.048 
257     H402    (8)    2 :  0.155 0.141 0.100 0.069 0.128 0.035 0.165 0.115 0.092 
258     H427    (8)    2 :  0.140 0.099 0.092 0.305 0.071 0.065 0.074 0.077 0.077 
259     H428    (0)    2 :  0.086 0.046 0.067 0.469 0.068 0.034 0.097 0.059 0.075 
260     H497    (0)    2 :  0.104 0.105 0.073 0.063 0.083 0.155 0.212 0.121 0.082 
261     H512    (0)    2 :  0.280 0.109 0.088 0.049 0.104 0.070 0.111 0.109 0.080 
262     H513    (0)    2 :  0.197 0.120 0.075 0.048 0.075 0.084 0.191 0.139 0.072 
263     H514    (8)    2 :  0.058 0.169 0.127 0.045 0.131 0.065 0.130 0.126 0.149 
264     H519    (8)    2 :  0.242 0.098 0.073 0.052 0.088 0.082 0.159 0.129 0.077 
265     H532    (0)    2 :  0.090 0.089 0.088 0.360 0.089 0.038 0.078 0.075 0.092 
266     H543    (0)    2 :  0.100 0.135 0.151 0.054 0.149 0.038 0.174 0.098 0.100 
267     H544    (8)    2 :  0.050 0.083 0.110 0.091 0.117 0.122 0.138 0.096 0.193 
268     H545    (0)    2 :  0.098 0.105 0.248 0.081 0.084 0.036 0.068 0.166 0.113 
269     H546    (8)    2 :  0.058 0.104 0.081 0.115 0.081 0.271 0.090 0.098 0.102 
270     H547    (0)    2 :  0.590 0.062 0.047 0.027 0.058 0.038 0.056 0.054 0.067 
271     H548    (0)    2 :  0.119 0.078 0.119 0.205 0.110 0.080 0.110 0.083 0.097 
272     H549    (0)    2 :  0.065 0.217 0.051 0.060 0.063 0.055 0.257 0.177 0.054 
273     H620    (8)    2 :  0.048 0.061 0.055 0.054 0.046 0.580 0.051 0.055 0.050 
274     H623    (8)    2 :  0.110 0.088 0.189 0.051 0.103 0.088 0.086 0.119 0.166 
275     H624    (8)    2 :  0.040 0.157 0.090 0.066 0.107 0.120 0.178 0.129 0.114 
276     H625    (8)    2 :  0.090 0.069 0.097 0.356 0.073 0.064 0.084 0.081 0.085 
277     H626    (8)    2 :  0.178 0.110 0.095 0.090 0.107 0.070 0.146 0.104 0.099 
278     H654    (8)    2 :  0.035 0.136 0.051 0.048 0.046 0.361 0.140 0.131 0.052 
279     H655    (8)    2 :  0.054 0.129 0.156 0.052 0.143 0.092 0.117 0.155 0.102 
280     H656    (8)    2 :  0.039 0.051 0.049 0.126 0.042 0.551 0.044 0.047 0.051 
281     H666    (8)    2 :  0.050 0.064 0.049 0.036 0.122 0.451 0.100 0.061 0.067 
282     H667    (8)    2 :  0.115 0.145 0.151 0.099 0.075 0.054 0.112 0.144 0.105 
283     H677    (8)    2 :  0.087 0.110 0.117 0.143 0.135 0.071 0.101 0.118 0.117 
284     H693    (8)    2 :  0.060 0.069 0.081 0.313 0.052 0.208 0.068 0.080 0.069 
285     H694    (8)    2 :  0.125 0.074 0.198 0.073 0.114 0.102 0.090 0.089 0.136 
286     H701    (8)    2 :  0.133 0.103 0.135 0.069 0.150 0.051 0.135 0.110 0.113 
287     H702    (8)    2 :  0.124 0.153 0.132 0.053 0.103 0.083 0.113 0.142 0.097 
288     H731    (8)    2 :  0.078 0.128 0.127 0.080 0.104 0.166 0.118 0.104 0.094 
289    H7359    (0)    2 :  0.114 0.118 0.097 0.090 0.142 0.094 0.112 0.099 0.136 
290    H7389    (0)    2 :  0.131 0.087 0.068 0.201 0.127 0.050 0.130 0.100 0.107 
291    H7390    (8)    2 :  0.044 0.234 0.073 0.050 0.090 0.090 0.137 0.196 0.085 
292    H7391    (8)    2 :  0.167 0.071 0.082 0.284 0.092 0.069 0.089 0.075 0.070 
293    H7392    (8)    2 :  0.060 0.145 0.114 0.105 0.116 0.083 0.117 0.124 0.135 
294    H7393    (8)    2 :  0.132 0.128 0.081 0.069 0.101 0.138 0.115 0.142 0.094 
295    H7398    (8)    2 :  0.196 0.083 0.097 0.151 0.104 0.100 0.113 0.077 0.078 
296    H7399    (8)    2 :  0.071 0.142 0.154 0.082 0.131 0.039 0.137 0.120 0.124 
297    H7400    (8)    2 :  0.034 0.069 0.048 0.064 0.044 0.569 0.058 0.060 0.054 
298     H745    (8)    2 :  0.138 0.061 0.093 0.069 0.096 0.051 0.100 0.100 0.292 
299     H746    (8)    2 :  0.077 0.146 0.178 0.088 0.081 0.035 0.140 0.136 0.120 
300     H747    (0)    2 :  0.073 0.120 0.066 0.059 0.169 0.225 0.129 0.092 0.067 
301     H748    (8)    2 :  0.159 0.157 0.112 0.049 0.106 0.078 0.127 0.108 0.104 
302    H7484    (0)    2 :  0.092 0.052 0.057 0.077 0.071 0.464 0.058 0.062 0.067 
303    H7485    (0)    2 :  0.094 0.101 0.094 0.072 0.106 0.076 0.218 0.130 0.109 
304     H749    (8)    2 :  0.086 0.146 0.111 0.162 0.083 0.044 0.153 0.102 0.113 
305     H930    (8)    2 :  0.157 0.074 0.198 0.057 0.152 0.047 0.122 0.102 0.089 
306     H931    (8)    2 :  0.129 0.079 0.094 0.163 0.097 0.120 0.103 0.080 0.135 
307     H932    (8)    2 :  0.189 0.106 0.094 0.077 0.117 0.074 0.107 0.108 0.127 
308     H111    (8)    3 :  0.132 0.090 0.177 0.043 0.133 0.055 0.102 0.100 0.168 
309     H951    (8)    3 :  0.282 0.071 0.087 0.130 0.088 0.061 0.090 0.086 0.104 
310     H952    (8)    3 :  0.067 0.101 0.084 0.082 0.172 0.078 0.180 0.101 0.134 
311     H953    (8)    3 :  0.167 0.055 0.049 0.433 0.072 0.042 0.079 0.045 0.058 
312     H954    (8)    3 :  0.071 0.108 0.079 0.054 0.100 0.247 0.139 0.108 0.095 
313     H955    (8)    3 :  0.104 0.122 0.183 0.059 0.132 0.039 0.127 0.125 0.109 
314     H956    (8)    3 :  0.068 0.102 0.078 0.049 0.282 0.061 0.204 0.083 0.072 
315    H9563    (0)    3 :  0.208 0.091 0.084 0.106 0.118 0.125 0.091 0.080 0.098 
316     H002    (8)    4 :  0.039 0.102 0.161 0.044 0.081 0.225 0.080 0.145 0.124 
317     H003    (8)    4 :  0.067 0.164 0.177 0.093 0.098 0.042 0.102 0.134 0.123 
318     H009    (0)    4 :  0.064 0.119 0.112 0.060 0.129 0.055 0.145 0.171 0.146 
319     H010    (8)    4 :  0.087 0.138 0.123 0.097 0.150 0.067 0.104 0.104 0.131 
320     H011    (8)    4 :  0.049 0.080 0.089 0.196 0.061 0.275 0.072 0.105 0.073 
321     H012    (8)    4 :  0.136 0.128 0.126 0.081 0.122 0.065 0.116 0.124 0.102 
322     H013    (8)    4 :  0.083 0.109 0.134 0.118 0.076 0.162 0.110 0.110 0.098 
323     H014    (8)    4 :  0.116 0.167 0.137 0.055 0.104 0.080 0.082 0.137 0.122 
324     H045   (16)    4 :  0.132 0.066 0.062 0.311 0.068 0.136 0.080 0.076 0.069 
325     H046    (0)    4 :  0.061 0.128 0.163 0.128 0.105 0.047 0.083 0.106 0.180 
326     H051    (8)    4 :  0.083 0.077 0.103 0.141 0.076 0.236 0.090 0.094 0.100 
327     H052    (8)    4 :  0.072 0.085 0.092 0.100 0.078 0.336 0.058 0.076 0.103 
328     H053    (8)    4 :  0.092 0.151 0.125 0.059 0.133 0.095 0.121 0.134 0.089 
329     H056    (8)    4 :  0.100 0.064 0.085 0.079 0.070 0.370 0.072 0.071 0.089 
330     H076    (0)    4 :  0.175 0.096 0.129 0.088 0.121 0.046 0.083 0.082 0.179 
331     H151    (8)    4 :  0.047 0.172 0.088 0.045 0.089 0.128 0.119 0.222 0.091 
332     H152    (8)    4 :  0.055 0.088 0.140 0.095 0.086 0.217 0.067 0.124 0.128 
333  H171803    (8)    4 :  0.053 0.222 0.086 0.065 0.073 0.055 0.174 0.207 0.065 
334  H171804    (8)    4 :  0.125 0.143 0.098 0.085 0.086 0.139 0.109 0.129 0.087 
335  H171833    (8)    4 :  0.066 0.115 0.173 0.056 0.150 0.051 0.083 0.114 0.193 
336  H171855    (8)    4 :  0.070 0.131 0.073 0.044 0.068 0.243 0.131 0.127 0.112 
337  H171856    (8)    4 :  0.087 0.172 0.078 0.068 0.149 0.052 0.173 0.152 0.069 
338  H171857    (8)    4 :  0.117 0.125 0.075 0.067 0.089 0.210 0.095 0.118 0.104 
339  H171858    (8)    4 :  0.113 0.092 0.139 0.071 0.096 0.095 0.095 0.123 0.176 
340  H171859    (8)    4 :  0.120 0.130 0.134 0.071 0.097 0.104 0.110 0.103 0.131 
341  H171961    (8)    4 :  0.081 0.089 0.100 0.168 0.089 0.178 0.102 0.087 0.107 
342     H198    (8)    4 :  0.070 0.194 0.169 0.083 0.107 0.035 0.097 0.103 0.142 
343   H20001    (8)    4 :  0.102 0.103 0.169 0.048 0.120 0.036 0.129 0.165 0.128 
344     H403    (8)    4 :  0.163 0.132 0.071 0.090 0.076 0.099 0.136 0.116 0.117 
345     H404    (8)    4 :  0.067 0.119 0.197 0.118 0.098 0.044 0.112 0.124 0.121 
346     H405    (8)    4 :  0.138 0.097 0.130 0.103 0.101 0.050 0.097 0.112 0.171 
347     H406    (8)    4 :  0.391 0.056 0.073 0.036 0.078 0.111 0.073 0.072 0.108 
348     H407    (8)    4 :  0.132 0.148 0.081 0.128 0.142 0.056 0.122 0.098 0.092 
349     H410    (8)    4 :  0.489 0.047 0.043 0.082 0.095 0.036 0.099 0.045 0.063 
350     H411    (8)    4 :  0.234 0.093 0.130 0.041 0.088 0.051 0.088 0.151 0.124 
351     H468    (8)    4 :  0.093 0.185 0.136 0.035 0.084 0.058 0.111 0.184 0.113 
352     H476    (8)    4 :  0.103 0.135 0.146 0.038 0.121 0.103 0.132 0.119 0.103 
353     H477    (0)    4 :  0.069 0.170 0.163 0.065 0.106 0.034 0.084 0.144 0.165 
354     H478    (8)    4 :  0.081 0.160 0.153 0.097 0.092 0.048 0.136 0.136 0.097 
355     H479    (0)    4 :  0.057 0.091 0.099 0.173 0.088 0.207 0.089 0.082 0.113 
356     H480    (8)    4 :  0.131 0.106 0.159 0.040 0.120 0.042 0.112 0.152 0.138 
357     H498    (8)    4 :  0.065 0.156 0.186 0.049 0.107 0.081 0.097 0.130 0.128 
358     H499    (8)    4 :  0.090 0.100 0.152 0.136 0.084 0.078 0.112 0.130 0.119 
359     H500    (8)    4 :  0.069 0.139 0.097 0.070 0.102 0.156 0.150 0.134 0.083 
360     H515    (0)    4 :  0.127 0.123 0.125 0.062 0.089 0.134 0.096 0.143 0.103 
361     H516    (0)    4 :  0.075 0.101 0.110 0.040 0.218 0.079 0.135 0.118 0.125 
362     H517    (8)    4 :  0.262 0.088 0.088 0.045 0.124 0.081 0.124 0.093 0.095 
363     H518    (8)    4 :  0.067 0.103 0.098 0.065 0.119 0.221 0.084 0.090 0.153 
364     H520    (8)    4 :  0.089 0.188 0.082 0.044 0.107 0.148 0.108 0.137 0.096 
365     H521    (8)    4 :  0.090 0.100 0.091 0.216 0.097 0.059 0.113 0.130 0.106 
366     H522    (8)    4 :  0.060 0.145 0.124 0.066 0.121 0.050 0.156 0.177 0.100 
367     H523    (8)    4 :  0.083 0.110 0.106 0.038 0.180 0.100 0.159 0.118 0.106 
368     H536    (8)    4 :  0.063 0.082 0.108 0.225 0.092 0.066 0.077 0.079 0.207 
369     H645    (8)    4 :  0.050 0.089 0.088 0.409 0.057 0.096 0.076 0.080 0.055 
370     H646    (0)    4 :  0.085 0.063 0.071 0.063 0.312 0.033 0.184 0.077 0.113 
371     H647    (8)    4 :  0.081 0.144 0.079 0.122 0.128 0.062 0.149 0.104 0.132 
372     H657    (8)    4 :  0.217 0.126 0.091 0.066 0.110 0.046 0.114 0.097 0.133 
373     H658    (0)    4 :  0.069 0.122 0.094 0.066 0.244 0.052 0.155 0.106 0.092 
374     H659    (8)    4 :  0.045 0.209 0.072 0.034 0.058 0.158 0.176 0.190 0.057 
375     H660    (8)    4 :  0.074 0.108 0.106 0.106 0.102 0.107 0.153 0.120 0.124 
376     H661    (8)    4 :  0.068 0.150 0.086 0.053 0.076 0.105 0.168 0.186 0.109 
377     H668    (8)    4 :  0.088 0.196 0.169 0.069 0.081 0.051 0.082 0.158 0.105 
378     H669    (8)    4 :  0.114 0.108 0.106 0.110 0.134 0.114 0.117 0.084 0.114 
379     H670    (8)    4 :  0.056 0.143 0.156 0.170 0.063 0.102 0.076 0.157 0.076 
380     H678    (8)    4 :  0.152 0.118 0.118 0.068 0.110 0.055 0.174 0.095 0.110 
381     H679    (8)    4 :  0.142 0.073 0.116 0.082 0.176 0.060 0.142 0.088 0.122 
382     H680    (8)    4 :  0.128 0.111 0.085 0.069 0.114 0.053 0.140 0.160 0.141 
383     H681    (8)    4 :  0.069 0.118 0.136 0.109 0.088 0.170 0.113 0.107 0.091 
384     H682    (0)    4 :  0.167 0.127 0.141 0.054 0.140 0.049 0.100 0.133 0.088 
385     H683    (8)    4 :  0.106 0.085 0.069 0.051 0.111 0.260 0.106 0.093 0.118 
386     H718    (8)    4 :  0.059 0.058 0.052 0.086 0.096 0.431 0.084 0.061 0.072 
387     H719    (8)    4 :  0.081 0.081 0.120 0.290 0.075 0.108 0.079 0.089 0.077 
388     H720    (0)    4 :  0.060 0.092 0.082 0.156 0.077 0.156 0.134 0.118 0.125 
389     H721    (0)    4 :  0.083 0.116 0.116 0.103 0.093 0.111 0.088 0.120 0.171 
390     H722    (8)    4 :  0.080 0.083 0.075 0.050 0.101 0.184 0.132 0.097 0.197 
391     H723    (8)    4 :  0.164 0.096 0.072 0.092 0.075 0.230 0.085 0.108 0.077 
392     H724    (0)    4 :  0.062 0.134 0.052 0.096 0.086 0.300 0.103 0.097 0.070 
393     H725    (0)    4 :  0.077 0.130 0.067 0.045 0.068 0.346 0.071 0.107 0.090 
394     H726    (0)    4 :  0.087 0.094 0.096 0.054 0.120 0.264 0.089 0.102 0.095 
395     H727    (8)    4 :  0.121 0.109 0.096 0.112 0.104 0.151 0.102 0.120 0.085 
396     H910    (8)    4 :  0.120 0.098 0.115 0.085 0.106 0.152 0.111 0.129 0.084 
397     H911    (8)    4 :  0.327 0.064 0.077 0.060 0.118 0.088 0.093 0.070 0.103 
398     H912    (8)    4 :  0.178 0.112 0.092 0.059 0.102 0.118 0.106 0.116 0.117 
399     H913    (8)    4 :  0.057 0.165 0.093 0.056 0.182 0.076 0.181 0.110 0.081 
400     H914    (8)    4 :  0.060 0.160 0.112 0.109 0.104 0.096 0.120 0.167 0.072 
401     H915    (8)    4 :  0.224 0.113 0.122 0.052 0.085 0.085 0.109 0.096 0.113 
402     H916    (8)    4 :  0.140 0.098 0.128 0.052 0.130 0.062 0.120 0.143 0.127 
403    H9572    (0)    4 :  0.134 0.155 0.071 0.075 0.085 0.084 0.137 0.167 0.093 
404     H015    (8)    5 :  0.166 0.097 0.194 0.096 0.097 0.064 0.078 0.097 0.110 
405     H016    (0)    5 :  0.082 0.080 0.149 0.076 0.117 0.055 0.128 0.088 0.225 
406     H017    (0)    5 :  0.067 0.149 0.118 0.035 0.106 0.050 0.169 0.189 0.116 
407     H019   (25)    5 :  0.092 0.109 0.127 0.083 0.112 0.119 0.089 0.125 0.144 
408     H020    (8)    5 :  0.041 0.067 0.079 0.323 0.113 0.091 0.131 0.063 0.092 
409     H032    (0)    5 :  0.123 0.123 0.122 0.042 0.114 0.144 0.094 0.122 0.116 
410     H033    (8)    5 :  0.073 0.114 0.184 0.088 0.141 0.054 0.122 0.123 0.102 
411     H034    (0)    5 :  0.084 0.136 0.138 0.065 0.079 0.188 0.091 0.131 0.087 
412     H035    (8)    5 :  0.080 0.147 0.090 0.087 0.144 0.057 0.174 0.115 0.105 
413     H036    (8)    5 :  0.175 0.078 0.129 0.125 0.135 0.060 0.100 0.086 0.111 
414     H037    (8)    5 :  0.055 0.178 0.126 0.114 0.112 0.065 0.117 0.133 0.101 
415     H048    (0)    5 :  0.069 0.136 0.053 0.221 0.058 0.183 0.074 0.129 0.076 
416     H049    (0)    5 :  0.089 0.084 0.215 0.106 0.086 0.076 0.070 0.134 0.140 
417     H054    (8)    5 :  0.189 0.090 0.078 0.070 0.107 0.108 0.082 0.097 0.179 
418     H055    (8)    5 :  0.068 0.138 0.147 0.093 0.078 0.098 0.084 0.183 0.111 
419     H057    (8)    5 :  0.043 0.103 0.131 0.054 0.103 0.079 0.091 0.113 0.283 
420     H060    (0)    5 :  0.047 0.118 0.191 0.075 0.062 0.118 0.097 0.193 0.099 
421     H061    (8)    5 :  0.079 0.175 0.102 0.164 0.107 0.057 0.084 0.123 0.109 
422     H064    (8)    5 :  0.058 0.095 0.104 0.107 0.085 0.192 0.108 0.127 0.124 
423     H070    (0)    5 :  0.090 0.100 0.151 0.070 0.080 0.149 0.109 0.179 0.072 
424     H077    (0)    5 :  0.099 0.074 0.087 0.047 0.067 0.383 0.073 0.099 0.070 
425     H078    (8)    5 :  0.083 0.135 0.092 0.049 0.117 0.102 0.145 0.154 0.121 
426     H079    (8)    5 :  0.070 0.072 0.088 0.158 0.235 0.039 0.170 0.073 0.095 
427     H097    (0)    5 :  0.084 0.104 0.136 0.036 0.111 0.130 0.125 0.136 0.138 
428     H107    (8)    5 :  0.040 0.143 0.086 0.091 0.065 0.292 0.090 0.123 0.070 
429     H122    (8)    5 :  0.075 0.147 0.105 0.093 0.121 0.047 0.135 0.143 0.133 
430     H123    (8)    5 :  0.231 0.107 0.092 0.064 0.119 0.036 0.117 0.084 0.149 
431     H124    (0)    5 :  0.169 0.105 0.088 0.106 0.157 0.045 0.125 0.079 0.126 
432     H131    (8)    5 :  0.101 0.100 0.116 0.077 0.194 0.050 0.181 0.071 0.110 
433     H132    (0)    5 :  0.115 0.101 0.113 0.166 0.089 0.101 0.093 0.110 0.113 
434     H141    (8)    5 :  0.080 0.179 0.108 0.098 0.080 0.094 0.136 0.128 0.098 
435     H142    (8)    5 :  0.084 0.164 0.165 0.057 0.126 0.045 0.099 0.129 0.131 
436     H157    (8)    5 :  0.080 0.148 0.082 0.092 0.092 0.156 0.100 0.161 0.090 
437     H158    (8)    5 :  0.097 0.076 0.158 0.046 0.171 0.047 0.109 0.131 0.164 
438     H159    (8)    5 :  0.192 0.118 0.121 0.110 0.101 0.056 0.076 0.098 0.127 
439     H160    (8)    5 :  0.080 0.178 0.117 0.053 0.101 0.074 0.144 0.146 0.106 
440     H163    (8)    5 :  0.177 0.102 0.161 0.072 0.103 0.066 0.075 0.124 0.119 
441     H164    (8)    5 :  0.144 0.103 0.138 0.062 0.093 0.096 0.131 0.125 0.107 
442     H165    (8)    5 :  0.082 0.113 0.098 0.194 0.126 0.040 0.166 0.085 0.095 
443     H166    (8)    5 :  0.063 0.070 0.143 0.272 0.107 0.058 0.090 0.100 0.098 
444     H169    (0)    5 :  0.066 0.163 0.203 0.075 0.099 0.060 0.094 0.138 0.102 
445  H169613    (0)    5 :  0.064 0.168 0.145 0.051 0.129 0.107 0.090 0.130 0.115 
446  H169653    (0)    5 :  0.109 0.131 0.185 0.089 0.102 0.070 0.078 0.119 0.118 
447  H169728    (0)    5 :  0.152 0.118 0.139 0.056 0.094 0.077 0.095 0.128 0.140 
448  H169742    (8)    5 :  0.035 0.059 0.074 0.521 0.058 0.060 0.063 0.067 0.062 
449     H170    (8)    5 :  0.087 0.124 0.147 0.057 0.098 0.080 0.069 0.156 0.183 
450     H171    (8)    5 :  0.116 0.094 0.128 0.075 0.122 0.067 0.101 0.104 0.191 
451  H171851    (8)    5 :  0.072 0.116 0.158 0.076 0.111 0.095 0.098 0.130 0.144 
452  H171852    (8)    5 :  0.056 0.127 0.067 0.091 0.102 0.189 0.128 0.105 0.135 
453  H171853    (8)    5 :  0.150 0.136 0.102 0.076 0.100 0.112 0.107 0.127 0.090 
454  H171854    (8)    5 :  0.152 0.109 0.111 0.047 0.088 0.154 0.102 0.115 0.122 
455  H171938    (8)    5 :  0.091 0.119 0.155 0.113 0.105 0.095 0.113 0.103 0.107 
456  H171939    (8)    5 :  0.112 0.093 0.067 0.266 0.100 0.054 0.092 0.084 0.132 
457  H171941    (8)    5 :  0.040 0.093 0.120 0.185 0.083 0.191 0.088 0.119 0.081 
458  H171965    (8)    5 :  0.070 0.192 0.153 0.048 0.102 0.053 0.098 0.158 0.125 
459  H171970    (8)    5 :  0.057 0.075 0.089 0.094 0.064 0.384 0.062 0.111 0.066 
460  H171973    (8)    5 :  0.107 0.109 0.109 0.249 0.091 0.052 0.103 0.087 0.093 
461  H171974    (8)    5 :  0.085 0.157 0.135 0.129 0.097 0.056 0.103 0.146 0.091 
462  H171975    (8)    5 :  0.128 0.076 0.108 0.148 0.082 0.212 0.063 0.094 0.089 
463  H171976    (8)    5 :  0.072 0.106 0.176 0.052 0.098 0.144 0.071 0.151 0.130 
464     H175    (8)    5 :  0.067 0.109 0.081 0.177 0.119 0.154 0.100 0.105 0.089 
465     H178    (8)    5 :  0.058 0.083 0.117 0.178 0.104 0.134 0.089 0.118 0.119 
466     H189    (8)    5 :  0.094 0.165 0.110 0.045 0.161 0.043 0.184 0.082 0.116 
467     H399    (8)    5 :  0.131 0.133 0.065 0.042 0.085 0.066 0.094 0.108 0.277 
468     H416    (8)    5 :  0.122 0.107 0.090 0.221 0.086 0.097 0.101 0.084 0.094 
469     H438    (8)    5 :  0.141 0.099 0.114 0.114 0.125 0.090 0.111 0.112 0.094 
470     H450    (8)    5 :  0.039 0.111 0.173 0.047 0.061 0.182 0.111 0.199 0.078 
471     H455    (8)    5 :  0.049 0.064 0.074 0.179 0.054 0.347 0.063 0.104 0.066 
472     H456    (8)    5 :  0.077 0.127 0.099 0.249 0.084 0.069 0.091 0.108 0.096 
473     H457    (0)    5 :  0.062 0.102 0.101 0.057 0.093 0.253 0.073 0.116 0.144 
474     H458    (8)    5 :  0.067 0.133 0.134 0.070 0.114 0.084 0.123 0.163 0.113 
475     H459    (8)    5 :  0.068 0.152 0.128 0.072 0.205 0.034 0.135 0.100 0.106 
476     H460    (8)    5 :  0.094 0.145 0.128 0.057 0.094 0.078 0.172 0.145 0.086 
477     H461    (8)    5 :  0.109 0.104 0.177 0.045 0.101 0.093 0.080 0.136 0.155 
478     H462    (0)    5 :  0.109 0.065 0.132 0.126 0.195 0.053 0.131 0.098 0.091 
479     H469    (8)    5 :  0.284 0.069 0.111 0.085 0.116 0.059 0.096 0.070 0.110 
480     H470    (8)    5 :  0.130 0.146 0.103 0.057 0.107 0.084 0.136 0.139 0.099 
481     H471    (0)    5 :  0.097 0.126 0.097 0.037 0.230 0.038 0.149 0.092 0.134 
482     H481    (0)    5 :  0.054 0.091 0.065 0.105 0.086 0.347 0.095 0.083 0.074 
483     H482    (8)    5 :  0.091 0.109 0.121 0.047 0.086 0.162 0.095 0.189 0.100 
484     H501    (8)    5 :  0.082 0.118 0.107 0.133 0.110 0.096 0.144 0.120 0.090 
485     H502    (8)    5 :  0.071 0.122 0.136 0.066 0.151 0.046 0.129 0.117 0.161 
486     H503    (8)    5 :  0.162 0.093 0.150 0.084 0.091 0.053 0.091 0.135 0.142 
487     H509    (0)    5 :  0.135 0.122 0.071 0.109 0.098 0.153 0.089 0.138 0.084 
488     H510    (8)    5 :  0.088 0.093 0.151 0.146 0.082 0.116 0.070 0.150 0.103 
489     H511    (8)    5 :  0.137 0.128 0.132 0.067 0.114 0.065 0.098 0.118 0.140 
490     H530    (8)    5 :  0.082 0.126 0.087 0.156 0.126 0.109 0.120 0.102 0.091 
491     H531    (8)    5 :  0.053 0.164 0.057 0.080 0.105 0.170 0.148 0.136 0.088 
492     H564    (8)    5 :  0.047 0.108 0.106 0.153 0.077 0.136 0.111 0.139 0.123 
493     H565    (8)    5 :  0.059 0.100 0.092 0.159 0.061 0.277 0.091 0.077 0.084 
494     H567   (16)    5 :  0.096 0.069 0.093 0.115 0.206 0.049 0.201 0.058 0.113 
495  H568???    (8)    5 :  0.092 0.117 0.140 0.061 0.146 0.052 0.086 0.110 0.197 
496     H608    (0)    5 :  0.056 0.101 0.179 0.044 0.054 0.164 0.105 0.230 0.067 
497     H609   (16)    5 :  0.064 0.086 0.105 0.337 0.085 0.069 0.092 0.078 0.085 
498     H612    (8)    5 :  0.062 0.136 0.078 0.149 0.067 0.223 0.102 0.116 0.068 
499     H614    (8)    5 :  0.050 0.160 0.072 0.080 0.087 0.210 0.113 0.120 0.108 
500     H615    (0)    5 :  0.060 0.125 0.087 0.083 0.126 0.188 0.118 0.096 0.116 
501     H616    (8)    5 :  0.058 0.074 0.082 0.080 0.067 0.415 0.079 0.083 0.062 
502     H617    (8)    5 :  0.150 0.104 0.123 0.126 0.136 0.041 0.111 0.099 0.110 
503     H618    (8)    5 :  0.086 0.096 0.073 0.120 0.068 0.278 0.076 0.106 0.097 
504     H619    (8)    5 :  0.042 0.088 0.106 0.392 0.064 0.077 0.086 0.069 0.077 
505     H635    (0)    5 :  0.124 0.169 0.125 0.073 0.103 0.125 0.065 0.118 0.099 
506     H636    (8)    5 :  0.077 0.139 0.178 0.151 0.073 0.057 0.106 0.145 0.074 
507     H637    (8)    5 :  0.040 0.063 0.072 0.332 0.076 0.178 0.099 0.057 0.082 
508     H644    (8)    5 :  0.153 0.074 0.101 0.059 0.147 0.036 0.128 0.066 0.236 
509     H711    (8)    5 :  0.068 0.122 0.124 0.071 0.122 0.067 0.118 0.143 0.165 
510     H712    (8)    5 :  0.055 0.092 0.079 0.309 0.090 0.126 0.093 0.086 0.069 
511    H7360    (8)    5 :  0.060 0.146 0.139 0.069 0.108 0.119 0.126 0.099 0.135 
512    H7361    (8)    5 :  0.082 0.107 0.154 0.075 0.072 0.215 0.065 0.133 0.098 
513    H7362    (8)    5 :  0.183 0.082 0.150 0.077 0.101 0.036 0.082 0.079 0.210 
514    H7363    (8)    5 :  0.086 0.108 0.122 0.092 0.104 0.135 0.116 0.135 0.102 
515    H7394    (8)    5 :  0.111 0.138 0.164 0.042 0.148 0.057 0.101 0.132 0.107 
516    H7395    (0)    5 :  0.060 0.135 0.165 0.104 0.089 0.076 0.106 0.140 0.125 
517    H7396    (8)    5 :  0.069 0.120 0.137 0.110 0.165 0.062 0.127 0.113 0.097 
518     H742    (0)    5 :  0.036 0.062 0.069 0.526 0.059 0.061 0.062 0.065 0.060 
519     H743    (8)    5 :  0.084 0.061 0.057 0.290 0.090 0.142 0.131 0.064 0.080 
520     H744    (8)    5 :  0.130 0.089 0.061 0.099 0.095 0.277 0.112 0.075 0.061 
521     H957    (8)    5 :  0.066 0.141 0.148 0.044 0.084 0.075 0.083 0.217 0.142 
522     H958    (0)    5 :  0.119 0.112 0.118 0.084 0.155 0.074 0.122 0.104 0.113 
523     H959    (8)    5 :  0.058 0.105 0.101 0.130 0.071 0.248 0.084 0.115 0.088 
524     H960    (0)    5 :  0.165 0.080 0.096 0.183 0.110 0.085 0.093 0.082 0.105 
525   H_PALI    (8)    6 :  0.063 0.119 0.137 0.069 0.151 0.070 0.148 0.129 0.114 
526     H581    (8)    6 :  0.115 0.125 0.096 0.126 0.083 0.113 0.130 0.116 0.096 
527     H582   (16)    6 :  0.053 0.161 0.074 0.066 0.065 0.187 0.102 0.196 0.095 
528     H583    (8)    6 :  0.101 0.169 0.077 0.131 0.093 0.092 0.103 0.124 0.109 
529     H595    (8)    6 :  0.315 0.092 0.119 0.056 0.105 0.038 0.097 0.081 0.097 
530     H596    (8)    6 :  0.240 0.084 0.135 0.061 0.122 0.041 0.099 0.120 0.097 
531     H597    (8)    6 :  0.144 0.102 0.111 0.108 0.132 0.043 0.078 0.099 0.184 
532     H598    (8)    6 :  0.121 0.125 0.143 0.054 0.101 0.119 0.099 0.137 0.101 
533     H599    (0)    6 :  0.048 0.062 0.091 0.325 0.088 0.167 0.085 0.061 0.073 
534     H642    (8)    6 :  0.230 0.114 0.090 0.032 0.096 0.048 0.142 0.125 0.122 
535     H643    (8)    6 :  0.203 0.114 0.109 0.089 0.121 0.077 0.117 0.079 0.091 
536     H664    (8)    6 :  0.056 0.221 0.054 0.039 0.073 0.088 0.186 0.209 0.075 
537     H665    (8)    6 :  0.105 0.129 0.136 0.166 0.080 0.075 0.092 0.118 0.100 
538     H674    (0)    6 :  0.242 0.073 0.096 0.110 0.099 0.043 0.095 0.092 0.150 
539     H675    (8)    6 :  0.085 0.107 0.096 0.109 0.110 0.179 0.095 0.109 0.112 
540     H676    (8)    6 :  0.306 0.073 0.129 0.036 0.067 0.100 0.074 0.109 0.106 
541     H686    (8)    6 :  0.084 0.150 0.180 0.078 0.096 0.074 0.087 0.131 0.118 
542     H687    (8)    6 :  0.113 0.143 0.124 0.054 0.117 0.073 0.116 0.116 0.143 
543     H917    (0)    6 :  0.198 0.084 0.144 0.141 0.104 0.051 0.107 0.074 0.097 
544     H918    (8)    6 :  0.042 0.077 0.109 0.401 0.075 0.050 0.079 0.078 0.087 
545     H919    (0)    6 :  0.088 0.097 0.081 0.191 0.077 0.240 0.077 0.078 0.069 
546     H920    (0)    6 :  0.086 0.099 0.128 0.061 0.102 0.234 0.098 0.092 0.099 
547     H631    (8)    7 :  0.057 0.159 0.120 0.137 0.080 0.101 0.072 0.154 0.119 
548     H684    (8)    7 :  0.098 0.137 0.154 0.040 0.103 0.062 0.081 0.199 0.126 
549     H685    (8)    7 :  0.102 0.183 0.050 0.036 0.145 0.114 0.181 0.131 0.059 
550     H713    (8)    7 :  0.053 0.232 0.076 0.044 0.053 0.134 0.146 0.203 0.059 
551     H715    (8)    7 :  0.089 0.125 0.137 0.051 0.100 0.059 0.083 0.206 0.150 
552     H716    (8)    7 :  0.042 0.079 0.120 0.254 0.069 0.150 0.063 0.113 0.111 
553     H717    (8)    7 :  0.067 0.082 0.098 0.179 0.100 0.167 0.089 0.096 0.123 
554     H729    (8)    7 :  0.102 0.067 0.084 0.107 0.259 0.038 0.167 0.085 0.090 
555     H730    (8)    7 :  0.108 0.067 0.063 0.252 0.139 0.087 0.139 0.070 0.075 
556     H431   (16)    8 :  0.249 0.115 0.080 0.051 0.091 0.150 0.085 0.102 0.076 
557     H432    (8)    8 :  0.105 0.052 0.188 0.225 0.098 0.050 0.063 0.081 0.139 
558     H433    (8)    8 :  0.144 0.111 0.149 0.066 0.136 0.077 0.122 0.094 0.102 
559     H434    (8)    8 :  0.078 0.089 0.134 0.077 0.212 0.042 0.150 0.126 0.094 
560     H444    (8)    8 :  0.104 0.082 0.141 0.192 0.086 0.113 0.092 0.087 0.103 
561     H454    (0)    8 :  0.057 0.076 0.086 0.150 0.081 0.302 0.077 0.098 0.073 
562     H475    (8)    8 :  0.054 0.069 0.118 0.033 0.058 0.397 0.087 0.125 0.059 
563     H491    (8)    8 :  0.047 0.100 0.155 0.125 0.090 0.146 0.092 0.138 0.107 
564     H492    (8)    8 :  0.068 0.112 0.106 0.113 0.123 0.116 0.139 0.125 0.099 
565     H493    (8)    8 :  0.098 0.175 0.116 0.057 0.127 0.067 0.099 0.108 0.152 
566     H494    (8)    8 :  0.112 0.083 0.104 0.208 0.088 0.131 0.081 0.092 0.101 
567     H495    (0)    8 :  0.054 0.132 0.080 0.055 0.069 0.190 0.181 0.156 0.083 
568     H662    (8)    8 :  0.080 0.145 0.068 0.119 0.103 0.049 0.171 0.139 0.125 
569     H663    (8)    8 :  0.121 0.079 0.106 0.156 0.102 0.109 0.120 0.090 0.117 
570     H695    (8)    8 :  0.106 0.105 0.114 0.102 0.154 0.121 0.103 0.087 0.108 
571    H7367    (8)    8 :  0.111 0.058 0.077 0.054 0.301 0.037 0.199 0.077 0.086 
572    H7368    (0)    8 :  0.161 0.143 0.127 0.061 0.102 0.083 0.066 0.113 0.144 
573    H7369    (8)    8 :  0.146 0.092 0.099 0.206 0.087 0.118 0.072 0.099 0.082 
574    H7370    (8)    8 :  0.147 0.075 0.125 0.057 0.231 0.031 0.173 0.080 0.080 
575    H7371    (8)    8 :  0.145 0.097 0.114 0.113 0.137 0.079 0.105 0.105 0.106 
576     H600    (8)    9 :  0.064 0.107 0.149 0.063 0.077 0.181 0.112 0.147 0.099 
577     H648    (8)    9 :  0.187 0.101 0.090 0.059 0.095 0.101 0.087 0.138 0.141 
578     H696    (8)    9 :  0.213 0.081 0.089 0.057 0.118 0.034 0.139 0.103 0.165 
579     H697    (8)    9 :  0.306 0.084 0.071 0.146 0.081 0.086 0.067 0.075 0.086 
580     H698    (8)    9 :  0.356 0.074 0.068 0.086 0.094 0.062 0.096 0.079 0.084 
581     H699    (8)    9 :  0.101 0.077 0.105 0.088 0.154 0.122 0.157 0.084 0.113 
582     H700    (8)    9 :  0.037 0.140 0.171 0.052 0.073 0.084 0.124 0.250 0.069 
583     H732    (8)    9 :  0.051 0.129 0.061 0.082 0.083 0.225 0.115 0.139 0.116 
584     H733    (8)    9 :  0.368 0.065 0.074 0.065 0.088 0.058 0.107 0.077 0.098 
585     H734    (8)    9 :  0.111 0.136 0.156 0.073 0.110 0.042 0.147 0.105 0.118 
586     H735    (8)    9 :  0.308 0.076 0.056 0.080 0.097 0.057 0.126 0.108 0.092 
587     H736    (8)    9 :  0.058 0.145 0.085 0.125 0.097 0.068 0.183 0.127 0.112 
588     H737    (8)    9 :  0.156 0.076 0.092 0.134 0.106 0.102 0.131 0.096 0.107 
589     H905    (8)    9 :  0.064 0.101 0.153 0.075 0.088 0.186 0.093 0.154 0.087 
590     H921    (8)    9 :  0.105 0.110 0.109 0.118 0.105 0.124 0.100 0.137 0.092 
591     H922    (8)    9 :  0.209 0.084 0.114 0.139 0.125 0.045 0.099 0.086 0.099 
592  H169705    (8)   10 :  0.168 0.087 0.066 0.045 0.258 0.041 0.188 0.073 0.073 
593  H171942    (8)   10 :  0.114 0.050 0.194 0.229 0.096 0.050 0.058 0.085 0.123 
594  H171943    (8)   10 :  0.064 0.125 0.150 0.129 0.112 0.045 0.104 0.144 0.127 
595  H171944    (8)   10 :  0.125 0.156 0.110 0.075 0.126 0.050 0.133 0.121 0.104 
596  H171946    (8)   10 :  0.084 0.205 0.077 0.055 0.074 0.078 0.147 0.192 0.088 
597  H171947    (8)   10 :  0.067 0.086 0.096 0.159 0.153 0.078 0.155 0.093 0.114 
598  H229641    (0)   10 :  0.173 0.100 0.100 0.049 0.114 0.157 0.106 0.093 0.107 
599   H30001    (8)   10 :  0.137 0.117 0.130 0.061 0.104 0.097 0.105 0.132 0.117 
600   H30002    (8)   10 :  0.041 0.116 0.136 0.089 0.185 0.061 0.192 0.092 0.087 
601   H30005    (8)   10 :  0.337 0.079 0.087 0.043 0.117 0.058 0.095 0.087 0.097 
602   H30006    (8)   10 :  0.062 0.051 0.064 0.086 0.296 0.070 0.232 0.055 0.084 
603   H30007    (8)   10 :  0.078 0.077 0.065 0.318 0.104 0.031 0.106 0.092 0.129 
604     H451    (8)   10 :  0.152 0.120 0.155 0.082 0.108 0.072 0.091 0.102 0.118 
605     H452    (0)   10 :  0.404 0.062 0.047 0.058 0.107 0.088 0.103 0.053 0.077 
606     H453    (0)   10 :  0.048 0.133 0.092 0.081 0.094 0.217 0.082 0.125 0.130 
607     H473    (0)   10 :  0.043 0.097 0.082 0.219 0.092 0.199 0.072 0.077 0.118 
608     H474    (8)   10 :  0.059 0.163 0.065 0.034 0.090 0.199 0.129 0.176 0.085 
609     H486    (8)   10 :  0.132 0.073 0.075 0.066 0.088 0.309 0.086 0.088 0.083 
610     H487    (0)   10 :  0.106 0.082 0.093 0.057 0.156 0.156 0.114 0.114 0.121 
611     H488    (0)   10 :  0.090 0.112 0.133 0.124 0.096 0.152 0.085 0.114 0.095 
612     H489    (0)   10 :  0.072 0.134 0.072 0.066 0.160 0.157 0.118 0.131 0.090 
613     H550    (8)   10 :  0.050 0.199 0.096 0.053 0.165 0.034 0.173 0.108 0.122 
614     H551    (8)   10 :  0.142 0.064 0.063 0.176 0.169 0.090 0.132 0.083 0.080 
615     H553    (8)   10 :  0.108 0.087 0.054 0.044 0.207 0.168 0.160 0.088 0.083 
616     H554    (8)   10 :  0.104 0.142 0.127 0.057 0.111 0.068 0.154 0.133 0.104 
617     H556    (8)   10 :  0.059 0.127 0.068 0.085 0.220 0.063 0.185 0.099 0.094 
618     H580    (8)   10 :  0.104 0.087 0.105 0.105 0.192 0.049 0.126 0.116 0.115 
619     H591    (8)   10 :  0.054 0.099 0.062 0.122 0.076 0.319 0.108 0.098 0.062 
620     H592    (8)   10 :  0.142 0.133 0.084 0.062 0.131 0.116 0.120 0.121 0.091 
621     H593    (8)   10 :  0.074 0.146 0.106 0.066 0.111 0.095 0.117 0.153 0.132 
622     H594    (8)   10 :  0.146 0.087 0.123 0.122 0.158 0.035 0.098 0.090 0.141 
623     H627    (8)   10 :  0.079 0.118 0.116 0.044 0.113 0.106 0.126 0.168 0.130 
624     H628    (8)   10 :  0.125 0.076 0.104 0.293 0.096 0.040 0.071 0.077 0.116 
625     H629    (8)   10 :  0.129 0.144 0.088 0.071 0.091 0.100 0.111 0.114 0.152 
626     H630    (8)   10 :  0.106 0.174 0.069 0.051 0.123 0.043 0.185 0.163 0.085 
627     H638    (8)   10 :  0.298 0.082 0.110 0.056 0.089 0.064 0.127 0.089 0.085 
628     H639    (8)   10 :  0.103 0.120 0.066 0.053 0.071 0.311 0.070 0.092 0.114 
629     H640    (8)   10 :  0.125 0.127 0.147 0.087 0.111 0.052 0.129 0.113 0.108 
630     H704    (8)   10 :  0.077 0.088 0.095 0.145 0.116 0.046 0.099 0.115 0.220 
631     H705    (0)   10 :  0.183 0.079 0.067 0.051 0.260 0.040 0.189 0.069 0.063 
632     H706    (8)   10 :  0.110 0.090 0.095 0.129 0.118 0.147 0.114 0.114 0.083 
633     H708    (8)   10 :  0.069 0.205 0.063 0.068 0.068 0.087 0.184 0.185 0.070 
634    H7351    (8)   10 :  0.068 0.156 0.157 0.077 0.107 0.063 0.104 0.120 0.148 
635    H7352    (0)   10 :  0.128 0.124 0.116 0.107 0.102 0.104 0.096 0.108 0.115 
636    H7353    (8)   10 :  0.128 0.073 0.113 0.055 0.087 0.068 0.071 0.066 0.340 
637    H7354    (0)   10 :  0.039 0.151 0.169 0.086 0.074 0.118 0.091 0.185 0.087 
638    H7365    (8)   10 :  0.061 0.198 0.071 0.078 0.071 0.181 0.111 0.157 0.072 
639    H7383    (8)   10 :  0.091 0.160 0.145 0.088 0.086 0.107 0.088 0.129 0.106 
640    H7384    (8)   10 :  0.065 0.106 0.126 0.066 0.206 0.092 0.142 0.100 0.097 
641    H7385    (8)   10 :  0.083 0.093 0.161 0.069 0.089 0.125 0.112 0.188 0.081 
642    H7386    (8)   10 :  0.166 0.106 0.099 0.154 0.105 0.070 0.100 0.086 0.114 
643    H7387    (8)   10 :  0.082 0.159 0.149 0.082 0.114 0.052 0.107 0.137 0.119 
644    H7388    (8)   10 :  0.387 0.063 0.064 0.076 0.097 0.100 0.096 0.052 0.065 
645     H906    (8)   10 :  0.041 0.071 0.104 0.189 0.073 0.213 0.093 0.081 0.134 
646     H907    (8)   10 :  0.256 0.078 0.167 0.051 0.102 0.056 0.087 0.084 0.120 
647     H908    (8)   10 :  0.157 0.124 0.120 0.049 0.090 0.093 0.124 0.142 0.102 
648     H909    (0)   10 :  0.047 0.146 0.173 0.134 0.076 0.105 0.094 0.129 0.095 
649    H9552    (8)   10 :  0.148 0.128 0.101 0.121 0.107 0.075 0.098 0.093 0.130 
650    H9553   (25)   10 :  0.131 0.074 0.057 0.049 0.252 0.107 0.188 0.073 0.068 
651    H9555    (0)   10 :  0.168 0.102 0.098 0.132 0.134 0.054 0.105 0.111 0.097 
652    H9575   (25)   10 :  0.057 0.150 0.104 0.055 0.096 0.124 0.155 0.141 0.118 
653    H9703    (0)   10 :  0.050 0.095 0.064 0.059 0.190 0.245 0.144 0.079 0.074 
654    H9707    (0)   10 :  0.090 0.074 0.090 0.050 0.114 0.300 0.097 0.090 0.094 
655    HSAA4    (8)   10 :  0.109 0.086 0.104 0.114 0.185 0.053 0.127 0.117 0.106 
656     H001    (8)   11 :  0.076 0.106 0.127 0.214 0.088 0.095 0.075 0.114 0.105 
657     H004    (8)   11 :  0.082 0.149 0.132 0.086 0.108 0.081 0.105 0.123 0.133 
658     H005    (0)   11 :  0.049 0.118 0.095 0.073 0.056 0.339 0.063 0.132 0.075 
659     H006    (8)   11 :  0.078 0.136 0.162 0.066 0.118 0.083 0.124 0.123 0.109 
660     H007    (8)   11 :  0.037 0.065 0.079 0.284 0.077 0.196 0.096 0.094 0.072 
661     H031    (0)   11 :  0.072 0.147 0.070 0.072 0.089 0.251 0.118 0.115 0.066 
662     H074    (8)   11 :  0.080 0.201 0.075 0.053 0.076 0.127 0.114 0.180 0.093 
663     H075    (8)   11 :  0.052 0.124 0.089 0.247 0.063 0.136 0.123 0.100 0.067 
664     H080    (8)   11 :  0.167 0.098 0.086 0.072 0.076 0.218 0.079 0.118 0.085 
665     H086    (8)   11 :  0.126 0.077 0.094 0.059 0.230 0.064 0.162 0.096 0.093 
666     H092    (8)   11 :  0.104 0.103 0.107 0.051 0.139 0.144 0.118 0.128 0.106 
667     H093    (8)   11 :  0.083 0.096 0.147 0.096 0.122 0.062 0.109 0.103 0.183 
668     H094    (8)   11 :  0.130 0.121 0.135 0.041 0.158 0.048 0.123 0.130 0.114 
669     H095    (8)   11 :  0.063 0.133 0.101 0.156 0.080 0.165 0.070 0.117 0.116 
670     H096    (8)   11 :  0.066 0.122 0.115 0.196 0.074 0.155 0.069 0.113 0.089 
671     H099    (8)   11 :  0.117 0.131 0.098 0.075 0.108 0.113 0.114 0.139 0.105 
672     H100    (8)   11 :  0.054 0.064 0.120 0.422 0.070 0.032 0.064 0.082 0.092 
673     H127    (8)   11 :  0.139 0.102 0.076 0.088 0.145 0.103 0.124 0.112 0.111 
674     H136    (0)   11 :  0.077 0.131 0.075 0.063 0.104 0.202 0.114 0.143 0.092 
675     H153    (0)   11 :  0.122 0.102 0.146 0.059 0.108 0.105 0.102 0.133 0.123 
676     H154    (8)   11 :  0.073 0.205 0.077 0.048 0.075 0.147 0.115 0.183 0.078 
677     H155    (0)   11 :  0.176 0.076 0.084 0.318 0.085 0.039 0.082 0.063 0.076 
678     H156    (8)   11 :  0.130 0.123 0.146 0.159 0.113 0.034 0.092 0.085 0.117 
679     H161    (8)   11 :  0.076 0.095 0.111 0.116 0.111 0.092 0.152 0.120 0.127 
680     H162    (8)   11 :  0.306 0.083 0.085 0.049 0.138 0.042 0.111 0.087 0.100 
681     H167    (0)   11 :  0.065 0.116 0.163 0.100 0.157 0.049 0.122 0.105 0.124 
682     H168    (8)   11 :  0.186 0.093 0.137 0.099 0.099 0.078 0.082 0.097 0.128 
683  H169586    (8)   11 :  0.037 0.160 0.065 0.066 0.093 0.087 0.217 0.118 0.157 
684  H169738    (8)   11 :  0.251 0.071 0.094 0.142 0.097 0.063 0.100 0.077 0.105 
685  H169741    (8)   11 :  0.043 0.177 0.081 0.064 0.165 0.077 0.171 0.140 0.082 
686  H171801    (8)   11 :  0.099 0.103 0.210 0.086 0.104 0.053 0.079 0.088 0.179 
687  H171810    (8)   11 :  0.064 0.133 0.129 0.076 0.099 0.119 0.121 0.157 0.103 
688  H171811    (8)   11 :  0.063 0.167 0.081 0.042 0.075 0.088 0.178 0.196 0.110 
689  H171812    (8)   11 :  0.042 0.082 0.077 0.488 0.071 0.053 0.055 0.069 0.062 
690  H171820    (8)   11 :  0.091 0.160 0.080 0.073 0.079 0.146 0.140 0.136 0.095 
691  H171821    (8)   11 :  0.315 0.087 0.104 0.082 0.079 0.061 0.071 0.097 0.104 
692  H171822    (8)   11 :  0.159 0.101 0.116 0.081 0.136 0.067 0.105 0.122 0.113 
693  H171823    (8)   11 :  0.051 0.072 0.109 0.047 0.073 0.317 0.080 0.149 0.102 
694  H171866    (8)   11 :  0.262 0.053 0.107 0.126 0.086 0.087 0.080 0.075 0.123 
695  H171867    (8)   11 :  0.126 0.093 0.165 0.088 0.145 0.069 0.128 0.101 0.084 
696  H171967    (8)   11 :  0.070 0.116 0.079 0.196 0.081 0.141 0.106 0.130 0.082 
697  H171969    (8)   11 :  0.067 0.107 0.097 0.186 0.112 0.078 0.140 0.088 0.124 
698     H172    (8)   11 :  0.101 0.122 0.101 0.201 0.110 0.069 0.120 0.084 0.091 
699     H173    (0)   11 :  0.105 0.105 0.081 0.210 0.142 0.057 0.131 0.092 0.076 
700     H174    (8)   11 :  0.290 0.098 0.087 0.053 0.110 0.029 0.116 0.094 0.122 
701     H196    (0)   11 :  0.432 0.043 0.048 0.100 0.114 0.045 0.103 0.049 0.067 
702     H197    (8)   11 :  0.132 0.128 0.130 0.068 0.126 0.053 0.134 0.125 0.105 
703     H346    (8)   11 :  0.046 0.112 0.147 0.134 0.115 0.139 0.105 0.109 0.093 
704     H355    (8)   11 :  0.058 0.092 0.076 0.301 0.076 0.133 0.079 0.072 0.114 
705     H356    (0)   11 :  0.085 0.086 0.088 0.138 0.140 0.113 0.109 0.113 0.128 
706     H357    (8)   11 :  0.119 0.109 0.100 0.126 0.093 0.161 0.096 0.095 0.101 
707     H358    (8)   11 :  0.073 0.144 0.173 0.131 0.076 0.062 0.119 0.152 0.070 
708     H359    (8)   11 :  0.083 0.147 0.111 0.061 0.143 0.078 0.120 0.127 0.130 
709     H360    (0)   11 :  0.058 0.110 0.126 0.097 0.182 0.064 0.184 0.089 0.089 
710     H361    (8)   11 :  0.078 0.093 0.116 0.141 0.152 0.098 0.146 0.079 0.098 
711     H362    (8)   11 :  0.391 0.064 0.110 0.053 0.084 0.040 0.083 0.086 0.089 
712     H363    (8)   11 :  0.059 0.173 0.138 0.039 0.085 0.143 0.126 0.157 0.081 
713     H364    (8)   11 :  0.049 0.153 0.148 0.085 0.108 0.065 0.130 0.116 0.145 
714     H365    (8)   11 :  0.092 0.067 0.063 0.380 0.087 0.069 0.092 0.061 0.088 
715     H366    (8)   11 :  0.128 0.103 0.076 0.218 0.119 0.054 0.115 0.067 0.121 
716     H367    (8)   11 :  0.208 0.132 0.053 0.055 0.055 0.224 0.078 0.128 0.068 
717     H368    (8)   11 :  0.065 0.144 0.138 0.062 0.121 0.036 0.151 0.148 0.136 
718     H369    (0)   11 :  0.086 0.139 0.094 0.067 0.082 0.259 0.098 0.105 0.070 
719     H370    (8)   11 :  0.117 0.124 0.131 0.078 0.116 0.055 0.122 0.108 0.149 
720     H371    (8)   11 :  0.162 0.086 0.090 0.088 0.153 0.071 0.140 0.112 0.098 
721     H372    (8)   11 :  0.129 0.092 0.127 0.202 0.105 0.058 0.093 0.089 0.104 
722     H373    (8)   11 :  0.092 0.127 0.166 0.071 0.100 0.065 0.092 0.183 0.103 
723     H374    (0)   11 :  0.040 0.107 0.165 0.117 0.111 0.112 0.113 0.143 0.090 
724     H375    (8)   11 :  0.078 0.096 0.094 0.248 0.088 0.111 0.095 0.102 0.087 
725     H376    (0)   11 :  0.101 0.112 0.149 0.138 0.108 0.059 0.079 0.085 0.169 
726     H377    (8)   11 :  0.060 0.124 0.125 0.056 0.145 0.109 0.137 0.141 0.104 
727     H378    (8)   11 :  0.085 0.137 0.114 0.086 0.114 0.093 0.101 0.135 0.135 
728     H379    (8)   11 :  0.132 0.131 0.112 0.049 0.127 0.064 0.114 0.157 0.114 
729     H380    (8)   11 :  0.114 0.163 0.178 0.106 0.095 0.061 0.083 0.103 0.096 
730     H381    (0)   11 :  0.056 0.151 0.082 0.061 0.108 0.179 0.142 0.108 0.113 
731     H382    (8)   11 :  0.262 0.142 0.138 0.049 0.096 0.037 0.077 0.095 0.105 
732     H383    (8)   11 :  0.096 0.163 0.152 0.139 0.115 0.038 0.064 0.092 0.140 
733     H384    (0)   11 :  0.048 0.152 0.100 0.085 0.161 0.089 0.152 0.117 0.096 
734     H385    (8)   11 :  0.135 0.135 0.105 0.044 0.098 0.094 0.118 0.189 0.083 
735     H386    (0)   11 :  0.084 0.141 0.180 0.126 0.088 0.050 0.107 0.139 0.084 
736     H387    (0)   11 :  0.050 0.143 0.116 0.076 0.105 0.099 0.061 0.117 0.234 
737     H388    (8)   11 :  0.098 0.094 0.081 0.227 0.170 0.044 0.114 0.060 0.113 
738     H389    (8)   11 :  0.087 0.094 0.114 0.197 0.094 0.124 0.111 0.088 0.093 
739     H390    (8)   11 :  0.097 0.165 0.118 0.081 0.107 0.047 0.144 0.134 0.107 
740     H391    (8)   11 :  0.187 0.132 0.072 0.165 0.088 0.035 0.102 0.100 0.119 
741     H392    (0)   11 :  0.038 0.099 0.140 0.204 0.062 0.116 0.120 0.150 0.070 
742     H393    (0)   11 :  0.060 0.059 0.092 0.408 0.079 0.044 0.076 0.079 0.102 
743     H394    (0)   11 :  0.124 0.086 0.096 0.106 0.109 0.063 0.098 0.106 0.212 
744     H395    (8)   11 :  0.137 0.128 0.085 0.079 0.086 0.204 0.093 0.100 0.089 
745     H408   (16)   11 :  0.058 0.156 0.119 0.212 0.079 0.094 0.085 0.105 0.091 
746     H412    (0)   11 :  0.041 0.274 0.042 0.031 0.050 0.112 0.156 0.232 0.062 
747     H417    (8)   11 :  0.056 0.146 0.088 0.126 0.127 0.081 0.153 0.124 0.097 
748     H418    (8)   11 :  0.211 0.117 0.106 0.060 0.086 0.072 0.093 0.141 0.114 
749     H429    (8)   11 :  0.060 0.104 0.139 0.172 0.095 0.069 0.127 0.107 0.126 
750     H430    (8)   11 :  0.161 0.075 0.094 0.256 0.088 0.051 0.096 0.084 0.096 
751     H439    (8)   11 :  0.106 0.118 0.136 0.075 0.137 0.059 0.123 0.155 0.091 
752     H440    (8)   11 :  0.043 0.131 0.104 0.093 0.076 0.238 0.086 0.147 0.081 
753     H441    (0)   11 :  0.399 0.109 0.077 0.054 0.073 0.051 0.077 0.086 0.073 
754     H442   (16)   11 :  0.160 0.123 0.113 0.130 0.109 0.081 0.088 0.073 0.123 
755     H446    (0)   11 :  0.067 0.150 0.137 0.054 0.148 0.068 0.129 0.096 0.152 
756     H447    (0)   11 :  0.075 0.128 0.156 0.152 0.118 0.037 0.131 0.110 0.094 
757     H448    (0)   11 :  0.153 0.060 0.075 0.205 0.149 0.083 0.128 0.073 0.075 
758     H534    (8)   11 :  0.055 0.118 0.111 0.055 0.088 0.134 0.112 0.242 0.086 
759     H537    (8)   11 :  0.088 0.147 0.101 0.058 0.063 0.216 0.065 0.141 0.121 
760     H568    (8)   11 :  0.072 0.070 0.071 0.047 0.077 0.418 0.076 0.099 0.069 
761     H569    (8)   11 :  0.101 0.049 0.108 0.157 0.219 0.039 0.194 0.057 0.074 
762     H586    (0)   11 :  0.035 0.158 0.064 0.066 0.090 0.082 0.240 0.134 0.131 
763     H587    (8)   11 :  0.052 0.179 0.096 0.077 0.082 0.172 0.115 0.154 0.073 
764     H588    (8)   11 :  0.058 0.078 0.160 0.126 0.093 0.042 0.075 0.105 0.263 
765     H589    (8)   11 :  0.042 0.168 0.083 0.155 0.068 0.175 0.084 0.141 0.084 
766     H590    (0)   11 :  0.056 0.061 0.080 0.108 0.066 0.402 0.063 0.077 0.087 
767     H601    (8)   11 :  0.108 0.074 0.122 0.104 0.169 0.067 0.137 0.080 0.139 
768     H602    (8)   11 :  0.220 0.102 0.110 0.084 0.080 0.123 0.089 0.102 0.090 
769     H603    (8)   11 :  0.216 0.094 0.140 0.088 0.084 0.069 0.103 0.115 0.091 
770     H610    (0)   11 :  0.088 0.091 0.099 0.066 0.209 0.099 0.140 0.114 0.094 
771     H611    (0)   11 :  0.084 0.156 0.117 0.061 0.124 0.134 0.129 0.118 0.079 
772     H649    (8)   11 :  0.089 0.084 0.161 0.173 0.090 0.086 0.080 0.128 0.109 
773     H650    (8)   11 :  0.155 0.119 0.120 0.046 0.142 0.057 0.134 0.113 0.113 
774     H651    (8)   11 :  0.127 0.096 0.110 0.152 0.127 0.089 0.114 0.087 0.098 
775     H652    (8)   11 :  0.105 0.115 0.122 0.048 0.114 0.097 0.092 0.127 0.181 
776    H7364    (8)   11 :  0.123 0.083 0.109 0.216 0.106 0.066 0.101 0.087 0.108 
777    H7366    (8)   11 :  0.080 0.098 0.104 0.084 0.158 0.137 0.148 0.085 0.106 
778    H7378   (16)   11 :  0.349 0.052 0.078 0.045 0.100 0.033 0.112 0.059 0.171 
779    H7379    (0)   11 :  0.187 0.099 0.088 0.092 0.119 0.094 0.097 0.092 0.131 
780     H739    (8)   11 :  0.060 0.136 0.067 0.103 0.138 0.162 0.144 0.109 0.083 
781     H740    (8)   11 :  0.115 0.144 0.126 0.042 0.144 0.072 0.120 0.114 0.122 
782     H741    (0)   11 :  0.044 0.198 0.080 0.064 0.153 0.080 0.148 0.139 0.094 
783     H926    (8)   11 :  0.138 0.106 0.134 0.051 0.134 0.081 0.099 0.132 0.125 
784     H927    (0)   11 :  0.111 0.093 0.080 0.064 0.277 0.037 0.191 0.073 0.074 
785     H928    (0)   11 :  0.132 0.126 0.086 0.048 0.173 0.068 0.157 0.113 0.099 
786    H9560    (0)   11 :  0.083 0.113 0.141 0.049 0.221 0.063 0.113 0.097 0.121 
787     H409    (0)   12 :  0.143 0.132 0.146 0.087 0.122 0.046 0.100 0.116 0.107 
788     H413    (0)   12 :  0.089 0.105 0.120 0.062 0.112 0.046 0.178 0.146 0.143 
789     H419    (8)   12 :  0.148 0.123 0.124 0.113 0.122 0.063 0.080 0.116 0.111 
790     H420    (8)   12 :  0.084 0.099 0.103 0.097 0.094 0.217 0.095 0.117 0.094 
791     H421    (8)   12 :  0.074 0.169 0.129 0.074 0.145 0.039 0.125 0.116 0.129 
792     H435    (8)   12 :  0.120 0.103 0.168 0.077 0.084 0.052 0.107 0.175 0.114 
793     H436    (8)   12 :  0.060 0.146 0.102 0.153 0.118 0.076 0.126 0.115 0.103 
794     H437    (8)   12 :  0.057 0.107 0.110 0.056 0.093 0.213 0.091 0.148 0.124 
795     H445    (8)   12 :  0.081 0.118 0.148 0.194 0.101 0.058 0.086 0.105 0.109 
796     H449    (8)   12 :  0.060 0.069 0.096 0.070 0.273 0.072 0.149 0.098 0.115 
797     H463    (8)   12 :  0.076 0.110 0.104 0.080 0.092 0.203 0.096 0.126 0.112 
798     H464    (8)   12 :  0.091 0.063 0.256 0.104 0.094 0.065 0.066 0.141 0.120 
799     H465    (8)   12 :  0.115 0.112 0.085 0.050 0.122 0.082 0.114 0.127 0.192 
800     H490    (8)   12 :  0.116 0.142 0.132 0.049 0.116 0.043 0.082 0.079 0.239 
801     H561    (8)   12 :  0.339 0.081 0.084 0.080 0.081 0.083 0.083 0.085 0.084 
802     H562    (8)   12 :  0.070 0.163 0.139 0.176 0.087 0.070 0.092 0.109 0.093 
803     H563    (0)   12 :  0.212 0.082 0.082 0.101 0.111 0.132 0.099 0.083 0.098 
804     H570    (8)   12 :  0.074 0.142 0.112 0.078 0.086 0.118 0.095 0.208 0.088 
805     H571    (8)   12 :  0.089 0.149 0.099 0.041 0.092 0.068 0.141 0.172 0.150 
806     H572    (8)   12 :  0.132 0.131 0.085 0.091 0.099 0.102 0.112 0.152 0.096 
807     H573    (8)   12 :  0.130 0.114 0.119 0.143 0.088 0.052 0.133 0.109 0.111 
808    H7372    (8)   12 :  0.065 0.180 0.135 0.101 0.151 0.030 0.169 0.079 0.091 
809    H7373    (0)   12 :  0.062 0.136 0.116 0.053 0.166 0.040 0.145 0.109 0.173 
810    H7374    (0)   12 :  0.054 0.120 0.114 0.137 0.081 0.191 0.071 0.131 0.102 
811    H7375    (8)   12 :  0.096 0.115 0.086 0.118 0.083 0.215 0.090 0.108 0.088 
812    H7376    (8)   12 :  0.078 0.068 0.088 0.379 0.088 0.045 0.086 0.087 0.082 
813    H7377    (8)   12 :  0.124 0.162 0.105 0.045 0.095 0.114 0.141 0.121 0.093 


Estimated Allele Frequencies in each cluster
First column gives estimated ancestral frequencies


Locus 1 : 
10 alleles
0.4% missing data
 168   (0.097) 0.045 0.083 0.074 0.292 0.072 0.062 0.070 0.066 0.098 
 160   (0.247) 0.230 0.262 0.279 0.346 0.246 0.312 0.258 0.270 0.247 
 172   (0.015) 0.008 0.004 0.021 0.010 0.008 0.001 0.003 0.011 0.015 
 156   (0.209) 0.399 0.178 0.236 0.092 0.228 0.069 0.226 0.202 0.208 
 164   (0.198) 0.210 0.304 0.161 0.100 0.254 0.115 0.251 0.239 0.198 
 152   (0.165) 0.080 0.129 0.173 0.112 0.126 0.420 0.127 0.169 0.166 
 148   (0.046) 0.022 0.035 0.047 0.041 0.028 0.020 0.025 0.039 0.047 
 144   (0.014) 0.004 0.005 0.008 0.007 0.035 0.001 0.039 0.003 0.013 
 176   (0.005) 0.001 0.001 0.001 0.000 0.001 0.000 0.001 0.001 0.005 
 180   (0.004) 0.001 0.000 0.001 0.000 0.001 0.000 0.000 0.001 0.004 

Locus 2 : 
11 alleles
0.4% missing data
 160   (0.190) 0.168 0.201 0.195 0.155 0.163 0.125 0.177 0.196 0.192 
 152   (0.158) 0.121 0.162 0.166 0.131 0.134 0.158 0.119 0.153 0.159 
 164   (0.154) 0.089 0.242 0.134 0.097 0.162 0.422 0.187 0.221 0.155 
 156   (0.242) 0.319 0.253 0.325 0.221 0.275 0.061 0.256 0.256 0.243 
 168   (0.119) 0.149 0.063 0.083 0.281 0.117 0.209 0.125 0.088 0.118 
 172   (0.045) 0.051 0.020 0.044 0.009 0.080 0.005 0.065 0.030 0.045 
 148   (0.046) 0.014 0.044 0.037 0.026 0.046 0.011 0.054 0.040 0.046 
 144   (0.017) 0.081 0.008 0.007 0.008 0.010 0.002 0.009 0.008 0.017 
 176   (0.018) 0.008 0.005 0.008 0.073 0.011 0.007 0.008 0.008 0.018 
 140   (0.005) 0.000 0.001 0.001 0.000 0.001 0.000 0.000 0.001 0.004 
 180   (0.005) 0.000 0.000 0.001 0.000 0.001 0.000 0.000 0.001 0.004 

Locus 3 : 
10 alleles
0.0% missing data
 185   (0.232) 0.110 0.266 0.284 0.163 0.233 0.326 0.262 0.258 0.232 
 181   (0.108) 0.064 0.081 0.141 0.090 0.082 0.097 0.076 0.111 0.109 
 193   (0.169) 0.131 0.150 0.160 0.328 0.137 0.201 0.121 0.153 0.170 
 189   (0.325) 0.594 0.400 0.308 0.361 0.377 0.290 0.419 0.352 0.323 
 197   (0.120) 0.088 0.090 0.091 0.050 0.125 0.075 0.093 0.111 0.120 
 177   (0.005) 0.001 0.001 0.001 0.001 0.002 0.000 0.001 0.001 0.006 
 201   (0.019) 0.006 0.008 0.011 0.004 0.016 0.003 0.008 0.011 0.020 
 169   (0.012) 0.005 0.003 0.003 0.002 0.027 0.007 0.020 0.003 0.012 
 173   (0.005) 0.001 0.001 0.001 0.000 0.001 0.000 0.001 0.001 0.005 
 209   (0.004) 0.001 0.000 0.001 0.000 0.001 0.000 0.000 0.001 0.004 

Locus 4 : 
9 alleles
0.0% missing data
 177   (0.225) 0.248 0.216 0.299 0.250 0.226 0.127 0.257 0.245 0.225 
 165   (0.198) 0.212 0.216 0.188 0.124 0.216 0.069 0.190 0.186 0.201 
 169   (0.227) 0.304 0.293 0.197 0.172 0.250 0.402 0.232 0.269 0.226 
 173   (0.205) 0.136 0.177 0.220 0.260 0.224 0.129 0.215 0.194 0.207 
 193   (0.010) 0.001 0.004 0.004 0.002 0.007 0.001 0.005 0.002 0.010 
 185   (0.031) 0.015 0.022 0.024 0.113 0.016 0.006 0.014 0.022 0.031 
 181   (0.083) 0.078 0.063 0.061 0.076 0.053 0.264 0.077 0.072 0.082 
 161   (0.014) 0.003 0.008 0.006 0.002 0.007 0.002 0.008 0.009 0.014 
 189   (0.006) 0.002 0.001 0.001 0.000 0.002 0.000 0.001 0.001 0.006 

Locus 5 : 
17 alleles
0.0% missing data
 199   (0.238) 0.135 0.324 0.333 0.166 0.247 0.531 0.286 0.326 0.238 
 215   (0.043) 0.050 0.085 0.023 0.011 0.029 0.030 0.040 0.068 0.043 
 203   (0.263) 0.268 0.220 0.301 0.440 0.291 0.198 0.288 0.235 0.264 
 207   (0.152) 0.197 0.147 0.119 0.243 0.193 0.073 0.154 0.142 0.153 
 195   (0.102) 0.096 0.118 0.101 0.083 0.096 0.047 0.109 0.092 0.101 
 211   (0.056) 0.196 0.039 0.048 0.028 0.052 0.011 0.058 0.050 0.057 
 271   (0.005) 0.001 0.001 0.001 0.000 0.001 0.000 0.001 0.001 0.005 
 275   (0.019) 0.009 0.009 0.015 0.003 0.026 0.002 0.012 0.010 0.019 
 283   (0.022) 0.005 0.014 0.013 0.003 0.013 0.010 0.015 0.028 0.021 
 279   (0.021) 0.027 0.018 0.017 0.003 0.016 0.002 0.009 0.015 0.021 
 287   (0.023) 0.008 0.010 0.011 0.005 0.013 0.005 0.013 0.016 0.023 
 191   (0.017) 0.003 0.009 0.007 0.007 0.008 0.088 0.004 0.007 0.016 
 291   (0.010) 0.002 0.003 0.003 0.003 0.004 0.001 0.006 0.004 0.010 
 295   (0.005) 0.001 0.001 0.002 0.001 0.002 0.000 0.001 0.001 0.005 
 267   (0.010) 0.001 0.002 0.002 0.003 0.003 0.001 0.001 0.002 0.011 
 219   (0.009) 0.001 0.001 0.004 0.001 0.003 0.002 0.003 0.002 0.009 
 299   (0.006) 0.000 0.001 0.001 0.000 0.001 0.000 0.001 0.001 0.005 

Locus 6 : 
10 alleles
0.5% missing data
 238   (0.243) 0.186 0.297 0.278 0.332 0.203 0.234 0.220 0.259 0.243 
 250   (0.141) 0.129 0.150 0.180 0.228 0.142 0.057 0.156 0.144 0.140 
 246   (0.164) 0.108 0.132 0.187 0.254 0.241 0.040 0.215 0.126 0.165 
 242   (0.203) 0.274 0.222 0.174 0.080 0.199 0.543 0.206 0.245 0.202 
 234   (0.103) 0.085 0.112 0.089 0.048 0.091 0.098 0.088 0.130 0.103 
 254   (0.048) 0.051 0.029 0.040 0.011 0.043 0.006 0.038 0.032 0.048 
 230   (0.052) 0.107 0.034 0.031 0.031 0.040 0.009 0.039 0.033 0.052 
 258   (0.022) 0.054 0.009 0.009 0.014 0.028 0.007 0.029 0.010 0.021 
 226   (0.015) 0.003 0.008 0.011 0.002 0.008 0.002 0.005 0.016 0.015 
 218   (0.010) 0.002 0.007 0.003 0.001 0.004 0.004 0.003 0.005 0.009 

Locus 7 : 
5 alleles
77.9% missing data
 149   (0.874) 0.927 0.856 0.894 0.958 0.907 0.951 0.850 0.841 0.874 
 153   (0.045) 0.022 0.098 0.025 0.016 0.032 0.030 0.104 0.096 0.045 
 157   (0.035) 0.023 0.020 0.047 0.011 0.024 0.009 0.015 0.031 0.035 
 155   (0.030) 0.024 0.018 0.025 0.009 0.027 0.006 0.025 0.024 0.030 
 151   (0.016) 0.005 0.008 0.009 0.006 0.009 0.003 0.005 0.008 0.016 

Locus 8 : 
21 alleles
0.5% missing data
 152   (0.059) 0.041 0.120 0.085 0.019 0.059 0.066 0.081 0.088 0.059 
 148   (0.069) 0.028 0.085 0.068 0.018 0.065 0.024 0.053 0.063 0.069 
 142   (0.060) 0.058 0.069 0.081 0.017 0.071 0.017 0.066 0.079 0.060 
 140   (0.047) 0.029 0.029 0.034 0.032 0.050 0.006 0.047 0.034 0.047 
 138   (0.067) 0.093 0.043 0.065 0.023 0.097 0.052 0.075 0.060 0.065 
 136   (0.069) 0.099 0.056 0.064 0.017 0.074 0.017 0.075 0.048 0.070 
 150   (0.063) 0.057 0.039 0.058 0.016 0.064 0.110 0.061 0.049 0.063 
 146   (0.224) 0.357 0.317 0.284 0.272 0.210 0.459 0.237 0.310 0.225 
 128   (0.089) 0.077 0.104 0.076 0.218 0.100 0.067 0.100 0.100 0.089 
 164   (0.011) 0.002 0.003 0.005 0.002 0.006 0.001 0.002 0.002 0.012 
 156   (0.014) 0.019 0.005 0.013 0.002 0.006 0.007 0.009 0.015 0.013 
 144   (0.039) 0.012 0.025 0.021 0.115 0.040 0.014 0.053 0.022 0.039 
 158   (0.018) 0.003 0.015 0.008 0.004 0.017 0.007 0.016 0.010 0.018 
 134   (0.081) 0.086 0.045 0.065 0.221 0.086 0.114 0.089 0.070 0.081 
 168   (0.019) 0.010 0.011 0.012 0.008 0.015 0.023 0.008 0.010 0.019 
 160   (0.020) 0.008 0.015 0.030 0.005 0.011 0.007 0.009 0.017 0.020 
 162   (0.010) 0.003 0.008 0.004 0.001 0.005 0.004 0.003 0.005 0.010 
 154   (0.019) 0.016 0.006 0.016 0.008 0.014 0.002 0.009 0.010 0.020 
 170   (0.007) 0.001 0.001 0.002 0.001 0.002 0.001 0.001 0.001 0.007 
 130   (0.009) 0.002 0.003 0.007 0.002 0.005 0.001 0.002 0.004 0.009 
 172   (0.005) 0.001 0.001 0.001 0.000 0.001 0.000 0.000 0.001 0.004 

Locus 9 : 
8 alleles
0.2% missing data
 184   (0.224) 0.239 0.231 0.282 0.142 0.195 0.088 0.178 0.227 0.227 
 182   (0.157) 0.087 0.170 0.150 0.066 0.140 0.167 0.162 0.201 0.157 
 186   (0.391) 0.551 0.318 0.383 0.482 0.367 0.549 0.375 0.333 0.390 
 180   (0.175) 0.076 0.262 0.162 0.299 0.210 0.190 0.219 0.216 0.174 
 192   (0.018) 0.017 0.007 0.007 0.005 0.070 0.002 0.055 0.008 0.018 
 188   (0.015) 0.003 0.008 0.010 0.002 0.007 0.001 0.004 0.009 0.014 
 194   (0.015) 0.027 0.004 0.005 0.002 0.009 0.002 0.007 0.005 0.015 
 174   (0.004) 0.000 0.000 0.001 0.001 0.001 0.000 0.000 0.001 0.004 

Locus 10 : 
8 alleles
0.1% missing data
 164   (0.254) 0.296 0.243 0.289 0.158 0.236 0.167 0.212 0.239 0.255 
 160   (0.215) 0.236 0.154 0.176 0.338 0.235 0.392 0.210 0.174 0.216 
 168   (0.246) 0.227 0.295 0.221 0.197 0.215 0.248 0.277 0.316 0.244 
 156   (0.127) 0.071 0.181 0.144 0.083 0.207 0.154 0.213 0.165 0.126 
 172   (0.080) 0.045 0.094 0.106 0.201 0.058 0.025 0.051 0.060 0.081 
 152   (0.030) 0.101 0.011 0.019 0.014 0.020 0.005 0.018 0.010 0.030 
 176   (0.037) 0.020 0.020 0.042 0.009 0.026 0.009 0.017 0.033 0.037 
 180   (0.011) 0.004 0.002 0.004 0.001 0.004 0.001 0.002 0.003 0.011 

Locus 11 : 
10 alleles
0.0% missing data
 169   (0.305) 0.390 0.284 0.315 0.323 0.333 0.174 0.315 0.278 0.305 
 161   (0.094) 0.031 0.095 0.141 0.174 0.075 0.050 0.096 0.148 0.094 
 165   (0.282) 0.262 0.308 0.249 0.218 0.335 0.262 0.325 0.264 0.284 
 173   (0.138) 0.124 0.132 0.160 0.144 0.137 0.233 0.142 0.124 0.138 
 157   (0.052) 0.088 0.035 0.050 0.017 0.044 0.007 0.041 0.051 0.052 
 177   (0.061) 0.021 0.119 0.049 0.099 0.034 0.266 0.049 0.103 0.060 
 153   (0.016) 0.003 0.009 0.008 0.004 0.009 0.002 0.008 0.010 0.016 
 185   (0.015) 0.006 0.006 0.007 0.004 0.008 0.001 0.004 0.008 0.015 
 181   (0.024) 0.069 0.007 0.009 0.012 0.018 0.002 0.017 0.008 0.023 
 149   (0.014) 0.005 0.004 0.010 0.005 0.008 0.004 0.004 0.006 0.014 

Locus 12 : 
5 alleles
0.4% missing data
 149   (0.862) 0.919 0.855 0.881 0.968 0.900 0.967 0.857 0.841 0.862 
 157   (0.036) 0.025 0.019 0.056 0.009 0.025 0.008 0.015 0.034 0.036 
 153   (0.049) 0.027 0.097 0.031 0.011 0.036 0.020 0.095 0.093 0.049 
 151   (0.020) 0.009 0.011 0.010 0.003 0.012 0.002 0.006 0.009 0.020 
 155   (0.033) 0.020 0.017 0.022 0.009 0.028 0.003 0.027 0.023 0.033 

Values of parameters used in structure:
DATAFILE=/data/home/rchen/Hunting/Final_analysis/data_job_T9_43,	OUTFILE=/data/home/rchen/Hunting/Final_analysis/Results_females_4.4/results_job_T9_43,	NUMINDS=813,	NUMLOCI=12,	MISSING=-9,	LABEL=1,	POPDATA=1,	POPFLAG=0,	PHENOTYPE=0,	EXTRACOLS=0,	MAXPOPS=9,	BURNIN=10000,	NUMREPS=10000,	USEPOPINFO=0,	INFERALPHA=1,	INFERLAMBDA=0,	POPSPECIFICLAMBDA=0,	POPALPHAS=0,	COMPUTEPROB=1,	NOADMIX=0,	ADMBURNIN=2500,	UPDATEFREQ=1,	PRINTLIKES=0,	INTERMEDSAVE=0,	PRINTKLD=0,	PRINTNET=0,	PRINTLAMBDA=0,	ANCESTDIST=0,	NUMBOXES=1000,	ANCESTPINT=0.90000,	GENSBACK=2,	MIGRPRIOR=0.05000,	PRINTQHAT=1,	PRINTQSUM=0,	ALPHA=1.0000,	FREQSCORR=1,	FPRIORMEAN=0.0100,	FPRIORSD=0.0500,	ONEFST=0,	LAMBDA=1.0000,	UNIFPRIORALPHA=1,	ALPHAMAX=10.0000,	ALPHAPRIORA=1.0000,	ALPHAPRIORB=2.0000,	ALPHAPROPSD=0.0250,	STARTATPOPINFO=0,	RANDOMIZE=1,	LINKAGE=0,	METROFREQ=10,	REPORTHITRATE=0,	MARKOVPHASE=-1,	PHASED=0,	PLOIDY=2,	PHASEINFO=0	LOCPRIOR=0, 	LOCPRIORINIT=1.000000, 	LOCDATA=0, 	LOCISPOP=0, 	LOCPRIORSTEP=0.100000, 	MAXLOCPRIOR=20.000000, 	SEED=1649139728,	
[STRAT parameters]:    NUMSIMSTATS=1000,	PHENOTYPECOL=-9,	POOLFREQ=10,	LOCUSxONLY=0,	EMERROR=0.00100,	MISSINGPHENO=-9,	