

----------------------------------------------------
STRUCTURE by Pritchard, Stephens and Donnelly (2000)
     and Falush, Stephens and Pritchard (2003)
       Code by Pritchard, Falush and Hubisz
             Version 2.3.4 (Jul 2012)
----------------------------------------------------



Command line arguments:   /usr/local/bin/structure -m parameter_job_T10_23 
Input File:    /data/home/rchen/Hunting/Final_analysis/data_job_T10_23

Run parameters:
   813 individuals
   12 loci
   10 populations assumed
   10000 Burn-in period
   10000 Reps


--------------------------------------------
Proportion of membership of each pre-defined
 population in each of the 10 clusters

Given    Inferred Clusters                                                        Number of
 Pop       1      2      3      4      5      6      7      8      9     10      Individuals

  1:     0.094  0.089  0.113  0.103  0.111  0.091  0.109  0.100  0.103  0.088      144
  2:     0.103  0.097  0.084  0.097  0.096  0.118  0.097  0.101  0.095  0.112      163
  3:     0.142  0.086  0.065  0.105  0.096  0.073  0.101  0.103  0.101  0.126        8
  4:     0.093  0.119  0.104  0.097  0.099  0.108  0.093  0.087  0.102  0.097       88
  5:     0.098  0.093  0.104  0.101  0.102  0.105  0.103  0.108  0.100  0.085      121
  6:     0.079  0.115  0.091  0.110  0.098  0.086  0.103  0.101  0.106  0.112       22
  7:     0.098  0.113  0.083  0.106  0.092  0.080  0.106  0.134  0.104  0.082        9
  8:     0.115  0.096  0.087  0.097  0.092  0.104  0.098  0.108  0.102  0.102       20
  9:     0.094  0.107  0.105  0.101  0.094  0.082  0.092  0.092  0.094  0.139       16
 10:     0.119  0.104  0.090  0.099  0.097  0.099  0.096  0.088  0.099  0.111       64
 11:     0.105  0.107  0.109  0.098  0.095  0.093  0.092  0.103  0.096  0.103      131
 12:     0.084  0.097  0.106  0.112  0.104  0.077  0.120  0.105  0.104  0.090       27
--------------------------------------------

Allele-freq. divergence among pops (Net nucleotide distance),
computed using point estimates of P.

      1       2       3       4       5       6       7       8       9      10      
 1      -    0.0213  0.0208  0.0076  0.0072  0.0453  0.0092  0.0219  0.0093  0.0136  
 2   0.0213     -    0.0319  0.0171  0.0158  0.0400  0.0175  0.0318  0.0124  0.0275  
 3   0.0208  0.0319     -    0.0116  0.0109  0.0437  0.0122  0.0203  0.0144  0.0257  
 4   0.0076  0.0171  0.0116     -    0.0008  0.0379  0.0007  0.0164  0.0018  0.0090  
 5   0.0072  0.0158  0.0109  0.0008     -    0.0349  0.0007  0.0132  0.0014  0.0113  
 6   0.0453  0.0400  0.0437  0.0379  0.0349     -    0.0385  0.0440  0.0357  0.0480  
 7   0.0092  0.0175  0.0122  0.0007  0.0007  0.0385     -    0.0146  0.0016  0.0131  
 8   0.0219  0.0318  0.0203  0.0164  0.0132  0.0440  0.0146     -    0.0139  0.0246  
 9   0.0093  0.0124  0.0144  0.0018  0.0014  0.0357  0.0016  0.0139     -    0.0105  
10   0.0136  0.0275  0.0257  0.0090  0.0113  0.0480  0.0131  0.0246  0.0105     -    

Average distances (expected heterozygosity) between individuals in same cluster:
cluster  1  : 0.6767 
cluster  2  : 0.7116 
cluster  3  : 0.6568 
cluster  4  : 0.7035 
cluster  5  : 0.7152 
cluster  6  : 0.6031 
cluster  7  : 0.7148 
cluster  8  : 0.6554 
cluster  9  : 0.7145 
cluster 10  : 0.6538 

--------------------------------------------
Estimated Ln Prob of Data   = -32777.9
Mean value of ln likelihood = -28954.2
Variance of ln likelihood   = 7647.3
Mean value of alpha         = 0.2067

Mean value of Fst_1         = 0.0820
Mean value of Fst_2         = 0.1080
Mean value of Fst_3         = 0.1080
Mean value of Fst_4         = 0.0487
Mean value of Fst_5         = 0.0062
Mean value of Fst_6         = 0.1633
Mean value of Fst_7         = 0.0340
Mean value of Fst_8         = 0.1144
Mean value of Fst_9         = 0.0479
Mean value of Fst_10         = 0.0915


Inferred ancestry of individuals:
        Label (%Miss) Pop:  Inferred clusters
  1     H102    (8)    1 :  0.047 0.070 0.379 0.110 0.078 0.057 0.082 0.068 0.073 0.036 
  2     H103    (8)    1 :  0.125 0.076 0.086 0.125 0.127 0.029 0.169 0.039 0.156 0.066 
  3     H104    (8)    1 :  0.145 0.091 0.100 0.076 0.083 0.147 0.073 0.106 0.083 0.096 
  4     H105    (0)    1 :  0.060 0.048 0.139 0.108 0.088 0.101 0.136 0.133 0.103 0.083 
  5     H106    (8)    1 :  0.055 0.147 0.066 0.106 0.098 0.097 0.107 0.081 0.147 0.097 
  6     H112    (8)    1 :  0.092 0.076 0.188 0.076 0.092 0.146 0.090 0.080 0.081 0.079 
  7     H113    (8)    1 :  0.105 0.059 0.088 0.103 0.084 0.077 0.069 0.077 0.082 0.256 
  8     H114    (8)    1 :  0.118 0.055 0.124 0.106 0.082 0.039 0.083 0.066 0.088 0.239 
  9     H115    (0)    1 :  0.113 0.054 0.348 0.063 0.065 0.083 0.061 0.100 0.054 0.059 
 10     H143    (8)    1 :  0.063 0.053 0.255 0.089 0.110 0.061 0.099 0.105 0.099 0.065 
 11     H144    (8)    1 :  0.060 0.046 0.133 0.108 0.190 0.029 0.129 0.121 0.142 0.044 
 12     H145    (0)    1 :  0.060 0.048 0.210 0.145 0.144 0.042 0.107 0.057 0.088 0.099 
 13     H149    (0)    1 :  0.083 0.142 0.087 0.075 0.084 0.130 0.074 0.132 0.130 0.063 
 14     H150    (0)    1 :  0.075 0.061 0.118 0.115 0.151 0.083 0.108 0.068 0.102 0.119 
 15  H167542    (0)    1 :  0.083 0.062 0.147 0.066 0.069 0.048 0.078 0.304 0.063 0.078 
 16  H169604    (0)    1 :  0.152 0.059 0.151 0.110 0.093 0.058 0.098 0.122 0.073 0.083 
 17  H169607    (0)    1 :  0.138 0.076 0.118 0.112 0.133 0.053 0.092 0.111 0.081 0.085 
 18  H169608    (8)    1 :  0.044 0.061 0.346 0.070 0.067 0.178 0.076 0.059 0.052 0.046 
 19  H169633    (0)    1 :  0.116 0.059 0.086 0.098 0.102 0.044 0.094 0.159 0.091 0.152 
 20  H169688    (0)    1 :  0.116 0.197 0.059 0.109 0.139 0.040 0.116 0.056 0.127 0.042 
 21  H169714    (8)    1 :  0.123 0.151 0.090 0.096 0.110 0.094 0.078 0.064 0.117 0.076 
 22  H171802    (8)    1 :  0.182 0.094 0.047 0.074 0.077 0.211 0.058 0.050 0.083 0.125 
 23  H171805    (8)    1 :  0.083 0.101 0.101 0.133 0.124 0.047 0.154 0.057 0.116 0.084 
 24  H171807    (8)    1 :  0.093 0.051 0.068 0.114 0.105 0.158 0.117 0.136 0.104 0.055 
 25  H171814    (8)    1 :  0.163 0.054 0.066 0.090 0.170 0.040 0.093 0.046 0.080 0.199 
 26  H171816    (8)    1 :  0.118 0.104 0.086 0.116 0.101 0.123 0.102 0.075 0.090 0.085 
 27  H171817    (8)    1 :  0.090 0.096 0.102 0.121 0.100 0.102 0.108 0.078 0.092 0.110 
 28  H171818    (8)    1 :  0.085 0.128 0.087 0.100 0.092 0.045 0.130 0.136 0.113 0.083 
 29  H171819    (8)    1 :  0.085 0.074 0.082 0.137 0.081 0.103 0.073 0.056 0.086 0.225 
 30  H171834    (8)    1 :  0.063 0.063 0.224 0.098 0.101 0.048 0.142 0.088 0.113 0.060 
 31  H171835    (8)    1 :  0.120 0.236 0.061 0.057 0.059 0.120 0.051 0.069 0.128 0.098 
 32  H171836    (8)    1 :  0.118 0.060 0.084 0.120 0.110 0.027 0.137 0.083 0.111 0.149 
 33  H171837    (8)    1 :  0.094 0.095 0.139 0.069 0.097 0.094 0.080 0.162 0.073 0.097 
 34  H171838    (8)    1 :  0.058 0.080 0.075 0.165 0.103 0.040 0.141 0.046 0.163 0.129 
 35  H171839    (8)    1 :  0.145 0.112 0.094 0.075 0.075 0.117 0.066 0.119 0.080 0.116 
 36  H171841    (8)    1 :  0.055 0.047 0.049 0.078 0.060 0.501 0.084 0.037 0.052 0.037 
 37  H171860    (8)    1 :  0.120 0.050 0.128 0.103 0.110 0.095 0.113 0.095 0.088 0.100 
 38  H171861    (8)    1 :  0.054 0.052 0.216 0.125 0.097 0.029 0.150 0.074 0.105 0.098 
 39  H171862    (8)    1 :  0.075 0.061 0.145 0.135 0.129 0.056 0.131 0.084 0.125 0.058 
 40  H171868    (8)    1 :  0.048 0.057 0.271 0.093 0.078 0.047 0.091 0.157 0.092 0.065 
 41  H171869    (8)    1 :  0.097 0.117 0.075 0.119 0.177 0.041 0.121 0.070 0.115 0.069 
 42  H171870    (8)    1 :  0.093 0.192 0.061 0.093 0.117 0.086 0.109 0.076 0.117 0.054 
 43  H171871    (8)    1 :  0.173 0.090 0.096 0.102 0.128 0.041 0.117 0.047 0.127 0.079 
 44  H171872    (8)    1 :  0.122 0.062 0.166 0.096 0.093 0.113 0.079 0.073 0.086 0.110 
 45  H171873    (8)    1 :  0.106 0.159 0.050 0.096 0.125 0.064 0.119 0.051 0.142 0.087 
 46  H171874    (8)    1 :  0.082 0.052 0.164 0.144 0.120 0.046 0.193 0.063 0.086 0.049 
 47  H171875    (8)    1 :  0.077 0.039 0.207 0.115 0.120 0.033 0.128 0.079 0.085 0.117 
 48  H171876    (8)    1 :  0.148 0.058 0.106 0.121 0.115 0.037 0.114 0.140 0.098 0.065 
 49  H171877    (8)    1 :  0.060 0.079 0.080 0.059 0.063 0.039 0.064 0.429 0.056 0.071 
 50  H171878    (8)    1 :  0.066 0.253 0.062 0.095 0.123 0.067 0.080 0.106 0.096 0.051 
 51  H171901    (0)    1 :  0.216 0.148 0.050 0.091 0.070 0.150 0.068 0.061 0.079 0.066 
 52  H171902    (0)    1 :  0.084 0.065 0.104 0.105 0.158 0.135 0.112 0.071 0.098 0.068 
 53  H171903    (0)    1 :  0.153 0.094 0.145 0.110 0.121 0.055 0.091 0.050 0.098 0.084 
 54  H171935    (8)    1 :  0.073 0.168 0.056 0.116 0.104 0.113 0.122 0.049 0.127 0.072 
 55  H171936    (8)    1 :  0.127 0.078 0.074 0.109 0.089 0.043 0.080 0.160 0.072 0.167 
 56  H171940    (8)    1 :  0.044 0.064 0.074 0.082 0.085 0.106 0.136 0.259 0.109 0.042 
 57  H171945    (8)    1 :  0.094 0.092 0.075 0.092 0.125 0.154 0.113 0.079 0.097 0.080 
 58  H171948    (8)    1 :  0.063 0.058 0.150 0.092 0.077 0.156 0.131 0.073 0.105 0.094 
 59  H171949    (8)    1 :  0.067 0.091 0.052 0.078 0.070 0.206 0.078 0.186 0.117 0.056 
 60  H171950    (8)    1 :  0.109 0.215 0.098 0.083 0.070 0.154 0.072 0.058 0.092 0.050 
 61  H171963    (8)    1 :  0.059 0.243 0.058 0.110 0.101 0.034 0.111 0.057 0.135 0.090 
 62  H171964    (8)    1 :  0.043 0.053 0.061 0.136 0.208 0.050 0.161 0.066 0.125 0.097 
 63  H171966    (8)    1 :  0.054 0.157 0.073 0.102 0.118 0.069 0.124 0.073 0.139 0.091 
 64  H171968    (8)    1 :  0.085 0.071 0.166 0.084 0.139 0.119 0.121 0.080 0.093 0.043 
 65  H171971    (8)    1 :  0.082 0.129 0.057 0.145 0.098 0.048 0.157 0.052 0.121 0.110 
 66  H171972    (8)    1 :  0.119 0.051 0.081 0.187 0.115 0.036 0.177 0.055 0.085 0.093 
 67  H171977    (8)    1 :  0.066 0.087 0.076 0.117 0.142 0.043 0.119 0.143 0.120 0.088 
 68  H171978    (8)    1 :  0.080 0.089 0.104 0.122 0.115 0.163 0.119 0.048 0.099 0.060 
 69  H171979    (8)    1 :  0.114 0.070 0.079 0.154 0.112 0.035 0.155 0.066 0.114 0.102 
 70     H176    (8)    1 :  0.079 0.042 0.183 0.095 0.092 0.100 0.089 0.094 0.082 0.145 
 71     H177    (0)    1 :  0.082 0.147 0.113 0.078 0.069 0.260 0.070 0.070 0.068 0.045 
 72     H179    (0)    1 :  0.089 0.102 0.100 0.066 0.065 0.182 0.059 0.153 0.071 0.113 
 73     H181    (0)    1 :  0.055 0.059 0.071 0.118 0.120 0.048 0.143 0.119 0.172 0.093 
 74     H182    (8)    1 :  0.066 0.054 0.214 0.131 0.117 0.029 0.129 0.051 0.115 0.094 
 75     H183    (8)    1 :  0.095 0.070 0.041 0.098 0.143 0.063 0.146 0.094 0.180 0.067 
 76     H184    (8)    1 :  0.058 0.050 0.094 0.119 0.089 0.186 0.161 0.076 0.082 0.086 
 77     H185    (8)    1 :  0.055 0.075 0.071 0.121 0.111 0.062 0.112 0.124 0.116 0.152 
 78     H186    (8)    1 :  0.048 0.088 0.179 0.089 0.182 0.086 0.111 0.063 0.120 0.035 
 79     H187    (8)    1 :  0.145 0.170 0.083 0.115 0.080 0.090 0.099 0.059 0.085 0.075 
 80     H188    (8)    1 :  0.080 0.056 0.039 0.055 0.058 0.095 0.059 0.397 0.069 0.092 
 81     H192    (8)    1 :  0.059 0.105 0.069 0.105 0.090 0.186 0.114 0.099 0.106 0.067 
 82     H193    (8)    1 :  0.052 0.073 0.202 0.108 0.139 0.031 0.166 0.073 0.114 0.041 
 83     H194    (0)    1 :  0.095 0.089 0.112 0.089 0.101 0.098 0.103 0.105 0.094 0.114 
 84     H195    (0)    1 :  0.097 0.129 0.072 0.129 0.176 0.052 0.128 0.062 0.112 0.043 
 85     H199    (8)    1 :  0.107 0.070 0.052 0.114 0.177 0.077 0.135 0.081 0.110 0.076 
 86     H200    (8)    1 :  0.135 0.073 0.067 0.087 0.093 0.185 0.085 0.088 0.068 0.118 
 87     H414    (8)    1 :  0.216 0.091 0.107 0.117 0.128 0.042 0.100 0.043 0.102 0.053 
 88     H415    (0)    1 :  0.143 0.045 0.133 0.132 0.104 0.047 0.090 0.046 0.084 0.177 
 89     H422    (8)    1 :  0.057 0.060 0.139 0.124 0.157 0.130 0.114 0.055 0.101 0.064 
 90     H423    (8)    1 :  0.040 0.060 0.044 0.048 0.044 0.567 0.049 0.048 0.051 0.049 
 91     H424    (8)    1 :  0.091 0.075 0.077 0.114 0.145 0.059 0.117 0.065 0.155 0.102 
 92     H425    (8)    1 :  0.117 0.104 0.060 0.093 0.188 0.040 0.121 0.091 0.107 0.079 
 93     H426    (8)    1 :  0.077 0.064 0.071 0.111 0.197 0.058 0.169 0.047 0.148 0.057 
 94     H443    (8)    1 :  0.060 0.041 0.136 0.073 0.231 0.034 0.128 0.118 0.146 0.034 
 95     H466    (8)    1 :  0.119 0.135 0.079 0.087 0.116 0.074 0.099 0.113 0.110 0.069 
 96     H467    (8)    1 :  0.056 0.204 0.059 0.073 0.095 0.155 0.087 0.099 0.107 0.064 
 97     H472    (8)    1 :  0.093 0.107 0.046 0.078 0.092 0.105 0.074 0.198 0.091 0.116 
 98     H483    (8)    1 :  0.047 0.046 0.104 0.105 0.102 0.047 0.140 0.212 0.133 0.066 
 99     H504    (8)    1 :  0.096 0.058 0.059 0.109 0.202 0.051 0.114 0.048 0.132 0.131 
100     H505    (8)    1 :  0.110 0.116 0.053 0.082 0.098 0.091 0.095 0.196 0.089 0.071 
101     H506    (0)    1 :  0.049 0.074 0.154 0.101 0.140 0.091 0.142 0.069 0.087 0.092 
102     H507    (8)    1 :  0.154 0.103 0.075 0.107 0.102 0.021 0.125 0.112 0.105 0.096 
103     H508    (8)    1 :  0.088 0.253 0.048 0.088 0.098 0.095 0.077 0.076 0.095 0.083 
104     H524    (8)    1 :  0.202 0.067 0.088 0.082 0.089 0.041 0.088 0.121 0.089 0.132 
105     H525    (8)    1 :  0.072 0.082 0.101 0.111 0.157 0.036 0.177 0.100 0.102 0.062 
106     H526    (8)    1 :  0.073 0.050 0.119 0.083 0.080 0.079 0.071 0.245 0.062 0.138 
107     H527    (8)    1 :  0.095 0.114 0.116 0.138 0.083 0.143 0.137 0.063 0.068 0.044 
108     H528    (8)    1 :  0.089 0.043 0.094 0.138 0.134 0.043 0.132 0.050 0.099 0.178 
109     H529    (8)    1 :  0.086 0.089 0.105 0.108 0.140 0.027 0.114 0.094 0.130 0.107 
110     H533    (0)    1 :  0.183 0.071 0.109 0.130 0.085 0.023 0.131 0.051 0.127 0.091 
111     H538    (8)    1 :  0.158 0.067 0.080 0.096 0.087 0.106 0.079 0.162 0.089 0.076 
112     H539    (0)    1 :  0.069 0.274 0.088 0.098 0.086 0.051 0.101 0.045 0.132 0.056 
113     H540    (0)    1 :  0.113 0.089 0.119 0.096 0.104 0.073 0.110 0.090 0.108 0.098 
114     H541    (8)    1 :  0.127 0.087 0.131 0.080 0.088 0.045 0.090 0.182 0.083 0.088 
115     H558    (8)    1 :  0.072 0.066 0.058 0.155 0.130 0.076 0.182 0.040 0.147 0.074 
116     H559    (8)    1 :  0.046 0.059 0.229 0.086 0.121 0.091 0.120 0.105 0.083 0.060 
117     H579    (8)    1 :  0.052 0.048 0.146 0.130 0.128 0.054 0.180 0.084 0.122 0.056 
118     H584    (8)    1 :  0.087 0.072 0.088 0.109 0.163 0.054 0.125 0.067 0.137 0.098 
119     H585    (8)    1 :  0.113 0.122 0.055 0.122 0.126 0.053 0.107 0.076 0.117 0.110 
120     H605    (8)    1 :  0.087 0.086 0.092 0.109 0.127 0.160 0.096 0.075 0.106 0.063 
121     H606    (8)    1 :  0.067 0.085 0.187 0.072 0.084 0.226 0.074 0.092 0.070 0.044 
122     H632    (8)    1 :  0.049 0.074 0.133 0.116 0.166 0.034 0.148 0.082 0.115 0.084 
123     H634    (8)    1 :  0.099 0.077 0.107 0.110 0.114 0.069 0.113 0.083 0.130 0.099 
124     H671    (8)    1 :  0.066 0.104 0.055 0.066 0.087 0.341 0.057 0.055 0.080 0.089 
125     H672    (8)    1 :  0.314 0.072 0.047 0.066 0.077 0.064 0.076 0.066 0.067 0.149 
126     H673    (8)    1 :  0.049 0.047 0.105 0.104 0.152 0.052 0.136 0.186 0.124 0.046 
127     H689    (8)    1 :  0.098 0.052 0.120 0.104 0.147 0.051 0.096 0.144 0.111 0.077 
128     H690    (8)    1 :  0.123 0.083 0.314 0.078 0.057 0.080 0.052 0.074 0.076 0.064 
129     H691    (8)    1 :  0.135 0.086 0.153 0.083 0.079 0.047 0.080 0.206 0.075 0.056 
130     H692    (8)    1 :  0.078 0.036 0.074 0.131 0.175 0.023 0.191 0.072 0.124 0.096 
131     H709    (8)    1 :  0.167 0.074 0.156 0.087 0.094 0.055 0.105 0.058 0.118 0.084 
132     H710    (8)    1 :  0.058 0.046 0.116 0.117 0.124 0.033 0.157 0.053 0.170 0.126 
133    H7355    (8)    1 :  0.062 0.055 0.228 0.113 0.069 0.034 0.070 0.105 0.066 0.199 
134    H7356    (8)    1 :  0.096 0.063 0.090 0.110 0.129 0.089 0.137 0.062 0.149 0.074 
135    H7357    (8)    1 :  0.071 0.092 0.200 0.091 0.077 0.086 0.086 0.125 0.095 0.077 
136    H7358    (8)    1 :  0.066 0.062 0.077 0.080 0.095 0.058 0.094 0.327 0.069 0.074 
137    H7380    (8)    1 :  0.060 0.050 0.267 0.108 0.108 0.051 0.117 0.065 0.101 0.072 
138    H7381    (8)    1 :  0.071 0.090 0.070 0.111 0.147 0.151 0.127 0.074 0.113 0.047 
139    H7382    (8)    1 :  0.124 0.064 0.143 0.139 0.123 0.055 0.111 0.082 0.094 0.066 
140     H904    (8)    1 :  0.057 0.113 0.162 0.057 0.061 0.299 0.062 0.085 0.061 0.043 
141     H923   (25)    1 :  0.090 0.086 0.065 0.088 0.107 0.128 0.092 0.145 0.098 0.103 
142     H924    (8)    1 :  0.082 0.066 0.089 0.088 0.108 0.159 0.106 0.147 0.088 0.067 
143     H925    (8)    1 :  0.066 0.108 0.098 0.057 0.063 0.049 0.067 0.332 0.063 0.097 
144    H9558    (0)    1 :  0.080 0.061 0.055 0.158 0.120 0.074 0.171 0.038 0.174 0.071 
145     H008    (0)    2 :  0.085 0.045 0.080 0.116 0.106 0.047 0.144 0.106 0.104 0.166 
146     H021    (8)    2 :  0.119 0.145 0.099 0.080 0.087 0.070 0.074 0.175 0.090 0.061 
147     H023    (8)    2 :  0.060 0.138 0.123 0.081 0.080 0.087 0.079 0.193 0.097 0.061 
148     H024    (8)    2 :  0.123 0.034 0.033 0.124 0.114 0.047 0.083 0.045 0.101 0.297 
149     H025    (8)    2 :  0.060 0.058 0.064 0.095 0.108 0.303 0.102 0.071 0.084 0.055 
150     H026    (8)    2 :  0.134 0.053 0.056 0.099 0.173 0.037 0.111 0.057 0.125 0.156 
151     H027    (8)    2 :  0.187 0.090 0.080 0.067 0.082 0.043 0.079 0.175 0.096 0.102 
152     H028    (8)    2 :  0.072 0.051 0.083 0.130 0.125 0.064 0.138 0.109 0.147 0.082 
153     H029    (0)    2 :  0.099 0.073 0.055 0.126 0.091 0.033 0.081 0.122 0.072 0.248 
154     H030    (0)    2 :  0.132 0.051 0.056 0.201 0.114 0.040 0.167 0.050 0.076 0.114 
155     H038    (0)    2 :  0.060 0.346 0.063 0.058 0.058 0.065 0.068 0.113 0.108 0.061 
156     H039    (8)    2 :  0.032 0.036 0.042 0.031 0.031 0.703 0.029 0.032 0.030 0.035 
157     H040    (8)    2 :  0.093 0.290 0.065 0.083 0.077 0.105 0.059 0.044 0.110 0.073 
158     H041    (0)    2 :  0.081 0.040 0.062 0.115 0.080 0.089 0.085 0.153 0.074 0.222 
159     H042    (8)    2 :  0.066 0.067 0.086 0.100 0.096 0.120 0.109 0.176 0.094 0.086 
160     H043    (0)    2 :  0.069 0.296 0.058 0.069 0.067 0.232 0.063 0.032 0.079 0.036 
161     H044   (16)    2 :  0.108 0.089 0.064 0.141 0.104 0.049 0.163 0.045 0.120 0.117 
162     H047    (0)    2 :  0.080 0.060 0.077 0.093 0.115 0.190 0.101 0.055 0.123 0.105 
163     H050    (8)    2 :  0.302 0.058 0.074 0.080 0.090 0.036 0.075 0.031 0.085 0.167 
164     H058    (8)    2 :  0.081 0.276 0.052 0.097 0.087 0.072 0.095 0.083 0.097 0.060 
165     H062    (8)    2 :  0.044 0.078 0.090 0.063 0.073 0.105 0.060 0.379 0.067 0.041 
166     H063    (8)    2 :  0.094 0.165 0.072 0.087 0.064 0.169 0.084 0.091 0.089 0.084 
167     H065    (8)    2 :  0.047 0.056 0.089 0.106 0.230 0.123 0.120 0.076 0.111 0.044 
168     H066    (8)    2 :  0.118 0.111 0.044 0.121 0.098 0.047 0.103 0.040 0.118 0.200 
169     H067    (8)    2 :  0.070 0.071 0.142 0.103 0.113 0.044 0.103 0.151 0.109 0.094 
170     H068    (8)    2 :  0.087 0.126 0.048 0.081 0.093 0.176 0.088 0.110 0.117 0.074 
171     H069    (8)    2 :  0.110 0.186 0.039 0.100 0.110 0.066 0.103 0.123 0.082 0.081 
172     H071    (0)    2 :  0.091 0.110 0.122 0.093 0.109 0.095 0.102 0.105 0.100 0.073 
173     H072    (8)    2 :  0.056 0.061 0.043 0.067 0.059 0.469 0.059 0.069 0.053 0.064 
174     H073    (8)    2 :  0.099 0.111 0.106 0.097 0.137 0.049 0.095 0.101 0.104 0.100 
175     H081    (0)    2 :  0.075 0.048 0.124 0.082 0.078 0.122 0.075 0.215 0.073 0.108 
176     H082    (8)    2 :  0.076 0.071 0.053 0.156 0.101 0.043 0.179 0.063 0.150 0.110 
177     H083    (0)    2 :  0.083 0.058 0.072 0.189 0.124 0.043 0.209 0.073 0.106 0.043 
178     H084    (0)    2 :  0.121 0.173 0.048 0.100 0.079 0.059 0.072 0.098 0.102 0.146 
179     H085    (0)    2 :  0.196 0.039 0.079 0.071 0.078 0.053 0.060 0.264 0.061 0.100 
180     H087    (8)    2 :  0.047 0.041 0.165 0.083 0.075 0.073 0.087 0.238 0.083 0.109 
181     H088    (0)    2 :  0.106 0.090 0.106 0.098 0.089 0.162 0.090 0.104 0.083 0.072 
182     H089    (8)    2 :  0.100 0.113 0.095 0.064 0.086 0.045 0.069 0.288 0.066 0.074 
183     H090    (8)    2 :  0.303 0.033 0.052 0.067 0.074 0.055 0.077 0.056 0.075 0.209 
184     H091    (0)    2 :  0.370 0.037 0.061 0.073 0.069 0.028 0.056 0.109 0.054 0.141 
185     H098    (8)    2 :  0.065 0.061 0.056 0.134 0.076 0.075 0.086 0.113 0.101 0.233 
186   H10001    (8)    2 :  0.041 0.042 0.054 0.030 0.031 0.670 0.032 0.036 0.034 0.029 
187   H10002    (8)    2 :  0.067 0.097 0.279 0.096 0.074 0.126 0.082 0.067 0.069 0.044 
188     H101    (8)    2 :  0.347 0.081 0.030 0.090 0.071 0.039 0.069 0.035 0.063 0.176 
189     H108    (8)    2 :  0.036 0.038 0.114 0.066 0.080 0.280 0.082 0.188 0.074 0.042 
190     H109    (0)    2 :  0.127 0.131 0.050 0.096 0.091 0.120 0.078 0.038 0.093 0.177 
191     H110    (8)    2 :  0.056 0.046 0.318 0.122 0.076 0.039 0.091 0.082 0.069 0.102 
192     H116    (8)    2 :  0.085 0.073 0.081 0.120 0.172 0.047 0.135 0.049 0.116 0.124 
193     H117    (0)    2 :  0.164 0.049 0.048 0.117 0.062 0.031 0.055 0.065 0.064 0.344 
194     H118    (8)    2 :  0.251 0.037 0.071 0.066 0.098 0.030 0.080 0.132 0.087 0.147 
195     H119    (8)    2 :  0.062 0.092 0.123 0.121 0.085 0.094 0.070 0.055 0.093 0.204 
196     H120    (8)    2 :  0.048 0.055 0.075 0.055 0.054 0.397 0.049 0.171 0.050 0.047 
197     H121    (8)    2 :  0.342 0.031 0.046 0.067 0.072 0.036 0.057 0.125 0.053 0.171 
198     H125    (8)    2 :  0.040 0.131 0.034 0.039 0.039 0.521 0.042 0.044 0.060 0.050 
199     H126    (0)    2 :  0.050 0.032 0.082 0.121 0.172 0.126 0.157 0.065 0.117 0.078 
200     H128    (8)    2 :  0.405 0.026 0.032 0.078 0.082 0.019 0.059 0.035 0.062 0.202 
201     H129    (8)    2 :  0.055 0.084 0.072 0.101 0.202 0.034 0.153 0.072 0.162 0.065 
202     H130    (0)    2 :  0.080 0.066 0.083 0.142 0.117 0.194 0.138 0.044 0.105 0.032 
203     H133    (0)    2 :  0.075 0.060 0.043 0.055 0.068 0.498 0.052 0.039 0.056 0.053 
204     H134    (8)    2 :  0.037 0.035 0.085 0.127 0.272 0.041 0.135 0.042 0.162 0.063 
205     H135    (8)    2 :  0.081 0.065 0.143 0.104 0.101 0.114 0.102 0.099 0.098 0.092 
206     H137    (8)    2 :  0.164 0.075 0.033 0.109 0.074 0.073 0.066 0.055 0.101 0.250 
207     H138    (8)    2 :  0.073 0.059 0.145 0.143 0.155 0.038 0.161 0.039 0.131 0.055 
208     H140    (8)    2 :  0.223 0.038 0.074 0.092 0.081 0.119 0.081 0.060 0.090 0.142 
209     H146    (8)    2 :  0.377 0.031 0.047 0.059 0.074 0.054 0.051 0.056 0.064 0.186 
210     H147    (0)    2 :  0.139 0.056 0.159 0.102 0.094 0.054 0.078 0.094 0.079 0.145 
211     H148    (0)    2 :  0.149 0.057 0.186 0.092 0.074 0.040 0.072 0.080 0.070 0.180 
212  H166022    (0)    2 :  0.097 0.067 0.107 0.147 0.115 0.036 0.119 0.051 0.099 0.162 
213  H167359    (8)    2 :  0.119 0.070 0.069 0.122 0.133 0.078 0.161 0.069 0.094 0.085 
214  H167397    (0)    2 :  0.085 0.035 0.072 0.152 0.075 0.019 0.106 0.039 0.083 0.334 
215  H167428    (8)    2 :  0.089 0.037 0.088 0.067 0.090 0.025 0.107 0.304 0.080 0.113 
216  H167496    (0)    2 :  0.092 0.080 0.066 0.066 0.059 0.318 0.059 0.104 0.067 0.089 
217  H167513    (0)    2 :  0.037 0.359 0.035 0.054 0.045 0.047 0.102 0.044 0.191 0.086 
218  H167545    (8)    2 :  0.097 0.071 0.115 0.133 0.128 0.034 0.118 0.069 0.161 0.074 
219  H167547    (0)    2 :  0.034 0.055 0.035 0.170 0.062 0.032 0.054 0.023 0.057 0.478 
220  H169621    (8)    2 :  0.189 0.048 0.079 0.152 0.115 0.035 0.119 0.058 0.092 0.114 
221  H169622    (8)    2 :  0.163 0.092 0.119 0.124 0.126 0.044 0.138 0.074 0.075 0.046 
222  H169750    (0)    2 :  0.096 0.122 0.049 0.147 0.098 0.129 0.143 0.042 0.106 0.069 
223  H171806    (8)    2 :  0.172 0.087 0.087 0.080 0.094 0.086 0.070 0.089 0.082 0.153 
224  H171808    (8)    2 :  0.078 0.109 0.074 0.070 0.109 0.065 0.103 0.209 0.093 0.090 
225  H171809    (8)    2 :  0.052 0.069 0.173 0.087 0.098 0.096 0.092 0.144 0.097 0.092 
226  H171813    (8)    2 :  0.076 0.125 0.113 0.103 0.135 0.058 0.113 0.073 0.119 0.084 
227  H171815    (8)    2 :  0.051 0.189 0.066 0.070 0.087 0.285 0.068 0.060 0.071 0.053 
228  H171824    (8)    2 :  0.105 0.089 0.156 0.087 0.080 0.120 0.082 0.111 0.065 0.106 
229  H171825    (8)    2 :  0.132 0.083 0.128 0.108 0.131 0.050 0.126 0.104 0.094 0.044 
230  H171826    (8)    2 :  0.067 0.097 0.158 0.089 0.092 0.102 0.096 0.086 0.090 0.122 
231  H171827    (8)    2 :  0.107 0.186 0.213 0.090 0.089 0.043 0.091 0.042 0.089 0.052 
232  H171828    (8)    2 :  0.051 0.073 0.070 0.045 0.057 0.368 0.047 0.183 0.051 0.056 
233  H171829    (8)    2 :  0.076 0.110 0.071 0.119 0.125 0.101 0.121 0.038 0.135 0.104 
234  H171830    (8)    2 :  0.082 0.082 0.060 0.129 0.085 0.104 0.113 0.066 0.112 0.167 
235  H171831    (8)    2 :  0.060 0.079 0.073 0.118 0.133 0.035 0.134 0.075 0.163 0.130 
236  H171832    (8)    2 :  0.064 0.046 0.090 0.124 0.144 0.080 0.186 0.059 0.138 0.069 
237  H171863    (8)    2 :  0.098 0.070 0.057 0.187 0.139 0.026 0.183 0.067 0.096 0.078 
238  H171864    (8)    2 :  0.104 0.084 0.065 0.096 0.072 0.073 0.080 0.104 0.103 0.221 
239  H171865    (8)    2 :  0.047 0.125 0.045 0.089 0.071 0.307 0.079 0.078 0.074 0.085 
240  H171879    (8)    2 :  0.138 0.068 0.068 0.119 0.108 0.068 0.089 0.049 0.082 0.212 
241  H171880    (8)    2 :  0.232 0.060 0.048 0.111 0.075 0.041 0.069 0.043 0.067 0.254 
242  H171881    (8)    2 :  0.069 0.066 0.081 0.102 0.115 0.042 0.144 0.187 0.124 0.070 
243  H171882    (8)    2 :  0.039 0.040 0.051 0.039 0.042 0.619 0.046 0.050 0.042 0.032 
244  H171929    (0)    2 :  0.088 0.051 0.055 0.101 0.103 0.076 0.134 0.155 0.108 0.129 
245  H171930    (0)    2 :  0.175 0.060 0.045 0.106 0.100 0.035 0.116 0.042 0.153 0.167 
246  H171933    (0)    2 :  0.181 0.077 0.075 0.120 0.092 0.054 0.094 0.089 0.087 0.133 
247  H171934    (8)    2 :  0.090 0.094 0.128 0.089 0.086 0.053 0.090 0.167 0.083 0.120 
248  H171937    (8)    2 :  0.095 0.045 0.067 0.119 0.142 0.069 0.157 0.049 0.161 0.095 
249  H171962    (8)    2 :  0.070 0.070 0.075 0.089 0.107 0.040 0.157 0.222 0.111 0.059 
250     H190    (0)    2 :  0.086 0.101 0.076 0.101 0.130 0.052 0.121 0.106 0.140 0.087 
251     H191    (8)    2 :  0.054 0.109 0.049 0.097 0.100 0.079 0.104 0.161 0.112 0.136 
252     H396    (8)    2 :  0.061 0.068 0.057 0.055 0.076 0.061 0.059 0.439 0.069 0.054 
253     H397    (8)    2 :  0.153 0.071 0.096 0.121 0.129 0.060 0.108 0.070 0.113 0.079 
254     H398    (8)    2 :  0.061 0.094 0.058 0.089 0.151 0.085 0.105 0.194 0.115 0.047 
255     H400    (0)    2 :  0.081 0.091 0.089 0.070 0.094 0.076 0.084 0.262 0.086 0.067 
256     H401    (8)    2 :  0.049 0.039 0.029 0.162 0.052 0.026 0.074 0.033 0.058 0.478 
257     H402    (8)    2 :  0.091 0.144 0.112 0.120 0.100 0.029 0.113 0.057 0.109 0.126 
258     H427    (8)    2 :  0.049 0.059 0.146 0.086 0.084 0.053 0.077 0.256 0.074 0.116 
259     H428    (0)    2 :  0.089 0.035 0.098 0.075 0.089 0.027 0.087 0.300 0.098 0.103 
260     H497    (0)    2 :  0.051 0.288 0.056 0.065 0.071 0.130 0.089 0.055 0.124 0.072 
261     H512    (0)    2 :  0.072 0.103 0.117 0.124 0.103 0.059 0.084 0.052 0.090 0.196 
262     H513    (0)    2 :  0.040 0.356 0.032 0.064 0.050 0.048 0.094 0.043 0.174 0.098 
263     H514    (8)    2 :  0.105 0.089 0.126 0.160 0.145 0.053 0.132 0.045 0.093 0.052 
264     H519    (8)    2 :  0.042 0.291 0.039 0.079 0.060 0.055 0.103 0.048 0.178 0.104 
265     H532    (0)    2 :  0.085 0.062 0.097 0.080 0.076 0.035 0.088 0.279 0.081 0.117 
266     H543    (0)    2 :  0.228 0.089 0.124 0.091 0.105 0.029 0.099 0.065 0.078 0.091 
267     H544    (8)    2 :  0.073 0.066 0.049 0.135 0.153 0.125 0.195 0.081 0.084 0.039 
268     H545    (0)    2 :  0.097 0.065 0.097 0.135 0.135 0.031 0.141 0.061 0.169 0.069 
269     H546    (8)    2 :  0.050 0.126 0.066 0.075 0.094 0.219 0.090 0.117 0.115 0.047 
270     H547    (0)    2 :  0.035 0.053 0.032 0.163 0.073 0.030 0.052 0.020 0.058 0.484 
271     H548    (0)    2 :  0.105 0.106 0.096 0.092 0.091 0.069 0.082 0.167 0.080 0.112 
272     H549    (0)    2 :  0.051 0.469 0.039 0.042 0.042 0.030 0.075 0.037 0.163 0.052 
273     H620    (8)    2 :  0.031 0.055 0.048 0.045 0.043 0.596 0.047 0.050 0.040 0.044 
274     H623    (8)    2 :  0.080 0.049 0.063 0.121 0.137 0.068 0.156 0.073 0.181 0.071 
275     H624    (8)    2 :  0.112 0.189 0.081 0.113 0.093 0.135 0.121 0.052 0.074 0.031 
276     H625    (8)    2 :  0.064 0.085 0.062 0.082 0.101 0.053 0.097 0.284 0.091 0.081 
277     H626    (8)    2 :  0.104 0.205 0.059 0.099 0.082 0.064 0.084 0.081 0.086 0.136 
278     H654    (8)    2 :  0.037 0.257 0.038 0.046 0.047 0.384 0.047 0.047 0.068 0.030 
279     H655    (8)    2 :  0.176 0.083 0.137 0.109 0.102 0.113 0.092 0.049 0.093 0.047 
280     H656    (8)    2 :  0.028 0.043 0.043 0.037 0.044 0.604 0.040 0.086 0.040 0.036 
281     H666    (8)    2 :  0.135 0.056 0.038 0.038 0.057 0.480 0.042 0.039 0.048 0.068 
282     H667    (8)    2 :  0.057 0.107 0.243 0.103 0.092 0.038 0.108 0.078 0.074 0.100 
283     H677    (8)    2 :  0.107 0.068 0.143 0.098 0.107 0.068 0.120 0.105 0.081 0.102 
284     H693    (8)    2 :  0.039 0.059 0.081 0.053 0.049 0.193 0.062 0.349 0.064 0.050 
285     H694    (8)    2 :  0.126 0.047 0.052 0.110 0.119 0.088 0.130 0.070 0.167 0.090 
286     H701    (8)    2 :  0.155 0.060 0.092 0.131 0.103 0.042 0.138 0.065 0.117 0.098 
287     H702    (8)    2 :  0.102 0.139 0.090 0.111 0.088 0.061 0.128 0.065 0.122 0.094 
288     H731    (8)    2 :  0.107 0.065 0.163 0.106 0.092 0.171 0.074 0.086 0.059 0.077 
289    H7359    (0)    2 :  0.126 0.064 0.068 0.128 0.122 0.091 0.157 0.077 0.084 0.083 
290    H7389    (0)    2 :  0.100 0.117 0.048 0.081 0.098 0.042 0.088 0.179 0.097 0.151 
291    H7390    (8)    2 :  0.130 0.298 0.067 0.058 0.076 0.093 0.055 0.070 0.107 0.047 
292    H7391    (8)    2 :  0.073 0.051 0.118 0.110 0.068 0.053 0.071 0.195 0.066 0.194 
293    H7392    (8)    2 :  0.115 0.107 0.058 0.125 0.142 0.069 0.131 0.111 0.080 0.062 
294    H7393    (8)    2 :  0.092 0.150 0.092 0.095 0.083 0.136 0.093 0.060 0.094 0.107 
295    H7398    (8)    2 :  0.130 0.046 0.100 0.087 0.076 0.075 0.067 0.157 0.082 0.179 
296    H7399    (8)    2 :  0.112 0.082 0.182 0.097 0.130 0.028 0.104 0.092 0.100 0.073 
297    H7400    (8)    2 :  0.031 0.076 0.047 0.039 0.037 0.615 0.039 0.050 0.038 0.028 
298     H745    (8)    2 :  0.042 0.112 0.043 0.116 0.199 0.037 0.152 0.077 0.154 0.067 
299     H746    (8)    2 :  0.065 0.098 0.246 0.100 0.112 0.028 0.115 0.078 0.095 0.063 
300     H747    (0)    2 :  0.167 0.142 0.051 0.071 0.077 0.205 0.069 0.052 0.083 0.082 
301     H748    (8)    2 :  0.139 0.127 0.137 0.114 0.088 0.061 0.083 0.044 0.081 0.127 
302    H7484    (0)    2 :  0.049 0.047 0.043 0.048 0.054 0.496 0.047 0.064 0.060 0.091 
303    H7485    (0)    2 :  0.064 0.287 0.045 0.084 0.100 0.053 0.122 0.085 0.097 0.064 
304     H749    (8)    2 :  0.100 0.186 0.120 0.086 0.106 0.036 0.101 0.120 0.079 0.067 
305     H930    (8)    2 :  0.184 0.076 0.047 0.109 0.091 0.038 0.101 0.044 0.139 0.172 
306     H931    (8)    2 :  0.084 0.047 0.068 0.097 0.095 0.086 0.132 0.182 0.093 0.116 
307     H932    (8)    2 :  0.107 0.090 0.075 0.100 0.102 0.060 0.090 0.073 0.093 0.209 
308     H111    (8)    3 :  0.082 0.083 0.076 0.125 0.141 0.044 0.161 0.037 0.159 0.092 
309     H951    (8)    3 :  0.060 0.078 0.076 0.126 0.118 0.044 0.093 0.093 0.125 0.187 
310     H952    (8)    3 :  0.188 0.088 0.066 0.086 0.122 0.069 0.097 0.070 0.101 0.114 
311     H953    (8)    3 :  0.078 0.060 0.048 0.088 0.060 0.036 0.052 0.308 0.065 0.205 
312     H954    (8)    3 :  0.091 0.139 0.068 0.107 0.076 0.207 0.110 0.057 0.083 0.061 
313     H955    (8)    3 :  0.206 0.087 0.059 0.120 0.108 0.028 0.153 0.054 0.113 0.073 
314     H956    (8)    3 :  0.351 0.092 0.067 0.063 0.069 0.058 0.058 0.047 0.073 0.122 
315    H9563    (0)    3 :  0.083 0.064 0.061 0.123 0.075 0.101 0.085 0.162 0.090 0.157 
316     H002    (8)    4 :  0.039 0.073 0.207 0.083 0.097 0.200 0.102 0.054 0.109 0.036 
317     H003    (8)    4 :  0.059 0.058 0.265 0.107 0.132 0.037 0.103 0.103 0.081 0.055 
318     H009    (0)    4 :  0.101 0.129 0.053 0.115 0.139 0.045 0.178 0.058 0.117 0.066 
319     H010    (8)    4 :  0.125 0.068 0.135 0.100 0.115 0.043 0.100 0.106 0.116 0.093 
320     H011    (8)    4 :  0.039 0.088 0.062 0.066 0.059 0.244 0.077 0.223 0.099 0.043 
321     H012    (8)    4 :  0.096 0.053 0.202 0.120 0.096 0.052 0.121 0.075 0.089 0.095 
322     H013    (8)    4 :  0.061 0.088 0.148 0.088 0.095 0.134 0.093 0.144 0.078 0.071 
323     H014    (8)    4 :  0.053 0.070 0.113 0.176 0.124 0.057 0.147 0.061 0.127 0.072 
324     H045   (16)    4 :  0.068 0.073 0.053 0.074 0.073 0.113 0.064 0.291 0.081 0.110 
325     H046    (0)    4 :  0.068 0.055 0.221 0.100 0.162 0.046 0.096 0.083 0.109 0.058 
326     H051    (8)    4 :  0.057 0.059 0.076 0.093 0.082 0.182 0.087 0.228 0.081 0.055 
327     H052    (8)    4 :  0.053 0.047 0.057 0.071 0.112 0.330 0.098 0.073 0.096 0.063 
328     H053    (8)    4 :  0.181 0.115 0.092 0.104 0.101 0.087 0.082 0.066 0.094 0.078 
329     H056    (8)    4 :  0.038 0.079 0.054 0.093 0.082 0.317 0.085 0.091 0.097 0.065 
330     H076    (0)    4 :  0.061 0.073 0.095 0.113 0.157 0.034 0.119 0.090 0.110 0.147 
331     H151    (8)    4 :  0.060 0.257 0.106 0.085 0.091 0.129 0.074 0.049 0.103 0.046 
332     H152    (8)    4 :  0.062 0.046 0.150 0.087 0.128 0.216 0.100 0.061 0.089 0.060 
333  H171803    (8)    4 :  0.066 0.391 0.095 0.058 0.055 0.053 0.058 0.052 0.121 0.052 
334  H171804    (8)    4 :  0.083 0.148 0.097 0.090 0.083 0.121 0.078 0.086 0.105 0.109 
335  H171833    (8)    4 :  0.071 0.086 0.095 0.130 0.145 0.037 0.130 0.051 0.183 0.072 
336  H171855    (8)    4 :  0.038 0.228 0.058 0.070 0.093 0.257 0.057 0.046 0.091 0.062 
337  H171856    (8)    4 :  0.134 0.272 0.072 0.061 0.072 0.046 0.070 0.052 0.120 0.102 
338  H171857    (8)    4 :  0.055 0.130 0.066 0.098 0.097 0.189 0.076 0.066 0.105 0.118 
339  H171858    (8)    4 :  0.081 0.051 0.141 0.111 0.127 0.102 0.120 0.056 0.109 0.104 
340  H171859    (8)    4 :  0.078 0.075 0.107 0.110 0.135 0.097 0.113 0.084 0.086 0.115 
341  H171961    (8)    4 :  0.063 0.116 0.068 0.073 0.085 0.134 0.086 0.203 0.103 0.069 
342     H198    (8)    4 :  0.106 0.053 0.182 0.145 0.139 0.027 0.116 0.067 0.091 0.075 
343   H20001    (8)    4 :  0.042 0.219 0.072 0.120 0.101 0.032 0.120 0.041 0.191 0.063 
344     H403    (8)    4 :  0.057 0.198 0.063 0.086 0.102 0.089 0.075 0.073 0.111 0.146 
345     H404    (8)    4 :  0.081 0.073 0.240 0.097 0.114 0.031 0.102 0.115 0.087 0.059 
346     H405    (8)    4 :  0.079 0.065 0.169 0.095 0.118 0.044 0.109 0.085 0.110 0.126 
347     H406    (8)    4 :  0.046 0.056 0.025 0.144 0.098 0.100 0.089 0.035 0.102 0.304 
348     H407    (8)    4 :  0.135 0.164 0.064 0.076 0.084 0.053 0.066 0.113 0.090 0.155 
349     H410    (8)    4 :  0.061 0.045 0.032 0.138 0.049 0.027 0.051 0.047 0.037 0.513 
350     H411    (8)    4 :  0.037 0.090 0.132 0.172 0.113 0.043 0.124 0.036 0.145 0.106 
351     H468    (8)    4 :  0.100 0.218 0.038 0.114 0.111 0.065 0.108 0.034 0.129 0.083 
352     H476    (8)    4 :  0.182 0.101 0.059 0.116 0.106 0.131 0.117 0.036 0.085 0.066 
353     H477    (0)    4 :  0.133 0.110 0.078 0.145 0.134 0.026 0.125 0.059 0.131 0.060 
354     H478    (8)    4 :  0.054 0.154 0.229 0.091 0.096 0.041 0.106 0.063 0.108 0.057 
355     H479    (0)    4 :  0.075 0.070 0.109 0.077 0.101 0.184 0.084 0.141 0.101 0.059 
356     H480    (8)    4 :  0.118 0.097 0.125 0.120 0.124 0.033 0.129 0.033 0.137 0.085 
357     H498    (8)    4 :  0.083 0.063 0.147 0.126 0.135 0.066 0.136 0.073 0.110 0.061 
358     H499    (8)    4 :  0.061 0.124 0.163 0.090 0.096 0.058 0.091 0.121 0.121 0.075 
359     H500    (8)    4 :  0.108 0.211 0.114 0.084 0.066 0.163 0.069 0.056 0.068 0.062 
360     H515    (0)    4 :  0.082 0.103 0.172 0.107 0.082 0.118 0.087 0.059 0.098 0.091 
361     H516    (0)    4 :  0.171 0.059 0.074 0.105 0.143 0.076 0.099 0.041 0.126 0.106 
362     H517    (8)    4 :  0.096 0.057 0.081 0.146 0.096 0.065 0.070 0.044 0.065 0.280 
363     H518    (8)    4 :  0.099 0.059 0.044 0.112 0.128 0.218 0.107 0.055 0.109 0.069 
364     H520    (8)    4 :  0.094 0.181 0.071 0.100 0.089 0.120 0.086 0.046 0.143 0.072 
365     H521    (8)    4 :  0.076 0.131 0.061 0.088 0.109 0.047 0.106 0.181 0.112 0.089 
366     H522    (8)    4 :  0.134 0.220 0.076 0.093 0.092 0.045 0.092 0.067 0.120 0.060 
367     H523    (8)    4 :  0.207 0.073 0.098 0.108 0.102 0.085 0.110 0.044 0.087 0.086 
368     H536    (8)    4 :  0.062 0.092 0.131 0.073 0.155 0.055 0.103 0.159 0.112 0.057 
369     H645    (8)    4 :  0.045 0.075 0.140 0.063 0.067 0.074 0.066 0.358 0.057 0.055 
370     H646    (0)    4 :  0.310 0.055 0.045 0.074 0.103 0.032 0.092 0.052 0.083 0.153 
371     H647    (8)    4 :  0.181 0.134 0.057 0.110 0.114 0.060 0.098 0.088 0.082 0.077 
372     H657    (8)    4 :  0.105 0.085 0.089 0.127 0.108 0.037 0.095 0.062 0.090 0.203 
373     H658    (0)    4 :  0.325 0.075 0.066 0.092 0.088 0.063 0.089 0.064 0.075 0.064 
374     H659    (8)    4 :  0.046 0.435 0.068 0.051 0.049 0.132 0.052 0.039 0.092 0.035 
375     H660    (8)    4 :  0.075 0.111 0.098 0.114 0.096 0.101 0.137 0.106 0.104 0.059 
376     H661    (8)    4 :  0.064 0.288 0.068 0.082 0.094 0.085 0.084 0.090 0.091 0.054 
377     H668    (8)    4 :  0.054 0.052 0.387 0.097 0.073 0.038 0.096 0.054 0.078 0.072 
378     H669    (8)    4 :  0.133 0.083 0.122 0.082 0.107 0.090 0.080 0.091 0.093 0.119 
379     H670    (8)    4 :  0.041 0.046 0.414 0.069 0.071 0.089 0.062 0.108 0.055 0.045 
380     H678    (8)    4 :  0.095 0.240 0.079 0.086 0.089 0.047 0.074 0.074 0.089 0.127 
381     H679    (8)    4 :  0.177 0.060 0.053 0.120 0.093 0.047 0.116 0.066 0.106 0.162 
382     H680    (8)    4 :  0.037 0.286 0.062 0.082 0.102 0.037 0.081 0.058 0.153 0.102 
383     H681    (8)    4 :  0.075 0.076 0.158 0.123 0.095 0.142 0.106 0.107 0.063 0.057 
384     H682    (0)    4 :  0.155 0.095 0.109 0.122 0.089 0.042 0.102 0.044 0.102 0.141 
385     H683    (8)    4 :  0.098 0.070 0.032 0.110 0.115 0.260 0.089 0.047 0.089 0.090 
386     H718    (8)    4 :  0.102 0.054 0.044 0.047 0.055 0.456 0.050 0.067 0.052 0.075 
387     H719    (8)    4 :  0.056 0.057 0.045 0.069 0.060 0.073 0.098 0.369 0.119 0.055 
388     H720    (0)    4 :  0.035 0.235 0.062 0.067 0.078 0.128 0.092 0.091 0.162 0.050 
389     H721    (0)    4 :  0.049 0.142 0.092 0.081 0.142 0.110 0.101 0.101 0.124 0.057 
390     H722    (8)    4 :  0.071 0.130 0.043 0.078 0.147 0.182 0.116 0.059 0.110 0.064 
391     H723    (8)    4 :  0.069 0.090 0.093 0.085 0.078 0.191 0.073 0.100 0.065 0.158 
392     H724    (0)    4 :  0.088 0.147 0.037 0.057 0.059 0.289 0.056 0.087 0.084 0.097 
393     H725    (0)    4 :  0.056 0.093 0.050 0.075 0.094 0.354 0.061 0.058 0.101 0.060 
394     H726    (0)    4 :  0.086 0.073 0.109 0.083 0.083 0.235 0.082 0.059 0.101 0.089 
395     H727    (8)    4 :  0.083 0.101 0.105 0.090 0.089 0.119 0.084 0.131 0.086 0.112 
396     H910    (8)    4 :  0.099 0.087 0.122 0.091 0.074 0.118 0.089 0.084 0.122 0.115 
397     H911    (8)    4 :  0.083 0.056 0.047 0.158 0.082 0.056 0.083 0.063 0.082 0.291 
398     H912    (8)    4 :  0.076 0.134 0.059 0.111 0.110 0.112 0.114 0.046 0.115 0.124 
399     H913    (8)    4 :  0.346 0.126 0.076 0.061 0.081 0.074 0.063 0.056 0.063 0.055 
400     H914    (8)    4 :  0.115 0.143 0.195 0.066 0.065 0.082 0.067 0.135 0.070 0.061 
401     H915    (8)    4 :  0.106 0.132 0.071 0.125 0.096 0.067 0.094 0.051 0.103 0.154 
402     H916    (8)    4 :  0.090 0.147 0.086 0.110 0.107 0.055 0.094 0.054 0.156 0.102 
403    H9572    (0)    4 :  0.050 0.274 0.041 0.063 0.072 0.059 0.082 0.103 0.163 0.093 
404     H015    (8)    5 :  0.068 0.065 0.048 0.128 0.109 0.041 0.159 0.110 0.187 0.085 
405     H016    (0)    5 :  0.111 0.060 0.072 0.107 0.191 0.051 0.158 0.065 0.125 0.061 
406     H017    (0)    5 :  0.100 0.253 0.094 0.103 0.097 0.044 0.088 0.035 0.133 0.053 
407     H019   (25)    5 :  0.067 0.048 0.094 0.149 0.116 0.099 0.151 0.093 0.117 0.067 
408     H020    (8)    5 :  0.130 0.104 0.083 0.061 0.075 0.081 0.071 0.246 0.069 0.080 
409     H032    (0)    5 :  0.110 0.078 0.092 0.114 0.109 0.139 0.100 0.036 0.096 0.126 
410     H033    (8)    5 :  0.151 0.052 0.103 0.118 0.100 0.039 0.155 0.094 0.117 0.071 
411     H034    (0)    5 :  0.061 0.057 0.179 0.089 0.095 0.160 0.093 0.085 0.086 0.094 
412     H035    (8)    5 :  0.162 0.195 0.058 0.084 0.094 0.050 0.081 0.078 0.097 0.100 
413     H036    (8)    5 :  0.120 0.069 0.038 0.103 0.102 0.054 0.109 0.086 0.147 0.172 
414     H037    (8)    5 :  0.182 0.164 0.092 0.077 0.083 0.079 0.063 0.116 0.098 0.047 
415     H048    (0)    5 :  0.050 0.195 0.042 0.057 0.075 0.171 0.066 0.167 0.097 0.080 
416     H049    (0)    5 :  0.080 0.064 0.051 0.118 0.117 0.076 0.149 0.088 0.180 0.077 
417     H054    (8)    5 :  0.079 0.059 0.086 0.095 0.126 0.097 0.085 0.064 0.113 0.196 
418     H055    (8)    5 :  0.045 0.069 0.167 0.118 0.145 0.088 0.117 0.100 0.085 0.067 
419     H057    (8)    5 :  0.061 0.086 0.084 0.116 0.207 0.072 0.145 0.054 0.141 0.034 
420     H060    (0)    5 :  0.046 0.058 0.340 0.081 0.091 0.129 0.088 0.076 0.055 0.036 
421     H061    (8)    5 :  0.080 0.074 0.165 0.108 0.109 0.048 0.129 0.097 0.097 0.093 
422     H064    (8)    5 :  0.061 0.102 0.087 0.086 0.121 0.164 0.097 0.127 0.095 0.058 
423     H070    (0)    5 :  0.072 0.051 0.310 0.078 0.070 0.114 0.080 0.086 0.069 0.069 
424     H077    (0)    5 :  0.044 0.061 0.085 0.075 0.070 0.378 0.078 0.050 0.084 0.074 
425     H078    (8)    5 :  0.105 0.230 0.059 0.088 0.110 0.087 0.086 0.047 0.114 0.075 
426     H079    (8)    5 :  0.276 0.085 0.105 0.060 0.073 0.034 0.058 0.151 0.067 0.091 
427     H097    (0)    5 :  0.105 0.062 0.069 0.169 0.129 0.139 0.163 0.034 0.083 0.048 
428     H107    (8)    5 :  0.062 0.116 0.082 0.062 0.060 0.258 0.065 0.153 0.100 0.040 
429     H122    (8)    5 :  0.133 0.167 0.079 0.099 0.111 0.045 0.100 0.073 0.116 0.078 
430     H123    (8)    5 :  0.153 0.075 0.060 0.132 0.091 0.031 0.101 0.059 0.091 0.208 
431     H124    (0)    5 :  0.187 0.069 0.070 0.114 0.090 0.035 0.102 0.087 0.085 0.161 
432     H131    (8)    5 :  0.219 0.054 0.066 0.095 0.087 0.038 0.098 0.088 0.096 0.159 
433     H132    (0)    5 :  0.066 0.085 0.080 0.125 0.102 0.077 0.097 0.169 0.089 0.110 
434     H141    (8)    5 :  0.082 0.199 0.129 0.078 0.092 0.081 0.086 0.071 0.109 0.074 
435     H142    (8)    5 :  0.134 0.056 0.156 0.148 0.128 0.041 0.127 0.055 0.091 0.062 
436     H157    (8)    5 :  0.077 0.168 0.067 0.078 0.089 0.147 0.071 0.125 0.098 0.078 
437     H158    (8)    5 :  0.195 0.061 0.052 0.108 0.137 0.039 0.136 0.037 0.142 0.094 
438     H159    (8)    5 :  0.059 0.099 0.078 0.122 0.115 0.049 0.117 0.081 0.120 0.161 
439     H160    (8)    5 :  0.142 0.176 0.081 0.092 0.106 0.068 0.075 0.046 0.115 0.098 
440     H163    (8)    5 :  0.086 0.056 0.097 0.148 0.111 0.058 0.143 0.064 0.135 0.102 
441     H164    (8)    5 :  0.051 0.063 0.102 0.202 0.107 0.072 0.190 0.064 0.080 0.070 
442     H165    (8)    5 :  0.116 0.081 0.173 0.071 0.086 0.030 0.088 0.147 0.083 0.125 
443     H166    (8)    5 :  0.100 0.054 0.054 0.103 0.083 0.045 0.103 0.233 0.151 0.074 
444     H169    (0)    5 :  0.108 0.068 0.191 0.123 0.095 0.047 0.125 0.073 0.111 0.059 
445  H169613    (0)    5 :  0.126 0.044 0.125 0.157 0.116 0.106 0.148 0.050 0.078 0.049 
446  H169653    (0)    5 :  0.074 0.041 0.103 0.144 0.104 0.051 0.159 0.078 0.153 0.093 
447  H169728    (0)    5 :  0.092 0.115 0.090 0.128 0.113 0.072 0.106 0.052 0.130 0.102 
448  H169742    (8)    5 :  0.046 0.130 0.148 0.049 0.059 0.048 0.047 0.360 0.055 0.058 
449     H170    (8)    5 :  0.047 0.049 0.056 0.132 0.175 0.066 0.216 0.074 0.125 0.061 
450     H171    (8)    5 :  0.061 0.097 0.067 0.123 0.179 0.050 0.137 0.087 0.128 0.072 
451  H171851    (8)    5 :  0.088 0.054 0.082 0.150 0.126 0.082 0.159 0.085 0.117 0.055 
452  H171852    (8)    5 :  0.121 0.165 0.057 0.095 0.101 0.190 0.076 0.066 0.069 0.060 
453  H171853    (8)    5 :  0.072 0.138 0.083 0.100 0.077 0.080 0.082 0.080 0.122 0.166 
454  H171854    (8)    5 :  0.072 0.087 0.093 0.130 0.115 0.117 0.120 0.043 0.118 0.107 
455  H171938    (8)    5 :  0.083 0.071 0.219 0.097 0.107 0.069 0.087 0.100 0.082 0.084 
456  H171939    (8)    5 :  0.078 0.086 0.058 0.106 0.137 0.044 0.124 0.195 0.097 0.076 
457  H171941    (8)    5 :  0.052 0.058 0.090 0.087 0.077 0.177 0.075 0.270 0.079 0.035 
458  H171965    (8)    5 :  0.095 0.043 0.210 0.128 0.150 0.047 0.141 0.049 0.092 0.043 
459  H171970    (8)    5 :  0.036 0.067 0.066 0.057 0.062 0.310 0.066 0.183 0.105 0.047 
460  H171973    (8)    5 :  0.101 0.099 0.141 0.083 0.093 0.044 0.084 0.193 0.073 0.089 
461  H171974    (8)    5 :  0.095 0.091 0.144 0.100 0.103 0.045 0.102 0.147 0.098 0.073 
462  H171975    (8)    5 :  0.042 0.052 0.062 0.078 0.094 0.158 0.097 0.190 0.119 0.107 
463  H171976    (8)    5 :  0.070 0.095 0.084 0.115 0.133 0.136 0.145 0.046 0.124 0.051 
464     H175    (8)    5 :  0.107 0.121 0.067 0.068 0.092 0.148 0.086 0.138 0.092 0.081 
465     H178    (8)    5 :  0.079 0.054 0.087 0.108 0.101 0.123 0.102 0.202 0.096 0.048 
466     H189    (8)    5 :  0.182 0.049 0.112 0.148 0.108 0.038 0.106 0.037 0.095 0.125 
467     H399    (8)    5 :  0.064 0.157 0.038 0.090 0.165 0.067 0.108 0.030 0.137 0.143 
468     H416    (8)    5 :  0.089 0.119 0.101 0.086 0.082 0.092 0.081 0.168 0.083 0.100 
469     H438    (8)    5 :  0.103 0.108 0.106 0.090 0.080 0.066 0.092 0.104 0.119 0.132 
470     H450    (8)    5 :  0.040 0.070 0.306 0.077 0.075 0.195 0.089 0.059 0.055 0.035 
471     H455    (8)    5 :  0.039 0.056 0.062 0.050 0.045 0.271 0.053 0.311 0.071 0.041 
472     H456    (8)    5 :  0.081 0.095 0.133 0.097 0.097 0.064 0.087 0.176 0.091 0.079 
473     H457    (0)    5 :  0.046 0.065 0.078 0.100 0.119 0.277 0.120 0.050 0.090 0.056 
474     H458    (8)    5 :  0.089 0.143 0.137 0.096 0.108 0.073 0.091 0.102 0.095 0.066 
475     H459    (8)    5 :  0.260 0.059 0.082 0.122 0.108 0.030 0.101 0.064 0.104 0.069 
476     H460    (8)    5 :  0.099 0.236 0.118 0.097 0.082 0.074 0.082 0.048 0.092 0.073 
477     H461    (8)    5 :  0.107 0.069 0.081 0.120 0.165 0.092 0.131 0.031 0.124 0.078 
478     H462    (0)    5 :  0.175 0.053 0.063 0.084 0.106 0.044 0.092 0.129 0.115 0.140 
479     H469    (8)    5 :  0.114 0.046 0.071 0.129 0.090 0.053 0.105 0.075 0.106 0.211 
480     H470    (8)    5 :  0.056 0.218 0.076 0.110 0.102 0.058 0.122 0.065 0.113 0.080 
481     H471    (0)    5 :  0.258 0.064 0.051 0.109 0.137 0.042 0.100 0.028 0.112 0.098 
482     H481    (0)    5 :  0.103 0.091 0.062 0.055 0.063 0.354 0.052 0.091 0.067 0.061 
483     H482    (8)    5 :  0.068 0.061 0.224 0.099 0.088 0.175 0.100 0.049 0.066 0.070 
484     H501    (8)    5 :  0.120 0.147 0.085 0.108 0.084 0.066 0.123 0.104 0.095 0.068 
485     H502    (8)    5 :  0.158 0.054 0.093 0.130 0.133 0.046 0.130 0.064 0.118 0.074 
486     H503    (8)    5 :  0.072 0.101 0.078 0.120 0.116 0.044 0.120 0.056 0.162 0.133 
487     H509    (0)    5 :  0.062 0.142 0.038 0.076 0.067 0.148 0.063 0.114 0.124 0.165 
488     H510    (8)    5 :  0.034 0.046 0.127 0.139 0.111 0.084 0.142 0.148 0.123 0.046 
489     H511    (8)    5 :  0.069 0.057 0.158 0.160 0.122 0.053 0.134 0.062 0.100 0.085 
490     H530    (8)    5 :  0.138 0.105 0.096 0.099 0.087 0.095 0.082 0.128 0.083 0.087 
491     H531    (8)    5 :  0.145 0.231 0.036 0.070 0.080 0.170 0.071 0.070 0.069 0.059 
492     H564    (8)    5 :  0.069 0.142 0.099 0.090 0.109 0.141 0.089 0.133 0.087 0.042 
493     H565    (8)    5 :  0.059 0.134 0.044 0.055 0.066 0.313 0.067 0.139 0.073 0.050 
494     H567   (16)    5 :  0.273 0.043 0.051 0.073 0.093 0.035 0.078 0.088 0.076 0.188 
495  H568???    (8)    5 :  0.106 0.061 0.102 0.113 0.153 0.046 0.132 0.053 0.153 0.081 
496     H608    (0)    5 :  0.047 0.057 0.354 0.076 0.063 0.187 0.063 0.053 0.053 0.046 
497     H609   (16)    5 :  0.082 0.056 0.101 0.069 0.080 0.048 0.083 0.326 0.080 0.076 
498     H612    (8)    5 :  0.054 0.196 0.119 0.055 0.058 0.179 0.058 0.161 0.068 0.052 
499     H614    (8)    5 :  0.090 0.201 0.056 0.074 0.080 0.240 0.067 0.071 0.070 0.050 
500     H615    (0)    5 :  0.145 0.100 0.053 0.112 0.088 0.233 0.091 0.058 0.075 0.045 
501     H616    (8)    5 :  0.064 0.064 0.097 0.048 0.047 0.415 0.048 0.109 0.056 0.053 
502     H617    (8)    5 :  0.122 0.083 0.114 0.134 0.094 0.031 0.108 0.088 0.110 0.116 
503     H618    (8)    5 :  0.043 0.121 0.057 0.073 0.079 0.237 0.073 0.150 0.090 0.076 
504     H619    (8)    5 :  0.041 0.083 0.242 0.062 0.067 0.064 0.065 0.260 0.067 0.050 
505     H635    (0)    5 :  0.073 0.042 0.116 0.141 0.102 0.110 0.147 0.074 0.114 0.081 
506     H636    (8)    5 :  0.059 0.064 0.363 0.085 0.078 0.051 0.058 0.103 0.063 0.075 
507     H637    (8)    5 :  0.058 0.098 0.089 0.062 0.081 0.180 0.066 0.255 0.059 0.053 
508     H644    (8)    5 :  0.126 0.037 0.043 0.123 0.168 0.030 0.162 0.052 0.128 0.130 
509     H711    (8)    5 :  0.087 0.101 0.083 0.110 0.156 0.064 0.173 0.050 0.114 0.062 
510     H712    (8)    5 :  0.088 0.061 0.083 0.065 0.073 0.125 0.063 0.315 0.069 0.058 
511    H7360    (8)    5 :  0.089 0.104 0.065 0.108 0.142 0.089 0.162 0.082 0.114 0.044 
512    H7361    (8)    5 :  0.053 0.067 0.117 0.087 0.091 0.228 0.105 0.082 0.099 0.071 
513    H7362    (8)    5 :  0.073 0.051 0.041 0.122 0.177 0.026 0.175 0.054 0.151 0.130 
514    H7363    (8)    5 :  0.072 0.116 0.090 0.104 0.105 0.107 0.086 0.083 0.128 0.109 
515    H7394    (8)    5 :  0.174 0.042 0.135 0.137 0.098 0.046 0.122 0.038 0.116 0.093 
516    H7395    (0)    5 :  0.061 0.087 0.173 0.105 0.109 0.056 0.109 0.165 0.088 0.048 
517    H7396    (8)    5 :  0.211 0.097 0.091 0.105 0.091 0.050 0.093 0.095 0.099 0.067 
518     H742    (0)    5 :  0.042 0.120 0.158 0.047 0.059 0.057 0.049 0.362 0.060 0.047 
519     H743    (8)    5 :  0.097 0.107 0.054 0.067 0.081 0.122 0.055 0.250 0.063 0.103 
520     H744    (8)    5 :  0.097 0.080 0.053 0.062 0.063 0.290 0.049 0.105 0.063 0.137 
521     H957    (8)    5 :  0.066 0.080 0.125 0.123 0.131 0.066 0.187 0.044 0.129 0.049 
522     H958    (0)    5 :  0.208 0.067 0.073 0.118 0.097 0.069 0.109 0.059 0.099 0.102 
523     H959    (8)    5 :  0.050 0.090 0.112 0.084 0.074 0.225 0.089 0.158 0.074 0.046 
524     H960    (0)    5 :  0.087 0.063 0.082 0.109 0.100 0.071 0.087 0.139 0.094 0.168 
525   H_PALI    (8)    6 :  0.101 0.076 0.111 0.158 0.116 0.059 0.164 0.065 0.093 0.057 
526     H581    (8)    6 :  0.081 0.178 0.047 0.105 0.092 0.122 0.083 0.089 0.106 0.097 
527     H582   (16)    6 :  0.040 0.218 0.054 0.072 0.078 0.188 0.081 0.105 0.119 0.047 
528     H583    (8)    6 :  0.097 0.147 0.076 0.106 0.107 0.083 0.104 0.099 0.096 0.085 
529     H595    (8)    6 :  0.099 0.070 0.063 0.150 0.111 0.030 0.107 0.046 0.105 0.220 
530     H596    (8)    6 :  0.102 0.070 0.065 0.148 0.101 0.038 0.107 0.045 0.099 0.225 
531     H597    (8)    6 :  0.070 0.063 0.099 0.111 0.142 0.031 0.119 0.079 0.140 0.144 
532     H598    (8)    6 :  0.108 0.061 0.194 0.093 0.089 0.097 0.097 0.065 0.095 0.102 
533     H599    (0)    6 :  0.084 0.069 0.037 0.065 0.068 0.156 0.066 0.330 0.073 0.051 
534     H642    (8)    6 :  0.055 0.215 0.048 0.119 0.090 0.035 0.083 0.044 0.107 0.202 
535     H643    (8)    6 :  0.122 0.069 0.102 0.108 0.099 0.059 0.086 0.077 0.086 0.193 
536     H664    (8)    6 :  0.045 0.450 0.036 0.056 0.066 0.086 0.059 0.031 0.119 0.052 
537     H665    (8)    6 :  0.074 0.078 0.236 0.093 0.078 0.059 0.087 0.138 0.087 0.071 
538     H674    (0)    6 :  0.059 0.057 0.057 0.157 0.130 0.034 0.163 0.082 0.118 0.142 
539     H675    (8)    6 :  0.073 0.132 0.081 0.095 0.106 0.102 0.092 0.117 0.116 0.087 
540     H676    (8)    6 :  0.043 0.047 0.106 0.155 0.089 0.084 0.119 0.036 0.137 0.184 
541     H686    (8)    6 :  0.077 0.078 0.120 0.117 0.140 0.060 0.168 0.079 0.108 0.053 
542     H687    (8)    6 :  0.130 0.119 0.103 0.123 0.116 0.050 0.111 0.052 0.117 0.080 
543     H917    (0)    6 :  0.108 0.060 0.094 0.139 0.076 0.041 0.106 0.087 0.119 0.169 
544     H918    (8)    6 :  0.054 0.097 0.103 0.074 0.092 0.039 0.091 0.324 0.085 0.041 
545     H919    (0)    6 :  0.071 0.088 0.082 0.060 0.058 0.259 0.051 0.155 0.087 0.089 
546     H920    (0)    6 :  0.054 0.095 0.085 0.107 0.101 0.174 0.127 0.069 0.123 0.066 
547     H631    (8)    7 :  0.051 0.095 0.122 0.101 0.101 0.096 0.112 0.158 0.114 0.050 
548     H684    (8)    7 :  0.051 0.034 0.094 0.221 0.145 0.049 0.224 0.040 0.092 0.049 
549     H685    (8)    7 :  0.183 0.228 0.035 0.059 0.058 0.115 0.042 0.034 0.119 0.127 
550     H713    (8)    7 :  0.045 0.363 0.104 0.062 0.052 0.105 0.048 0.043 0.127 0.051 
551     H715    (8)    7 :  0.050 0.052 0.104 0.203 0.146 0.054 0.175 0.045 0.098 0.073 
552     H716    (8)    7 :  0.040 0.041 0.124 0.068 0.092 0.104 0.084 0.309 0.103 0.035 
553     H717    (8)    7 :  0.061 0.092 0.055 0.085 0.088 0.097 0.120 0.199 0.141 0.062 
554     H729    (8)    7 :  0.250 0.045 0.058 0.089 0.084 0.031 0.091 0.129 0.077 0.146 
555     H730    (8)    7 :  0.154 0.068 0.051 0.069 0.066 0.067 0.057 0.253 0.068 0.147 
556     H431   (16)    8 :  0.081 0.085 0.071 0.116 0.076 0.140 0.071 0.042 0.067 0.250 
557     H432    (8)    8 :  0.068 0.051 0.042 0.127 0.092 0.045 0.158 0.085 0.208 0.124 
558     H433    (8)    8 :  0.136 0.049 0.099 0.138 0.113 0.065 0.117 0.082 0.097 0.104 
559     H434    (8)    8 :  0.205 0.088 0.135 0.080 0.095 0.032 0.080 0.113 0.096 0.077 
560     H444    (8)    8 :  0.059 0.046 0.076 0.103 0.091 0.099 0.119 0.232 0.108 0.066 
561     H454    (0)    8 :  0.054 0.082 0.058 0.064 0.061 0.226 0.079 0.247 0.081 0.049 
562     H475    (8)    8 :  0.049 0.066 0.178 0.066 0.058 0.389 0.068 0.033 0.052 0.042 
563     H491    (8)    8 :  0.047 0.093 0.137 0.083 0.099 0.110 0.102 0.193 0.098 0.038 
564     H492    (8)    8 :  0.138 0.153 0.053 0.097 0.086 0.117 0.097 0.094 0.106 0.060 
565     H493    (8)    8 :  0.113 0.077 0.103 0.144 0.129 0.057 0.123 0.045 0.115 0.094 
566     H494    (8)    8 :  0.073 0.096 0.066 0.083 0.084 0.114 0.085 0.170 0.120 0.109 
567     H495    (0)    8 :  0.045 0.284 0.104 0.069 0.074 0.172 0.074 0.055 0.090 0.034 
568     H662    (8)    8 :  0.127 0.263 0.037 0.078 0.100 0.037 0.087 0.116 0.089 0.066 
569     H663    (8)    8 :  0.073 0.120 0.082 0.083 0.092 0.099 0.088 0.109 0.135 0.119 
570     H695    (8)    8 :  0.135 0.063 0.080 0.104 0.100 0.110 0.116 0.081 0.090 0.122 
571    H7367    (8)    8 :  0.333 0.044 0.047 0.078 0.081 0.027 0.074 0.050 0.076 0.190 
572    H7368    (0)    8 :  0.054 0.061 0.131 0.131 0.147 0.055 0.128 0.064 0.142 0.088 
573    H7369    (8)    8 :  0.051 0.047 0.111 0.092 0.100 0.094 0.095 0.193 0.080 0.137 
574    H7370    (8)    8 :  0.322 0.068 0.040 0.100 0.075 0.024 0.078 0.050 0.078 0.165 
575    H7371    (8)    8 :  0.130 0.081 0.088 0.113 0.084 0.068 0.114 0.103 0.107 0.112 
576     H600    (8)    9 :  0.093 0.094 0.231 0.073 0.089 0.147 0.068 0.084 0.069 0.053 
577     H648    (8)    9 :  0.051 0.134 0.069 0.105 0.122 0.074 0.121 0.085 0.143 0.097 
578     H696    (8)    9 :  0.091 0.120 0.033 0.128 0.139 0.025 0.126 0.047 0.121 0.169 
579     H697    (8)    9 :  0.048 0.066 0.061 0.122 0.090 0.076 0.078 0.120 0.084 0.255 
580     H698    (8)    9 :  0.072 0.063 0.047 0.140 0.087 0.049 0.073 0.068 0.080 0.324 
581     H699    (8)    9 :  0.161 0.084 0.060 0.091 0.100 0.088 0.093 0.089 0.118 0.118 
582     H700    (8)    9 :  0.069 0.100 0.364 0.084 0.066 0.084 0.080 0.062 0.059 0.032 
583     H732    (8)    9 :  0.080 0.159 0.042 0.076 0.093 0.213 0.080 0.108 0.098 0.050 
584     H733    (8)    9 :  0.075 0.065 0.063 0.134 0.093 0.042 0.079 0.068 0.086 0.295 
585     H734    (8)    9 :  0.213 0.124 0.066 0.109 0.101 0.032 0.116 0.057 0.097 0.084 
586     H735    (8)    9 :  0.071 0.198 0.036 0.089 0.082 0.039 0.080 0.064 0.115 0.225 
587     H736    (8)    9 :  0.136 0.204 0.090 0.082 0.106 0.059 0.099 0.097 0.076 0.051 
588     H737    (8)    9 :  0.108 0.069 0.131 0.079 0.083 0.087 0.064 0.140 0.064 0.176 
589     H905    (8)    9 :  0.057 0.055 0.237 0.095 0.074 0.158 0.082 0.105 0.073 0.064 
590     H921    (8)    9 :  0.074 0.104 0.104 0.108 0.083 0.108 0.100 0.139 0.086 0.093 
591     H922    (8)    9 :  0.100 0.076 0.049 0.103 0.092 0.034 0.137 0.137 0.140 0.132 
592  H169705    (8)   10 :  0.327 0.081 0.045 0.099 0.064 0.030 0.059 0.047 0.073 0.175 
593  H171942    (8)   10 :  0.058 0.041 0.039 0.108 0.095 0.041 0.159 0.115 0.230 0.114 
594  H171943    (8)   10 :  0.130 0.126 0.113 0.099 0.104 0.037 0.098 0.107 0.131 0.054 
595  H171944    (8)   10 :  0.154 0.190 0.105 0.081 0.085 0.038 0.087 0.078 0.085 0.097 
596  H171946    (8)   10 :  0.085 0.306 0.050 0.067 0.094 0.072 0.088 0.047 0.126 0.065 
597  H171947    (8)   10 :  0.144 0.071 0.068 0.106 0.113 0.074 0.105 0.123 0.110 0.087 
598  H229641    (0)   10 :  0.088 0.070 0.070 0.127 0.105 0.153 0.103 0.046 0.093 0.145 
599   H30001    (8)   10 :  0.078 0.126 0.116 0.114 0.097 0.078 0.116 0.072 0.108 0.094 
600   H30002    (8)   10 :  0.266 0.075 0.153 0.096 0.070 0.046 0.080 0.105 0.061 0.047 
601   H30005    (8)   10 :  0.082 0.068 0.067 0.148 0.087 0.043 0.077 0.043 0.083 0.303 
602   H30006    (8)   10 :  0.392 0.033 0.036 0.051 0.067 0.067 0.052 0.060 0.060 0.181 
603   H30007    (8)   10 :  0.058 0.107 0.051 0.105 0.120 0.026 0.132 0.250 0.103 0.050 
604     H451    (8)   10 :  0.065 0.042 0.118 0.157 0.095 0.049 0.163 0.088 0.142 0.081 
605     H452    (0)   10 :  0.067 0.050 0.037 0.122 0.061 0.080 0.047 0.034 0.052 0.451 
606     H453    (0)   10 :  0.058 0.091 0.079 0.097 0.113 0.197 0.105 0.085 0.118 0.058 
607     H473    (0)   10 :  0.068 0.073 0.083 0.097 0.121 0.207 0.092 0.136 0.074 0.049 
608     H474    (8)   10 :  0.086 0.195 0.062 0.077 0.085 0.241 0.074 0.041 0.091 0.047 
609     H486    (8)   10 :  0.066 0.098 0.053 0.102 0.086 0.241 0.093 0.068 0.096 0.097 
610     H487    (0)   10 :  0.151 0.046 0.107 0.080 0.091 0.167 0.094 0.061 0.074 0.130 
611     H488    (0)   10 :  0.071 0.045 0.162 0.076 0.094 0.092 0.097 0.181 0.099 0.083 
612     H489    (0)   10 :  0.177 0.104 0.068 0.083 0.081 0.197 0.070 0.058 0.070 0.092 
613     H550    (8)   10 :  0.270 0.091 0.056 0.171 0.099 0.029 0.136 0.044 0.059 0.043 
614     H551    (8)   10 :  0.133 0.102 0.051 0.081 0.063 0.072 0.072 0.184 0.089 0.151 
615     H553    (8)   10 :  0.223 0.066 0.040 0.066 0.070 0.225 0.053 0.046 0.061 0.149 
616     H554    (8)   10 :  0.062 0.084 0.103 0.183 0.120 0.053 0.186 0.049 0.087 0.073 
617     H556    (8)   10 :  0.302 0.112 0.036 0.070 0.098 0.086 0.078 0.068 0.075 0.075 
618     H580    (8)   10 :  0.125 0.117 0.087 0.081 0.110 0.044 0.085 0.095 0.133 0.123 
619     H591    (8)   10 :  0.065 0.146 0.069 0.064 0.067 0.272 0.067 0.138 0.061 0.052 
620     H592    (8)   10 :  0.147 0.134 0.068 0.096 0.093 0.119 0.083 0.052 0.096 0.113 
621     H593    (8)   10 :  0.052 0.100 0.141 0.126 0.111 0.078 0.139 0.067 0.121 0.066 
622     H594    (8)   10 :  0.115 0.069 0.049 0.127 0.131 0.026 0.143 0.102 0.121 0.116 
623     H627    (8)   10 :  0.119 0.096 0.069 0.126 0.114 0.089 0.163 0.048 0.120 0.055 
624     H628    (8)   10 :  0.057 0.044 0.133 0.094 0.121 0.033 0.100 0.178 0.088 0.151 
625     H629    (8)   10 :  0.057 0.180 0.050 0.091 0.120 0.087 0.102 0.059 0.149 0.106 
626     H630    (8)   10 :  0.118 0.329 0.050 0.064 0.071 0.035 0.058 0.040 0.136 0.100 
627     H638    (8)   10 :  0.082 0.126 0.048 0.122 0.075 0.046 0.096 0.050 0.142 0.214 
628     H639    (8)   10 :  0.061 0.107 0.040 0.089 0.090 0.321 0.078 0.053 0.084 0.079 
629     H640    (8)   10 :  0.093 0.155 0.077 0.102 0.103 0.042 0.130 0.060 0.127 0.111 
630     H704    (8)   10 :  0.084 0.091 0.065 0.110 0.188 0.033 0.113 0.099 0.134 0.083 
631     H705    (0)   10 :  0.321 0.070 0.046 0.100 0.064 0.036 0.056 0.046 0.073 0.189 
632     H706    (8)   10 :  0.099 0.065 0.129 0.068 0.075 0.120 0.064 0.192 0.084 0.104 
633     H708    (8)   10 :  0.091 0.396 0.053 0.054 0.054 0.072 0.063 0.066 0.099 0.051 
634    H7351    (8)   10 :  0.102 0.093 0.077 0.115 0.124 0.048 0.176 0.092 0.116 0.057 
635    H7352    (0)   10 :  0.090 0.098 0.074 0.098 0.112 0.090 0.108 0.074 0.108 0.148 
636    H7353    (8)   10 :  0.055 0.043 0.061 0.103 0.228 0.047 0.136 0.059 0.168 0.099 
637    H7354    (0)   10 :  0.064 0.053 0.262 0.127 0.097 0.092 0.093 0.103 0.073 0.037 
638    H7365    (8)   10 :  0.077 0.221 0.094 0.065 0.069 0.183 0.049 0.073 0.095 0.073 
639    H7383    (8)   10 :  0.076 0.067 0.193 0.094 0.089 0.081 0.086 0.159 0.085 0.070 
640    H7384    (8)   10 :  0.193 0.055 0.161 0.087 0.098 0.075 0.078 0.088 0.075 0.091 
641    H7385    (8)   10 :  0.082 0.088 0.285 0.062 0.074 0.106 0.063 0.093 0.083 0.065 
642    H7386    (8)   10 :  0.057 0.066 0.085 0.115 0.094 0.050 0.113 0.191 0.104 0.124 
643    H7387    (8)   10 :  0.129 0.080 0.188 0.114 0.121 0.046 0.094 0.067 0.088 0.071 
644    H7388    (8)   10 :  0.065 0.052 0.056 0.124 0.058 0.068 0.051 0.052 0.057 0.418 
645     H906    (8)   10 :  0.043 0.067 0.060 0.072 0.130 0.193 0.115 0.202 0.080 0.036 
646     H907    (8)   10 :  0.097 0.060 0.073 0.138 0.114 0.050 0.126 0.037 0.145 0.159 
647     H908    (8)   10 :  0.072 0.116 0.161 0.106 0.085 0.075 0.106 0.056 0.108 0.116 
648     H909    (0)   10 :  0.057 0.052 0.257 0.098 0.091 0.084 0.101 0.144 0.071 0.045 
649    H9552    (8)   10 :  0.084 0.089 0.069 0.108 0.135 0.057 0.120 0.118 0.110 0.109 
650    H9553   (25)   10 :  0.264 0.053 0.045 0.077 0.069 0.137 0.050 0.049 0.059 0.198 
651    H9555    (0)   10 :  0.123 0.101 0.113 0.100 0.088 0.044 0.107 0.103 0.095 0.126 
652    H9575   (25)   10 :  0.106 0.233 0.070 0.097 0.106 0.107 0.083 0.056 0.095 0.048 
653    H9703    (0)   10 :  0.231 0.070 0.068 0.040 0.064 0.273 0.042 0.061 0.058 0.093 
654    H9707    (0)   10 :  0.096 0.062 0.056 0.101 0.069 0.313 0.087 0.056 0.072 0.086 
655    HSAA4    (8)   10 :  0.117 0.113 0.092 0.090 0.104 0.038 0.081 0.096 0.143 0.125 
656     H001    (8)   11 :  0.051 0.083 0.152 0.078 0.096 0.084 0.097 0.157 0.116 0.086 
657     H004    (8)   11 :  0.104 0.077 0.117 0.105 0.134 0.074 0.143 0.082 0.097 0.067 
658     H005    (0)   11 :  0.035 0.051 0.194 0.077 0.063 0.315 0.078 0.083 0.063 0.040 
659     H006    (8)   11 :  0.118 0.074 0.218 0.110 0.095 0.064 0.107 0.062 0.085 0.067 
660     H007    (8)   11 :  0.075 0.063 0.109 0.056 0.064 0.154 0.061 0.323 0.055 0.039 
661     H031    (0)   11 :  0.089 0.192 0.078 0.062 0.057 0.246 0.057 0.069 0.070 0.081 
662     H074    (8)   11 :  0.078 0.249 0.039 0.066 0.076 0.118 0.082 0.076 0.147 0.072 
663     H075    (8)   11 :  0.054 0.198 0.126 0.062 0.056 0.130 0.050 0.223 0.057 0.044 
664     H080    (8)   11 :  0.055 0.111 0.102 0.088 0.080 0.165 0.067 0.088 0.107 0.137 
665     H086    (8)   11 :  0.205 0.075 0.097 0.084 0.090 0.050 0.076 0.106 0.085 0.131 
666     H092    (8)   11 :  0.143 0.077 0.142 0.077 0.088 0.147 0.070 0.058 0.091 0.107 
667     H093    (8)   11 :  0.091 0.053 0.076 0.140 0.175 0.046 0.133 0.087 0.126 0.073 
668     H094    (8)   11 :  0.146 0.139 0.077 0.115 0.101 0.037 0.099 0.034 0.123 0.131 
669     H095    (8)   11 :  0.061 0.111 0.132 0.087 0.101 0.146 0.087 0.111 0.100 0.064 
670     H096    (8)   11 :  0.051 0.064 0.207 0.076 0.083 0.139 0.112 0.133 0.080 0.054 
671     H099    (8)   11 :  0.069 0.146 0.100 0.099 0.098 0.088 0.101 0.095 0.107 0.097 
672     H100    (8)   11 :  0.078 0.066 0.093 0.083 0.100 0.025 0.104 0.230 0.137 0.082 
673     H127    (8)   11 :  0.116 0.089 0.066 0.089 0.097 0.111 0.089 0.096 0.085 0.162 
674     H136    (0)   11 :  0.085 0.100 0.109 0.089 0.074 0.275 0.076 0.060 0.069 0.063 
675     H153    (0)   11 :  0.074 0.062 0.106 0.146 0.127 0.089 0.143 0.058 0.118 0.077 
676     H154    (8)   11 :  0.075 0.248 0.067 0.077 0.070 0.145 0.065 0.046 0.112 0.095 
677     H155    (0)   11 :  0.081 0.042 0.067 0.096 0.080 0.033 0.079 0.230 0.096 0.195 
678     H156    (8)   11 :  0.073 0.045 0.152 0.121 0.117 0.027 0.132 0.111 0.112 0.109 
679     H161    (8)   11 :  0.062 0.081 0.077 0.146 0.121 0.077 0.206 0.097 0.082 0.051 
680     H162    (8)   11 :  0.103 0.097 0.071 0.120 0.086 0.038 0.084 0.037 0.087 0.278 
681     H167    (0)   11 :  0.142 0.065 0.157 0.104 0.114 0.042 0.100 0.106 0.099 0.072 
682     H168    (8)   11 :  0.074 0.052 0.120 0.122 0.107 0.069 0.090 0.077 0.109 0.179 
683  H169586    (8)   11 :  0.167 0.253 0.045 0.092 0.125 0.067 0.100 0.056 0.067 0.028 
684  H169738    (8)   11 :  0.078 0.046 0.121 0.109 0.087 0.046 0.085 0.163 0.076 0.188 
685  H169741    (8)   11 :  0.277 0.185 0.060 0.110 0.066 0.095 0.057 0.042 0.062 0.045 
686  H171801    (8)   11 :  0.054 0.049 0.055 0.127 0.118 0.043 0.189 0.142 0.151 0.072 
687  H171810    (8)   11 :  0.088 0.151 0.074 0.120 0.100 0.112 0.131 0.063 0.112 0.049 
688  H171811    (8)   11 :  0.076 0.317 0.067 0.075 0.089 0.095 0.072 0.062 0.094 0.054 
689  H171812    (8)   11 :  0.045 0.068 0.078 0.055 0.053 0.049 0.067 0.478 0.069 0.037 
690  H171820    (8)   11 :  0.084 0.247 0.057 0.076 0.084 0.144 0.067 0.089 0.079 0.073 
691  H171821    (8)   11 :  0.054 0.067 0.111 0.159 0.112 0.059 0.093 0.064 0.085 0.197 
692  H171822    (8)   11 :  0.130 0.082 0.111 0.111 0.116 0.066 0.084 0.064 0.114 0.122 
693  H171823    (8)   11 :  0.037 0.060 0.070 0.099 0.104 0.339 0.122 0.056 0.077 0.036 
694  H171866    (8)   11 :  0.065 0.037 0.088 0.109 0.109 0.077 0.102 0.100 0.085 0.227 
695  H171867    (8)   11 :  0.165 0.061 0.170 0.084 0.084 0.052 0.073 0.071 0.103 0.137 
696  H171967    (8)   11 :  0.088 0.166 0.058 0.070 0.067 0.117 0.077 0.198 0.082 0.077 
697  H171969    (8)   11 :  0.088 0.116 0.090 0.116 0.103 0.066 0.114 0.163 0.085 0.060 
698     H172    (8)   11 :  0.141 0.114 0.093 0.095 0.095 0.057 0.078 0.136 0.100 0.091 
699     H173    (0)   11 :  0.140 0.097 0.087 0.097 0.074 0.051 0.080 0.163 0.082 0.130 
700     H174    (8)   11 :  0.050 0.195 0.070 0.111 0.106 0.024 0.084 0.041 0.117 0.200 
701     H196    (0)   11 :  0.074 0.037 0.043 0.132 0.056 0.036 0.045 0.059 0.043 0.476 
702     H197    (8)   11 :  0.087 0.090 0.165 0.114 0.098 0.043 0.117 0.065 0.109 0.114 
703     H346    (8)   11 :  0.112 0.053 0.159 0.105 0.089 0.110 0.090 0.162 0.078 0.042 
704     H355    (8)   11 :  0.076 0.080 0.084 0.082 0.083 0.128 0.097 0.222 0.084 0.064 
705     H356    (0)   11 :  0.127 0.066 0.104 0.091 0.098 0.084 0.088 0.159 0.097 0.086 
706     H357    (8)   11 :  0.069 0.141 0.074 0.092 0.073 0.136 0.089 0.117 0.112 0.098 
707     H358    (8)   11 :  0.082 0.084 0.345 0.065 0.059 0.050 0.061 0.138 0.054 0.063 
708     H359    (8)   11 :  0.126 0.121 0.095 0.118 0.108 0.060 0.116 0.066 0.119 0.072 
709     H360    (0)   11 :  0.203 0.075 0.126 0.088 0.077 0.051 0.089 0.116 0.086 0.087 
710     H361    (8)   11 :  0.156 0.041 0.144 0.086 0.090 0.081 0.079 0.129 0.092 0.102 
711     H362    (8)   11 :  0.089 0.056 0.080 0.168 0.097 0.034 0.091 0.044 0.088 0.253 
712     H363    (8)   11 :  0.113 0.095 0.217 0.103 0.084 0.149 0.074 0.047 0.066 0.052 
713     H364    (8)   11 :  0.160 0.109 0.146 0.091 0.113 0.057 0.108 0.091 0.085 0.041 
714     H365    (8)   11 :  0.082 0.102 0.058 0.071 0.082 0.054 0.085 0.291 0.076 0.100 
715     H366    (8)   11 :  0.113 0.063 0.090 0.097 0.097 0.047 0.075 0.155 0.090 0.174 
716     H367    (8)   11 :  0.037 0.163 0.034 0.087 0.052 0.199 0.050 0.067 0.115 0.197 
717     H368    (8)   11 :  0.154 0.181 0.073 0.126 0.121 0.028 0.103 0.053 0.120 0.041 
718     H369    (0)   11 :  0.072 0.100 0.100 0.076 0.067 0.255 0.063 0.078 0.094 0.097 
719     H370    (8)   11 :  0.089 0.078 0.156 0.136 0.124 0.041 0.132 0.051 0.104 0.089 
720     H371    (8)   11 :  0.141 0.163 0.040 0.096 0.076 0.055 0.091 0.094 0.104 0.139 
721     H372    (8)   11 :  0.091 0.104 0.100 0.094 0.099 0.054 0.082 0.136 0.095 0.145 
722     H373    (8)   11 :  0.069 0.101 0.176 0.112 0.104 0.047 0.094 0.093 0.123 0.082 
723     H374    (0)   11 :  0.113 0.050 0.247 0.079 0.086 0.093 0.090 0.126 0.077 0.039 
724     H375    (8)   11 :  0.070 0.115 0.075 0.074 0.079 0.113 0.080 0.206 0.109 0.080 
725     H376    (0)   11 :  0.085 0.056 0.087 0.094 0.122 0.054 0.128 0.148 0.139 0.088 
726     H377    (8)   11 :  0.172 0.055 0.169 0.091 0.101 0.119 0.105 0.054 0.081 0.054 
727     H378    (8)   11 :  0.086 0.112 0.098 0.097 0.127 0.077 0.091 0.090 0.116 0.106 
728     H379    (8)   11 :  0.082 0.123 0.127 0.138 0.104 0.074 0.121 0.039 0.102 0.089 
729     H380    (8)   11 :  0.068 0.057 0.229 0.113 0.099 0.045 0.116 0.082 0.104 0.086 
730     H381    (0)   11 :  0.130 0.150 0.043 0.111 0.098 0.207 0.098 0.060 0.061 0.043 
731     H382    (8)   11 :  0.052 0.055 0.165 0.164 0.110 0.024 0.135 0.047 0.115 0.134 
732     H383    (8)   11 :  0.060 0.045 0.156 0.122 0.141 0.033 0.154 0.103 0.127 0.059 
733     H384    (0)   11 :  0.261 0.155 0.089 0.084 0.080 0.081 0.066 0.080 0.058 0.045 
734     H385    (8)   11 :  0.096 0.150 0.143 0.101 0.090 0.086 0.097 0.048 0.101 0.088 
735     H386    (0)   11 :  0.058 0.075 0.327 0.083 0.083 0.039 0.067 0.118 0.075 0.074 
736     H387    (0)   11 :  0.063 0.055 0.125 0.135 0.180 0.102 0.118 0.060 0.121 0.041 
737     H388    (8)   11 :  0.149 0.060 0.105 0.088 0.093 0.039 0.083 0.160 0.089 0.134 
738     H389    (8)   11 :  0.081 0.116 0.104 0.073 0.079 0.076 0.085 0.202 0.098 0.087 
739     H390    (8)   11 :  0.077 0.182 0.128 0.101 0.098 0.034 0.101 0.084 0.117 0.079 
740     H391    (8)   11 :  0.065 0.170 0.055 0.093 0.092 0.031 0.073 0.140 0.112 0.168 
741     H392    (0)   11 :  0.049 0.138 0.247 0.055 0.066 0.104 0.059 0.189 0.061 0.033 
742     H393    (0)   11 :  0.068 0.071 0.063 0.101 0.106 0.043 0.097 0.277 0.098 0.077 
743     H394    (0)   11 :  0.051 0.100 0.041 0.099 0.190 0.056 0.125 0.077 0.147 0.113 
744     H395    (8)   11 :  0.068 0.112 0.104 0.089 0.082 0.189 0.076 0.077 0.072 0.131 
745     H408   (16)   11 :  0.063 0.058 0.258 0.084 0.079 0.081 0.087 0.160 0.072 0.057 
746     H412    (0)   11 :  0.044 0.461 0.024 0.039 0.049 0.124 0.048 0.027 0.137 0.048 
747     H417    (8)   11 :  0.218 0.186 0.072 0.075 0.081 0.063 0.079 0.096 0.073 0.056 
748     H418    (8)   11 :  0.056 0.155 0.066 0.113 0.104 0.067 0.089 0.054 0.109 0.187 
749     H429    (8)   11 :  0.077 0.127 0.180 0.085 0.104 0.057 0.089 0.159 0.070 0.051 
750     H430    (8)   11 :  0.078 0.075 0.088 0.098 0.092 0.042 0.098 0.187 0.114 0.130 
751     H439    (8)   11 :  0.140 0.104 0.155 0.090 0.093 0.058 0.076 0.084 0.099 0.101 
752     H440    (8)   11 :  0.066 0.076 0.197 0.072 0.086 0.256 0.066 0.067 0.070 0.043 
753     H441    (0)   11 :  0.052 0.087 0.053 0.141 0.063 0.037 0.067 0.050 0.084 0.366 
754     H442   (16)   11 :  0.067 0.063 0.143 0.122 0.116 0.061 0.105 0.085 0.104 0.133 
755     H446    (0)   11 :  0.162 0.069 0.126 0.116 0.145 0.059 0.100 0.054 0.100 0.068 
756     H447    (0)   11 :  0.115 0.107 0.201 0.088 0.091 0.031 0.094 0.116 0.084 0.074 
757     H448    (0)   11 :  0.124 0.055 0.089 0.078 0.073 0.083 0.079 0.152 0.080 0.188 
758     H534    (8)   11 :  0.047 0.254 0.141 0.071 0.080 0.112 0.080 0.070 0.103 0.042 
759     H537    (8)   11 :  0.043 0.147 0.057 0.086 0.113 0.183 0.088 0.071 0.135 0.077 
760     H568    (8)   11 :  0.061 0.084 0.060 0.067 0.059 0.451 0.056 0.048 0.057 0.058 
761     H569    (8)   11 :  0.282 0.042 0.051 0.074 0.062 0.032 0.060 0.111 0.079 0.207 
762     H586    (0)   11 :  0.147 0.314 0.040 0.084 0.099 0.065 0.100 0.052 0.076 0.025 
763     H587    (8)   11 :  0.120 0.175 0.086 0.073 0.078 0.192 0.060 0.088 0.084 0.044 
764     H588    (8)   11 :  0.060 0.046 0.108 0.097 0.218 0.037 0.157 0.077 0.135 0.063 
765     H589    (8)   11 :  0.069 0.136 0.151 0.062 0.072 0.205 0.075 0.116 0.074 0.041 
766     H590    (0)   11 :  0.040 0.048 0.052 0.088 0.086 0.357 0.099 0.102 0.077 0.051 
767     H601    (8)   11 :  0.147 0.044 0.056 0.108 0.104 0.054 0.104 0.084 0.152 0.146 
768     H602    (8)   11 :  0.060 0.101 0.125 0.101 0.077 0.103 0.069 0.068 0.078 0.219 
769     H603    (8)   11 :  0.056 0.075 0.213 0.101 0.074 0.047 0.090 0.108 0.100 0.137 
770     H610    (0)   11 :  0.203 0.093 0.086 0.076 0.086 0.086 0.086 0.077 0.101 0.108 
771     H611    (0)   11 :  0.230 0.143 0.050 0.104 0.070 0.122 0.069 0.048 0.096 0.068 
772     H649    (8)   11 :  0.074 0.068 0.058 0.092 0.099 0.083 0.133 0.173 0.147 0.073 
773     H650    (8)   11 :  0.178 0.064 0.070 0.152 0.107 0.047 0.135 0.037 0.103 0.105 
774     H651    (8)   11 :  0.116 0.060 0.120 0.090 0.087 0.073 0.084 0.137 0.098 0.135 
775     H652    (8)   11 :  0.089 0.078 0.127 0.115 0.140 0.083 0.111 0.042 0.120 0.094 
776    H7364    (8)   11 :  0.090 0.095 0.121 0.095 0.104 0.058 0.089 0.130 0.112 0.106 
777    H7366    (8)   11 :  0.162 0.051 0.125 0.085 0.086 0.120 0.089 0.085 0.071 0.126 
778    H7378   (16)   11 :  0.043 0.139 0.033 0.111 0.098 0.024 0.109 0.033 0.169 0.242 
779    H7379    (0)   11 :  0.098 0.075 0.084 0.114 0.110 0.084 0.105 0.084 0.091 0.156 
780     H739    (8)   11 :  0.201 0.127 0.048 0.073 0.079 0.182 0.071 0.071 0.072 0.076 
781     H740    (8)   11 :  0.120 0.057 0.100 0.165 0.115 0.065 0.138 0.034 0.096 0.110 
782     H741    (0)   11 :  0.276 0.193 0.053 0.107 0.056 0.098 0.058 0.046 0.065 0.048 
783     H926    (8)   11 :  0.106 0.058 0.079 0.165 0.099 0.062 0.118 0.049 0.131 0.133 
784     H927    (0)   11 :  0.334 0.058 0.072 0.083 0.067 0.033 0.058 0.048 0.066 0.181 
785     H928    (0)   11 :  0.204 0.150 0.049 0.116 0.088 0.059 0.089 0.047 0.087 0.112 
786    H9560    (0)   11 :  0.250 0.065 0.088 0.096 0.113 0.052 0.094 0.040 0.108 0.093 
787     H409    (0)   12 :  0.059 0.059 0.101 0.149 0.110 0.033 0.170 0.109 0.114 0.095 
788     H413    (0)   12 :  0.059 0.188 0.040 0.143 0.105 0.025 0.202 0.056 0.132 0.049 
789     H419    (8)   12 :  0.084 0.053 0.152 0.101 0.090 0.072 0.117 0.103 0.107 0.122 
790     H420    (8)   12 :  0.070 0.076 0.097 0.092 0.087 0.165 0.097 0.134 0.103 0.077 
791     H421    (8)   12 :  0.080 0.049 0.136 0.182 0.127 0.032 0.186 0.066 0.076 0.065 
792     H435    (8)   12 :  0.057 0.050 0.190 0.143 0.131 0.041 0.130 0.073 0.100 0.086 
793     H436    (8)   12 :  0.117 0.097 0.134 0.083 0.091 0.061 0.091 0.172 0.083 0.071 
794     H437    (8)   12 :  0.058 0.118 0.087 0.095 0.110 0.228 0.105 0.062 0.087 0.051 
795     H445    (8)   12 :  0.057 0.051 0.233 0.102 0.096 0.048 0.108 0.120 0.092 0.092 
796     H449    (8)   12 :  0.241 0.051 0.053 0.100 0.134 0.061 0.087 0.067 0.099 0.106 
797     H463    (8)   12 :  0.062 0.084 0.086 0.112 0.104 0.172 0.106 0.087 0.124 0.063 
798     H464    (8)   12 :  0.096 0.037 0.042 0.129 0.124 0.051 0.203 0.066 0.173 0.079 
799     H465    (8)   12 :  0.049 0.225 0.046 0.118 0.126 0.067 0.113 0.046 0.128 0.082 
800     H490    (8)   12 :  0.092 0.054 0.077 0.132 0.176 0.030 0.176 0.063 0.124 0.075 
801     H561    (8)   12 :  0.061 0.093 0.052 0.139 0.089 0.078 0.095 0.070 0.081 0.242 
802     H562    (8)   12 :  0.078 0.070 0.150 0.089 0.074 0.051 0.109 0.211 0.102 0.065 
803     H563    (0)   12 :  0.074 0.062 0.060 0.113 0.092 0.110 0.082 0.166 0.076 0.165 
804     H570    (8)   12 :  0.075 0.111 0.240 0.089 0.075 0.082 0.073 0.085 0.104 0.066 
805     H571    (8)   12 :  0.049 0.277 0.062 0.107 0.104 0.049 0.095 0.037 0.136 0.085 
806     H572    (8)   12 :  0.054 0.210 0.042 0.076 0.073 0.063 0.088 0.135 0.147 0.113 
807     H573    (8)   12 :  0.073 0.091 0.133 0.099 0.112 0.036 0.114 0.152 0.097 0.094 
808    H7372    (8)   12 :  0.170 0.044 0.203 0.112 0.096 0.022 0.101 0.067 0.071 0.115 
809    H7373    (0)   12 :  0.169 0.075 0.055 0.201 0.138 0.033 0.176 0.045 0.071 0.038 
810    H7374    (0)   12 :  0.040 0.049 0.117 0.086 0.104 0.144 0.144 0.168 0.095 0.053 
811    H7375    (8)   12 :  0.061 0.107 0.094 0.087 0.079 0.183 0.084 0.120 0.094 0.092 
812    H7376    (8)   12 :  0.091 0.045 0.095 0.068 0.080 0.032 0.095 0.322 0.087 0.084 
813    H7377    (8)   12 :  0.088 0.202 0.087 0.089 0.082 0.104 0.086 0.047 0.107 0.110 


Estimated Allele Frequencies in each cluster
First column gives estimated ancestral frequencies


Locus 1 : 
10 alleles
0.4% missing data
 168   (0.104) 0.069 0.094 0.098 0.081 0.104 0.073 0.091 0.218 0.079 0.052 
 160   (0.257) 0.240 0.237 0.368 0.234 0.254 0.297 0.220 0.377 0.227 0.267 
 172   (0.014) 0.007 0.003 0.003 0.012 0.014 0.001 0.018 0.003 0.023 0.008 
 156   (0.200) 0.199 0.237 0.185 0.239 0.197 0.050 0.228 0.122 0.262 0.319 
 164   (0.202) 0.319 0.309 0.130 0.206 0.200 0.138 0.184 0.107 0.207 0.241 
 152   (0.160) 0.092 0.095 0.160 0.176 0.170 0.421 0.201 0.135 0.147 0.067 
 148   (0.041) 0.019 0.021 0.050 0.042 0.042 0.019 0.046 0.033 0.043 0.020 
 144   (0.014) 0.053 0.003 0.004 0.008 0.012 0.001 0.008 0.006 0.008 0.025 
 176   (0.004) 0.000 0.000 0.000 0.001 0.003 0.000 0.002 0.000 0.002 0.001 
 180   (0.004) 0.000 0.001 0.000 0.001 0.003 0.000 0.002 0.000 0.002 0.000 

Locus 2 : 
11 alleles
0.4% missing data
 160   (0.192) 0.152 0.232 0.200 0.170 0.193 0.144 0.170 0.145 0.189 0.154 
 152   (0.152) 0.108 0.143 0.103 0.159 0.153 0.150 0.175 0.166 0.187 0.102 
 164   (0.164) 0.188 0.284 0.169 0.148 0.163 0.434 0.151 0.101 0.160 0.101 
 156   (0.248) 0.281 0.122 0.403 0.299 0.253 0.061 0.280 0.213 0.224 0.319 
 168   (0.116) 0.100 0.113 0.065 0.111 0.113 0.187 0.121 0.278 0.129 0.148 
 172   (0.041) 0.098 0.018 0.014 0.044 0.042 0.005 0.040 0.010 0.048 0.070 
 148   (0.042) 0.058 0.070 0.027 0.031 0.040 0.011 0.032 0.036 0.030 0.015 
 144   (0.017) 0.005 0.009 0.004 0.023 0.016 0.002 0.013 0.006 0.012 0.075 
 176   (0.020) 0.011 0.010 0.014 0.012 0.019 0.005 0.015 0.045 0.016 0.014 
 140   (0.004) 0.000 0.000 0.000 0.001 0.003 0.000 0.002 0.000 0.002 0.001 
 180   (0.004) 0.000 0.000 0.001 0.001 0.003 0.000 0.002 0.000 0.002 0.000 

Locus 3 : 
10 alleles
0.0% missing data
 185   (0.238) 0.254 0.224 0.376 0.223 0.238 0.335 0.221 0.182 0.190 0.126 
 181   (0.102) 0.060 0.046 0.181 0.099 0.104 0.099 0.115 0.078 0.101 0.061 
 193   (0.166) 0.095 0.150 0.098 0.153 0.167 0.178 0.190 0.356 0.223 0.109 
 189   (0.346) 0.423 0.494 0.257 0.396 0.342 0.280 0.334 0.319 0.368 0.602 
 197   (0.106) 0.121 0.074 0.079 0.107 0.110 0.093 0.114 0.058 0.093 0.079 
 177   (0.006) 0.001 0.001 0.001 0.002 0.005 0.000 0.002 0.001 0.003 0.001 
 201   (0.017) 0.008 0.008 0.006 0.013 0.017 0.003 0.015 0.004 0.012 0.007 
 169   (0.012) 0.036 0.001 0.001 0.004 0.010 0.011 0.005 0.002 0.006 0.014 
 173   (0.004) 0.001 0.000 0.001 0.001 0.003 0.000 0.002 0.000 0.002 0.001 
 209   (0.003) 0.000 0.000 0.000 0.001 0.003 0.000 0.001 0.000 0.002 0.001 

Locus 4 : 
9 alleles
0.0% missing data
 177   (0.220) 0.209 0.212 0.409 0.227 0.219 0.116 0.226 0.248 0.235 0.217 
 165   (0.200) 0.265 0.155 0.148 0.225 0.203 0.081 0.205 0.098 0.194 0.208 
 169   (0.229) 0.257 0.316 0.170 0.238 0.227 0.425 0.207 0.187 0.243 0.331 
 173   (0.206) 0.209 0.165 0.184 0.192 0.208 0.102 0.237 0.293 0.217 0.152 
 193   (0.010) 0.003 0.003 0.003 0.006 0.010 0.001 0.006 0.001 0.006 0.001 
 185   (0.037) 0.012 0.021 0.033 0.026 0.036 0.008 0.030 0.080 0.028 0.023 
 181   (0.082) 0.040 0.109 0.049 0.078 0.081 0.264 0.080 0.088 0.066 0.063 
 161   (0.012) 0.005 0.016 0.003 0.007 0.011 0.002 0.007 0.003 0.009 0.003 
 189   (0.005) 0.001 0.002 0.001 0.002 0.004 0.001 0.003 0.000 0.003 0.002 

Locus 5 : 
17 alleles
0.0% missing data
 199   (0.237) 0.272 0.329 0.378 0.247 0.242 0.523 0.238 0.236 0.242 0.159 
 215   (0.034) 0.021 0.122 0.010 0.034 0.034 0.037 0.028 0.016 0.055 0.058 
 203   (0.265) 0.316 0.175 0.294 0.286 0.272 0.188 0.291 0.389 0.284 0.289 
 207   (0.166) 0.178 0.119 0.146 0.165 0.163 0.077 0.165 0.209 0.140 0.227 
 195   (0.097) 0.119 0.106 0.093 0.093 0.096 0.047 0.108 0.089 0.095 0.086 
 211   (0.062) 0.035 0.083 0.032 0.079 0.060 0.010 0.063 0.030 0.075 0.136 
 271   (0.003) 0.000 0.000 0.000 0.001 0.003 0.000 0.001 0.000 0.002 0.001 
 275   (0.019) 0.023 0.005 0.007 0.013 0.019 0.002 0.013 0.003 0.020 0.011 
 283   (0.023) 0.007 0.023 0.008 0.015 0.021 0.012 0.021 0.007 0.019 0.006 
 279   (0.023) 0.009 0.005 0.014 0.028 0.023 0.002 0.026 0.005 0.024 0.010 
 287   (0.019) 0.007 0.016 0.005 0.014 0.020 0.007 0.015 0.004 0.016 0.009 
 191   (0.019) 0.006 0.006 0.006 0.009 0.017 0.091 0.012 0.005 0.012 0.004 
 291   (0.010) 0.005 0.006 0.002 0.005 0.009 0.001 0.006 0.002 0.005 0.002 
 295   (0.005) 0.001 0.001 0.001 0.002 0.004 0.000 0.002 0.001 0.003 0.001 
 267   (0.007) 0.001 0.001 0.001 0.004 0.007 0.001 0.004 0.002 0.004 0.001 
 219   (0.006) 0.001 0.001 0.001 0.003 0.006 0.002 0.005 0.002 0.004 0.001 
 299   (0.005) 0.001 0.000 0.001 0.001 0.004 0.000 0.002 0.000 0.002 0.000 

Locus 6 : 
10 alleles
0.5% missing data
 238   (0.245) 0.177 0.279 0.336 0.245 0.242 0.219 0.258 0.313 0.248 0.187 
 250   (0.137) 0.170 0.154 0.218 0.133 0.138 0.072 0.120 0.206 0.125 0.133 
 246   (0.171) 0.309 0.094 0.115 0.175 0.174 0.046 0.186 0.209 0.175 0.150 
 242   (0.205) 0.182 0.225 0.184 0.225 0.206 0.549 0.224 0.131 0.223 0.235 
 234   (0.100) 0.058 0.146 0.086 0.085 0.100 0.080 0.088 0.082 0.117 0.092 
 254   (0.043) 0.031 0.047 0.020 0.041 0.042 0.005 0.040 0.014 0.044 0.045 
 230   (0.053) 0.042 0.038 0.023 0.057 0.054 0.010 0.043 0.026 0.038 0.089 
 258   (0.022) 0.026 0.007 0.011 0.021 0.020 0.010 0.015 0.016 0.014 0.064 
 226   (0.014) 0.003 0.003 0.005 0.013 0.016 0.001 0.021 0.003 0.011 0.003 
 218   (0.009) 0.003 0.007 0.001 0.005 0.008 0.006 0.005 0.001 0.005 0.002 

Locus 7 : 
5 alleles
77.9% missing data
 149   (0.888) 0.936 0.723 0.945 0.891 0.886 0.965 0.868 0.959 0.845 0.949 
 153   (0.038) 0.019 0.246 0.016 0.028 0.038 0.015 0.042 0.014 0.079 0.015 
 157   (0.033) 0.023 0.013 0.018 0.032 0.033 0.010 0.037 0.013 0.043 0.020 
 155   (0.027) 0.018 0.014 0.010 0.040 0.029 0.007 0.043 0.010 0.022 0.012 
 151   (0.014) 0.005 0.004 0.010 0.010 0.014 0.003 0.010 0.005 0.010 0.004 

Locus 8 : 
21 alleles
0.5% missing data
 152   (0.064) 0.055 0.084 0.144 0.072 0.064 0.064 0.066 0.029 0.061 0.051 
 148   (0.058) 0.059 0.023 0.086 0.089 0.064 0.025 0.080 0.016 0.044 0.028 
 142   (0.063) 0.106 0.073 0.029 0.068 0.063 0.020 0.073 0.017 0.085 0.046 
 140   (0.041) 0.053 0.032 0.037 0.032 0.039 0.006 0.036 0.036 0.032 0.034 
 138   (0.063) 0.104 0.034 0.069 0.057 0.061 0.059 0.054 0.040 0.059 0.099 
 136   (0.069) 0.084 0.044 0.028 0.083 0.068 0.015 0.083 0.034 0.065 0.075 
 150   (0.065) 0.055 0.056 0.030 0.059 0.062 0.100 0.064 0.026 0.065 0.062 
 146   (0.229) 0.197 0.326 0.348 0.252 0.233 0.461 0.227 0.300 0.284 0.332 
 128   (0.090) 0.100 0.164 0.098 0.080 0.087 0.087 0.077 0.147 0.092 0.098 
 164   (0.011) 0.002 0.001 0.004 0.005 0.011 0.001 0.006 0.001 0.006 0.002 
 156   (0.014) 0.003 0.002 0.022 0.013 0.014 0.010 0.010 0.003 0.008 0.016 
 144   (0.040) 0.055 0.047 0.017 0.030 0.040 0.016 0.034 0.089 0.027 0.026 
 158   (0.017) 0.021 0.011 0.004 0.015 0.017 0.012 0.016 0.003 0.009 0.003 
 134   (0.094) 0.082 0.061 0.044 0.089 0.096 0.096 0.097 0.228 0.079 0.092 
 168   (0.019) 0.005 0.012 0.007 0.015 0.018 0.014 0.017 0.012 0.022 0.007 
 160   (0.022) 0.006 0.008 0.019 0.015 0.024 0.007 0.027 0.009 0.015 0.007 
 162   (0.010) 0.004 0.004 0.002 0.006 0.009 0.005 0.006 0.001 0.008 0.004 
 154   (0.014) 0.005 0.014 0.005 0.012 0.014 0.002 0.016 0.004 0.026 0.013 
 170   (0.006) 0.001 0.001 0.001 0.002 0.005 0.001 0.003 0.001 0.003 0.001 
 130   (0.008) 0.002 0.001 0.004 0.005 0.008 0.001 0.007 0.004 0.008 0.002 
 172   (0.004) 0.000 0.000 0.000 0.001 0.003 0.000 0.002 0.000 0.002 0.000 

Locus 9 : 
8 alleles
0.2% missing data
 184   (0.234) 0.170 0.135 0.292 0.267 0.244 0.083 0.275 0.146 0.211 0.190 
 182   (0.150) 0.104 0.238 0.129 0.162 0.152 0.171 0.165 0.083 0.165 0.074 
 186   (0.389) 0.360 0.317 0.408 0.387 0.385 0.540 0.369 0.424 0.415 0.558 
 180   (0.177) 0.259 0.293 0.157 0.150 0.174 0.201 0.160 0.333 0.176 0.105 
 192   (0.018) 0.096 0.007 0.006 0.012 0.016 0.003 0.010 0.007 0.013 0.042 
 188   (0.013) 0.004 0.006 0.006 0.009 0.014 0.002 0.010 0.003 0.010 0.003 
 194   (0.014) 0.006 0.003 0.003 0.013 0.012 0.001 0.009 0.003 0.009 0.027 
 174   (0.003) 0.000 0.000 0.001 0.001 0.003 0.000 0.002 0.001 0.001 0.000 

Locus 10 : 
8 alleles
0.1% missing data
 164   (0.254) 0.209 0.143 0.278 0.288 0.262 0.168 0.272 0.188 0.255 0.266 
 160   (0.222) 0.219 0.194 0.123 0.204 0.219 0.394 0.209 0.281 0.235 0.292 
 168   (0.230) 0.201 0.433 0.212 0.249 0.227 0.232 0.255 0.239 0.251 0.183 
 156   (0.134) 0.290 0.181 0.167 0.111 0.132 0.170 0.106 0.102 0.131 0.104 
 172   (0.084) 0.043 0.032 0.177 0.072 0.084 0.020 0.088 0.165 0.067 0.051 
 152   (0.030) 0.018 0.005 0.011 0.039 0.028 0.004 0.024 0.013 0.023 0.084 
 176   (0.038) 0.017 0.011 0.030 0.032 0.039 0.010 0.041 0.011 0.032 0.015 
 180   (0.009) 0.002 0.001 0.001 0.004 0.009 0.001 0.006 0.001 0.006 0.003 

Locus 11 : 
10 alleles
0.0% missing data
 169   (0.300) 0.308 0.282 0.306 0.320 0.299 0.159 0.331 0.328 0.330 0.356 
 161   (0.101) 0.055 0.128 0.184 0.085 0.103 0.052 0.097 0.151 0.109 0.044 
 165   (0.277) 0.397 0.332 0.171 0.288 0.279 0.289 0.287 0.193 0.263 0.287 
 173   (0.141) 0.133 0.071 0.220 0.140 0.141 0.220 0.129 0.173 0.113 0.137 
 157   (0.051) 0.046 0.041 0.033 0.065 0.051 0.008 0.047 0.014 0.055 0.070 
 177   (0.067) 0.029 0.127 0.066 0.048 0.065 0.262 0.059 0.123 0.080 0.028 
 153   (0.015) 0.012 0.007 0.006 0.009 0.016 0.002 0.011 0.003 0.010 0.003 
 185   (0.014) 0.004 0.004 0.004 0.010 0.014 0.001 0.010 0.004 0.010 0.004 
 181   (0.023) 0.013 0.007 0.007 0.026 0.022 0.002 0.018 0.010 0.017 0.063 
 149   (0.012) 0.004 0.002 0.003 0.008 0.011 0.005 0.011 0.002 0.013 0.007 

Locus 12 : 
5 alleles
0.4% missing data
 149   (0.870) 0.926 0.764 0.944 0.871 0.865 0.970 0.845 0.965 0.847 0.943 
 157   (0.037) 0.026 0.014 0.012 0.033 0.036 0.010 0.044 0.011 0.049 0.020 
 153   (0.048) 0.022 0.207 0.027 0.037 0.048 0.015 0.051 0.013 0.072 0.020 
 151   (0.019) 0.006 0.006 0.010 0.014 0.019 0.002 0.013 0.002 0.013 0.007 
 155   (0.027) 0.020 0.008 0.007 0.045 0.032 0.003 0.047 0.009 0.018 0.010 

Values of parameters used in structure:
DATAFILE=/data/home/rchen/Hunting/Final_analysis/data_job_T10_23,	OUTFILE=/data/home/rchen/Hunting/Final_analysis/Results_females_4.4/results_job_T10_23,	NUMINDS=813,	NUMLOCI=12,	MISSING=-9,	LABEL=1,	POPDATA=1,	POPFLAG=0,	PHENOTYPE=0,	EXTRACOLS=0,	MAXPOPS=10,	BURNIN=10000,	NUMREPS=10000,	USEPOPINFO=0,	INFERALPHA=1,	INFERLAMBDA=0,	POPSPECIFICLAMBDA=0,	POPALPHAS=0,	COMPUTEPROB=1,	NOADMIX=0,	ADMBURNIN=2500,	UPDATEFREQ=1,	PRINTLIKES=0,	INTERMEDSAVE=0,	PRINTKLD=0,	PRINTNET=0,	PRINTLAMBDA=0,	ANCESTDIST=0,	NUMBOXES=1000,	ANCESTPINT=0.90000,	GENSBACK=2,	MIGRPRIOR=0.05000,	PRINTQHAT=1,	PRINTQSUM=0,	ALPHA=1.0000,	FREQSCORR=1,	FPRIORMEAN=0.0100,	FPRIORSD=0.0500,	ONEFST=0,	LAMBDA=1.0000,	UNIFPRIORALPHA=1,	ALPHAMAX=10.0000,	ALPHAPRIORA=1.0000,	ALPHAPRIORB=2.0000,	ALPHAPROPSD=0.0250,	STARTATPOPINFO=0,	RANDOMIZE=1,	LINKAGE=0,	METROFREQ=10,	REPORTHITRATE=0,	MARKOVPHASE=-1,	PHASED=0,	PLOIDY=2,	PHASEINFO=0	LOCPRIOR=0, 	LOCPRIORINIT=1.000000, 	LOCDATA=0, 	LOCISPOP=0, 	LOCPRIORSTEP=0.100000, 	MAXLOCPRIOR=20.000000, 	SEED=1649139534,	
[STRAT parameters]:    NUMSIMSTATS=1000,	PHENOTYPECOL=-9,	POOLFREQ=10,	LOCUSxONLY=0,	EMERROR=0.00100,	MISSINGPHENO=-9,	