

----------------------------------------------------
STRUCTURE by Pritchard, Stephens and Donnelly (2000)
     and Falush, Stephens and Pritchard (2003)
       Code by Pritchard, Falush and Hubisz
             Version 2.3.4 (Jul 2012)
----------------------------------------------------



Command line arguments:   /usr/local/bin/structure -m parameter_job_T10_24 
Input File:    /data/home/rchen/Hunting/Final_analysis/data_job_T10_24

Run parameters:
   813 individuals
   12 loci
   10 populations assumed
   10000 Burn-in period
   10000 Reps


--------------------------------------------
Proportion of membership of each pre-defined
 population in each of the 10 clusters

Given    Inferred Clusters                                                        Number of
 Pop       1      2      3      4      5      6      7      8      9     10      Individuals

  1:     0.090  0.111  0.106  0.087  0.091  0.108  0.087  0.107  0.103  0.110      144
  2:     0.116  0.094  0.090  0.112  0.097  0.095  0.110  0.101  0.093  0.093      163
  3:     0.077  0.089  0.085  0.135  0.085  0.092  0.159  0.096  0.086  0.094        8
  4:     0.110  0.099  0.099  0.101  0.115  0.101  0.092  0.085  0.100  0.099       88
  5:     0.099  0.106  0.111  0.076  0.095  0.102  0.092  0.109  0.107  0.102      121
  6:     0.091  0.099  0.100  0.120  0.115  0.103  0.072  0.107  0.090  0.104       22
  7:     0.087  0.098  0.110  0.062  0.122  0.089  0.127  0.133  0.084  0.088        9
  8:     0.102  0.098  0.101  0.097  0.095  0.093  0.120  0.108  0.093  0.092       20
  9:     0.083  0.086  0.101  0.172  0.105  0.092  0.082  0.077  0.108  0.094       16
 10:     0.101  0.093  0.094  0.106  0.104  0.096  0.132  0.083  0.096  0.095       64
 11:     0.098  0.096  0.099  0.102  0.101  0.097  0.100  0.105  0.105  0.097      131
 12:     0.078  0.110  0.108  0.095  0.105  0.108  0.089  0.102  0.096  0.109       27
--------------------------------------------

Allele-freq. divergence among pops (Net nucleotide distance),
computed using point estimates of P.

      1       2       3       4       5       6       7       8       9      10      
 1      -    0.0285  0.0268  0.0399  0.0228  0.0260  0.0400  0.0466  0.0218  0.0258  
 2   0.0285     -    0.0021  0.0159  0.0112  0.0002  0.0127  0.0202  0.0049  0.0003  
 3   0.0268  0.0021     -    0.0199  0.0129  0.0023  0.0179  0.0214  0.0024  0.0023  
 4   0.0399  0.0159  0.0199     -    0.0232  0.0152  0.0237  0.0342  0.0231  0.0151  
 5   0.0228  0.0112  0.0129  0.0232     -    0.0099  0.0229  0.0339  0.0144  0.0098  
 6   0.0260  0.0002  0.0023  0.0152  0.0099     -    0.0123  0.0199  0.0045  0.0000  
 7   0.0400  0.0127  0.0179  0.0237  0.0229  0.0123     -    0.0302  0.0180  0.0122  
 8   0.0466  0.0202  0.0214  0.0342  0.0339  0.0199  0.0302     -    0.0255  0.0198  
 9   0.0218  0.0049  0.0024  0.0231  0.0144  0.0045  0.0180  0.0255     -    0.0045  
10   0.0258  0.0003  0.0023  0.0151  0.0098  0.0000  0.0122  0.0198  0.0045     -    

Average distances (expected heterozygosity) between individuals in same cluster:
cluster  1  : 0.6335 
cluster  2  : 0.7115 
cluster  3  : 0.7002 
cluster  4  : 0.6448 
cluster  5  : 0.7125 
cluster  6  : 0.7123 
cluster  7  : 0.6637 
cluster  8  : 0.6443 
cluster  9  : 0.6792 
cluster 10  : 0.7127 

--------------------------------------------
Estimated Ln Prob of Data   = -32649.7
Mean value of ln likelihood = -28998.5
Variance of ln likelihood   = 7302.4
Mean value of alpha         = 0.2031

Mean value of Fst_1         = 0.1552
Mean value of Fst_2         = 0.0201
Mean value of Fst_3         = 0.0824
Mean value of Fst_4         = 0.0997
Mean value of Fst_5         = 0.0921
Mean value of Fst_6         = 0.0030
Mean value of Fst_7         = 0.0875
Mean value of Fst_8         = 0.1294
Mean value of Fst_9         = 0.0999
Mean value of Fst_10         = 0.0011


Inferred ancestry of individuals:
        Label (%Miss) Pop:  Inferred clusters
  1     H102    (8)    1 :  0.062 0.100 0.220 0.035 0.068 0.090 0.034 0.074 0.234 0.084 
  2     H103    (8)    1 :  0.034 0.177 0.184 0.045 0.077 0.112 0.098 0.040 0.124 0.109 
  3     H104    (8)    1 :  0.134 0.068 0.078 0.122 0.091 0.076 0.167 0.082 0.102 0.079 
  4     H105    (0)    1 :  0.100 0.108 0.120 0.098 0.060 0.105 0.056 0.153 0.102 0.098 
  5     H106    (8)    1 :  0.113 0.114 0.119 0.104 0.125 0.096 0.059 0.087 0.077 0.106 
  6     H112    (8)    1 :  0.113 0.077 0.153 0.063 0.075 0.087 0.090 0.067 0.179 0.095 
  7     H113    (8)    1 :  0.073 0.069 0.068 0.291 0.063 0.069 0.135 0.058 0.090 0.084 
  8     H114    (8)    1 :  0.047 0.091 0.081 0.262 0.076 0.085 0.105 0.076 0.092 0.086 
  9     H115    (0)    1 :  0.071 0.065 0.174 0.060 0.054 0.074 0.111 0.068 0.255 0.067 
 10     H143    (8)    1 :  0.054 0.111 0.154 0.052 0.065 0.112 0.054 0.114 0.176 0.107 
 11     H144    (8)    1 :  0.028 0.157 0.079 0.042 0.044 0.173 0.056 0.167 0.069 0.185 
 12     H145    (0)    1 :  0.039 0.135 0.182 0.101 0.049 0.111 0.039 0.061 0.153 0.131 
 13     H149    (0)    1 :  0.176 0.089 0.099 0.047 0.126 0.094 0.084 0.112 0.084 0.089 
 14     H150    (0)    1 :  0.080 0.095 0.081 0.128 0.063 0.141 0.104 0.050 0.101 0.156 
 15  H167542    (0)    1 :  0.044 0.068 0.073 0.047 0.058 0.058 0.067 0.450 0.067 0.068 
 16  H169604    (0)    1 :  0.061 0.107 0.109 0.055 0.061 0.092 0.187 0.122 0.096 0.110 
 17  H169607    (0)    1 :  0.066 0.126 0.103 0.072 0.064 0.113 0.101 0.121 0.104 0.130 
 18  H169608    (8)    1 :  0.122 0.061 0.228 0.047 0.049 0.064 0.040 0.035 0.289 0.064 
 19  H169633    (0)    1 :  0.049 0.094 0.076 0.185 0.056 0.100 0.086 0.175 0.076 0.102 
 20  H169688    (0)    1 :  0.064 0.137 0.098 0.033 0.175 0.125 0.070 0.061 0.105 0.132 
 21  H169714    (8)    1 :  0.113 0.096 0.081 0.081 0.132 0.106 0.119 0.063 0.100 0.110 
 22  H171802    (8)    1 :  0.173 0.079 0.064 0.065 0.098 0.070 0.246 0.057 0.075 0.073 
 23  H171805    (8)    1 :  0.046 0.169 0.126 0.069 0.112 0.118 0.064 0.059 0.122 0.115 
 24  H171807    (8)    1 :  0.139 0.092 0.134 0.048 0.074 0.095 0.112 0.090 0.105 0.111 
 25  H171814    (8)    1 :  0.047 0.099 0.056 0.188 0.058 0.129 0.193 0.033 0.080 0.118 
 26  H171816    (8)    1 :  0.131 0.108 0.101 0.093 0.090 0.109 0.102 0.048 0.113 0.107 
 27  H171817    (8)    1 :  0.124 0.088 0.112 0.104 0.116 0.098 0.085 0.069 0.094 0.110 
 28  H171818    (8)    1 :  0.062 0.115 0.082 0.122 0.115 0.105 0.066 0.144 0.092 0.097 
 29  H171819    (8)    1 :  0.099 0.091 0.076 0.286 0.076 0.086 0.064 0.049 0.086 0.088 
 30  H171834    (8)    1 :  0.042 0.122 0.199 0.064 0.076 0.111 0.062 0.064 0.164 0.097 
 31  H171835    (8)    1 :  0.124 0.051 0.066 0.082 0.223 0.060 0.183 0.055 0.093 0.062 
 32  H171836    (8)    1 :  0.028 0.119 0.120 0.126 0.087 0.115 0.100 0.096 0.096 0.113 
 33  H171837    (8)    1 :  0.089 0.079 0.092 0.077 0.090 0.088 0.107 0.164 0.130 0.084 
 34  H171838    (8)    1 :  0.049 0.108 0.164 0.169 0.109 0.110 0.048 0.035 0.089 0.119 
 35  H171839    (8)    1 :  0.105 0.077 0.066 0.071 0.114 0.082 0.171 0.136 0.094 0.083 
 36  H171841    (8)    1 :  0.455 0.054 0.078 0.036 0.065 0.056 0.034 0.036 0.133 0.054 
 37  H171860    (8)    1 :  0.073 0.105 0.121 0.108 0.058 0.094 0.134 0.107 0.105 0.095 
 38  H171861    (8)    1 :  0.032 0.158 0.136 0.099 0.106 0.114 0.054 0.099 0.096 0.107 
 39  H171862    (8)    1 :  0.062 0.125 0.138 0.066 0.083 0.144 0.076 0.057 0.121 0.129 
 40  H171868    (8)    1 :  0.043 0.088 0.163 0.067 0.064 0.076 0.039 0.234 0.143 0.083 
 41  H171869    (8)    1 :  0.050 0.151 0.082 0.083 0.112 0.150 0.064 0.066 0.097 0.146 
 42  H171870    (8)    1 :  0.117 0.121 0.075 0.044 0.142 0.128 0.096 0.072 0.073 0.132 
 43  H171871    (8)    1 :  0.050 0.117 0.091 0.086 0.090 0.126 0.143 0.033 0.125 0.138 
 44  H171872    (8)    1 :  0.103 0.090 0.100 0.121 0.074 0.096 0.142 0.064 0.120 0.090 
 45  H171873    (8)    1 :  0.099 0.140 0.098 0.062 0.142 0.123 0.088 0.066 0.068 0.114 
 46  H171874    (8)    1 :  0.053 0.174 0.123 0.053 0.078 0.147 0.057 0.058 0.131 0.126 
 47  H171875    (8)    1 :  0.038 0.161 0.087 0.155 0.080 0.126 0.056 0.092 0.081 0.123 
 48  H171876    (8)    1 :  0.036 0.127 0.119 0.060 0.058 0.128 0.111 0.137 0.105 0.119 
 49  H171877    (8)    1 :  0.035 0.044 0.084 0.084 0.060 0.045 0.062 0.469 0.065 0.052 
 50  H171878    (8)    1 :  0.070 0.108 0.070 0.060 0.257 0.119 0.042 0.081 0.072 0.121 
 51  H171901    (0)    1 :  0.180 0.067 0.081 0.054 0.130 0.085 0.141 0.062 0.110 0.090 
 52  H171902    (0)    1 :  0.136 0.115 0.102 0.070 0.074 0.120 0.055 0.073 0.115 0.141 
 53  H171903    (0)    1 :  0.056 0.113 0.097 0.065 0.098 0.122 0.156 0.045 0.138 0.110 
 54  H171935    (8)    1 :  0.126 0.101 0.100 0.077 0.183 0.111 0.063 0.035 0.089 0.115 
 55  H171936    (8)    1 :  0.049 0.091 0.064 0.223 0.078 0.088 0.113 0.143 0.071 0.081 
 56  H171940    (8)    1 :  0.089 0.090 0.110 0.038 0.061 0.077 0.036 0.347 0.075 0.076 
 57  H171945    (8)    1 :  0.135 0.110 0.072 0.077 0.105 0.124 0.064 0.081 0.097 0.134 
 58  H171948    (8)    1 :  0.127 0.097 0.154 0.117 0.077 0.086 0.060 0.050 0.141 0.091 
 59  H171949    (8)    1 :  0.187 0.073 0.122 0.051 0.121 0.072 0.068 0.146 0.080 0.081 
 60  H171950    (8)    1 :  0.216 0.090 0.089 0.040 0.151 0.074 0.112 0.054 0.105 0.069 
 61  H171963    (8)    1 :  0.040 0.105 0.098 0.119 0.222 0.102 0.057 0.055 0.086 0.117 
 62  H171964    (8)    1 :  0.053 0.157 0.095 0.089 0.079 0.167 0.050 0.053 0.053 0.204 
 63  H171966    (8)    1 :  0.068 0.111 0.125 0.106 0.168 0.111 0.042 0.068 0.084 0.116 
 64  H171968    (8)    1 :  0.129 0.115 0.121 0.044 0.066 0.121 0.053 0.096 0.125 0.130 
 65  H171971    (8)    1 :  0.070 0.122 0.139 0.150 0.125 0.120 0.060 0.041 0.080 0.093 
 66  H171972    (8)    1 :  0.036 0.140 0.137 0.074 0.072 0.118 0.158 0.043 0.093 0.130 
 67  H171977    (8)    1 :  0.042 0.124 0.081 0.088 0.076 0.118 0.086 0.189 0.071 0.126 
 68  H171978    (8)    1 :  0.131 0.134 0.095 0.045 0.125 0.129 0.059 0.042 0.096 0.145 
 69  H171979    (8)    1 :  0.048 0.141 0.125 0.092 0.077 0.129 0.081 0.052 0.120 0.135 
 70     H176    (8)    1 :  0.083 0.076 0.118 0.218 0.054 0.086 0.068 0.090 0.126 0.084 
 71     H177    (0)    1 :  0.248 0.081 0.088 0.043 0.115 0.082 0.061 0.090 0.123 0.070 
 72     H179    (0)    1 :  0.155 0.066 0.052 0.104 0.105 0.066 0.075 0.243 0.068 0.066 
 73     H181    (0)    1 :  0.051 0.109 0.105 0.153 0.092 0.149 0.048 0.105 0.065 0.121 
 74     H182    (8)    1 :  0.035 0.170 0.156 0.099 0.053 0.117 0.053 0.050 0.149 0.117 
 75     H183    (8)    1 :  0.064 0.148 0.113 0.049 0.081 0.126 0.070 0.122 0.077 0.151 
 76     H184    (8)    1 :  0.161 0.106 0.125 0.095 0.076 0.099 0.052 0.092 0.098 0.096 
 77     H185    (8)    1 :  0.057 0.098 0.090 0.219 0.092 0.094 0.046 0.113 0.076 0.116 
 78     H186    (8)    1 :  0.068 0.158 0.101 0.038 0.071 0.158 0.038 0.076 0.103 0.189 
 79     H187    (8)    1 :  0.108 0.110 0.108 0.062 0.166 0.079 0.088 0.071 0.102 0.106 
 80     H188    (8)    1 :  0.060 0.050 0.073 0.069 0.055 0.047 0.070 0.479 0.053 0.043 
 81     H192    (8)    1 :  0.147 0.099 0.123 0.087 0.130 0.092 0.052 0.073 0.087 0.110 
 82     H193    (8)    1 :  0.035 0.147 0.175 0.055 0.069 0.134 0.040 0.076 0.135 0.135 
 83     H194    (0)    1 :  0.093 0.099 0.096 0.112 0.108 0.115 0.082 0.078 0.108 0.109 
 84     H195    (0)    1 :  0.085 0.137 0.096 0.041 0.129 0.139 0.059 0.057 0.107 0.149 
 85     H199    (8)    1 :  0.069 0.131 0.092 0.064 0.071 0.157 0.070 0.084 0.090 0.172 
 86     H200    (8)    1 :  0.157 0.090 0.070 0.069 0.089 0.093 0.157 0.088 0.086 0.101 
 87     H414    (8)    1 :  0.058 0.105 0.110 0.048 0.094 0.116 0.167 0.039 0.132 0.130 
 88     H415    (0)    1 :  0.055 0.118 0.096 0.174 0.054 0.111 0.135 0.043 0.111 0.103 
 89     H422    (8)    1 :  0.118 0.124 0.126 0.067 0.061 0.129 0.044 0.056 0.129 0.146 
 90     H423    (8)    1 :  0.429 0.054 0.066 0.050 0.080 0.055 0.047 0.044 0.119 0.055 
 91     H424    (8)    1 :  0.058 0.146 0.091 0.076 0.107 0.181 0.067 0.061 0.072 0.141 
 92     H425    (8)    1 :  0.059 0.137 0.056 0.064 0.093 0.172 0.085 0.085 0.056 0.194 
 93     H426    (8)    1 :  0.068 0.183 0.103 0.049 0.080 0.165 0.045 0.036 0.116 0.155 
 94     H443    (8)    1 :  0.035 0.176 0.087 0.033 0.043 0.175 0.064 0.137 0.079 0.172 
 95     H466    (8)    1 :  0.077 0.107 0.082 0.063 0.136 0.125 0.110 0.087 0.096 0.117 
 96     H467    (8)    1 :  0.156 0.080 0.085 0.080 0.241 0.079 0.067 0.055 0.069 0.089 
 97     H472    (8)    1 :  0.101 0.076 0.066 0.124 0.103 0.082 0.089 0.202 0.077 0.079 
 98     H483    (8)    1 :  0.049 0.119 0.108 0.080 0.056 0.113 0.044 0.261 0.062 0.110 
 99     H504    (8)    1 :  0.066 0.130 0.090 0.135 0.061 0.151 0.068 0.063 0.076 0.161 
100     H505    (8)    1 :  0.088 0.087 0.069 0.053 0.118 0.083 0.109 0.252 0.069 0.073 
101     H506    (0)    1 :  0.082 0.135 0.117 0.121 0.069 0.113 0.048 0.070 0.141 0.102 
102     H507    (8)    1 :  0.034 0.120 0.103 0.095 0.116 0.101 0.102 0.106 0.109 0.113 
103     H508    (8)    1 :  0.136 0.095 0.061 0.076 0.229 0.089 0.078 0.065 0.074 0.097 
104     H524    (8)    1 :  0.057 0.087 0.077 0.085 0.071 0.082 0.253 0.132 0.071 0.084 
105     H525    (8)    1 :  0.040 0.161 0.112 0.069 0.099 0.124 0.075 0.103 0.096 0.120 
106     H526    (8)    1 :  0.062 0.072 0.069 0.180 0.035 0.068 0.070 0.302 0.069 0.073 
107     H527    (8)    1 :  0.133 0.123 0.118 0.051 0.113 0.107 0.056 0.049 0.146 0.104 
108     H528    (8)    1 :  0.054 0.123 0.115 0.178 0.049 0.131 0.087 0.051 0.094 0.118 
109     H529    (8)    1 :  0.039 0.139 0.076 0.114 0.072 0.136 0.083 0.105 0.080 0.156 
110     H533    (0)    1 :  0.028 0.153 0.157 0.094 0.105 0.080 0.118 0.036 0.119 0.110 
111     H538    (8)    1 :  0.079 0.084 0.094 0.054 0.061 0.082 0.197 0.180 0.084 0.085 
112     H539    (0)    1 :  0.093 0.116 0.135 0.047 0.201 0.095 0.061 0.045 0.104 0.103 
113     H540    (0)    1 :  0.079 0.119 0.105 0.079 0.090 0.128 0.081 0.069 0.115 0.136 
114     H541    (8)    1 :  0.050 0.089 0.081 0.060 0.083 0.091 0.171 0.194 0.085 0.097 
115     H558    (8)    1 :  0.078 0.131 0.185 0.061 0.094 0.129 0.049 0.036 0.110 0.128 
116     H559    (8)    1 :  0.091 0.136 0.120 0.067 0.065 0.119 0.039 0.135 0.110 0.118 
117     H579    (8)    1 :  0.047 0.170 0.159 0.072 0.065 0.121 0.035 0.068 0.139 0.123 
118     H584    (8)    1 :  0.058 0.136 0.082 0.076 0.075 0.155 0.092 0.080 0.092 0.153 
119     H585    (8)    1 :  0.059 0.116 0.066 0.137 0.149 0.124 0.104 0.064 0.071 0.111 
120     H605    (8)    1 :  0.164 0.123 0.089 0.055 0.065 0.113 0.082 0.098 0.093 0.119 
121     H606    (8)    1 :  0.235 0.083 0.105 0.038 0.080 0.085 0.056 0.113 0.132 0.075 
122     H632    (8)    1 :  0.040 0.138 0.125 0.098 0.068 0.141 0.048 0.080 0.117 0.147 
123     H634    (8)    1 :  0.077 0.134 0.110 0.054 0.086 0.123 0.080 0.115 0.092 0.129 
124     H671    (8)    1 :  0.329 0.066 0.058 0.084 0.120 0.069 0.057 0.061 0.087 0.069 
125     H672    (8)    1 :  0.067 0.070 0.048 0.045 0.054 0.067 0.482 0.061 0.047 0.059 
126     H673    (8)    1 :  0.049 0.138 0.117 0.040 0.052 0.133 0.040 0.217 0.064 0.150 
127     H689    (8)    1 :  0.042 0.120 0.080 0.064 0.053 0.146 0.068 0.204 0.077 0.146 
128     H690    (8)    1 :  0.075 0.074 0.174 0.077 0.059 0.057 0.101 0.058 0.259 0.066 
129     H691    (8)    1 :  0.051 0.088 0.087 0.048 0.076 0.097 0.140 0.224 0.098 0.091 
130     H692    (8)    1 :  0.027 0.150 0.086 0.074 0.054 0.174 0.075 0.094 0.077 0.189 
131     H709    (8)    1 :  0.052 0.107 0.125 0.047 0.066 0.103 0.198 0.058 0.139 0.104 
132     H710    (8)    1 :  0.037 0.168 0.146 0.120 0.050 0.152 0.051 0.058 0.094 0.123 
133    H7355    (8)    1 :  0.043 0.079 0.131 0.255 0.045 0.070 0.060 0.126 0.124 0.068 
134    H7356    (8)    1 :  0.081 0.168 0.112 0.050 0.077 0.115 0.095 0.068 0.085 0.149 
135    H7357    (8)    1 :  0.108 0.093 0.106 0.066 0.092 0.090 0.069 0.168 0.113 0.095 
136    H7358    (8)    1 :  0.054 0.069 0.055 0.054 0.063 0.065 0.066 0.462 0.047 0.064 
137    H7380    (8)    1 :  0.053 0.135 0.160 0.072 0.072 0.143 0.047 0.065 0.141 0.112 
138    H7381    (8)    1 :  0.123 0.121 0.103 0.051 0.077 0.150 0.071 0.056 0.091 0.158 
139    H7382    (8)    1 :  0.060 0.127 0.113 0.064 0.073 0.132 0.098 0.070 0.132 0.129 
140     H904    (8)    1 :  0.280 0.063 0.103 0.033 0.122 0.060 0.059 0.071 0.143 0.065 
141     H923   (25)    1 :  0.116 0.091 0.072 0.109 0.100 0.093 0.093 0.154 0.069 0.103 
142     H924    (8)    1 :  0.126 0.114 0.081 0.048 0.083 0.099 0.093 0.180 0.088 0.090 
143     H925    (8)    1 :  0.045 0.056 0.047 0.079 0.056 0.060 0.053 0.490 0.055 0.059 
144    H9558    (0)    1 :  0.073 0.165 0.203 0.055 0.081 0.107 0.044 0.034 0.111 0.127 
145     H008    (0)    2 :  0.040 0.113 0.111 0.172 0.067 0.101 0.093 0.130 0.080 0.092 
146     H021    (8)    2 :  0.089 0.082 0.096 0.057 0.151 0.087 0.146 0.116 0.091 0.086 
147     H023    (8)    2 :  0.098 0.107 0.098 0.056 0.106 0.076 0.049 0.241 0.095 0.074 
148     H024    (8)    2 :  0.055 0.094 0.057 0.322 0.043 0.106 0.123 0.048 0.050 0.101 
149     H025    (8)    2 :  0.249 0.094 0.088 0.042 0.079 0.101 0.061 0.084 0.089 0.113 
150     H026    (8)    2 :  0.037 0.117 0.053 0.109 0.065 0.182 0.157 0.049 0.066 0.166 
151     H027    (8)    2 :  0.049 0.079 0.069 0.073 0.088 0.077 0.259 0.150 0.069 0.087 
152     H028    (8)    2 :  0.065 0.139 0.099 0.102 0.084 0.147 0.068 0.106 0.067 0.122 
153     H029    (0)    2 :  0.051 0.081 0.055 0.269 0.070 0.087 0.085 0.149 0.058 0.096 
154     H030    (0)    2 :  0.045 0.112 0.096 0.157 0.072 0.107 0.198 0.036 0.062 0.115 
155     H038    (0)    2 :  0.129 0.066 0.064 0.068 0.309 0.069 0.050 0.106 0.079 0.059 
156     H039    (8)    2 :  0.565 0.034 0.042 0.040 0.043 0.036 0.035 0.036 0.132 0.039 
157     H040    (8)    2 :  0.185 0.075 0.063 0.081 0.248 0.065 0.089 0.046 0.079 0.068 
158     H041    (0)    2 :  0.074 0.073 0.083 0.250 0.051 0.069 0.092 0.175 0.065 0.069 
159     H042    (8)    2 :  0.095 0.099 0.112 0.109 0.065 0.095 0.061 0.158 0.102 0.103 
160     H043    (0)    2 :  0.285 0.057 0.080 0.039 0.224 0.070 0.041 0.029 0.107 0.068 
161     H044   (16)    2 :  0.047 0.113 0.139 0.118 0.115 0.118 0.066 0.039 0.135 0.109 
162     H047    (0)    2 :  0.144 0.109 0.147 0.109 0.071 0.101 0.074 0.043 0.103 0.099 
163     H050    (8)    2 :  0.042 0.081 0.070 0.052 0.063 0.082 0.421 0.031 0.081 0.077 
164     H058    (8)    2 :  0.082 0.099 0.081 0.063 0.240 0.095 0.074 0.063 0.081 0.121 
165     H062    (8)    2 :  0.090 0.066 0.073 0.044 0.069 0.062 0.036 0.416 0.079 0.067 
166     H063    (8)    2 :  0.191 0.080 0.088 0.082 0.125 0.089 0.085 0.079 0.095 0.086 
167     H065    (8)    2 :  0.095 0.138 0.065 0.045 0.059 0.193 0.038 0.110 0.082 0.175 
168     H066    (8)    2 :  0.074 0.091 0.089 0.203 0.141 0.108 0.080 0.031 0.099 0.086 
169     H067    (8)    2 :  0.060 0.118 0.109 0.070 0.072 0.127 0.065 0.166 0.095 0.119 
170     H068    (8)    2 :  0.155 0.097 0.087 0.054 0.128 0.087 0.102 0.142 0.070 0.078 
171     H069    (8)    2 :  0.077 0.100 0.073 0.066 0.156 0.114 0.084 0.117 0.095 0.117 
172     H071    (0)    2 :  0.086 0.100 0.116 0.052 0.100 0.107 0.113 0.073 0.143 0.110 
173     H072    (8)    2 :  0.339 0.067 0.083 0.078 0.079 0.068 0.057 0.069 0.101 0.060 
174     H073    (8)    2 :  0.060 0.114 0.074 0.093 0.102 0.151 0.094 0.085 0.083 0.143 
175     H081    (0)    2 :  0.085 0.077 0.105 0.116 0.052 0.068 0.094 0.230 0.105 0.069 
176     H082    (8)    2 :  0.044 0.124 0.139 0.114 0.112 0.114 0.091 0.085 0.070 0.107 
177     H083    (0)    2 :  0.045 0.155 0.148 0.056 0.079 0.140 0.098 0.058 0.097 0.125 
178     H084    (0)    2 :  0.091 0.088 0.058 0.148 0.181 0.089 0.118 0.071 0.077 0.079 
179     H085    (0)    2 :  0.044 0.058 0.066 0.068 0.045 0.056 0.312 0.204 0.083 0.064 
180     H087    (8)    2 :  0.063 0.067 0.140 0.150 0.054 0.073 0.045 0.237 0.099 0.072 
181     H088    (0)    2 :  0.140 0.101 0.100 0.057 0.109 0.095 0.073 0.111 0.124 0.091 
182     H089    (8)    2 :  0.046 0.078 0.069 0.065 0.083 0.082 0.094 0.329 0.078 0.078 
183     H090    (8)    2 :  0.057 0.070 0.064 0.079 0.046 0.065 0.445 0.045 0.052 0.078 
184     H091    (0)    2 :  0.031 0.043 0.034 0.070 0.033 0.048 0.583 0.064 0.043 0.049 
185     H098    (8)    2 :  0.082 0.069 0.091 0.317 0.060 0.077 0.067 0.101 0.058 0.079 
186   H10001    (8)    2 :  0.560 0.028 0.045 0.029 0.050 0.033 0.045 0.034 0.141 0.036 
187   H10002    (8)    2 :  0.118 0.096 0.148 0.039 0.085 0.085 0.067 0.084 0.199 0.079 
188     H101    (8)    2 :  0.038 0.087 0.053 0.051 0.074 0.065 0.492 0.030 0.055 0.054 
189     H108    (8)    2 :  0.211 0.072 0.088 0.047 0.042 0.081 0.034 0.251 0.105 0.070 
190     H109    (0)    2 :  0.111 0.085 0.067 0.169 0.141 0.091 0.123 0.040 0.080 0.093 
191     H110    (8)    2 :  0.040 0.104 0.173 0.145 0.056 0.089 0.057 0.064 0.188 0.085 
192     H116    (8)    2 :  0.049 0.145 0.088 0.137 0.087 0.144 0.079 0.042 0.083 0.147 
193     H117    (0)    2 :  0.047 0.051 0.054 0.299 0.059 0.058 0.264 0.056 0.044 0.067 
194     H118    (8)    2 :  0.033 0.079 0.056 0.084 0.037 0.081 0.364 0.122 0.060 0.084 
195     H119    (8)    2 :  0.103 0.080 0.067 0.251 0.117 0.087 0.060 0.047 0.104 0.086 
196     H120    (8)    2 :  0.314 0.055 0.087 0.055 0.056 0.054 0.041 0.156 0.131 0.052 
197     H121    (8)    2 :  0.030 0.050 0.050 0.066 0.031 0.057 0.522 0.104 0.040 0.051 
198     H125    (8)    2 :  0.458 0.040 0.049 0.048 0.158 0.044 0.038 0.036 0.087 0.042 
199     H126    (0)    2 :  0.101 0.121 0.132 0.092 0.054 0.153 0.035 0.056 0.103 0.154 
200     H128    (8)    2 :  0.022 0.048 0.039 0.082 0.029 0.050 0.610 0.029 0.034 0.057 
201     H129    (8)    2 :  0.041 0.188 0.083 0.063 0.074 0.168 0.052 0.055 0.086 0.190 
202     H130    (0)    2 :  0.196 0.137 0.142 0.024 0.068 0.115 0.047 0.031 0.124 0.115 
203     H133    (0)    2 :  0.400 0.068 0.051 0.037 0.062 0.075 0.086 0.041 0.109 0.071 
204     H134    (8)    2 :  0.036 0.151 0.062 0.088 0.056 0.257 0.032 0.044 0.064 0.209 
205     H135    (8)    2 :  0.111 0.106 0.097 0.077 0.063 0.119 0.081 0.122 0.115 0.108 
206     H137    (8)    2 :  0.111 0.091 0.068 0.184 0.094 0.077 0.183 0.045 0.056 0.091 
207     H138    (8)    2 :  0.031 0.158 0.147 0.046 0.079 0.163 0.054 0.033 0.119 0.171 
208     H140    (8)    2 :  0.117 0.095 0.078 0.077 0.049 0.094 0.267 0.056 0.078 0.090 
209     H146    (8)    2 :  0.046 0.051 0.036 0.063 0.031 0.059 0.568 0.036 0.051 0.060 
210     H147    (0)    2 :  0.056 0.091 0.082 0.160 0.057 0.087 0.175 0.059 0.131 0.103 
211     H148    (0)    2 :  0.056 0.076 0.100 0.172 0.065 0.069 0.162 0.064 0.162 0.073 
212  H166022    (0)    2 :  0.048 0.122 0.101 0.180 0.072 0.127 0.080 0.049 0.118 0.104 
213  H167359    (8)    2 :  0.081 0.129 0.080 0.094 0.093 0.133 0.086 0.052 0.134 0.117 
214  H167397    (0)    2 :  0.035 0.081 0.066 0.439 0.050 0.082 0.081 0.031 0.068 0.069 
215  H167428    (8)    2 :  0.025 0.067 0.045 0.067 0.038 0.060 0.068 0.526 0.039 0.065 
216  H167496    (0)    2 :  0.281 0.056 0.059 0.079 0.088 0.062 0.097 0.115 0.094 0.070 
217  H167513    (0)    2 :  0.083 0.060 0.125 0.188 0.302 0.053 0.046 0.037 0.046 0.058 
218  H167545    (8)    2 :  0.041 0.204 0.181 0.047 0.063 0.125 0.060 0.067 0.115 0.095 
219  H167547    (0)    2 :  0.070 0.046 0.036 0.597 0.055 0.047 0.030 0.018 0.039 0.061 
220  H169621    (8)    2 :  0.043 0.107 0.090 0.101 0.065 0.094 0.282 0.038 0.083 0.098 
221  H169622    (8)    2 :  0.051 0.125 0.114 0.043 0.091 0.130 0.068 0.101 0.150 0.126 
222  H169750    (0)    2 :  0.149 0.103 0.104 0.064 0.134 0.105 0.115 0.033 0.089 0.104 
223  H171806    (8)    2 :  0.082 0.067 0.067 0.111 0.085 0.080 0.265 0.063 0.098 0.082 
224  H171808    (8)    2 :  0.065 0.097 0.070 0.059 0.089 0.094 0.073 0.283 0.093 0.078 
225  H171809    (8)    2 :  0.085 0.095 0.125 0.085 0.082 0.102 0.052 0.150 0.124 0.102 
226  H171813    (8)    2 :  0.064 0.111 0.124 0.083 0.116 0.120 0.072 0.064 0.119 0.127 
227  H171815    (8)    2 :  0.336 0.074 0.059 0.045 0.152 0.078 0.039 0.065 0.075 0.077 
228  H171824    (8)    2 :  0.124 0.081 0.113 0.098 0.085 0.078 0.130 0.116 0.105 0.070 
229  H171825    (8)    2 :  0.057 0.124 0.113 0.045 0.082 0.131 0.053 0.113 0.132 0.150 
230  H171826    (8)    2 :  0.096 0.088 0.118 0.145 0.116 0.101 0.054 0.086 0.107 0.088 
231  H171827    (8)    2 :  0.053 0.106 0.119 0.048 0.142 0.100 0.101 0.037 0.190 0.104 
232  H171828    (8)    2 :  0.281 0.045 0.108 0.060 0.085 0.052 0.070 0.107 0.137 0.054 
233  H171829    (8)    2 :  0.102 0.115 0.075 0.112 0.103 0.141 0.083 0.033 0.081 0.156 
234  H171830    (8)    2 :  0.126 0.087 0.089 0.240 0.086 0.081 0.068 0.065 0.074 0.084 
235  H171831    (8)    2 :  0.042 0.126 0.086 0.133 0.096 0.168 0.046 0.093 0.067 0.144 
236  H171832    (8)    2 :  0.070 0.155 0.147 0.053 0.083 0.129 0.050 0.065 0.108 0.140 
237  H171863    (8)    2 :  0.033 0.139 0.098 0.096 0.097 0.156 0.065 0.068 0.080 0.169 
238  H171864    (8)    2 :  0.083 0.079 0.083 0.192 0.097 0.081 0.122 0.114 0.065 0.084 
239  H171865    (8)    2 :  0.332 0.067 0.049 0.117 0.103 0.062 0.041 0.097 0.069 0.062 
240  H171879    (8)    2 :  0.084 0.082 0.069 0.235 0.078 0.097 0.155 0.033 0.073 0.095 
241  H171880    (8)    2 :  0.048 0.073 0.066 0.193 0.073 0.070 0.318 0.031 0.057 0.071 
242  H171881    (8)    2 :  0.047 0.123 0.123 0.090 0.089 0.118 0.071 0.154 0.076 0.108 
243  H171882    (8)    2 :  0.552 0.039 0.049 0.035 0.041 0.038 0.044 0.043 0.116 0.043 
244  H171929    (0)    2 :  0.075 0.089 0.092 0.134 0.071 0.104 0.082 0.174 0.075 0.103 
245  H171930    (0)    2 :  0.041 0.177 0.177 0.080 0.066 0.099 0.119 0.043 0.103 0.095 
246  H171933    (0)    2 :  0.079 0.099 0.065 0.123 0.087 0.109 0.181 0.061 0.091 0.104 
247  H171934    (8)    2 :  0.054 0.101 0.118 0.105 0.093 0.086 0.089 0.169 0.093 0.093 
248  H171937    (8)    2 :  0.062 0.154 0.126 0.053 0.058 0.193 0.065 0.041 0.098 0.150 
249  H171962    (8)    2 :  0.041 0.124 0.101 0.062 0.077 0.106 0.043 0.252 0.091 0.103 
250     H190    (0)    2 :  0.058 0.143 0.098 0.058 0.097 0.136 0.095 0.082 0.102 0.130 
251     H191    (8)    2 :  0.072 0.081 0.092 0.166 0.122 0.080 0.051 0.175 0.062 0.099 
252     H396    (8)    2 :  0.055 0.059 0.069 0.056 0.061 0.054 0.087 0.441 0.064 0.055 
253     H397    (8)    2 :  0.060 0.147 0.109 0.066 0.065 0.126 0.147 0.060 0.100 0.119 
254     H398    (8)    2 :  0.070 0.103 0.070 0.054 0.100 0.133 0.058 0.206 0.077 0.129 
255     H400    (0)    2 :  0.063 0.085 0.070 0.063 0.061 0.077 0.074 0.342 0.093 0.072 
256     H401    (8)    2 :  0.061 0.048 0.038 0.632 0.034 0.041 0.044 0.028 0.032 0.043 
257     H402    (8)    2 :  0.048 0.115 0.099 0.122 0.140 0.098 0.120 0.056 0.091 0.111 
258     H427    (8)    2 :  0.058 0.084 0.086 0.174 0.052 0.092 0.043 0.240 0.084 0.087 
259     H428    (0)    2 :  0.025 0.067 0.048 0.076 0.039 0.059 0.064 0.519 0.036 0.067 
260     H497    (0)    2 :  0.177 0.064 0.111 0.097 0.242 0.067 0.048 0.051 0.075 0.067 
261     H512    (0)    2 :  0.085 0.090 0.080 0.270 0.089 0.092 0.079 0.040 0.090 0.085 
262     H513    (0)    2 :  0.084 0.049 0.125 0.175 0.317 0.063 0.043 0.035 0.051 0.059 
263     H514    (8)    2 :  0.057 0.152 0.111 0.046 0.110 0.134 0.060 0.035 0.140 0.157 
264     H519    (8)    2 :  0.069 0.067 0.140 0.191 0.261 0.074 0.048 0.041 0.050 0.059 
265     H532    (0)    2 :  0.043 0.088 0.066 0.128 0.065 0.075 0.090 0.290 0.078 0.076 
266     H543    (0)    2 :  0.036 0.110 0.109 0.074 0.075 0.103 0.207 0.048 0.132 0.108 
267     H544    (8)    2 :  0.128 0.134 0.089 0.038 0.097 0.160 0.043 0.073 0.096 0.144 
268     H545    (0)    2 :  0.033 0.215 0.198 0.045 0.061 0.121 0.052 0.061 0.113 0.101 
269     H546    (8)    2 :  0.263 0.082 0.078 0.045 0.104 0.090 0.042 0.134 0.077 0.085 
270     H547    (0)    2 :  0.073 0.052 0.042 0.601 0.053 0.046 0.030 0.018 0.033 0.051 
271     H548    (0)    2 :  0.070 0.093 0.076 0.115 0.086 0.089 0.088 0.200 0.095 0.089 
272     H549    (0)    2 :  0.152 0.058 0.097 0.070 0.374 0.043 0.055 0.054 0.041 0.056 
273     H620    (8)    2 :  0.532 0.041 0.047 0.048 0.049 0.050 0.033 0.048 0.107 0.045 
274     H623    (8)    2 :  0.066 0.145 0.152 0.070 0.062 0.152 0.065 0.049 0.101 0.138 
275     H624    (8)    2 :  0.209 0.091 0.104 0.029 0.155 0.098 0.047 0.046 0.144 0.078 
276     H625    (8)    2 :  0.048 0.087 0.096 0.087 0.067 0.083 0.056 0.334 0.067 0.073 
277     H626    (8)    2 :  0.071 0.086 0.064 0.161 0.219 0.082 0.065 0.070 0.077 0.105 
278     H654    (8)    2 :  0.466 0.044 0.046 0.027 0.188 0.040 0.021 0.046 0.069 0.054 
279     H655    (8)    2 :  0.090 0.120 0.140 0.034 0.080 0.095 0.136 0.039 0.175 0.092 
280     H656    (8)    2 :  0.459 0.047 0.056 0.039 0.044 0.049 0.032 0.119 0.111 0.044 
281     H666    (8)    2 :  0.426 0.047 0.044 0.035 0.050 0.053 0.163 0.030 0.107 0.046 
282     H667    (8)    2 :  0.050 0.107 0.127 0.128 0.094 0.103 0.041 0.055 0.188 0.107 
283     H677    (8)    2 :  0.064 0.116 0.103 0.081 0.078 0.124 0.118 0.094 0.115 0.107 
284     H693    (8)    2 :  0.127 0.062 0.113 0.055 0.067 0.051 0.034 0.351 0.088 0.054 
285     H694    (8)    2 :  0.079 0.140 0.143 0.052 0.055 0.132 0.099 0.070 0.108 0.121 
286     H701    (8)    2 :  0.038 0.122 0.144 0.076 0.084 0.115 0.144 0.056 0.115 0.105 
287     H702    (8)    2 :  0.087 0.106 0.126 0.094 0.144 0.095 0.105 0.042 0.105 0.095 
288     H731    (8)    2 :  0.129 0.098 0.108 0.083 0.068 0.097 0.149 0.052 0.130 0.086 
289    H7359    (0)    2 :  0.084 0.113 0.078 0.101 0.095 0.132 0.087 0.063 0.124 0.124 
290    H7389    (0)    2 :  0.051 0.076 0.055 0.204 0.111 0.082 0.105 0.162 0.065 0.090 
291    H7390    (8)    2 :  0.145 0.077 0.060 0.040 0.301 0.084 0.080 0.038 0.098 0.076 
292    H7391    (8)    2 :  0.058 0.068 0.062 0.260 0.051 0.069 0.073 0.237 0.071 0.051 
293    H7392    (8)    2 :  0.076 0.144 0.071 0.061 0.125 0.097 0.135 0.086 0.075 0.129 
294    H7393    (8)    2 :  0.146 0.091 0.099 0.143 0.115 0.082 0.086 0.051 0.103 0.085 
295    H7398    (8)    2 :  0.081 0.080 0.079 0.206 0.056 0.077 0.137 0.135 0.080 0.070 
296    H7399    (8)    2 :  0.030 0.148 0.116 0.060 0.072 0.121 0.126 0.059 0.142 0.125 
297    H7400    (8)    2 :  0.576 0.038 0.035 0.028 0.066 0.038 0.027 0.056 0.094 0.041 
298     H745    (8)    2 :  0.032 0.112 0.089 0.091 0.124 0.187 0.051 0.059 0.060 0.197 
299     H746    (8)    2 :  0.034 0.136 0.130 0.081 0.091 0.128 0.045 0.049 0.185 0.121 
300     H747    (0)    2 :  0.215 0.069 0.057 0.061 0.114 0.064 0.220 0.047 0.078 0.075 
301     H748    (8)    2 :  0.084 0.110 0.107 0.121 0.109 0.102 0.079 0.036 0.149 0.104 
302    H7484    (0)    2 :  0.364 0.061 0.059 0.095 0.068 0.067 0.051 0.068 0.103 0.063 
303    H7485    (0)    2 :  0.073 0.088 0.091 0.081 0.280 0.093 0.048 0.086 0.072 0.090 
304     H749    (8)    2 :  0.052 0.104 0.092 0.075 0.153 0.115 0.045 0.125 0.125 0.113 
305     H930    (8)    2 :  0.047 0.151 0.144 0.094 0.070 0.098 0.162 0.045 0.096 0.093 
306     H931    (8)    2 :  0.068 0.091 0.072 0.122 0.059 0.099 0.079 0.229 0.077 0.105 
307     H932    (8)    2 :  0.072 0.085 0.061 0.182 0.109 0.103 0.138 0.062 0.083 0.105 
308     H111    (8)    3 :  0.048 0.138 0.117 0.081 0.094 0.140 0.066 0.038 0.102 0.175 
309     H951    (8)    3 :  0.047 0.099 0.085 0.239 0.094 0.097 0.054 0.117 0.072 0.097 
310     H952    (8)    3 :  0.061 0.124 0.062 0.057 0.076 0.117 0.249 0.053 0.084 0.118 
311     H953    (8)    3 :  0.050 0.044 0.045 0.249 0.055 0.055 0.074 0.324 0.052 0.052 
312     H954    (8)    3 :  0.238 0.075 0.090 0.061 0.134 0.077 0.083 0.052 0.110 0.079 
313     H955    (8)    3 :  0.033 0.123 0.155 0.058 0.085 0.120 0.134 0.053 0.128 0.112 
314     H956    (8)    3 :  0.058 0.049 0.050 0.045 0.077 0.055 0.520 0.036 0.061 0.050 
315    H9563    (0)    3 :  0.085 0.062 0.079 0.292 0.067 0.073 0.094 0.097 0.079 0.073 
316     H002    (8)    4 :  0.174 0.116 0.127 0.036 0.073 0.120 0.029 0.051 0.145 0.129 
317     H003    (8)    4 :  0.035 0.128 0.095 0.074 0.060 0.157 0.058 0.055 0.203 0.134 
318     H009    (0)    4 :  0.052 0.174 0.124 0.048 0.154 0.122 0.104 0.060 0.063 0.100 
319     H010    (8)    4 :  0.051 0.122 0.103 0.077 0.083 0.122 0.141 0.093 0.095 0.114 
320     H011    (8)    4 :  0.171 0.058 0.138 0.044 0.084 0.063 0.035 0.240 0.101 0.066 
321     H012    (8)    4 :  0.048 0.123 0.145 0.107 0.065 0.117 0.093 0.063 0.132 0.107 
322     H013    (8)    4 :  0.114 0.096 0.112 0.077 0.078 0.090 0.068 0.154 0.116 0.095 
323     H014    (8)    4 :  0.064 0.121 0.164 0.076 0.114 0.121 0.048 0.051 0.104 0.137 
324     H045   (16)    4 :  0.093 0.050 0.088 0.135 0.056 0.051 0.059 0.362 0.047 0.059 
325     H046    (0)    4 :  0.040 0.154 0.099 0.047 0.054 0.174 0.053 0.090 0.138 0.150 
326     H051    (8)    4 :  0.133 0.077 0.129 0.083 0.061 0.086 0.072 0.165 0.113 0.081 
327     H052    (8)    4 :  0.284 0.081 0.068 0.055 0.056 0.111 0.055 0.093 0.098 0.099 
328     H053    (8)    4 :  0.085 0.093 0.102 0.073 0.112 0.106 0.184 0.045 0.102 0.099 
329     H056    (8)    4 :  0.264 0.080 0.088 0.097 0.080 0.082 0.039 0.099 0.098 0.074 
330     H076    (0)    4 :  0.050 0.107 0.074 0.176 0.068 0.167 0.053 0.082 0.084 0.138 
331     H151    (8)    4 :  0.130 0.085 0.123 0.043 0.177 0.087 0.062 0.042 0.159 0.091 
332     H152    (8)    4 :  0.158 0.108 0.135 0.047 0.045 0.119 0.042 0.079 0.137 0.130 
333  H171803    (8)    4 :  0.120 0.077 0.081 0.057 0.311 0.066 0.053 0.048 0.108 0.079 
334  H171804    (8)    4 :  0.159 0.082 0.076 0.112 0.158 0.089 0.080 0.071 0.089 0.085 
335  H171833    (8)    4 :  0.042 0.164 0.078 0.052 0.102 0.235 0.044 0.051 0.077 0.156 
336  H171855    (8)    4 :  0.234 0.077 0.066 0.067 0.261 0.070 0.031 0.035 0.083 0.077 
337  H171856    (8)    4 :  0.089 0.072 0.062 0.079 0.212 0.074 0.198 0.055 0.073 0.085 
338  H171857    (8)    4 :  0.156 0.088 0.071 0.149 0.138 0.101 0.055 0.055 0.093 0.094 
339  H171858    (8)    4 :  0.100 0.109 0.129 0.109 0.048 0.124 0.081 0.056 0.123 0.120 
340  H171859    (8)    4 :  0.100 0.109 0.084 0.129 0.089 0.119 0.091 0.059 0.107 0.112 
341  H171961    (8)    4 :  0.117 0.085 0.095 0.068 0.131 0.070 0.067 0.200 0.086 0.082 
342     H198    (8)    4 :  0.031 0.160 0.110 0.068 0.084 0.145 0.072 0.067 0.122 0.141 
343   H20001    (8)    4 :  0.033 0.150 0.145 0.063 0.197 0.127 0.030 0.048 0.077 0.131 
344     H403    (8)    4 :  0.117 0.082 0.065 0.191 0.182 0.096 0.050 0.059 0.068 0.090 
345     H404    (8)    4 :  0.038 0.134 0.131 0.054 0.061 0.116 0.065 0.114 0.160 0.126 
346     H405    (8)    4 :  0.051 0.128 0.099 0.141 0.053 0.136 0.071 0.072 0.108 0.140 
347     H406    (8)    4 :  0.119 0.072 0.063 0.423 0.064 0.073 0.033 0.029 0.047 0.077 
348     H407    (8)    4 :  0.083 0.063 0.066 0.127 0.140 0.075 0.183 0.110 0.073 0.080 
349     H410    (8)    4 :  0.071 0.036 0.032 0.596 0.040 0.045 0.052 0.052 0.032 0.045 
350     H411    (8)    4 :  0.042 0.105 0.209 0.141 0.092 0.120 0.031 0.033 0.115 0.112 
351     H468    (8)    4 :  0.087 0.110 0.123 0.072 0.192 0.126 0.052 0.032 0.097 0.108 
352     H476    (8)    4 :  0.130 0.103 0.132 0.060 0.097 0.109 0.109 0.030 0.123 0.107 
353     H477    (0)    4 :  0.035 0.168 0.175 0.047 0.103 0.144 0.054 0.052 0.111 0.111 
354     H478    (8)    4 :  0.054 0.138 0.153 0.077 0.131 0.105 0.039 0.073 0.147 0.082 
355     H479    (0)    4 :  0.174 0.094 0.071 0.049 0.060 0.101 0.087 0.177 0.091 0.098 
356     H480    (8)    4 :  0.050 0.142 0.139 0.094 0.081 0.121 0.104 0.032 0.128 0.109 
357     H498    (8)    4 :  0.078 0.171 0.100 0.060 0.059 0.145 0.078 0.047 0.132 0.130 
358     H499    (8)    4 :  0.054 0.144 0.128 0.064 0.105 0.102 0.049 0.134 0.115 0.106 
359     H500    (8)    4 :  0.209 0.086 0.071 0.064 0.142 0.085 0.089 0.059 0.109 0.086 
360     H515    (0)    4 :  0.102 0.098 0.135 0.113 0.104 0.091 0.084 0.046 0.137 0.090 
361     H516    (0)    4 :  0.074 0.125 0.085 0.055 0.093 0.142 0.183 0.031 0.096 0.116 
362     H517    (8)    4 :  0.088 0.073 0.068 0.318 0.076 0.083 0.110 0.034 0.070 0.079 
363     H518    (8)    4 :  0.190 0.120 0.076 0.041 0.081 0.115 0.107 0.051 0.087 0.132 
364     H520    (8)    4 :  0.188 0.092 0.076 0.064 0.138 0.105 0.111 0.038 0.088 0.100 
365     H521    (8)    4 :  0.051 0.098 0.100 0.084 0.144 0.094 0.077 0.207 0.061 0.086 
366     H522    (8)    4 :  0.068 0.130 0.099 0.047 0.192 0.084 0.127 0.058 0.107 0.089 
367     H523    (8)    4 :  0.083 0.090 0.103 0.050 0.072 0.086 0.293 0.034 0.093 0.096 
368     H536    (8)    4 :  0.063 0.119 0.078 0.058 0.069 0.128 0.063 0.173 0.090 0.157 
369     H645    (8)    4 :  0.081 0.048 0.080 0.061 0.058 0.051 0.038 0.459 0.072 0.052 
370     H646    (0)    4 :  0.032 0.082 0.051 0.049 0.045 0.089 0.458 0.054 0.061 0.079 
371     H647    (8)    4 :  0.095 0.107 0.058 0.086 0.149 0.117 0.086 0.079 0.102 0.122 
372     H657    (8)    4 :  0.064 0.104 0.061 0.201 0.091 0.118 0.099 0.045 0.088 0.129 
373     H658    (0)    4 :  0.060 0.082 0.080 0.040 0.073 0.079 0.370 0.050 0.096 0.069 
374     H659    (8)    4 :  0.189 0.053 0.070 0.044 0.350 0.058 0.038 0.031 0.109 0.058 
375     H660    (8)    4 :  0.086 0.100 0.118 0.064 0.123 0.113 0.061 0.085 0.121 0.129 
376     H661    (8)    4 :  0.088 0.088 0.097 0.055 0.319 0.093 0.042 0.050 0.081 0.087 
377     H668    (8)    4 :  0.042 0.113 0.194 0.069 0.075 0.112 0.054 0.067 0.168 0.106 
378     H669    (8)    4 :  0.090 0.096 0.075 0.129 0.082 0.112 0.138 0.077 0.099 0.102 
379     H670    (8)    4 :  0.072 0.079 0.194 0.049 0.056 0.075 0.043 0.165 0.188 0.080 
380     H678    (8)    4 :  0.057 0.083 0.076 0.124 0.253 0.088 0.083 0.056 0.086 0.094 
381     H679    (8)    4 :  0.052 0.108 0.101 0.135 0.082 0.095 0.171 0.075 0.083 0.098 
382     H680    (8)    4 :  0.055 0.097 0.067 0.124 0.283 0.110 0.033 0.056 0.069 0.106 
383     H681    (8)    4 :  0.158 0.113 0.104 0.058 0.069 0.096 0.063 0.114 0.122 0.102 
384     H682    (0)    4 :  0.061 0.121 0.104 0.142 0.084 0.091 0.164 0.040 0.099 0.094 
385     H683    (8)    4 :  0.197 0.107 0.063 0.096 0.095 0.111 0.111 0.039 0.082 0.100 
386     H718    (8)    4 :  0.408 0.051 0.050 0.051 0.046 0.060 0.124 0.072 0.075 0.061 
387     H719    (8)    4 :  0.062 0.057 0.127 0.063 0.057 0.050 0.066 0.400 0.055 0.063 
388     H720    (0)    4 :  0.125 0.089 0.093 0.064 0.189 0.095 0.030 0.128 0.088 0.100 
389     H721    (0)    4 :  0.114 0.106 0.088 0.064 0.126 0.143 0.044 0.092 0.097 0.126 
390     H722    (8)    4 :  0.184 0.082 0.075 0.062 0.121 0.144 0.069 0.050 0.074 0.140 
391     H723    (8)    4 :  0.188 0.062 0.079 0.236 0.082 0.070 0.069 0.060 0.086 0.069 
392     H724    (0)    4 :  0.307 0.054 0.055 0.055 0.148 0.059 0.104 0.083 0.074 0.062 
393     H725    (0)    4 :  0.338 0.064 0.068 0.066 0.114 0.082 0.056 0.047 0.079 0.086 
394     H726    (0)    4 :  0.214 0.106 0.082 0.088 0.094 0.089 0.064 0.055 0.115 0.092 
395     H727    (8)    4 :  0.125 0.083 0.125 0.094 0.119 0.081 0.098 0.102 0.087 0.085 
396     H910    (8)    4 :  0.115 0.094 0.120 0.107 0.078 0.078 0.123 0.074 0.130 0.082 
397     H911    (8)    4 :  0.074 0.077 0.053 0.392 0.057 0.096 0.066 0.042 0.051 0.093 
398     H912    (8)    4 :  0.104 0.107 0.071 0.146 0.156 0.123 0.055 0.045 0.080 0.113 
399     H913    (8)    4 :  0.076 0.060 0.060 0.043 0.090 0.056 0.431 0.036 0.083 0.065 
400     H914    (8)    4 :  0.102 0.053 0.121 0.056 0.115 0.066 0.126 0.116 0.177 0.067 
401     H915    (8)    4 :  0.077 0.098 0.099 0.181 0.128 0.097 0.065 0.048 0.103 0.103 
402     H916    (8)    4 :  0.062 0.117 0.147 0.107 0.115 0.101 0.097 0.043 0.108 0.103 
403    H9572    (0)    4 :  0.141 0.065 0.108 0.121 0.248 0.070 0.049 0.068 0.058 0.071 
404     H015    (8)    5 :  0.050 0.144 0.182 0.102 0.079 0.091 0.044 0.093 0.100 0.115 
405     H016    (0)    5 :  0.053 0.130 0.069 0.061 0.068 0.196 0.088 0.066 0.082 0.185 
406     H017    (0)    5 :  0.061 0.124 0.135 0.047 0.191 0.097 0.097 0.029 0.126 0.092 
407     H019   (25)    5 :  0.090 0.145 0.127 0.065 0.094 0.123 0.053 0.078 0.080 0.146 
408     H020    (8)    5 :  0.065 0.070 0.066 0.031 0.073 0.064 0.160 0.337 0.073 0.061 
409     H032    (0)    5 :  0.135 0.112 0.110 0.099 0.085 0.124 0.091 0.031 0.111 0.101 
410     H033    (8)    5 :  0.047 0.135 0.120 0.049 0.061 0.107 0.172 0.104 0.101 0.104 
411     H034    (0)    5 :  0.140 0.081 0.164 0.074 0.092 0.083 0.070 0.059 0.154 0.084 
412     H035    (8)    5 :  0.075 0.091 0.068 0.076 0.171 0.099 0.175 0.062 0.088 0.094 
413     H036    (8)    5 :  0.053 0.130 0.099 0.160 0.073 0.099 0.141 0.103 0.057 0.085 
414     H037    (8)    5 :  0.085 0.095 0.119 0.047 0.151 0.077 0.134 0.086 0.137 0.070 
415     H048    (0)    5 :  0.193 0.056 0.048 0.079 0.177 0.065 0.043 0.220 0.062 0.056 
416     H049    (0)    5 :  0.061 0.189 0.212 0.040 0.062 0.085 0.059 0.098 0.095 0.098 
417     H054    (8)    5 :  0.088 0.091 0.069 0.225 0.069 0.114 0.077 0.044 0.083 0.139 
418     H055    (8)    5 :  0.069 0.100 0.199 0.060 0.086 0.118 0.042 0.082 0.134 0.110 
419     H057    (8)    5 :  0.072 0.124 0.071 0.028 0.075 0.202 0.042 0.051 0.094 0.239 
420     H060    (0)    5 :  0.094 0.082 0.199 0.034 0.048 0.089 0.043 0.071 0.261 0.080 
421     H061    (8)    5 :  0.046 0.130 0.133 0.090 0.094 0.105 0.068 0.099 0.116 0.119 
422     H064    (8)    5 :  0.127 0.108 0.085 0.060 0.095 0.110 0.064 0.128 0.097 0.126 
423     H070    (0)    5 :  0.096 0.075 0.202 0.084 0.054 0.060 0.081 0.053 0.235 0.061 
424     H077    (0)    5 :  0.359 0.063 0.098 0.080 0.068 0.070 0.038 0.038 0.120 0.066 
425     H078    (8)    5 :  0.086 0.109 0.064 0.069 0.185 0.128 0.111 0.034 0.099 0.114 
426     H079    (8)    5 :  0.036 0.065 0.057 0.051 0.062 0.068 0.395 0.125 0.068 0.073 
427     H097    (0)    5 :  0.122 0.123 0.126 0.051 0.079 0.146 0.077 0.027 0.126 0.123 
428     H107    (8)    5 :  0.238 0.075 0.100 0.037 0.150 0.061 0.052 0.118 0.099 0.070 
429     H122    (8)    5 :  0.072 0.113 0.106 0.070 0.132 0.122 0.085 0.068 0.116 0.117 
430     H123    (8)    5 :  0.046 0.091 0.072 0.193 0.081 0.123 0.151 0.050 0.080 0.114 
431     H124    (0)    5 :  0.045 0.109 0.061 0.151 0.084 0.111 0.164 0.089 0.084 0.102 
432     H131    (8)    5 :  0.052 0.100 0.081 0.069 0.070 0.093 0.319 0.073 0.063 0.080 
433     H132    (0)    5 :  0.077 0.098 0.101 0.130 0.077 0.094 0.075 0.156 0.085 0.107 
434     H141    (8)    5 :  0.125 0.093 0.098 0.065 0.174 0.100 0.052 0.085 0.119 0.088 
435     H142    (8)    5 :  0.039 0.157 0.145 0.063 0.055 0.140 0.087 0.042 0.150 0.122 
436     H157    (8)    5 :  0.142 0.087 0.092 0.065 0.198 0.072 0.087 0.076 0.094 0.086 
437     H158    (8)    5 :  0.043 0.148 0.131 0.054 0.055 0.112 0.192 0.037 0.098 0.130 
438     H159    (8)    5 :  0.086 0.102 0.103 0.174 0.089 0.114 0.040 0.071 0.110 0.112 
439     H160    (8)    5 :  0.123 0.116 0.070 0.073 0.169 0.092 0.111 0.040 0.098 0.107 
440     H163    (8)    5 :  0.058 0.137 0.164 0.090 0.068 0.125 0.090 0.066 0.090 0.113 
441     H164    (8)    5 :  0.077 0.132 0.148 0.106 0.100 0.097 0.057 0.056 0.130 0.096 
442     H165    (8)    5 :  0.045 0.096 0.077 0.083 0.078 0.105 0.172 0.163 0.084 0.098 
443     H166    (8)    5 :  0.037 0.126 0.138 0.042 0.048 0.077 0.091 0.284 0.069 0.089 
444     H169    (0)    5 :  0.049 0.133 0.181 0.047 0.066 0.109 0.088 0.073 0.155 0.099 
445  H169613    (0)    5 :  0.077 0.120 0.173 0.037 0.063 0.108 0.094 0.041 0.167 0.120 
446  H169653    (0)    5 :  0.049 0.162 0.158 0.077 0.062 0.130 0.071 0.055 0.101 0.135 
447  H169728    (0)    5 :  0.060 0.123 0.134 0.094 0.096 0.138 0.070 0.054 0.100 0.130 
448  H169742    (8)    5 :  0.049 0.060 0.044 0.030 0.062 0.054 0.035 0.549 0.064 0.053 
449     H170    (8)    5 :  0.059 0.191 0.120 0.062 0.082 0.162 0.036 0.067 0.076 0.145 
450     H171    (8)    5 :  0.045 0.136 0.098 0.080 0.119 0.144 0.055 0.076 0.083 0.165 
451  H171851    (8)    5 :  0.068 0.130 0.117 0.042 0.099 0.138 0.102 0.081 0.084 0.139 
452  H171852    (8)    5 :  0.183 0.082 0.061 0.058 0.124 0.112 0.072 0.075 0.116 0.116 
453  H171853    (8)    5 :  0.111 0.081 0.101 0.122 0.176 0.090 0.077 0.067 0.088 0.086 
454  H171854    (8)    5 :  0.109 0.119 0.097 0.114 0.133 0.119 0.058 0.040 0.086 0.124 
455  H171938    (8)    5 :  0.066 0.100 0.115 0.104 0.068 0.103 0.069 0.089 0.177 0.108 
456  H171939    (8)    5 :  0.049 0.108 0.062 0.112 0.085 0.116 0.067 0.211 0.065 0.125 
457  H171941    (8)    5 :  0.105 0.080 0.174 0.031 0.069 0.069 0.064 0.238 0.112 0.058 
458  H171965    (8)    5 :  0.039 0.153 0.173 0.041 0.062 0.148 0.051 0.038 0.154 0.141 
459  H171970    (8)    5 :  0.263 0.058 0.165 0.043 0.091 0.060 0.043 0.115 0.103 0.061 
460  H171973    (8)    5 :  0.051 0.100 0.078 0.089 0.092 0.104 0.072 0.225 0.089 0.101 
461  H171974    (8)    5 :  0.053 0.094 0.147 0.076 0.099 0.088 0.090 0.139 0.112 0.101 
462  H171975    (8)    5 :  0.130 0.086 0.128 0.118 0.069 0.083 0.041 0.175 0.087 0.082 
463  H171976    (8)    5 :  0.117 0.167 0.132 0.038 0.097 0.112 0.039 0.054 0.109 0.135 
464     H175    (8)    5 :  0.127 0.093 0.063 0.059 0.124 0.090 0.110 0.159 0.087 0.087 
465     H178    (8)    5 :  0.087 0.116 0.135 0.046 0.063 0.100 0.088 0.156 0.111 0.098 
466     H189    (8)    5 :  0.039 0.117 0.116 0.061 0.057 0.128 0.258 0.032 0.096 0.096 
467     H399    (8)    5 :  0.096 0.092 0.043 0.122 0.147 0.177 0.040 0.029 0.057 0.197 
468     H416    (8)    5 :  0.102 0.082 0.082 0.134 0.119 0.079 0.052 0.172 0.097 0.079 
469     H438    (8)    5 :  0.083 0.095 0.097 0.111 0.124 0.093 0.106 0.091 0.103 0.097 
470     H450    (8)    5 :  0.150 0.062 0.216 0.038 0.057 0.065 0.036 0.047 0.266 0.061 
471     H455    (8)    5 :  0.189 0.053 0.147 0.042 0.079 0.050 0.047 0.222 0.113 0.057 
472     H456    (8)    5 :  0.072 0.096 0.092 0.096 0.089 0.091 0.077 0.185 0.107 0.096 
473     H457    (0)    5 :  0.226 0.103 0.112 0.047 0.086 0.119 0.039 0.046 0.105 0.117 
474     H458    (8)    5 :  0.072 0.102 0.146 0.058 0.128 0.102 0.093 0.059 0.132 0.107 
475     H459    (8)    5 :  0.032 0.129 0.079 0.053 0.064 0.119 0.236 0.053 0.114 0.122 
476     H460    (8)    5 :  0.103 0.105 0.104 0.071 0.156 0.090 0.091 0.046 0.150 0.084 
477     H461    (8)    5 :  0.082 0.142 0.168 0.063 0.070 0.134 0.054 0.038 0.112 0.137 
478     H462    (0)    5 :  0.043 0.117 0.097 0.071 0.063 0.098 0.216 0.116 0.084 0.095 
479     H469    (8)    5 :  0.046 0.091 0.093 0.267 0.052 0.097 0.111 0.063 0.064 0.115 
480     H470    (8)    5 :  0.075 0.103 0.120 0.105 0.194 0.102 0.049 0.048 0.093 0.110 
481     H471    (0)    5 :  0.064 0.103 0.051 0.069 0.073 0.139 0.228 0.025 0.106 0.141 
482     H481    (0)    5 :  0.332 0.058 0.065 0.050 0.072 0.061 0.111 0.091 0.105 0.055 
483     H482    (8)    5 :  0.138 0.095 0.167 0.079 0.079 0.102 0.041 0.042 0.158 0.098 
484     H501    (8)    5 :  0.086 0.105 0.092 0.066 0.139 0.110 0.071 0.138 0.103 0.090 
485     H502    (8)    5 :  0.041 0.149 0.150 0.049 0.061 0.131 0.113 0.057 0.126 0.124 
486     H503    (8)    5 :  0.055 0.173 0.107 0.140 0.087 0.105 0.067 0.062 0.085 0.119 
487     H509    (0)    5 :  0.168 0.067 0.078 0.121 0.207 0.061 0.074 0.097 0.067 0.059 
488     H510    (8)    5 :  0.066 0.101 0.206 0.051 0.059 0.105 0.030 0.176 0.095 0.111 
489     H511    (8)    5 :  0.047 0.147 0.139 0.090 0.070 0.142 0.071 0.055 0.129 0.110 
490     H530    (8)    5 :  0.108 0.085 0.077 0.074 0.113 0.089 0.119 0.147 0.088 0.101 
491     H531    (8)    5 :  0.199 0.070 0.042 0.051 0.243 0.086 0.092 0.065 0.072 0.079 
492     H564    (8)    5 :  0.127 0.112 0.099 0.034 0.163 0.087 0.040 0.159 0.083 0.096 
493     H565    (8)    5 :  0.254 0.075 0.079 0.043 0.115 0.065 0.033 0.192 0.092 0.053 
494     H567   (16)    5 :  0.036 0.091 0.051 0.060 0.046 0.075 0.380 0.108 0.062 0.093 
495  H568???    (8)    5 :  0.044 0.156 0.077 0.067 0.083 0.182 0.078 0.047 0.069 0.198 
496     H608    (0)    5 :  0.123 0.052 0.235 0.044 0.045 0.060 0.037 0.042 0.295 0.066 
497     H609   (16)    5 :  0.050 0.073 0.109 0.051 0.059 0.079 0.090 0.329 0.079 0.082 
498     H612    (8)    5 :  0.222 0.057 0.069 0.058 0.142 0.054 0.049 0.174 0.115 0.060 
499     H614    (8)    5 :  0.239 0.073 0.068 0.049 0.161 0.086 0.066 0.062 0.106 0.089 
500     H615    (0)    5 :  0.222 0.094 0.088 0.040 0.092 0.092 0.092 0.069 0.129 0.081 
501     H616    (8)    5 :  0.296 0.052 0.083 0.061 0.071 0.049 0.076 0.085 0.175 0.052 
502     H617    (8)    5 :  0.048 0.130 0.089 0.128 0.063 0.110 0.136 0.092 0.098 0.106 
503     H618    (8)    5 :  0.156 0.070 0.107 0.090 0.150 0.071 0.044 0.156 0.085 0.071 
504     H619    (8)    5 :  0.064 0.083 0.084 0.038 0.050 0.078 0.039 0.388 0.100 0.076 
505     H635    (0)    5 :  0.091 0.155 0.138 0.088 0.075 0.129 0.056 0.056 0.106 0.105 
506     H636    (8)    5 :  0.046 0.089 0.167 0.066 0.050 0.090 0.065 0.138 0.200 0.089 
507     H637    (8)    5 :  0.173 0.064 0.063 0.035 0.060 0.071 0.050 0.337 0.077 0.070 
508     H644    (8)    5 :  0.040 0.111 0.064 0.096 0.040 0.170 0.166 0.046 0.068 0.198 
509     H711    (8)    5 :  0.069 0.173 0.114 0.043 0.120 0.138 0.068 0.050 0.090 0.133 
510     H712    (8)    5 :  0.085 0.065 0.085 0.054 0.067 0.067 0.125 0.296 0.089 0.066 
511    H7360    (8)    5 :  0.102 0.145 0.091 0.047 0.111 0.134 0.071 0.076 0.100 0.123 
512    H7361    (8)    5 :  0.151 0.104 0.144 0.066 0.074 0.097 0.042 0.081 0.154 0.087 
513    H7362    (8)    5 :  0.033 0.144 0.092 0.126 0.053 0.171 0.089 0.052 0.057 0.184 
514    H7363    (8)    5 :  0.095 0.130 0.145 0.074 0.105 0.096 0.070 0.082 0.115 0.088 
515    H7394    (8)    5 :  0.042 0.145 0.195 0.054 0.067 0.094 0.129 0.032 0.149 0.093 
516    H7395    (0)    5 :  0.051 0.114 0.135 0.049 0.097 0.126 0.058 0.105 0.148 0.117 
517    H7396    (8)    5 :  0.061 0.123 0.104 0.048 0.089 0.094 0.191 0.090 0.116 0.083 
518     H742    (0)    5 :  0.055 0.049 0.041 0.028 0.057 0.049 0.035 0.569 0.069 0.047 
519     H743    (8)    5 :  0.112 0.062 0.037 0.130 0.071 0.071 0.102 0.270 0.054 0.092 
520     H744    (8)    5 :  0.246 0.053 0.052 0.139 0.101 0.062 0.130 0.086 0.074 0.057 
521     H957    (8)    5 :  0.061 0.165 0.140 0.050 0.139 0.132 0.042 0.041 0.093 0.137 
522     H958    (0)    5 :  0.075 0.135 0.091 0.080 0.068 0.095 0.219 0.056 0.088 0.092 
523     H959    (8)    5 :  0.187 0.076 0.117 0.052 0.094 0.073 0.036 0.163 0.124 0.078 
524     H960    (0)    5 :  0.076 0.102 0.079 0.222 0.066 0.090 0.080 0.136 0.072 0.078 
525   H_PALI    (8)    6 :  0.055 0.147 0.153 0.048 0.102 0.124 0.069 0.058 0.129 0.116 
526     H581    (8)    6 :  0.150 0.095 0.076 0.126 0.156 0.087 0.055 0.086 0.082 0.087 
527     H582   (16)    6 :  0.186 0.079 0.100 0.042 0.255 0.089 0.034 0.069 0.067 0.080 
528     H583    (8)    6 :  0.113 0.102 0.063 0.117 0.150 0.100 0.072 0.102 0.083 0.099 
529     H595    (8)    6 :  0.041 0.097 0.092 0.293 0.097 0.093 0.068 0.040 0.074 0.104 
530     H596    (8)    6 :  0.047 0.118 0.116 0.208 0.074 0.120 0.093 0.043 0.083 0.097 
531     H597    (8)    6 :  0.038 0.122 0.094 0.127 0.066 0.158 0.054 0.089 0.084 0.168 
532     H598    (8)    6 :  0.107 0.100 0.109 0.111 0.073 0.099 0.123 0.048 0.138 0.091 
533     H599    (0)    6 :  0.108 0.064 0.095 0.033 0.065 0.056 0.080 0.378 0.063 0.058 
534     H642    (8)    6 :  0.063 0.081 0.084 0.184 0.216 0.108 0.056 0.025 0.070 0.112 
535     H643    (8)    6 :  0.084 0.093 0.068 0.207 0.072 0.085 0.141 0.068 0.088 0.094 
536     H664    (8)    6 :  0.152 0.065 0.057 0.059 0.370 0.078 0.037 0.033 0.067 0.081 
537     H665    (8)    6 :  0.066 0.098 0.116 0.089 0.095 0.105 0.052 0.142 0.124 0.113 
538     H674    (0)    6 :  0.043 0.101 0.112 0.155 0.070 0.161 0.070 0.085 0.054 0.149 
539     H675    (8)    6 :  0.118 0.093 0.101 0.066 0.111 0.107 0.089 0.114 0.096 0.106 
540     H676    (8)    6 :  0.079 0.097 0.151 0.267 0.057 0.085 0.036 0.032 0.097 0.099 
541     H686    (8)    6 :  0.064 0.148 0.139 0.054 0.079 0.143 0.050 0.082 0.112 0.128 
542     H687    (8)    6 :  0.070 0.108 0.101 0.085 0.099 0.124 0.101 0.044 0.119 0.148 
543     H917    (0)    6 :  0.046 0.127 0.090 0.175 0.061 0.092 0.130 0.118 0.073 0.087 
544     H918    (8)    6 :  0.038 0.081 0.079 0.038 0.071 0.076 0.048 0.421 0.069 0.079 
545     H919    (0)    6 :  0.156 0.067 0.085 0.079 0.096 0.068 0.071 0.188 0.119 0.071 
546     H920    (0)    6 :  0.172 0.095 0.114 0.075 0.105 0.114 0.048 0.082 0.086 0.112 
547     H631    (8)    7 :  0.077 0.122 0.140 0.046 0.144 0.103 0.041 0.141 0.088 0.099 
548     H684    (8)    7 :  0.038 0.171 0.188 0.050 0.093 0.136 0.047 0.033 0.101 0.143 
549     H685    (8)    7 :  0.163 0.053 0.046 0.073 0.197 0.049 0.275 0.027 0.070 0.047 
550     H713    (8)    7 :  0.195 0.058 0.071 0.048 0.310 0.063 0.048 0.042 0.110 0.056 
551     H715    (8)    7 :  0.042 0.173 0.184 0.058 0.081 0.143 0.059 0.041 0.098 0.122 
552     H716    (8)    7 :  0.065 0.086 0.127 0.036 0.048 0.075 0.035 0.341 0.093 0.093 
553     H717    (8)    7 :  0.102 0.083 0.101 0.059 0.091 0.099 0.058 0.256 0.058 0.093 
554     H729    (8)    7 :  0.032 0.080 0.068 0.078 0.053 0.079 0.353 0.102 0.077 0.078 
555     H730    (8)    7 :  0.072 0.060 0.065 0.109 0.075 0.057 0.227 0.211 0.060 0.063 
556     H431   (16)    8 :  0.163 0.068 0.060 0.290 0.100 0.079 0.067 0.037 0.071 0.065 
557     H432    (8)    8 :  0.040 0.174 0.133 0.084 0.048 0.115 0.051 0.197 0.056 0.102 
558     H433    (8)    8 :  0.057 0.127 0.099 0.102 0.054 0.111 0.165 0.062 0.109 0.116 
559     H434    (8)    8 :  0.033 0.076 0.097 0.066 0.075 0.084 0.300 0.073 0.109 0.086 
560     H444    (8)    8 :  0.068 0.086 0.145 0.085 0.058 0.089 0.062 0.245 0.081 0.083 
561     H454    (0)    8 :  0.206 0.060 0.121 0.050 0.077 0.064 0.060 0.211 0.086 0.066 
562     H475    (8)    8 :  0.378 0.054 0.105 0.046 0.055 0.058 0.044 0.031 0.174 0.055 
563     H491    (8)    8 :  0.084 0.112 0.180 0.040 0.077 0.087 0.041 0.147 0.129 0.103 
564     H492    (8)    8 :  0.120 0.102 0.101 0.044 0.128 0.089 0.127 0.112 0.095 0.082 
565     H493    (8)    8 :  0.067 0.133 0.119 0.077 0.093 0.135 0.100 0.045 0.108 0.123 
566     H494    (8)    8 :  0.090 0.076 0.084 0.076 0.096 0.092 0.067 0.255 0.071 0.092 
567     H495    (0)    8 :  0.221 0.075 0.090 0.047 0.227 0.072 0.033 0.042 0.111 0.083 
568     H662    (8)    8 :  0.051 0.118 0.052 0.094 0.266 0.100 0.071 0.097 0.052 0.100 
569     H663    (8)    8 :  0.089 0.101 0.073 0.126 0.108 0.099 0.068 0.139 0.091 0.105 
570     H695    (8)    8 :  0.110 0.123 0.079 0.114 0.074 0.104 0.139 0.071 0.091 0.096 
571    H7367    (8)    8 :  0.031 0.072 0.058 0.073 0.057 0.076 0.464 0.044 0.059 0.067 
572    H7368    (0)    8 :  0.058 0.121 0.117 0.099 0.083 0.150 0.046 0.068 0.089 0.170 
573    H7369    (8)    8 :  0.072 0.087 0.123 0.208 0.058 0.082 0.042 0.148 0.096 0.083 
574    H7370    (8)    8 :  0.031 0.093 0.103 0.097 0.077 0.071 0.338 0.039 0.092 0.060 
575    H7371    (8)    8 :  0.069 0.098 0.083 0.126 0.099 0.109 0.123 0.107 0.090 0.096 
576     H600    (8)    9 :  0.147 0.086 0.114 0.048 0.076 0.097 0.077 0.061 0.187 0.108 
577     H648    (8)    9 :  0.064 0.090 0.132 0.139 0.169 0.107 0.049 0.053 0.076 0.121 
578     H696    (8)    9 :  0.038 0.124 0.071 0.215 0.137 0.123 0.081 0.036 0.051 0.123 
579     H697    (8)    9 :  0.083 0.071 0.064 0.350 0.070 0.077 0.043 0.108 0.061 0.074 
580     H698    (8)    9 :  0.066 0.065 0.050 0.446 0.057 0.080 0.056 0.060 0.049 0.072 
581     H699    (8)    9 :  0.078 0.086 0.079 0.090 0.086 0.105 0.209 0.082 0.072 0.114 
582     H700    (8)    9 :  0.067 0.077 0.233 0.025 0.066 0.064 0.055 0.056 0.284 0.073 
583     H732    (8)    9 :  0.197 0.085 0.065 0.052 0.172 0.092 0.079 0.088 0.083 0.086 
584     H733    (8)    9 :  0.046 0.066 0.061 0.448 0.061 0.074 0.064 0.045 0.060 0.077 
585     H734    (8)    9 :  0.043 0.117 0.126 0.077 0.124 0.116 0.098 0.045 0.134 0.120 
586     H735    (8)    9 :  0.052 0.066 0.087 0.295 0.179 0.066 0.077 0.056 0.051 0.070 
587     H736    (8)    9 :  0.080 0.109 0.083 0.048 0.164 0.109 0.061 0.102 0.135 0.110 
588     H737    (8)    9 :  0.096 0.067 0.066 0.170 0.053 0.085 0.137 0.116 0.124 0.085 
589     H905    (8)    9 :  0.124 0.077 0.177 0.066 0.060 0.087 0.054 0.072 0.206 0.077 
590     H921    (8)    9 :  0.099 0.103 0.098 0.112 0.113 0.094 0.078 0.118 0.096 0.091 
591     H922    (8)    9 :  0.042 0.092 0.111 0.166 0.093 0.090 0.102 0.129 0.063 0.111 
592  H169705    (8)   10 :  0.047 0.051 0.047 0.117 0.065 0.053 0.487 0.034 0.044 0.053 
593  H171942    (8)   10 :  0.039 0.163 0.154 0.083 0.048 0.116 0.049 0.191 0.050 0.106 
594  H171943    (8)   10 :  0.053 0.119 0.103 0.043 0.118 0.090 0.143 0.089 0.133 0.109 
595  H171944    (8)   10 :  0.062 0.096 0.090 0.098 0.166 0.086 0.115 0.054 0.131 0.102 
596  H171946    (8)   10 :  0.125 0.078 0.065 0.085 0.310 0.088 0.052 0.039 0.082 0.075 
597  H171947    (8)   10 :  0.060 0.106 0.095 0.050 0.086 0.098 0.143 0.177 0.087 0.098 
598  H229641    (0)   10 :  0.159 0.096 0.071 0.188 0.078 0.108 0.064 0.038 0.091 0.106 
599   H30001    (8)   10 :  0.073 0.091 0.119 0.105 0.148 0.125 0.061 0.057 0.113 0.108 
600   H30002    (8)   10 :  0.044 0.089 0.092 0.031 0.056 0.074 0.323 0.065 0.132 0.093 
601   H30005    (8)   10 :  0.072 0.075 0.060 0.355 0.084 0.076 0.086 0.033 0.077 0.082 
602   H30006    (8)   10 :  0.054 0.052 0.046 0.033 0.042 0.052 0.567 0.060 0.043 0.051 
603   H30007    (8)   10 :  0.030 0.122 0.088 0.080 0.115 0.109 0.047 0.218 0.075 0.117 
604     H451    (8)   10 :  0.052 0.143 0.161 0.078 0.067 0.137 0.070 0.083 0.090 0.120 
605     H452    (0)   10 :  0.106 0.046 0.040 0.513 0.045 0.050 0.072 0.035 0.041 0.050 
606     H453    (0)   10 :  0.164 0.101 0.117 0.045 0.095 0.116 0.050 0.072 0.120 0.121 
607     H473    (0)   10 :  0.158 0.082 0.087 0.049 0.064 0.104 0.055 0.211 0.093 0.097 
608     H474    (8)   10 :  0.260 0.083 0.067 0.042 0.180 0.074 0.084 0.031 0.086 0.092 
609     H486    (8)   10 :  0.234 0.078 0.081 0.133 0.078 0.079 0.076 0.083 0.077 0.082 
610     H487    (0)   10 :  0.140 0.093 0.086 0.127 0.057 0.086 0.148 0.052 0.128 0.083 
611     H488    (0)   10 :  0.100 0.106 0.131 0.080 0.062 0.095 0.071 0.143 0.126 0.084 
612     H489    (0)   10 :  0.165 0.078 0.066 0.067 0.107 0.079 0.200 0.052 0.108 0.078 
613     H550    (8)   10 :  0.048 0.137 0.114 0.036 0.100 0.100 0.188 0.035 0.138 0.103 
614     H551    (8)   10 :  0.078 0.077 0.072 0.132 0.098 0.070 0.170 0.163 0.069 0.071 
615     H553    (8)   10 :  0.190 0.058 0.041 0.096 0.078 0.063 0.315 0.038 0.058 0.064 
616     H554    (8)   10 :  0.053 0.146 0.144 0.079 0.105 0.122 0.063 0.055 0.112 0.121 
617     H556    (8)   10 :  0.063 0.063 0.050 0.036 0.095 0.071 0.425 0.068 0.058 0.073 
618     H580    (8)   10 :  0.047 0.102 0.100 0.109 0.099 0.111 0.138 0.098 0.095 0.100 
619     H591    (8)   10 :  0.327 0.061 0.066 0.058 0.087 0.055 0.068 0.126 0.096 0.056 
620     H592    (8)   10 :  0.139 0.096 0.076 0.111 0.140 0.086 0.129 0.042 0.089 0.092 
621     H593    (8)   10 :  0.073 0.134 0.129 0.073 0.124 0.117 0.052 0.065 0.105 0.129 
622     H594    (8)   10 :  0.029 0.135 0.077 0.110 0.079 0.142 0.134 0.088 0.070 0.137 
623     H627    (8)   10 :  0.091 0.122 0.118 0.056 0.108 0.141 0.111 0.036 0.104 0.113 
624     H628    (8)   10 :  0.034 0.091 0.074 0.145 0.054 0.104 0.051 0.271 0.077 0.099 
625     H629    (8)   10 :  0.106 0.092 0.083 0.121 0.193 0.122 0.046 0.055 0.070 0.112 
626     H630    (8)   10 :  0.078 0.082 0.074 0.095 0.273 0.079 0.139 0.041 0.061 0.080 
627     H638    (8)   10 :  0.067 0.074 0.092 0.291 0.144 0.089 0.064 0.043 0.054 0.082 
628     H639    (8)   10 :  0.299 0.079 0.063 0.096 0.106 0.088 0.056 0.047 0.075 0.091 
629     H640    (8)   10 :  0.065 0.119 0.106 0.091 0.133 0.119 0.087 0.070 0.101 0.109 
630     H704    (8)   10 :  0.034 0.124 0.089 0.077 0.086 0.173 0.083 0.097 0.077 0.160 
631     H705    (0)   10 :  0.050 0.052 0.048 0.110 0.059 0.049 0.503 0.034 0.044 0.050 
632     H706    (8)   10 :  0.091 0.064 0.098 0.113 0.077 0.073 0.144 0.131 0.141 0.068 
633     H708    (8)   10 :  0.124 0.061 0.060 0.060 0.373 0.059 0.062 0.051 0.085 0.064 
634    H7351    (8)   10 :  0.057 0.153 0.113 0.059 0.092 0.130 0.079 0.087 0.100 0.130 
635    H7352    (0)   10 :  0.106 0.114 0.099 0.122 0.115 0.099 0.076 0.072 0.094 0.104 
636    H7353    (8)   10 :  0.049 0.117 0.080 0.102 0.049 0.215 0.048 0.048 0.061 0.231 
637    H7354    (0)   10 :  0.072 0.097 0.228 0.033 0.069 0.088 0.052 0.100 0.179 0.082 
638    H7365    (8)   10 :  0.251 0.069 0.066 0.059 0.193 0.066 0.064 0.064 0.096 0.072 
639    H7383    (8)   10 :  0.097 0.102 0.154 0.080 0.084 0.091 0.076 0.075 0.150 0.091 
640    H7384    (8)   10 :  0.065 0.076 0.123 0.041 0.058 0.083 0.282 0.064 0.125 0.084 
641    H7385    (8)   10 :  0.087 0.063 0.182 0.067 0.082 0.064 0.071 0.059 0.248 0.077 
642    H7386    (8)   10 :  0.056 0.091 0.099 0.148 0.072 0.109 0.059 0.201 0.069 0.096 
643    H7387    (8)   10 :  0.042 0.103 0.153 0.063 0.090 0.109 0.108 0.063 0.154 0.115 
644    H7388    (8)   10 :  0.102 0.050 0.043 0.470 0.043 0.058 0.055 0.060 0.051 0.069 
645     H906    (8)   10 :  0.138 0.089 0.101 0.037 0.073 0.103 0.032 0.220 0.091 0.115 
646     H907    (8)   10 :  0.051 0.122 0.116 0.171 0.081 0.138 0.066 0.043 0.091 0.121 
647     H908    (8)   10 :  0.076 0.101 0.117 0.143 0.102 0.105 0.075 0.038 0.143 0.100 
648     H909    (0)   10 :  0.064 0.105 0.178 0.040 0.050 0.100 0.054 0.131 0.170 0.107 
649    H9552    (8)   10 :  0.057 0.117 0.092 0.096 0.110 0.120 0.102 0.127 0.074 0.105 
650    H9553   (25)   10 :  0.128 0.050 0.038 0.126 0.055 0.056 0.390 0.043 0.051 0.062 
651    H9555    (0)   10 :  0.048 0.102 0.096 0.144 0.108 0.101 0.124 0.092 0.100 0.085 
652    H9575   (25)   10 :  0.123 0.104 0.074 0.060 0.230 0.104 0.055 0.045 0.112 0.092 
653    H9703    (0)   10 :  0.194 0.053 0.055 0.032 0.078 0.055 0.334 0.049 0.083 0.066 
654    H9707    (0)   10 :  0.285 0.074 0.070 0.086 0.066 0.080 0.113 0.043 0.097 0.086 
655    HSAA4    (8)   10 :  0.047 0.101 0.092 0.099 0.101 0.114 0.149 0.090 0.088 0.118 
656     H001    (8)   11 :  0.072 0.107 0.120 0.058 0.095 0.101 0.051 0.192 0.112 0.091 
657     H004    (8)   11 :  0.070 0.118 0.136 0.075 0.098 0.126 0.085 0.067 0.109 0.115 
658     H005    (0)   11 :  0.237 0.065 0.154 0.053 0.070 0.076 0.032 0.090 0.146 0.076 
659     H006    (8)   11 :  0.085 0.091 0.144 0.062 0.077 0.123 0.096 0.055 0.159 0.110 
660     H007    (8)   11 :  0.102 0.053 0.096 0.032 0.059 0.050 0.073 0.382 0.093 0.060 
661     H031    (0)   11 :  0.274 0.067 0.063 0.071 0.172 0.062 0.075 0.064 0.096 0.058 
662     H074    (8)   11 :  0.158 0.071 0.084 0.066 0.248 0.085 0.078 0.055 0.066 0.088 
663     H075    (8)   11 :  0.144 0.058 0.086 0.053 0.126 0.057 0.040 0.262 0.117 0.058 
664     H080    (8)   11 :  0.135 0.072 0.109 0.174 0.146 0.078 0.055 0.059 0.096 0.076 
665     H086    (8)   11 :  0.047 0.071 0.092 0.098 0.072 0.074 0.312 0.047 0.106 0.080 
666     H092    (8)   11 :  0.109 0.076 0.114 0.085 0.080 0.079 0.191 0.045 0.139 0.084 
667     H093    (8)   11 :  0.045 0.163 0.068 0.071 0.060 0.163 0.108 0.072 0.087 0.164 
668     H094    (8)   11 :  0.048 0.113 0.120 0.094 0.141 0.115 0.113 0.033 0.096 0.126 
669     H095    (8)   11 :  0.133 0.092 0.081 0.053 0.110 0.106 0.063 0.162 0.098 0.101 
670     H096    (8)   11 :  0.123 0.093 0.113 0.061 0.071 0.093 0.043 0.199 0.116 0.088 
671     H099    (8)   11 :  0.077 0.082 0.113 0.102 0.160 0.101 0.077 0.069 0.123 0.096 
672     H100    (8)   11 :  0.027 0.133 0.088 0.037 0.045 0.067 0.064 0.404 0.057 0.080 
673     H127    (8)   11 :  0.106 0.078 0.071 0.172 0.098 0.095 0.132 0.072 0.085 0.091 
674     H136    (0)   11 :  0.229 0.069 0.092 0.064 0.102 0.097 0.066 0.051 0.140 0.091 
675     H153    (0)   11 :  0.089 0.119 0.151 0.073 0.069 0.142 0.069 0.049 0.128 0.111 
676     H154    (8)   11 :  0.211 0.065 0.066 0.079 0.245 0.071 0.059 0.041 0.088 0.074 
677     H155    (0)   11 :  0.039 0.076 0.090 0.231 0.054 0.068 0.077 0.235 0.049 0.082 
678     H156    (8)   11 :  0.031 0.114 0.120 0.136 0.065 0.116 0.066 0.153 0.096 0.104 
679     H161    (8)   11 :  0.079 0.133 0.135 0.054 0.107 0.123 0.059 0.084 0.107 0.119 
680     H162    (8)   11 :  0.073 0.092 0.074 0.268 0.076 0.106 0.115 0.036 0.082 0.079 
681     H167    (0)   11 :  0.038 0.102 0.118 0.062 0.061 0.101 0.159 0.082 0.141 0.136 
682     H168    (8)   11 :  0.072 0.091 0.121 0.223 0.053 0.100 0.069 0.068 0.105 0.098 
683  H169586    (8)   11 :  0.173 0.084 0.077 0.026 0.205 0.104 0.046 0.049 0.101 0.135 
684  H169738    (8)   11 :  0.042 0.080 0.066 0.346 0.042 0.070 0.081 0.124 0.075 0.074 
685  H169741    (8)   11 :  0.118 0.088 0.091 0.035 0.147 0.072 0.196 0.050 0.137 0.066 
686  H171801    (8)   11 :  0.042 0.139 0.119 0.070 0.068 0.166 0.045 0.127 0.074 0.151 
687  H171810    (8)   11 :  0.122 0.109 0.161 0.050 0.135 0.086 0.061 0.062 0.119 0.094 
688  H171811    (8)   11 :  0.091 0.081 0.084 0.049 0.325 0.104 0.059 0.035 0.086 0.087 
689  H171812    (8)   11 :  0.046 0.051 0.084 0.036 0.052 0.048 0.036 0.545 0.053 0.048 
690  H171820    (8)   11 :  0.134 0.090 0.082 0.078 0.236 0.083 0.063 0.065 0.089 0.081 
691  H171821    (8)   11 :  0.063 0.095 0.104 0.286 0.073 0.095 0.045 0.060 0.087 0.094 
692  H171822    (8)   11 :  0.064 0.115 0.104 0.126 0.080 0.118 0.128 0.058 0.107 0.098 
693  H171823    (8)   11 :  0.256 0.091 0.110 0.039 0.089 0.112 0.028 0.054 0.118 0.101 
694  H171866    (8)   11 :  0.076 0.090 0.054 0.314 0.045 0.098 0.050 0.105 0.070 0.097 
695  H171867    (8)   11 :  0.055 0.111 0.113 0.098 0.061 0.087 0.182 0.087 0.119 0.086 
696  H171967    (8)   11 :  0.106 0.074 0.075 0.074 0.149 0.077 0.071 0.217 0.076 0.081 
697  H171969    (8)   11 :  0.061 0.100 0.087 0.060 0.101 0.117 0.085 0.165 0.110 0.114 
698     H172    (8)   11 :  0.076 0.093 0.075 0.088 0.094 0.099 0.108 0.164 0.096 0.107 
699     H173    (0)   11 :  0.062 0.078 0.070 0.108 0.076 0.075 0.189 0.192 0.078 0.072 
700     H174    (8)   11 :  0.039 0.093 0.082 0.233 0.162 0.112 0.047 0.034 0.084 0.113 
701     H196    (0)   11 :  0.078 0.040 0.036 0.545 0.037 0.050 0.075 0.057 0.033 0.048 
702     H197    (8)   11 :  0.044 0.111 0.121 0.119 0.127 0.105 0.082 0.070 0.115 0.106 
703     H346    (8)   11 :  0.082 0.091 0.141 0.041 0.057 0.093 0.113 0.129 0.163 0.090 
704     H355    (8)   11 :  0.119 0.091 0.068 0.049 0.073 0.088 0.063 0.298 0.069 0.083 
705     H356    (0)   11 :  0.075 0.088 0.089 0.080 0.057 0.095 0.162 0.129 0.110 0.115 
706     H357    (8)   11 :  0.139 0.095 0.093 0.097 0.134 0.096 0.061 0.121 0.074 0.091 
707     H358    (8)   11 :  0.049 0.077 0.171 0.064 0.065 0.062 0.077 0.105 0.264 0.066 
708     H359    (8)   11 :  0.082 0.122 0.106 0.074 0.106 0.129 0.100 0.054 0.112 0.115 
709     H360    (0)   11 :  0.047 0.084 0.081 0.045 0.067 0.080 0.308 0.088 0.116 0.084 
710     H361    (8)   11 :  0.075 0.096 0.075 0.068 0.046 0.111 0.201 0.131 0.094 0.102 
711     H362    (8)   11 :  0.045 0.099 0.097 0.333 0.064 0.090 0.062 0.040 0.082 0.088 
712     H363    (8)   11 :  0.160 0.074 0.151 0.053 0.076 0.084 0.084 0.034 0.203 0.081 
713     H364    (8)   11 :  0.065 0.136 0.102 0.044 0.098 0.144 0.080 0.073 0.123 0.135 
714     H365    (8)   11 :  0.071 0.075 0.049 0.123 0.096 0.071 0.065 0.322 0.057 0.072 
715     H366    (8)   11 :  0.064 0.082 0.059 0.135 0.060 0.105 0.146 0.185 0.058 0.107 
716     H367    (8)   11 :  0.226 0.048 0.064 0.220 0.181 0.060 0.034 0.050 0.055 0.060 
717     H368    (8)   11 :  0.038 0.143 0.115 0.040 0.212 0.111 0.078 0.058 0.098 0.106 
718     H369    (0)   11 :  0.259 0.063 0.084 0.088 0.124 0.069 0.083 0.059 0.110 0.061 
719     H370    (8)   11 :  0.047 0.152 0.126 0.095 0.084 0.117 0.075 0.068 0.118 0.119 
720     H371    (8)   11 :  0.055 0.077 0.086 0.131 0.167 0.098 0.171 0.076 0.061 0.078 
721     H372    (8)   11 :  0.064 0.119 0.090 0.135 0.087 0.081 0.079 0.151 0.098 0.096 
722     H373    (8)   11 :  0.046 0.119 0.206 0.065 0.086 0.102 0.057 0.072 0.150 0.096 
723     H374    (0)   11 :  0.073 0.097 0.159 0.033 0.051 0.083 0.101 0.121 0.198 0.084 
724     H375    (8)   11 :  0.103 0.089 0.105 0.073 0.100 0.079 0.060 0.237 0.077 0.075 
725     H376    (0)   11 :  0.053 0.129 0.081 0.073 0.067 0.168 0.065 0.140 0.076 0.147 
726     H377    (8)   11 :  0.105 0.105 0.107 0.045 0.065 0.090 0.181 0.050 0.157 0.096 
727     H378    (8)   11 :  0.070 0.108 0.113 0.068 0.120 0.114 0.090 0.071 0.117 0.128 
728     H379    (8)   11 :  0.069 0.113 0.138 0.093 0.102 0.111 0.077 0.033 0.141 0.123 
729     H380    (8)   11 :  0.048 0.156 0.116 0.097 0.063 0.117 0.062 0.105 0.112 0.125 
730     H381    (0)   11 :  0.221 0.090 0.073 0.042 0.139 0.097 0.061 0.051 0.118 0.108 
731     H382    (8)   11 :  0.034 0.134 0.123 0.174 0.083 0.147 0.045 0.042 0.087 0.130 
732     H383    (8)   11 :  0.037 0.150 0.118 0.062 0.062 0.150 0.062 0.134 0.091 0.134 
733     H384    (0)   11 :  0.095 0.085 0.067 0.042 0.131 0.098 0.211 0.055 0.121 0.095 
734     H385    (8)   11 :  0.091 0.082 0.152 0.104 0.127 0.083 0.070 0.039 0.158 0.093 
735     H386    (0)   11 :  0.046 0.091 0.135 0.085 0.073 0.096 0.061 0.125 0.187 0.101 
736     H387    (0)   11 :  0.078 0.143 0.110 0.041 0.055 0.182 0.044 0.046 0.130 0.171 
737     H388    (8)   11 :  0.039 0.088 0.058 0.115 0.054 0.102 0.217 0.160 0.064 0.104 
738     H389    (8)   11 :  0.076 0.090 0.080 0.087 0.098 0.072 0.077 0.225 0.108 0.087 
739     H390    (8)   11 :  0.056 0.110 0.115 0.088 0.165 0.107 0.080 0.065 0.113 0.101 
740     H391    (8)   11 :  0.066 0.092 0.065 0.200 0.141 0.095 0.060 0.112 0.070 0.100 
741     H392    (0)   11 :  0.092 0.071 0.146 0.034 0.085 0.067 0.043 0.185 0.209 0.068 
742     H393    (0)   11 :  0.035 0.098 0.075 0.040 0.051 0.095 0.056 0.411 0.053 0.086 
743     H394    (0)   11 :  0.063 0.129 0.060 0.097 0.100 0.165 0.061 0.083 0.059 0.183 
744     H395    (8)   11 :  0.194 0.070 0.074 0.170 0.117 0.076 0.052 0.067 0.102 0.077 
745     H408   (16)   11 :  0.079 0.109 0.129 0.063 0.059 0.093 0.075 0.174 0.128 0.091 
746     H412    (0)   11 :  0.285 0.046 0.036 0.040 0.377 0.047 0.040 0.021 0.054 0.054 
747     H417    (8)   11 :  0.090 0.105 0.071 0.047 0.141 0.096 0.142 0.099 0.114 0.097 
748     H418    (8)   11 :  0.105 0.096 0.093 0.189 0.127 0.101 0.044 0.046 0.095 0.102 
749     H429    (8)   11 :  0.053 0.113 0.094 0.065 0.123 0.112 0.063 0.133 0.135 0.111 
750     H430    (8)   11 :  0.045 0.096 0.082 0.149 0.074 0.079 0.070 0.245 0.074 0.086 
751     H439    (8)   11 :  0.063 0.100 0.126 0.082 0.088 0.093 0.153 0.065 0.145 0.085 
752     H440    (8)   11 :  0.223 0.072 0.121 0.044 0.072 0.082 0.057 0.062 0.185 0.082 
753     H441    (0)   11 :  0.097 0.064 0.058 0.413 0.087 0.065 0.050 0.040 0.063 0.063 
754     H442   (16)   11 :  0.079 0.121 0.070 0.145 0.066 0.129 0.058 0.126 0.086 0.119 
755     H446    (0)   11 :  0.063 0.139 0.089 0.057 0.067 0.136 0.145 0.042 0.122 0.140 
756     H447    (0)   11 :  0.040 0.109 0.093 0.086 0.084 0.097 0.107 0.111 0.163 0.110 
757     H448    (0)   11 :  0.088 0.071 0.055 0.212 0.059 0.074 0.130 0.181 0.054 0.075 
758     H534    (8)   11 :  0.106 0.068 0.178 0.041 0.145 0.086 0.050 0.049 0.193 0.083 
759     H537    (8)   11 :  0.227 0.077 0.076 0.057 0.167 0.100 0.042 0.060 0.077 0.118 
760     H568    (8)   11 :  0.418 0.055 0.068 0.060 0.076 0.061 0.056 0.039 0.105 0.062 
761     H569    (8)   11 :  0.029 0.083 0.074 0.081 0.053 0.069 0.352 0.141 0.054 0.064 
762     H586    (0)   11 :  0.170 0.087 0.083 0.025 0.250 0.087 0.047 0.042 0.093 0.115 
763     H587    (8)   11 :  0.186 0.075 0.101 0.040 0.159 0.076 0.121 0.073 0.105 0.065 
764     H588    (8)   11 :  0.032 0.181 0.099 0.042 0.048 0.168 0.049 0.106 0.075 0.202 
765     H589    (8)   11 :  0.231 0.076 0.112 0.046 0.114 0.078 0.053 0.109 0.104 0.078 
766     H590    (0)   11 :  0.299 0.088 0.091 0.073 0.065 0.076 0.041 0.094 0.093 0.080 
767     H601    (8)   11 :  0.052 0.109 0.105 0.089 0.061 0.122 0.142 0.106 0.074 0.138 
768     H602    (8)   11 :  0.138 0.067 0.084 0.246 0.090 0.073 0.060 0.063 0.099 0.080 
769     H603    (8)   11 :  0.047 0.099 0.118 0.224 0.061 0.096 0.054 0.070 0.151 0.080 
770     H610    (0)   11 :  0.083 0.075 0.090 0.067 0.079 0.089 0.259 0.064 0.109 0.084 
771     H611    (0)   11 :  0.167 0.095 0.097 0.051 0.136 0.071 0.152 0.055 0.094 0.082 
772     H649    (8)   11 :  0.062 0.136 0.146 0.063 0.080 0.084 0.061 0.184 0.096 0.088 
773     H650    (8)   11 :  0.061 0.123 0.120 0.090 0.069 0.112 0.142 0.030 0.141 0.113 
774     H651    (8)   11 :  0.058 0.082 0.100 0.137 0.068 0.100 0.135 0.129 0.102 0.090 
775     H652    (8)   11 :  0.082 0.114 0.126 0.071 0.065 0.162 0.079 0.034 0.133 0.134 
776    H7364    (8)   11 :  0.060 0.109 0.093 0.099 0.073 0.105 0.097 0.171 0.088 0.106 
777    H7366    (8)   11 :  0.107 0.081 0.089 0.069 0.058 0.090 0.235 0.077 0.100 0.094 
778    H7378   (16)   11 :  0.042 0.077 0.076 0.269 0.156 0.133 0.040 0.037 0.036 0.134 
779    H7379    (0)   11 :  0.082 0.109 0.075 0.214 0.077 0.117 0.080 0.064 0.078 0.105 
780     H739    (8)   11 :  0.184 0.071 0.068 0.054 0.115 0.075 0.198 0.083 0.085 0.068 
781     H740    (8)   11 :  0.066 0.136 0.157 0.058 0.084 0.131 0.107 0.036 0.106 0.119 
782     H741    (0)   11 :  0.135 0.067 0.083 0.037 0.143 0.072 0.216 0.044 0.127 0.076 
783     H926    (8)   11 :  0.059 0.149 0.160 0.080 0.068 0.114 0.108 0.044 0.096 0.121 
784     H927    (0)   11 :  0.044 0.065 0.057 0.069 0.053 0.059 0.475 0.048 0.069 0.062 
785     H928    (0)   11 :  0.076 0.091 0.085 0.093 0.125 0.083 0.195 0.039 0.113 0.100 
786    H9560    (0)   11 :  0.059 0.124 0.078 0.055 0.069 0.133 0.222 0.038 0.096 0.124 
787     H409    (0)   12 :  0.034 0.123 0.114 0.143 0.097 0.113 0.054 0.086 0.098 0.138 
788     H413    (0)   12 :  0.042 0.122 0.124 0.064 0.206 0.115 0.069 0.057 0.061 0.140 
789     H419    (8)   12 :  0.057 0.133 0.091 0.150 0.078 0.114 0.075 0.098 0.091 0.113 
790     H420    (8)   12 :  0.150 0.098 0.093 0.086 0.087 0.098 0.085 0.101 0.091 0.110 
791     H421    (8)   12 :  0.033 0.171 0.126 0.064 0.087 0.149 0.060 0.065 0.105 0.141 
792     H435    (8)   12 :  0.041 0.127 0.146 0.099 0.078 0.110 0.058 0.064 0.157 0.121 
793     H436    (8)   12 :  0.066 0.095 0.093 0.051 0.099 0.091 0.174 0.147 0.083 0.099 
794     H437    (8)   12 :  0.194 0.108 0.096 0.049 0.106 0.116 0.047 0.052 0.110 0.121 
795     H445    (8)   12 :  0.047 0.110 0.131 0.077 0.057 0.096 0.066 0.223 0.104 0.090 
796     H449    (8)   12 :  0.056 0.092 0.058 0.043 0.052 0.125 0.341 0.051 0.068 0.114 
797     H463    (8)   12 :  0.130 0.103 0.131 0.061 0.097 0.117 0.064 0.071 0.122 0.105 
798     H464    (8)   12 :  0.047 0.197 0.189 0.046 0.039 0.099 0.072 0.113 0.076 0.122 
799     H465    (8)   12 :  0.070 0.116 0.089 0.092 0.189 0.127 0.049 0.043 0.086 0.139 
800     H490    (8)   12 :  0.040 0.135 0.077 0.062 0.065 0.210 0.065 0.041 0.084 0.221 
801     H561    (8)   12 :  0.088 0.080 0.070 0.322 0.103 0.086 0.044 0.065 0.072 0.070 
802     H562    (8)   12 :  0.066 0.092 0.127 0.057 0.099 0.085 0.080 0.205 0.112 0.078 
803     H563    (0)   12 :  0.090 0.067 0.092 0.264 0.070 0.072 0.096 0.098 0.082 0.070 
804     H570    (8)   12 :  0.088 0.081 0.174 0.062 0.109 0.082 0.090 0.074 0.162 0.078 
805     H571    (8)   12 :  0.071 0.132 0.083 0.088 0.216 0.128 0.049 0.033 0.086 0.115 
806     H572    (8)   12 :  0.130 0.074 0.114 0.127 0.209 0.074 0.057 0.073 0.069 0.073 
807     H573    (8)   12 :  0.040 0.103 0.096 0.133 0.111 0.109 0.069 0.131 0.096 0.113 
808    H7372    (8)   12 :  0.031 0.113 0.101 0.061 0.047 0.108 0.267 0.079 0.108 0.087 
809    H7373    (0)   12 :  0.037 0.135 0.102 0.037 0.091 0.176 0.128 0.036 0.110 0.148 
810    H7374    (0)   12 :  0.110 0.121 0.151 0.048 0.079 0.099 0.041 0.159 0.093 0.098 
811    H7375    (8)   12 :  0.206 0.091 0.061 0.112 0.113 0.075 0.066 0.122 0.076 0.078 
812    H7376    (8)   12 :  0.032 0.075 0.094 0.070 0.042 0.064 0.075 0.416 0.063 0.069 
813    H7377    (8)   12 :  0.114 0.083 0.088 0.113 0.202 0.091 0.071 0.038 0.123 0.078 


Estimated Allele Frequencies in each cluster
First column gives estimated ancestral frequencies


Locus 1 : 
10 alleles
0.4% missing data
 168   (0.097) 0.081 0.095 0.065 0.060 0.078 0.098 0.042 0.265 0.074 0.098 
 160   (0.242) 0.268 0.231 0.287 0.269 0.238 0.241 0.267 0.357 0.317 0.241 
 172   (0.013) 0.001 0.021 0.016 0.004 0.003 0.013 0.005 0.007 0.006 0.013 
 156   (0.211) 0.094 0.211 0.226 0.358 0.234 0.211 0.204 0.099 0.200 0.211 
 164   (0.204) 0.195 0.201 0.155 0.221 0.295 0.205 0.314 0.081 0.169 0.204 
 152   (0.172) 0.342 0.174 0.208 0.068 0.115 0.174 0.073 0.139 0.204 0.173 
 148   (0.042) 0.018 0.054 0.039 0.016 0.034 0.043 0.013 0.048 0.026 0.043 
 144   (0.011) 0.001 0.009 0.003 0.002 0.003 0.010 0.082 0.004 0.004 0.011 
 176   (0.003) 0.000 0.002 0.000 0.000 0.000 0.003 0.000 0.000 0.001 0.003 
 180   (0.003) 0.000 0.002 0.001 0.000 0.000 0.003 0.000 0.000 0.000 0.003 

Locus 2 : 
11 alleles
0.4% missing data
 160   (0.185) 0.137 0.179 0.180 0.157 0.226 0.187 0.132 0.142 0.212 0.186 
 152   (0.158) 0.159 0.162 0.182 0.094 0.154 0.159 0.107 0.153 0.122 0.158 
 164   (0.173) 0.420 0.162 0.145 0.103 0.263 0.173 0.159 0.098 0.208 0.174 
 156   (0.257) 0.077 0.286 0.308 0.327 0.150 0.259 0.305 0.182 0.306 0.258 
 168   (0.101) 0.169 0.095 0.101 0.179 0.104 0.099 0.114 0.315 0.081 0.100 
 172   (0.043) 0.006 0.049 0.047 0.031 0.023 0.043 0.113 0.008 0.029 0.043 
 148   (0.043) 0.014 0.039 0.024 0.014 0.065 0.043 0.056 0.025 0.030 0.043 
 144   (0.015) 0.011 0.011 0.005 0.088 0.008 0.014 0.004 0.004 0.005 0.015 
 176   (0.017) 0.004 0.014 0.007 0.006 0.005 0.017 0.009 0.074 0.007 0.017 
 140   (0.003) 0.000 0.002 0.000 0.000 0.000 0.003 0.000 0.000 0.000 0.003 
 180   (0.003) 0.000 0.002 0.001 0.000 0.000 0.003 0.000 0.000 0.000 0.003 

Locus 3 : 
10 alleles
0.0% missing data
 185   (0.235) 0.315 0.234 0.285 0.122 0.204 0.235 0.232 0.149 0.350 0.235 
 181   (0.102) 0.084 0.108 0.139 0.057 0.054 0.102 0.054 0.105 0.138 0.102 
 193   (0.163) 0.150 0.166 0.199 0.123 0.177 0.165 0.091 0.359 0.125 0.164 
 189   (0.342) 0.358 0.349 0.271 0.622 0.462 0.341 0.449 0.338 0.282 0.342 
 197   (0.119) 0.082 0.116 0.094 0.067 0.092 0.120 0.110 0.044 0.093 0.119 
 177   (0.005) 0.000 0.003 0.001 0.000 0.001 0.004 0.001 0.000 0.001 0.005 
 201   (0.018) 0.003 0.015 0.008 0.005 0.007 0.018 0.011 0.004 0.008 0.018 
 169   (0.010) 0.008 0.005 0.002 0.002 0.002 0.009 0.052 0.001 0.003 0.009 
 173   (0.004) 0.000 0.002 0.000 0.001 0.000 0.003 0.000 0.000 0.000 0.003 
 209   (0.003) 0.000 0.002 0.000 0.000 0.001 0.003 0.000 0.000 0.000 0.003 

Locus 4 : 
9 alleles
0.0% missing data
 177   (0.229) 0.118 0.235 0.287 0.233 0.194 0.229 0.217 0.273 0.312 0.229 
 165   (0.202) 0.119 0.217 0.184 0.191 0.156 0.205 0.247 0.094 0.162 0.203 
 169   (0.228) 0.405 0.216 0.208 0.327 0.319 0.226 0.281 0.167 0.227 0.228 
 173   (0.209) 0.110 0.211 0.214 0.134 0.183 0.210 0.220 0.290 0.181 0.209 
 193   (0.009) 0.001 0.008 0.003 0.001 0.003 0.009 0.002 0.002 0.003 0.009 
 185   (0.031) 0.009 0.032 0.026 0.031 0.019 0.031 0.007 0.083 0.027 0.031 
 181   (0.076) 0.235 0.069 0.074 0.078 0.108 0.075 0.023 0.090 0.084 0.076 
 161   (0.011) 0.003 0.010 0.003 0.004 0.017 0.011 0.003 0.002 0.004 0.011 
 189   (0.005) 0.001 0.003 0.001 0.001 0.001 0.004 0.001 0.000 0.001 0.005 

Locus 5 : 
17 alleles
0.0% missing data
 199   (0.251) 0.489 0.264 0.329 0.144 0.297 0.253 0.238 0.195 0.409 0.252 
 215   (0.038) 0.073 0.033 0.022 0.050 0.111 0.038 0.017 0.008 0.025 0.038 
 203   (0.273) 0.172 0.297 0.282 0.255 0.192 0.274 0.362 0.434 0.248 0.273 
 207   (0.146) 0.088 0.144 0.135 0.245 0.127 0.147 0.192 0.225 0.121 0.146 
 195   (0.102) 0.058 0.097 0.104 0.078 0.112 0.101 0.104 0.090 0.094 0.102 
 211   (0.054) 0.020 0.052 0.056 0.191 0.080 0.054 0.034 0.020 0.035 0.054 
 271   (0.004) 0.000 0.002 0.001 0.000 0.000 0.003 0.000 0.000 0.001 0.003 
 275   (0.021) 0.003 0.018 0.007 0.008 0.007 0.021 0.020 0.003 0.010 0.021 
 283   (0.019) 0.008 0.019 0.016 0.005 0.032 0.019 0.005 0.004 0.009 0.019 
 279   (0.024) 0.002 0.023 0.026 0.011 0.010 0.024 0.011 0.004 0.012 0.024 
 287   (0.023) 0.006 0.019 0.008 0.007 0.014 0.022 0.008 0.004 0.008 0.023 
 191   (0.016) 0.074 0.012 0.007 0.002 0.007 0.015 0.004 0.008 0.019 0.016 
 291   (0.008) 0.003 0.005 0.003 0.001 0.006 0.008 0.001 0.001 0.003 0.008 
 295   (0.006) 0.000 0.003 0.001 0.001 0.001 0.005 0.001 0.000 0.001 0.005 
 267   (0.007) 0.000 0.005 0.001 0.001 0.001 0.007 0.001 0.002 0.002 0.007 
 219   (0.006) 0.002 0.004 0.002 0.001 0.001 0.006 0.001 0.001 0.002 0.006 
 299   (0.004) 0.000 0.002 0.000 0.000 0.000 0.003 0.000 0.000 0.001 0.003 

Locus 6 : 
10 alleles
0.5% missing data
 238   (0.250) 0.239 0.266 0.263 0.213 0.261 0.251 0.146 0.343 0.268 0.250 
 250   (0.145) 0.085 0.147 0.153 0.122 0.134 0.143 0.143 0.217 0.188 0.144 
 246   (0.168) 0.048 0.183 0.160 0.080 0.099 0.168 0.345 0.256 0.126 0.168 
 242   (0.204) 0.508 0.190 0.235 0.270 0.234 0.203 0.204 0.086 0.250 0.203 
 234   (0.100) 0.074 0.091 0.112 0.073 0.158 0.101 0.072 0.053 0.100 0.100 
 254   (0.045) 0.009 0.042 0.030 0.048 0.053 0.045 0.021 0.012 0.026 0.045 
 230   (0.049) 0.016 0.044 0.024 0.116 0.041 0.049 0.034 0.019 0.026 0.049 
 258   (0.020) 0.014 0.015 0.007 0.074 0.007 0.018 0.032 0.011 0.008 0.019 
 226   (0.012) 0.001 0.016 0.014 0.002 0.007 0.013 0.002 0.002 0.005 0.012 
 218   (0.008) 0.005 0.005 0.003 0.003 0.006 0.008 0.001 0.001 0.003 0.008 

Locus 7 : 
5 alleles
77.9% missing data
 149   (0.888) 0.915 0.880 0.869 0.942 0.769 0.888 0.946 0.965 0.926 0.888 
 153   (0.041) 0.067 0.037 0.047 0.028 0.192 0.041 0.017 0.013 0.025 0.041 
 157   (0.026) 0.007 0.042 0.049 0.011 0.014 0.027 0.012 0.009 0.024 0.026 
 155   (0.031) 0.008 0.029 0.028 0.016 0.022 0.031 0.021 0.009 0.017 0.031 
 151   (0.014) 0.003 0.013 0.008 0.004 0.005 0.014 0.004 0.004 0.008 0.014 

Locus 8 : 
21 alleles
0.5% missing data
 152   (0.071) 0.083 0.071 0.077 0.045 0.080 0.071 0.066 0.026 0.103 0.071 
 148   (0.069) 0.022 0.076 0.087 0.022 0.035 0.071 0.046 0.014 0.076 0.070 
 142   (0.058) 0.030 0.078 0.081 0.037 0.071 0.059 0.093 0.015 0.053 0.058 
 140   (0.039) 0.009 0.038 0.028 0.025 0.029 0.039 0.069 0.023 0.039 0.039 
 138   (0.059) 0.051 0.058 0.052 0.096 0.041 0.059 0.118 0.026 0.075 0.059 
 136   (0.066) 0.022 0.064 0.060 0.095 0.051 0.068 0.079 0.019 0.049 0.067 
 150   (0.063) 0.111 0.063 0.050 0.052 0.053 0.062 0.059 0.025 0.042 0.063 
 146   (0.241) 0.414 0.241 0.321 0.369 0.343 0.242 0.194 0.277 0.328 0.242 
 128   (0.093) 0.108 0.094 0.070 0.088 0.126 0.092 0.091 0.191 0.082 0.093 
 164   (0.010) 0.001 0.008 0.002 0.001 0.002 0.010 0.002 0.002 0.002 0.010 
 156   (0.014) 0.008 0.009 0.014 0.019 0.004 0.013 0.003 0.001 0.017 0.013 
 144   (0.040) 0.025 0.035 0.019 0.016 0.036 0.039 0.053 0.099 0.022 0.040 
 158   (0.015) 0.016 0.013 0.010 0.003 0.011 0.015 0.010 0.002 0.013 0.015 
 134   (0.078) 0.066 0.077 0.082 0.100 0.071 0.078 0.095 0.244 0.059 0.078 
 168   (0.018) 0.016 0.015 0.012 0.009 0.012 0.018 0.005 0.015 0.008 0.018 
 160   (0.019) 0.006 0.023 0.017 0.008 0.009 0.020 0.006 0.008 0.018 0.019 
 162   (0.010) 0.007 0.006 0.003 0.003 0.005 0.009 0.004 0.001 0.003 0.010 
 154   (0.019) 0.003 0.018 0.010 0.012 0.016 0.019 0.004 0.008 0.007 0.019 
 170   (0.005) 0.000 0.003 0.001 0.000 0.001 0.004 0.001 0.001 0.001 0.004 
 130   (0.009) 0.001 0.007 0.004 0.001 0.002 0.009 0.001 0.003 0.003 0.009 
 172   (0.003) 0.000 0.002 0.000 0.000 0.000 0.003 0.000 0.000 0.000 0.003 

Locus 9 : 
8 alleles
0.2% missing data
 184   (0.246) 0.092 0.264 0.253 0.225 0.168 0.252 0.123 0.152 0.244 0.248 
 182   (0.158) 0.174 0.159 0.178 0.078 0.221 0.159 0.079 0.083 0.157 0.158 
 186   (0.381) 0.521 0.381 0.386 0.581 0.334 0.381 0.358 0.449 0.385 0.381 
 180   (0.171) 0.205 0.163 0.171 0.077 0.260 0.168 0.284 0.309 0.199 0.171 
 192   (0.014) 0.002 0.010 0.004 0.006 0.006 0.013 0.149 0.003 0.005 0.013 
 188   (0.013) 0.003 0.012 0.004 0.002 0.006 0.013 0.003 0.001 0.007 0.013 
 194   (0.013) 0.003 0.009 0.003 0.030 0.005 0.013 0.005 0.002 0.004 0.013 
 174   (0.003) 0.000 0.002 0.000 0.000 0.000 0.003 0.000 0.000 0.000 0.003 

Locus 10 : 
8 alleles
0.1% missing data
 164   (0.262) 0.176 0.284 0.275 0.284 0.183 0.265 0.191 0.156 0.253 0.263 
 160   (0.216) 0.337 0.207 0.189 0.260 0.211 0.215 0.235 0.323 0.177 0.215 
 168   (0.244) 0.266 0.232 0.268 0.230 0.394 0.242 0.146 0.197 0.268 0.243 
 156   (0.126) 0.183 0.119 0.122 0.053 0.151 0.124 0.365 0.074 0.177 0.126 
 172   (0.082) 0.021 0.087 0.090 0.048 0.037 0.084 0.033 0.230 0.083 0.083 
 152   (0.027) 0.007 0.022 0.015 0.109 0.008 0.026 0.017 0.010 0.011 0.027 
 176   (0.035) 0.008 0.043 0.039 0.014 0.013 0.036 0.010 0.010 0.028 0.035 
 180   (0.008) 0.001 0.006 0.002 0.002 0.002 0.008 0.002 0.001 0.002 0.008 

Locus 11 : 
10 alleles
0.0% missing data
 169   (0.302) 0.176 0.303 0.327 0.372 0.313 0.304 0.338 0.309 0.272 0.302 
 161   (0.096) 0.047 0.106 0.149 0.033 0.097 0.096 0.051 0.172 0.159 0.096 
 165   (0.280) 0.311 0.285 0.226 0.246 0.333 0.283 0.353 0.214 0.248 0.281 
 173   (0.149) 0.181 0.140 0.138 0.171 0.075 0.149 0.161 0.137 0.187 0.149 
 157   (0.050) 0.014 0.058 0.054 0.068 0.035 0.050 0.047 0.015 0.039 0.050 
 177   (0.063) 0.255 0.057 0.071 0.026 0.124 0.061 0.027 0.130 0.072 0.062 
 153   (0.014) 0.004 0.012 0.010 0.002 0.007 0.014 0.003 0.004 0.008 0.014 
 185   (0.012) 0.001 0.011 0.008 0.005 0.005 0.012 0.002 0.003 0.005 0.012 
 181   (0.021) 0.007 0.017 0.007 0.073 0.009 0.020 0.014 0.012 0.005 0.020 
 149   (0.012) 0.004 0.011 0.009 0.005 0.002 0.012 0.003 0.004 0.005 0.012 

Locus 12 : 
5 alleles
0.4% missing data
 149   (0.870) 0.932 0.857 0.868 0.938 0.782 0.869 0.948 0.974 0.907 0.870 
 157   (0.034) 0.009 0.049 0.051 0.013 0.017 0.034 0.008 0.010 0.029 0.034 
 153   (0.049) 0.053 0.049 0.046 0.031 0.174 0.049 0.014 0.009 0.038 0.049 
 151   (0.017) 0.001 0.015 0.009 0.007 0.007 0.017 0.003 0.002 0.010 0.017 
 155   (0.030) 0.004 0.031 0.026 0.011 0.019 0.031 0.026 0.006 0.015 0.031 

Values of parameters used in structure:
DATAFILE=/data/home/rchen/Hunting/Final_analysis/data_job_T10_24,	OUTFILE=/data/home/rchen/Hunting/Final_analysis/Results_females_4.4/results_job_T10_24,	NUMINDS=813,	NUMLOCI=12,	MISSING=-9,	LABEL=1,	POPDATA=1,	POPFLAG=0,	PHENOTYPE=0,	EXTRACOLS=0,	MAXPOPS=10,	BURNIN=10000,	NUMREPS=10000,	USEPOPINFO=0,	INFERALPHA=1,	INFERLAMBDA=0,	POPSPECIFICLAMBDA=0,	POPALPHAS=0,	COMPUTEPROB=1,	NOADMIX=0,	ADMBURNIN=2500,	UPDATEFREQ=1,	PRINTLIKES=0,	INTERMEDSAVE=0,	PRINTKLD=0,	PRINTNET=0,	PRINTLAMBDA=0,	ANCESTDIST=0,	NUMBOXES=1000,	ANCESTPINT=0.90000,	GENSBACK=2,	MIGRPRIOR=0.05000,	PRINTQHAT=1,	PRINTQSUM=0,	ALPHA=1.0000,	FREQSCORR=1,	FPRIORMEAN=0.0100,	FPRIORSD=0.0500,	ONEFST=0,	LAMBDA=1.0000,	UNIFPRIORALPHA=1,	ALPHAMAX=10.0000,	ALPHAPRIORA=1.0000,	ALPHAPRIORB=2.0000,	ALPHAPROPSD=0.0250,	STARTATPOPINFO=0,	RANDOMIZE=1,	LINKAGE=0,	METROFREQ=10,	REPORTHITRATE=0,	MARKOVPHASE=-1,	PHASED=0,	PLOIDY=2,	PHASEINFO=0	LOCPRIOR=0, 	LOCPRIORINIT=1.000000, 	LOCDATA=0, 	LOCISPOP=0, 	LOCPRIORSTEP=0.100000, 	MAXLOCPRIOR=20.000000, 	SEED=1649139579,	
[STRAT parameters]:    NUMSIMSTATS=1000,	PHENOTYPECOL=-9,	POOLFREQ=10,	LOCUSxONLY=0,	EMERROR=0.00100,	MISSINGPHENO=-9,	