      H105.4  1 0.3378 0.3643 0.2980 
      H115.3  1 0.3305 0.3452 0.3243 
      H145.1  1 0.3082 0.3335 0.3582 
      H149.6  1 0.3128 0.3246 0.3627 
      H150.1  1 0.3422 0.3374 0.3204 
   H169607.8  1 0.3606 0.3490 0.2903 
   H169633.5  1 0.3066 0.3516 0.3419 
   H169688.2  1 0.3792 0.3498 0.2710 
   H171901.5  1 0.3278 0.3205 0.3517 
   H171902.3  1 0.3590 0.3348 0.3062 
   H171903.5  1 0.3539 0.3454 0.3007 
      H177.6  1 0.3146 0.3331 0.3523 
      H179.1  1 0.3206 0.3403 0.3392 
      H180.2  1 0.3920 0.3670 0.2410 
      H181.7  1 0.3371 0.3677 0.2952 
 H194.6_2004  1 0.3378 0.3238 0.3384 
 H195.3_2003  1 0.3483 0.3367 0.3150 
 H195.3_2004  1 0.3315 0.3278 0.3407 
      H415.5  1 0.3655 0.3475 0.2871 
      H506.5  1 0.3357 0.3301 0.3342 
      H533.4  1 0.3018 0.3569 0.3413 
      H535.1  1 0.3487 0.3388 0.3125 
      H539.5  1 0.3030 0.2999 0.3971 
      H540.7  1 0.3068 0.3544 0.3387 
     H9558.1  1 0.3300 0.3320 0.3380 
    kos339.2  1 0.3072 0.3193 0.3735 
      H409.8 12 0.3878 0.3536 0.2586 
      H413.2 12 0.3857 0.3367 0.2776 
      H563.3 12 0.3311 0.3554 0.3134 
     H7374.6 12 0.3751 0.3298 0.2951 
     H9563.8 12 0.3688 0.3334 0.2978 
     H9572.4 12 0.3150 0.3310 0.3540 
