      H105.4  1 0.1275 0.1233 0.1681 0.1123 0.1212 0.1640 0.1837 
      H115.3  1 0.2563 0.1989 0.0753 0.1180 0.1361 0.0937 0.1217 
      H145.1  1 0.1368 0.1516 0.1525 0.1795 0.1313 0.1227 0.1256 
      H149.6  1 0.1002 0.1120 0.1952 0.2206 0.1067 0.1468 0.1184 
      H150.1  1 0.2990 0.2998 0.0571 0.0567 0.1209 0.0802 0.0864 
   H169607.8  1 0.1336 0.1278 0.1199 0.1411 0.1145 0.1593 0.2038 
   H169633.5  1 0.1015 0.0901 0.1614 0.2238 0.1456 0.1535 0.1241 
   H169688.2  1 0.1048 0.1187 0.1438 0.1278 0.1368 0.1817 0.1864 
   H171901.5  1 0.1087 0.1064 0.1849 0.1558 0.1278 0.1666 0.1496 
   H171902.3  1 0.1285 0.1202 0.1035 0.1505 0.1377 0.1992 0.1604 
   H171903.5  1 0.1344 0.1089 0.1518 0.1460 0.1249 0.1736 0.1605 
      H177.6  1 0.1216 0.0904 0.1547 0.1678 0.1256 0.1675 0.1725 
      H179.1  1 0.1381 0.0788 0.1507 0.1375 0.2175 0.1403 0.1372 
      H180.2  1 0.0983 0.0983 0.1283 0.1381 0.1771 0.1791 0.1808 
      H181.7  1 0.1242 0.0780 0.1292 0.1298 0.1850 0.1771 0.1768 
 H194.6_2004  1 0.1285 0.1138 0.1556 0.1473 0.1013 0.1867 0.1668 
 H195.3_2003  1 0.1432 0.1305 0.1403 0.1368 0.1314 0.1470 0.1708 
 H195.3_2004  1 0.0866 0.1235 0.1728 0.1916 0.1258 0.1481 0.1514 
      H415.5  1 0.1273 0.0861 0.1435 0.1973 0.1221 0.1555 0.1682 
      H506.5  1 0.1197 0.0894 0.1412 0.1438 0.2243 0.1569 0.1246 
      H533.4  1 0.1087 0.0707 0.1529 0.1833 0.2265 0.1243 0.1335 
      H535.1  1 0.1076 0.1087 0.1303 0.1606 0.1371 0.1861 0.1697 
      H539.5  1 0.3341 0.4099 0.0266 0.0269 0.1207 0.0339 0.0478 
      H540.7  1 0.1951 0.2150 0.0929 0.1257 0.1384 0.1253 0.1075 
     H9558.1  1 0.2898 0.3384 0.0680 0.0441 0.1333 0.0669 0.0595 
    kos339.2  1 0.0969 0.1025 0.1723 0.2161 0.1316 0.1490 0.1316 
      H409.8 12 0.1341 0.0767 0.1375 0.1188 0.1632 0.2044 0.1652 
      H413.2 12 0.0946 0.1311 0.1226 0.1509 0.1365 0.1634 0.2010 
      H563.3 12 0.1381 0.0972 0.1381 0.1435 0.1449 0.1805 0.1578 
     H7374.6 12 0.1281 0.0920 0.1548 0.1535 0.1288 0.1722 0.1706 
     H9563.8 12 0.1331 0.1102 0.1641 0.1279 0.1653 0.1694 0.1299 
     H9572.4 12 0.1077 0.1139 0.1412 0.1523 0.1503 0.1761 0.1586 
