      H105.4  1 0.2696 0.2366 0.2579 0.2359 
      H115.3  1 0.2817 0.2301 0.2515 0.2367 
      H145.1  1 0.2578 0.2574 0.2582 0.2266 
      H149.6  1 0.2316 0.2646 0.2510 0.2528 
      H150.1  1 0.3111 0.2297 0.2347 0.2245 
   H169607.8  1 0.2554 0.2499 0.2463 0.2484 
   H169633.5  1 0.2202 0.2653 0.2579 0.2566 
   H169688.2  1 0.2199 0.2659 0.2605 0.2537 
   H171901.5  1 0.2547 0.2692 0.2504 0.2257 
   H171902.3  1 0.2321 0.2549 0.2526 0.2604 
   H171903.5  1 0.2312 0.2461 0.2723 0.2504 
      H177.6  1 0.2498 0.2634 0.2490 0.2378 
      H179.1  1 0.2348 0.2639 0.2484 0.2529 
      H180.2  1 0.2273 0.2422 0.2470 0.2835 
      H181.7  1 0.2268 0.2594 0.2431 0.2707 
 H194.6_2004  1 0.2506 0.2439 0.2443 0.2612 
 H195.3_2003  1 0.2687 0.2430 0.2572 0.2311 
 H195.3_2004  1 0.2356 0.2637 0.2522 0.2485 
      H415.5  1 0.2150 0.2732 0.2536 0.2581 
      H506.5  1 0.2124 0.2765 0.2494 0.2617 
      H533.4  1 0.2150 0.2777 0.2520 0.2553 
      H535.1  1 0.2251 0.2568 0.2419 0.2763 
      H539.5  1 0.3234 0.2100 0.2458 0.2208 
      H540.7  1 0.2680 0.2217 0.2678 0.2425 
     H9558.1  1 0.2900 0.2333 0.2464 0.2303 
    kos339.2  1 0.2175 0.2716 0.2531 0.2579 
      H409.8 12 0.2342 0.2522 0.2505 0.2631 
      H413.2 12 0.2221 0.2476 0.2491 0.2811 
      H563.3 12 0.2284 0.2463 0.2742 0.2511 
     H7374.6 12 0.2207 0.2620 0.2478 0.2695 
     H9563.8 12 0.2220 0.2549 0.2513 0.2718 
     H9572.4 12 0.2552 0.2522 0.2383 0.2543 
