      H105.1  1 0.0513 0.0150 0.4628 0.1294 0.0425 0.0852 0.2137 
      H105.2  1 0.1474 0.0133 0.0684 0.0225 0.0644 0.1335 0.5505 
      H105.3  1 0.0265 0.0130 0.2387 0.0925 0.0295 0.0465 0.5533 
      H105.4  1 0.0821 0.0154 0.1601 0.0206 0.2776 0.0560 0.3883 
      H105.5  1 0.0602 0.0115 0.5148 0.0193 0.2766 0.0277 0.0898 
      H105.6  1 0.0112 0.0082 0.2662 0.0701 0.0912 0.0300 0.5230 
      H105.7  1 0.0657 0.0099 0.1714 0.3708 0.0426 0.0323 0.3073 
      H105.8  1 0.0380 0.0175 0.1004 0.2154 0.0575 0.1740 0.3972 
      H115.1  1 0.0395 0.0183 0.0994 0.0856 0.5214 0.0677 0.1681 
      H115.2  1 0.0179 0.0241 0.0380 0.0154 0.8106 0.0545 0.0395 
      H115.3  1 0.0173 0.0103 0.0138 0.0086 0.9246 0.0128 0.0127 
      H115.4  1 0.2164 0.0188 0.0902 0.0166 0.2614 0.3319 0.0646 
      H115.5  1 0.0637 0.0664 0.0235 0.0385 0.7477 0.0182 0.0419 
      H115.6  1 0.0488 0.0166 0.0511 0.0162 0.8170 0.0195 0.0308 
      H115.7  1 0.0990 0.0081 0.0600 0.0101 0.3799 0.0397 0.4032 
      H115.8  1 0.0266 0.0872 0.0152 0.0878 0.7472 0.0177 0.0184 
      H115.9  1 0.0147 0.0073 0.0135 0.0428 0.9026 0.0089 0.0102 
      H145.1  1 0.0097 0.8885 0.0431 0.0124 0.0205 0.0105 0.0154 
      H145.2  1 0.0119 0.8684 0.0254 0.0120 0.0527 0.0120 0.0176 
      H145.3  1 0.0133 0.9406 0.0098 0.0113 0.0117 0.0068 0.0064 
      H145.4  1 0.0103 0.8963 0.0259 0.0114 0.0223 0.0151 0.0187 
      H145.5  1 0.0073 0.9502 0.0099 0.0065 0.0088 0.0083 0.0089 
      H145.6  1 0.0173 0.8987 0.0127 0.0093 0.0324 0.0099 0.0198 
      H145.7  1 0.0332 0.8904 0.0236 0.0113 0.0154 0.0155 0.0106 
      H149.1  1 0.0070 0.0143 0.9471 0.0077 0.0075 0.0079 0.0085 
      H149.2  1 0.0087 0.0070 0.9562 0.0056 0.0084 0.0066 0.0074 
      H149.3  1 0.0224 0.0221 0.8924 0.0097 0.0143 0.0153 0.0238 
      H149.4  1 0.0221 0.0372 0.8345 0.0152 0.0166 0.0449 0.0296 
      H149.5  1 0.0688 0.0298 0.7839 0.0114 0.0092 0.0689 0.0280 
      H149.6  1 0.0161 0.0139 0.9264 0.0068 0.0066 0.0122 0.0181 
      H149.7  1 0.0851 0.0210 0.5494 0.0318 0.0159 0.2309 0.0660 
      H150.1  1 0.0077 0.0170 0.0070 0.0150 0.9182 0.0137 0.0215 
      H150.2  1 0.0205 0.0476 0.0347 0.0135 0.6535 0.1204 0.1098 
      H150.3  1 0.0116 0.0189 0.0218 0.0313 0.4552 0.0386 0.4225 
      H150.4  1 0.0104 0.0219 0.0068 0.0219 0.9047 0.0085 0.0258 
      H150.5  1 0.0298 0.0102 0.0288 0.0141 0.7043 0.1142 0.0985 
      H150.6  1 0.1070 0.0273 0.0471 0.0057 0.3295 0.3652 0.1182 
      H150.7  1 0.0060 0.0162 0.0069 0.0149 0.9285 0.0084 0.0190 
   H169607.1  1 0.1018 0.0802 0.0595 0.0483 0.2216 0.4188 0.0698 
   H169607.2  1 0.0182 0.0080 0.0764 0.1180 0.5452 0.2167 0.0175 
   H169607.3  1 0.3373 0.0444 0.0273 0.0680 0.3555 0.1380 0.0294 
   H169607.4  1 0.0152 0.0140 0.1767 0.0135 0.6665 0.1021 0.0120 
   H169607.5  1 0.0201 0.0150 0.0918 0.1446 0.6012 0.1103 0.0171 
   H169607.6  1 0.0304 0.0070 0.0805 0.0713 0.5653 0.2266 0.0189 
   H169607.7  1 0.0135 0.0104 0.0235 0.0558 0.0808 0.8016 0.0146 
   H169607.8  1 0.0313 0.0089 0.1657 0.0464 0.6412 0.0945 0.0120 
   H169633.1  1 0.0480 0.2037 0.4814 0.0235 0.0533 0.0512 0.1388 
   H169633.2  1 0.0482 0.0677 0.5780 0.0637 0.0113 0.0634 0.1677 
   H169633.3  1 0.0166 0.0233 0.7791 0.0472 0.0094 0.0283 0.0960 
   H169633.4  1 0.0203 0.1654 0.7365 0.0118 0.0209 0.0172 0.0279 
   H169633.5  1 0.0228 0.2219 0.6698 0.0098 0.0306 0.0195 0.0255 
   H169688.1  1 0.4547 0.0279 0.0453 0.0188 0.0363 0.4012 0.0158 
   H169688.2  1 0.2872 0.0216 0.0152 0.0253 0.0263 0.6154 0.0091 
   H169688.3  1 0.0621 0.0240 0.0119 0.0081 0.0270 0.8486 0.0183 
   H169688.4  1 0.0495 0.0374 0.0131 0.0229 0.5024 0.3627 0.0121 
   H169688.5  1 0.0429 0.0375 0.0140 0.0204 0.5239 0.3532 0.0081 
   H169688.6  1 0.0602 0.0771 0.0163 0.0129 0.0299 0.7945 0.0090 
   H169688.7  1 0.0227 0.0527 0.0190 0.0161 0.0240 0.8520 0.0135 
   H171901.1  1 0.1294 0.0995 0.0288 0.0246 0.2348 0.0591 0.4239 
   H171901.2  1 0.0153 0.0143 0.8445 0.0148 0.0562 0.0251 0.0298 
   H171901.3  1 0.0603 0.0146 0.7270 0.0198 0.0837 0.0665 0.0281 
   H171901.4  1 0.0174 0.0092 0.8878 0.0164 0.0243 0.0293 0.0157 
   H171901.5  1 0.0154 0.0104 0.8578 0.0089 0.0210 0.0754 0.0111 
   H171901.6  1 0.0113 0.0094 0.8860 0.0115 0.0301 0.0369 0.0148 
   H171901.7  1 0.0310 0.0166 0.6232 0.0320 0.0256 0.2524 0.0193 
   H171902.1  1 0.0175 0.3294 0.2252 0.0300 0.1292 0.2559 0.0128 
  H171902.10  1 0.0115 0.0496 0.3622 0.0095 0.0239 0.5347 0.0087 
   H171902.2  1 0.1213 0.1297 0.1486 0.1447 0.1210 0.3111 0.0234 
   H171902.3  1 0.0141 0.0120 0.2834 0.0129 0.0426 0.6188 0.0163 
   H171902.4  1 0.0155 0.2651 0.5030 0.0156 0.1230 0.0641 0.0136 
   H171902.6  1 0.0120 0.0461 0.4496 0.0096 0.0431 0.4226 0.0169 
   H171902.7  1 0.0095 0.2201 0.4492 0.0105 0.0923 0.2043 0.0140 
   H171902.8  1 0.0160 0.0473 0.4100 0.0102 0.0362 0.4653 0.0150 
   H171902.9  1 0.0187 0.1812 0.1738 0.0270 0.5153 0.0591 0.0250 
   H171903.1  1 0.0220 0.0064 0.1040 0.0359 0.7800 0.0400 0.0117 
   H171903.2  1 0.0293 0.0184 0.0737 0.1749 0.6600 0.0313 0.0124 
   H171903.3  1 0.0405 0.0276 0.5156 0.1156 0.2031 0.0731 0.0245 
   H171903.4  1 0.1179 0.0248 0.0673 0.0143 0.6327 0.0955 0.0474 
   H171903.5  1 0.0794 0.0204 0.1707 0.0637 0.2441 0.4045 0.0172 
   H171903.6  1 0.0670 0.0083 0.0867 0.0260 0.4626 0.3410 0.0084 
      H177.1  1 0.0669 0.0149 0.8566 0.0132 0.0194 0.0198 0.0093 
      H177.2  1 0.0610 0.1668 0.3343 0.1575 0.0480 0.2155 0.0169 
      H177.3  1 0.0183 0.0992 0.5977 0.0231 0.0490 0.1967 0.0160 
      H177.4  1 0.0570 0.0163 0.8569 0.0159 0.0102 0.0318 0.0119 
      H177.5  1 0.7660 0.0126 0.1047 0.0348 0.0384 0.0286 0.0150 
      H177.6  1 0.0164 0.0941 0.7481 0.0191 0.0407 0.0685 0.0132 
      H179.1  1 0.0877 0.0063 0.0413 0.0305 0.0219 0.7672 0.0451 
      H179.2  1 0.0350 0.0064 0.0328 0.0503 0.0141 0.8399 0.0216 
      H179.3  1 0.1509 0.0090 0.0116 0.0988 0.0661 0.6472 0.0163 
      H179.4  1 0.0414 0.0112 0.2885 0.0624 0.0153 0.5657 0.0155 
      H180.1  1 0.2338 0.0259 0.1121 0.0106 0.4468 0.1308 0.0399 
      H180.2  1 0.1826 0.0412 0.0645 0.0079 0.5950 0.0776 0.0311 
      H180.3  1 0.0343 0.0129 0.0343 0.0249 0.8514 0.0210 0.0210 
      H180.4  1 0.1375 0.0267 0.1855 0.0361 0.1164 0.1505 0.3473 
      H180.5  1 0.1556 0.0781 0.1688 0.1038 0.2109 0.2397 0.0432 
      H180.6  1 0.0157 0.0657 0.0440 0.6194 0.1805 0.0343 0.0404 
      H181.1  1 0.4367 0.0585 0.3417 0.0113 0.0387 0.1037 0.0093 
      H181.2  1 0.2076 0.0781 0.5651 0.0172 0.0155 0.0906 0.0260 
      H181.3  1 0.5972 0.0814 0.1971 0.0124 0.0146 0.0828 0.0145 
      H181.4  1 0.4500 0.0107 0.3338 0.0225 0.0772 0.0773 0.0284 
      H181.5  1 0.7150 0.0276 0.0949 0.0249 0.0100 0.0982 0.0294 
      H181.6  1 0.1511 0.0211 0.4404 0.0426 0.0428 0.2554 0.0466 
      H181.7  1 0.1492 0.0295 0.1011 0.0340 0.0175 0.6596 0.0091 
 H194.1_2004  1 0.0239 0.0456 0.3851 0.1692 0.2540 0.0312 0.0909 
 H194.2_2004  1 0.2469 0.0783 0.4573 0.0178 0.0658 0.0239 0.1098 
 H194.3_2004  1 0.0084 0.0159 0.9030 0.0268 0.0091 0.0116 0.0250 
 H194.4_2004  1 0.0879 0.1422 0.6717 0.0263 0.0312 0.0113 0.0294 
 H194.5_2004  1 0.0089 0.0102 0.8532 0.0601 0.0167 0.0130 0.0379 
 H194.6_2004  1 0.0592 0.0195 0.8357 0.0233 0.0263 0.0140 0.0219 
 H194.7_2004  1 0.0683 0.0465 0.1408 0.5258 0.0770 0.0178 0.1238 
 H194.8_2004  1 0.1528 0.0385 0.6786 0.0242 0.0234 0.0239 0.0586 
      H194.9  1 0.0318 0.0575 0.1283 0.5388 0.0712 0.0163 0.1561 
 H195.1_2003  1 0.0287 0.0098 0.6936 0.0223 0.0661 0.0589 0.1205 
 H195.1_2004  1 0.0261 0.8532 0.0472 0.0113 0.0168 0.0237 0.0218 
 H195.2_2003  1 0.0234 0.0280 0.2287 0.1295 0.4299 0.1415 0.0190 
 H195.2_2004  1 0.0232 0.8030 0.0612 0.0480 0.0189 0.0316 0.0142 
 H195.3_2003  1 0.0359 0.0126 0.1005 0.0428 0.6681 0.0873 0.0528 
 H195.3_2004  1 0.0180 0.2823 0.5712 0.0101 0.0380 0.0141 0.0663 
 H195.4_2003  1 0.0172 0.0129 0.6058 0.0144 0.0485 0.0316 0.2697 
 H195.4_2004  1 0.0596 0.7848 0.0299 0.0643 0.0157 0.0267 0.0190 
 H195.5_2003  1 0.0401 0.0122 0.5249 0.0188 0.0981 0.0782 0.2278 
 H195.5_2004  1 0.0134 0.8622 0.0371 0.0104 0.0325 0.0120 0.0324 
 H195.6_2003  1 0.0394 0.0417 0.1964 0.0328 0.5820 0.0638 0.0440 
 H195.6_2004  1 0.0167 0.6446 0.1719 0.0286 0.0300 0.0379 0.0703 
 H195.7_2003  1 0.0864 0.0220 0.1320 0.0756 0.0213 0.6196 0.0431 
 H195.7_2004  1 0.0105 0.9389 0.0086 0.0074 0.0122 0.0109 0.0115 
      H195.8  1 0.0475 0.8629 0.0134 0.0187 0.0216 0.0156 0.0202 
      H195.9  1 0.0646 0.3837 0.2442 0.1402 0.0488 0.0692 0.0494 
      H415.1  1 0.0231 0.1495 0.4825 0.1102 0.0970 0.0311 0.1065 
      H415.2  1 0.0081 0.0363 0.8389 0.0137 0.0610 0.0257 0.0163 
      H415.3  1 0.0096 0.0123 0.8141 0.0241 0.0125 0.0517 0.0757 
      H415.4  1 0.0176 0.0293 0.7267 0.0734 0.0640 0.0102 0.0788 
      H415.5  1 0.0086 0.0133 0.9244 0.0111 0.0087 0.0114 0.0226 
      H415.6  1 0.0119 0.0242 0.7313 0.0648 0.0679 0.0088 0.0910 
      H415.7  1 0.0100 0.0252 0.7838 0.0144 0.0206 0.1253 0.0207 
      H506.1  1 0.0412 0.0992 0.5972 0.0394 0.0103 0.1928 0.0198 
      H506.2  1 0.0163 0.0391 0.7784 0.0190 0.0125 0.1147 0.0200 
      H506.3  1 0.0906 0.3610 0.1589 0.0661 0.0128 0.2845 0.0261 
      H506.4  1 0.0904 0.2307 0.2105 0.0546 0.0294 0.3644 0.0200 
      H506.5  1 0.0325 0.0568 0.7768 0.0409 0.0129 0.0658 0.0142 
      H506.6  1 0.1223 0.2315 0.0804 0.0414 0.0626 0.4446 0.0173 
      H506.7  1 0.0249 0.0568 0.7707 0.0378 0.0157 0.0746 0.0196 
      H533.1  1 0.0230 0.0395 0.0657 0.0109 0.0112 0.8387 0.0110 
      H533.2  1 0.0181 0.1213 0.1845 0.0117 0.0100 0.6445 0.0098 
      H533.3  1 0.0352 0.0194 0.0756 0.0164 0.0159 0.8265 0.0110 
      H533.4  1 0.0341 0.0575 0.1733 0.0133 0.0300 0.6775 0.0142 
      H535.1  1 0.0129 0.0076 0.9003 0.0158 0.0215 0.0288 0.0131 
      H535.2  1 0.0911 0.0143 0.6724 0.1382 0.0088 0.0629 0.0122 
      H535.3  1 0.1101 0.0307 0.5612 0.1469 0.0386 0.0916 0.0210 
      H535.4  1 0.0114 0.0073 0.9463 0.0087 0.0065 0.0090 0.0107 
      H535.5  1 0.0151 0.0074 0.9376 0.0068 0.0093 0.0154 0.0084 
      H535.6  1 0.1069 0.0191 0.6977 0.0443 0.0459 0.0550 0.0312 
      H535.7  1 0.0153 0.0137 0.9071 0.0207 0.0123 0.0222 0.0087 
      H535.8  1 0.0669 0.0126 0.8101 0.0501 0.0133 0.0350 0.0121 
      H535.9  1 0.0117 0.0177 0.8786 0.0244 0.0359 0.0193 0.0124 
      H539.1  1 0.0051 0.0083 0.0059 0.0078 0.9621 0.0051 0.0057 
      H539.2  1 0.0769 0.0202 0.0708 0.0459 0.4278 0.3300 0.0284 
      H539.3  1 0.0108 0.0218 0.0117 0.0241 0.9096 0.0122 0.0097 
      H539.4  1 0.0121 0.0295 0.0094 0.0159 0.9040 0.0183 0.0107 
      H539.5  1 0.0055 0.0119 0.0076 0.0320 0.9295 0.0066 0.0069 
      H539.6  1 0.0075 0.0073 0.0080 0.0243 0.9353 0.0076 0.0099 
      H539.7  1 0.0058 0.0074 0.0089 0.0082 0.9491 0.0120 0.0087 
      H539.8  1 0.0190 0.0428 0.0147 0.0172 0.8580 0.0195 0.0288 
      H539.9  1 0.0075 0.0154 0.0060 0.0310 0.9250 0.0082 0.0067 
      H540.1  1 0.0114 0.0167 0.0210 0.0109 0.9178 0.0135 0.0086 
      H540.2  1 0.0087 0.0058 0.0139 0.0106 0.9383 0.0089 0.0138 
      H540.3  1 0.0494 0.2341 0.0716 0.0098 0.5175 0.0322 0.0854 
      H540.4  1 0.0145 0.0065 0.0214 0.0093 0.8767 0.0545 0.0171 
      H540.5  1 0.0119 0.0342 0.0246 0.0183 0.8820 0.0188 0.0102 
      H540.6  1 0.0376 0.0263 0.0358 0.0321 0.8219 0.0279 0.0184 
      H540.7  1 0.0134 0.0068 0.0295 0.0184 0.8984 0.0202 0.0132 
      H540.8  1 0.0118 0.0097 0.1706 0.0117 0.7329 0.0459 0.0174 
     H9558.1  1 0.0073 0.0085 0.0068 0.0062 0.9551 0.0083 0.0079 
     H9558.2  1 0.0078 0.0106 0.0078 0.0144 0.9371 0.0115 0.0107 
     H9558.3  1 0.0078 0.0095 0.0095 0.0144 0.9384 0.0069 0.0134 
     H9558.4  1 0.0075 0.0083 0.0096 0.0090 0.9318 0.0268 0.0070 
     H9558.5  1 0.0117 0.0169 0.0174 0.0080 0.8869 0.0456 0.0134 
     H9558.6  1 0.0378 0.0094 0.0188 0.1171 0.7786 0.0073 0.0310 
    kos339.1  1 0.0114 0.0071 0.9162 0.0222 0.0080 0.0259 0.0091 
    kos339.2  1 0.0129 0.0253 0.8661 0.0456 0.0093 0.0173 0.0236 
    kos339.3  1 0.0085 0.0076 0.9382 0.0114 0.0112 0.0123 0.0108 
    kos339.4  1 0.0086 0.0123 0.9314 0.0129 0.0085 0.0141 0.0121 
    kos339.5  1 0.0085 0.0060 0.9425 0.0137 0.0092 0.0099 0.0103 
    kos339.6  1 0.0095 0.0291 0.9198 0.0102 0.0092 0.0080 0.0143 
    kos339.7  1 0.0081 0.0078 0.9438 0.0162 0.0064 0.0111 0.0065 
    kos339.8  1 0.0114 0.0109 0.9369 0.0105 0.0056 0.0121 0.0126 
    kos339.9  1 0.0077 0.0099 0.9215 0.0151 0.0172 0.0157 0.0129 
      H008.1  2 0.0108 0.0082 0.0095 0.9183 0.0202 0.0168 0.0163 
      H008.2  2 0.0546 0.1532 0.0419 0.2512 0.2805 0.1921 0.0265 
      H008.3  2 0.1492 0.1289 0.0331 0.1703 0.2039 0.2523 0.0623 
      H008.4  2 0.0110 0.0380 0.0167 0.8714 0.0191 0.0130 0.0309 
      H008.5  2 0.0217 0.0195 0.0132 0.8889 0.0219 0.0161 0.0187 
      H008.6  2 0.0233 0.1400 0.0451 0.6153 0.0916 0.0460 0.0387 
      H008.7  2 0.0494 0.0858 0.0352 0.6659 0.0603 0.0415 0.0619 
      H008.8  2 0.0160 0.0231 0.0275 0.2539 0.5439 0.1129 0.0227 
      H008.9  2 0.0266 0.6087 0.0397 0.0500 0.1872 0.0462 0.0416 
 H029.1_2002  2 0.0217 0.0147 0.0100 0.9117 0.0206 0.0070 0.0143 
 H029.1_2003  2 0.0447 0.0316 0.0230 0.8067 0.0290 0.0454 0.0196 
 H029.2_2002  2 0.0196 0.0461 0.0582 0.8463 0.0087 0.0144 0.0067 
 H029.2_2003  2 0.0462 0.1038 0.0613 0.7168 0.0155 0.0486 0.0078 
 H029.3_2002  2 0.1362 0.2638 0.0345 0.5074 0.0101 0.0385 0.0094 
 H029.3_2003  2 0.0155 0.0096 0.0124 0.9261 0.0061 0.0178 0.0125 
 H029.4_2002  2 0.0099 0.0200 0.0072 0.9318 0.0058 0.0136 0.0117 
 H029.4_2003  2 0.0531 0.0308 0.0163 0.8015 0.0285 0.0454 0.0244 
 H029.5_2002  2 0.0121 0.0091 0.0073 0.9450 0.0058 0.0072 0.0134 
 H029.5_2003  2 0.0116 0.0138 0.0091 0.9260 0.0129 0.0163 0.0103 
 H029.6_2002  2 0.0742 0.0629 0.0078 0.8208 0.0063 0.0158 0.0121 
 H029.6_2003  2 0.0263 0.0173 0.0701 0.7567 0.0177 0.0650 0.0468 
      H029.7  2 0.0114 0.0551 0.0173 0.8894 0.0099 0.0093 0.0076 
      H030.1  2 0.8281 0.0067 0.0391 0.0535 0.0111 0.0406 0.0208 
      H030.2  2 0.6476 0.0781 0.0185 0.0993 0.0220 0.0245 0.1099 
      H038.1  2 0.0085 0.0384 0.0075 0.9140 0.0158 0.0086 0.0073 
      H038.2  2 0.0081 0.0071 0.0132 0.9478 0.0054 0.0096 0.0089 
      H038.3  2 0.0099 0.0291 0.0164 0.9094 0.0083 0.0141 0.0128 
      H038.4  2 0.0086 0.0251 0.0118 0.9186 0.0082 0.0081 0.0196 
      H038.5  2 0.0174 0.0250 0.0090 0.8966 0.0103 0.0338 0.0080 
      H038.6  2 0.0191 0.0092 0.0077 0.9350 0.0123 0.0120 0.0048 
      H038.7  2 0.0074 0.0077 0.0084 0.9493 0.0084 0.0128 0.0060 
      H038.8  2 0.0155 0.0659 0.0113 0.8765 0.0081 0.0093 0.0134 
      H041.1  2 0.0733 0.0599 0.0213 0.6010 0.0140 0.0140 0.2165 
      H041.2  2 0.0307 0.0219 0.0385 0.5451 0.0119 0.0094 0.3426 
      H041.4  2 0.0288 0.0775 0.0180 0.7694 0.0311 0.0118 0.0634 
      H041.6  2 0.0422 0.0246 0.0209 0.7456 0.0495 0.0119 0.1052 
 H042.1_2002  2 0.5993 0.0250 0.0563 0.0229 0.1368 0.0336 0.1259 
 H042.1_2003  2 0.0351 0.1686 0.1185 0.1821 0.1233 0.0693 0.3030 
 H042.2_2002  2 0.0785 0.0474 0.0236 0.6677 0.0183 0.0810 0.0834 
 H042.2_2003  2 0.0177 0.0081 0.0806 0.3388 0.0616 0.0152 0.4780 
 H042.3_2002  2 0.3223 0.0726 0.0351 0.0255 0.0709 0.1547 0.3190 
 H042.3_2003  2 0.0857 0.1069 0.0246 0.2227 0.0906 0.1404 0.3291 
 H042.4_2002  2 0.6472 0.0269 0.0376 0.0469 0.0289 0.0235 0.1890 
 H042.4_2003  2 0.5258 0.0106 0.0584 0.2383 0.0828 0.0173 0.0669 
      H042.5  2 0.8742 0.0060 0.0220 0.0172 0.0331 0.0237 0.0239 
      H042.6  2 0.7831 0.0116 0.0175 0.0491 0.0942 0.0267 0.0178 
      H042.7  2 0.2643 0.0129 0.0321 0.0656 0.0240 0.0259 0.5751 
      H042.8  2 0.5042 0.0527 0.0149 0.0974 0.0338 0.0322 0.2647 
   H042_2002  2 0.0193 0.0242 0.0220 0.1872 0.6408 0.0212 0.0853 
   H042_2003  2 0.0174 0.0219 0.0240 0.1656 0.6852 0.0271 0.0589 
      H043.1  2 0.0219 0.1118 0.0246 0.0449 0.7211 0.0658 0.0099 
      H043.2  2 0.0101 0.1179 0.0149 0.0885 0.7339 0.0224 0.0123 
      H043.3  2 0.0088 0.0212 0.0177 0.7426 0.1718 0.0246 0.0134 
      H043.4  2 0.0095 0.0442 0.0194 0.1106 0.7980 0.0093 0.0090 
      H043.5  2 0.0109 0.2958 0.0156 0.3360 0.2815 0.0333 0.0269 
      H043.6  2 0.0116 0.1606 0.0197 0.4770 0.2865 0.0242 0.0204 
      H043.7  2 0.0083 0.0280 0.0119 0.0612 0.8653 0.0099 0.0155 
      H043.8  2 0.0262 0.0468 0.0427 0.0953 0.4715 0.2921 0.0254 
      H043.9  2 0.0222 0.0304 0.0193 0.1760 0.6989 0.0430 0.0101 
      H047.1  2 0.0071 0.0120 0.0472 0.7489 0.1471 0.0190 0.0186 
      H047.2  2 0.0381 0.0103 0.0764 0.7881 0.0221 0.0254 0.0397 
      H047.3  2 0.0355 0.0089 0.0778 0.6057 0.0204 0.0375 0.2142 
      H047.4  2 0.0124 0.0063 0.0639 0.8201 0.0179 0.0159 0.0636 
      H047.5  2 0.0184 0.0050 0.0523 0.6721 0.0595 0.0217 0.1710 
      H047.6  2 0.0260 0.0292 0.1010 0.4902 0.0387 0.0377 0.2772 
      H047.7  2 0.0106 0.0132 0.0570 0.7778 0.0784 0.0152 0.0477 
      H047.8  2 0.0213 0.0186 0.1126 0.4451 0.1091 0.0655 0.2279 
      H047.9  2 0.0109 0.0063 0.1573 0.7025 0.0532 0.0181 0.0517 
 H071.1_2002  2 0.0085 0.0069 0.0132 0.9389 0.0170 0.0076 0.0080 
 H071.1_2003  2 0.0219 0.0131 0.0270 0.8173 0.0979 0.0097 0.0131 
     H071.10  2 0.0275 0.0117 0.0074 0.9262 0.0064 0.0122 0.0086 
 H071.2_2002  2 0.0090 0.0124 0.0101 0.9360 0.0134 0.0118 0.0074 
 H071.2_2003  2 0.0069 0.0048 0.0068 0.9642 0.0068 0.0046 0.0059 
      H071.3  2 0.0113 0.0157 0.0081 0.9259 0.0080 0.0117 0.0194 
 H071.4_2002  2 0.0135 0.0156 0.0113 0.9218 0.0104 0.0181 0.0093 
 H071.4_2003  2 0.0073 0.0046 0.0059 0.9587 0.0068 0.0100 0.0066 
 H071.5_2002  2 0.0117 0.0061 0.0058 0.9497 0.0111 0.0087 0.0069 
 H071.5_2003  2 0.0091 0.0070 0.0101 0.9367 0.0131 0.0150 0.0092 
 H071.6_2002  2 0.0118 0.0074 0.0071 0.9417 0.0081 0.0177 0.0061 
 H071.6_2003  2 0.0108 0.0048 0.0090 0.9517 0.0075 0.0101 0.0061 
 H071.7_2002  2 0.0049 0.0049 0.0057 0.9647 0.0078 0.0058 0.0062 
 H071.7_2003  2 0.0149 0.0085 0.0143 0.9222 0.0156 0.0135 0.0110 
      H071.8  2 0.0101 0.0108 0.0078 0.9446 0.0099 0.0102 0.0067 
      H071.9  2 0.0296 0.0191 0.0096 0.8674 0.0178 0.0357 0.0209 
 H081.1_2002  2 0.0098 0.0073 0.0077 0.9511 0.0103 0.0053 0.0085 
 H081.1_2003  2 0.1393 0.4557 0.0860 0.1411 0.1068 0.0350 0.0362 
 H081.2_2002  2 0.0086 0.0071 0.0084 0.9432 0.0195 0.0058 0.0075 
 H081.2_2003  2 0.7355 0.0196 0.0127 0.0348 0.1480 0.0335 0.0160 
 H081.3_2002  2 0.0131 0.0119 0.0117 0.9332 0.0133 0.0072 0.0097 
 H081.3_2003  2 0.1799 0.0451 0.0454 0.0408 0.5439 0.1214 0.0234 
 H081.4_2002  2 0.0098 0.0064 0.0096 0.9483 0.0094 0.0092 0.0071 
 H081.4_2003  2 0.3806 0.0576 0.0938 0.0635 0.2773 0.0848 0.0424 
 H081.5_2002  2 0.0107 0.0065 0.0082 0.9492 0.0086 0.0078 0.0090 
 H081.5_2003  2 0.1459 0.0712 0.1260 0.2386 0.3127 0.0335 0.0721 
      H081.6  2 0.0081 0.0080 0.0091 0.9503 0.0112 0.0066 0.0067 
      H081.7  2 0.0122 0.0078 0.0083 0.9394 0.0127 0.0099 0.0098 
      H081.8  2 0.0395 0.0330 0.0164 0.8582 0.0143 0.0217 0.0170 
      H083.1  2 0.0352 0.0103 0.0145 0.9125 0.0068 0.0124 0.0083 
      H083.2  2 0.0158 0.0089 0.0139 0.9230 0.0175 0.0123 0.0086 
      H083.4  2 0.0294 0.0252 0.0062 0.8953 0.0126 0.0199 0.0115 
      H083.5  2 0.0241 0.0206 0.0109 0.9155 0.0103 0.0088 0.0098 
      H083.6  2 0.0398 0.0220 0.0153 0.8766 0.0077 0.0288 0.0099 
      H083.7  2 0.0308 0.0231 0.0101 0.8830 0.0131 0.0234 0.0165 
      H083.8  2 0.0131 0.0077 0.0147 0.9261 0.0162 0.0112 0.0110 
      H083.9  2 0.0282 0.0112 0.0093 0.9251 0.0094 0.0082 0.0087 
      H084.1  2 0.7622 0.0882 0.0197 0.0188 0.0142 0.0388 0.0581 
      H084.2  2 0.8448 0.0452 0.0170 0.0211 0.0097 0.0531 0.0092 
      H084.3  2 0.1585 0.4010 0.1161 0.0131 0.0166 0.0275 0.2673 
      H084.4  2 0.1427 0.4522 0.0879 0.0410 0.0134 0.0617 0.2011 
      H084.5  2 0.3264 0.0924 0.0630 0.0218 0.0151 0.0249 0.4565 
      H084.6  2 0.2015 0.3986 0.0656 0.0128 0.0212 0.0186 0.2817 
      H084.7  2 0.8034 0.0291 0.0171 0.0211 0.0116 0.0899 0.0278 
      H084.8  2 0.3333 0.2169 0.0408 0.0144 0.0103 0.0214 0.3630 
 H085.1_2002  2 0.2012 0.0574 0.0205 0.4685 0.2298 0.0118 0.0108 
 H085.1_2003  2 0.1228 0.0261 0.0088 0.7646 0.0152 0.0275 0.0349 
 H085.2_2002  2 0.2971 0.4770 0.0286 0.0750 0.0812 0.0231 0.0181 
 H085.2_2003  2 0.0952 0.0173 0.0196 0.8122 0.0120 0.0262 0.0174 
 H085.3_2002  2 0.1213 0.0263 0.0559 0.2543 0.4342 0.0203 0.0876 
 H085.3_2003  2 0.0151 0.0067 0.0078 0.9207 0.0152 0.0175 0.0171 
 H085.4_2002  2 0.1247 0.1416 0.0172 0.3926 0.2800 0.0202 0.0237 
 H085.4_2003  2 0.0409 0.0099 0.0198 0.8635 0.0142 0.0087 0.0430 
 H085.5_2002  2 0.0264 0.0141 0.0155 0.3714 0.5147 0.0126 0.0453 
 H085.5_2003  2 0.1035 0.0087 0.0097 0.8355 0.0123 0.0217 0.0086 
 H085.6_2002  2 0.2010 0.0591 0.0488 0.3192 0.3297 0.0230 0.0193 
 H085.6_2003  2 0.0204 0.0126 0.0496 0.5592 0.0639 0.0259 0.2684 
 H085.7_2002  2 0.2880 0.0561 0.0568 0.2656 0.2875 0.0224 0.0235 
 H085.7_2003  2 0.0133 0.0105 0.0104 0.9162 0.0119 0.0143 0.0233 
 H085.8_2002  2 0.0557 0.1135 0.0307 0.2633 0.3803 0.0421 0.1145 
 H085.8_2003  2 0.4225 0.0173 0.0334 0.4068 0.0302 0.0181 0.0718 
      H085.9  2 0.0770 0.0988 0.0260 0.4498 0.3024 0.0097 0.0363 
      H088.1  2 0.8285 0.0144 0.0304 0.0197 0.0245 0.0561 0.0264 
      H088.2  2 0.8335 0.0114 0.0576 0.0209 0.0210 0.0268 0.0287 
      H088.3  2 0.9005 0.0077 0.0274 0.0120 0.0182 0.0190 0.0153 
      H088.4  2 0.8257 0.0081 0.0181 0.0468 0.0181 0.0352 0.0480 
      H088.5  2 0.9070 0.0077 0.0167 0.0130 0.0178 0.0152 0.0227 
      H088.6  2 0.8005 0.0106 0.0340 0.0437 0.0133 0.0479 0.0502 
      H088.7  2 0.3586 0.0150 0.0508 0.4230 0.0176 0.0332 0.1017 
      H088.8  2 0.3248 0.0172 0.0309 0.3855 0.0185 0.0654 0.1576 
      H091.1  2 0.8455 0.0084 0.0281 0.0419 0.0147 0.0247 0.0366 
      H091.2  2 0.7282 0.0074 0.0342 0.0976 0.0142 0.0280 0.0903 
      H109.1  2 0.1248 0.0488 0.0191 0.0487 0.0994 0.5717 0.0874 
      H109.2  2 0.2619 0.0308 0.0320 0.1852 0.0899 0.2981 0.1023 
      H109.3  2 0.0363 0.0303 0.1921 0.2135 0.0286 0.4113 0.0880 
      H109.4  2 0.0300 0.0435 0.0152 0.0456 0.0698 0.6896 0.1063 
      H109.5  2 0.0463 0.0080 0.1115 0.5390 0.0177 0.0726 0.2049 
      H109.6  2 0.0885 0.0497 0.0914 0.0923 0.1543 0.4136 0.1103 
      H126.1  2 0.0150 0.0129 0.0341 0.0257 0.7986 0.0735 0.0402 
      H126.2  2 0.0133 0.0425 0.0119 0.6709 0.2012 0.0441 0.0162 
      H126.3  2 0.0098 0.0199 0.0200 0.8380 0.0416 0.0427 0.0279 
      H126.4  2 0.0207 0.0340 0.0232 0.0560 0.7287 0.1143 0.0230 
      H126.5  2 0.0097 0.0093 0.0575 0.2755 0.5894 0.0369 0.0218 
      H126.6  2 0.0107 0.0068 0.0237 0.9075 0.0357 0.0078 0.0079 
      H126.7  2 0.0154 0.0050 0.0099 0.9303 0.0190 0.0132 0.0071 
      H130.1  2 0.1035 0.0133 0.0751 0.0138 0.6318 0.1312 0.0313 
      H130.2  2 0.7566 0.0162 0.0262 0.0502 0.0319 0.0976 0.0214 
      H130.3  2 0.1629 0.0074 0.1150 0.0636 0.0233 0.6164 0.0113 
      H130.4  2 0.1570 0.0462 0.0886 0.0155 0.4119 0.2586 0.0223 
      H130.5  2 0.6860 0.0129 0.0409 0.0820 0.1131 0.0349 0.0303 
      H133.1  2 0.1645 0.2110 0.0810 0.1640 0.0714 0.2438 0.0643 
      H133.2  2 0.0819 0.0135 0.2232 0.0443 0.4942 0.1146 0.0281 
      H133.3  2 0.0765 0.1909 0.1486 0.3948 0.0250 0.0994 0.0649 
      H133.4  2 0.0447 0.0852 0.3256 0.0569 0.1368 0.2719 0.0788 
      H133.5  2 0.0985 0.0467 0.0613 0.0227 0.1049 0.6560 0.0099 
      H133.6  2 0.2704 0.0170 0.0475 0.0457 0.4172 0.1848 0.0173 
      H133.7  2 0.0136 0.0889 0.1954 0.1377 0.0344 0.0326 0.4974 
      H133.8  2 0.0716 0.2857 0.0511 0.0905 0.1573 0.2251 0.1187 
      H133.9  2 0.2099 0.1904 0.0734 0.1023 0.0518 0.3247 0.0476 
      H147.1  2 0.1211 0.0525 0.0172 0.5096 0.0280 0.0090 0.2625 
      H147.2  2 0.0145 0.0074 0.0069 0.9420 0.0119 0.0057 0.0115 
      H147.3  2 0.0126 0.0106 0.0092 0.9293 0.0184 0.0069 0.0130 
      H147.4  2 0.0189 0.1013 0.0124 0.8380 0.0096 0.0064 0.0134 
      H147.5  2 0.3345 0.0090 0.0134 0.5689 0.0330 0.0176 0.0236 
      H147.6  2 0.3587 0.0166 0.0184 0.5001 0.0257 0.0373 0.0431 
      H147.7  2 0.0224 0.0460 0.0158 0.8655 0.0093 0.0081 0.0328 
      H147.8  2 0.1879 0.0251 0.0077 0.7315 0.0061 0.0113 0.0303 
      H147.9  2 0.0097 0.0070 0.0090 0.9400 0.0170 0.0071 0.0101 
      H148.1  2 0.1605 0.1065 0.0382 0.0311 0.1963 0.1085 0.3591 
      H148.2  2 0.0399 0.1168 0.0252 0.0358 0.0872 0.0464 0.6487 
      H148.3  2 0.0167 0.1364 0.1000 0.0414 0.0223 0.0099 0.6732 
      H148.4  2 0.0270 0.1104 0.0861 0.0417 0.0852 0.0441 0.6054 
      H148.5  2 0.0290 0.0648 0.0358 0.0124 0.0215 0.0176 0.8189 
      H148.6  2 0.0710 0.2502 0.0296 0.0262 0.0410 0.0194 0.5625 
      H148.7  2 0.0211 0.0410 0.0167 0.0124 0.0164 0.0787 0.8137 
      H148.8  2 0.0118 0.0644 0.0257 0.0098 0.0364 0.0122 0.8398 
      H148.9  2 0.0313 0.2561 0.0302 0.0144 0.1408 0.0662 0.4609 
   H166022.1  2 0.9323 0.0124 0.0089 0.0146 0.0100 0.0070 0.0148 
   H166022.2  2 0.7999 0.0161 0.0521 0.0598 0.0130 0.0198 0.0394 
   H166022.3  2 0.9427 0.0069 0.0074 0.0064 0.0084 0.0181 0.0103 
   H166022.4  2 0.9360 0.0072 0.0130 0.0075 0.0065 0.0207 0.0091 
   H166022.5  2 0.9351 0.0078 0.0145 0.0105 0.0084 0.0141 0.0097 
   H166022.6  2 0.9241 0.0138 0.0110 0.0093 0.0148 0.0106 0.0165 
   H166022.7  2 0.0071 0.0266 0.0083 0.0113 0.0113 0.9290 0.0063 
   H166022.8  2 0.8374 0.0129 0.0609 0.0167 0.0318 0.0141 0.0262 
   H167397.1  2 0.0311 0.7268 0.0345 0.0723 0.0222 0.0156 0.0974 
   H167397.2  2 0.0176 0.8741 0.0323 0.0172 0.0216 0.0104 0.0269 
   H167397.3  2 0.0159 0.8396 0.0462 0.0360 0.0102 0.0085 0.0436 
   H167397.4  2 0.0137 0.9097 0.0098 0.0153 0.0075 0.0099 0.0342 
   H167397.5  2 0.0409 0.8187 0.0252 0.0316 0.0192 0.0310 0.0334 
   H167397.6  2 0.0188 0.7289 0.0269 0.0515 0.0159 0.0125 0.1455 
   H167496.1  2 0.2460 0.0140 0.4611 0.0234 0.0198 0.1325 0.1032 
   H167496.2  2 0.0383 0.0222 0.1618 0.4367 0.0372 0.0963 0.2074 
   H167496.3  2 0.3688 0.0445 0.1376 0.0912 0.2016 0.0485 0.1077 
   H167496.4  2 0.9156 0.0089 0.0113 0.0255 0.0105 0.0165 0.0117 
   H167496.6  2 0.8034 0.0084 0.0269 0.0808 0.0254 0.0392 0.0159 
   H167496.7  2 0.0686 0.0103 0.4031 0.0314 0.0613 0.0976 0.3276 
   H167496.8  2 0.7480 0.0108 0.0314 0.1340 0.0179 0.0261 0.0319 
   H167513.1  2 0.1081 0.0541 0.1358 0.0522 0.1230 0.2686 0.2582 
   H167513.2  2 0.0380 0.0910 0.0685 0.0442 0.2779 0.0595 0.4209 
   H167513.3  2 0.2633 0.0356 0.0677 0.0169 0.0514 0.5155 0.0496 
   H167513.4  2 0.5469 0.0131 0.0380 0.0186 0.0340 0.0705 0.2788 
   H167513.5  2 0.0510 0.1198 0.0559 0.0567 0.2895 0.0608 0.3663 
   H167513.6  2 0.1407 0.0506 0.4317 0.0467 0.1633 0.0494 0.1176 
   H167513.7  2 0.5286 0.0722 0.0331 0.0582 0.0804 0.1924 0.0352 
   H167513.8  2 0.0576 0.1108 0.0981 0.0290 0.0885 0.5833 0.0328 
   H167547.1  2 0.0207 0.0190 0.0543 0.0076 0.0270 0.0155 0.8559 
   H167547.2  2 0.0206 0.0200 0.0184 0.0111 0.0148 0.0092 0.9061 
   H167547.3  2 0.0213 0.0214 0.0186 0.0100 0.0116 0.0085 0.9085 
   H167547.4  2 0.2670 0.1552 0.0378 0.0109 0.1426 0.0445 0.3420 
   H167547.5  2 0.0400 0.0124 0.0100 0.0114 0.0184 0.0101 0.8977 
   H167547.6  2 0.0301 0.0127 0.0102 0.0105 0.0139 0.0104 0.9122 
   H167547.7  2 0.0396 0.0370 0.4483 0.0303 0.2493 0.0676 0.1279 
   H169750.1  2 0.1709 0.0214 0.1336 0.0322 0.0630 0.5379 0.0409 
   H169750.2  2 0.0488 0.0531 0.1045 0.3397 0.1061 0.1286 0.2192 
   H169750.3  2 0.1329 0.0065 0.1253 0.1151 0.0940 0.4837 0.0426 
   H169750.4  2 0.0351 0.0948 0.5171 0.0637 0.0486 0.1599 0.0809 
   H169750.5  2 0.1585 0.0256 0.0864 0.1412 0.0435 0.5029 0.0419 
   H169750.6  2 0.0779 0.0153 0.0108 0.6077 0.0718 0.1892 0.0274 
   H169750.7  2 0.0306 0.0350 0.2487 0.1413 0.1105 0.3681 0.0656 
   H171929.1  2 0.0157 0.5450 0.0589 0.0391 0.0980 0.0188 0.2245 
  H171929.10  2 0.2225 0.0908 0.1371 0.1497 0.0716 0.0182 0.3101 
  H171929.11  2 0.0345 0.2885 0.1287 0.0387 0.2451 0.0326 0.2318 
   H171929.2  2 0.0388 0.0215 0.0624 0.0224 0.1704 0.1171 0.5674 
   H171929.3  2 0.0397 0.1124 0.0406 0.0339 0.0830 0.0321 0.6582 
   H171929.4  2 0.2883 0.0129 0.1279 0.0569 0.2232 0.0795 0.2112 
   H171929.5  2 0.0510 0.0416 0.0942 0.0216 0.0755 0.0797 0.6365 
   H171929.6  2 0.0406 0.1050 0.1019 0.0281 0.1860 0.1029 0.4354 
   H171929.7  2 0.0330 0.0446 0.0632 0.0642 0.5443 0.0609 0.1898 
   H171929.8  2 0.0519 0.0283 0.1218 0.0312 0.6417 0.0187 0.1065 
   H171929.9  2 0.2642 0.0089 0.0577 0.0989 0.4892 0.0283 0.0528 
   H171930.1  2 0.0476 0.0491 0.0382 0.0298 0.0203 0.7384 0.0766 
   H171930.2  2 0.4626 0.0183 0.0173 0.0402 0.0536 0.2967 0.1114 
   H171930.3  2 0.1051 0.0329 0.0278 0.0255 0.0144 0.7422 0.0521 
   H171930.4  2 0.2419 0.0212 0.0211 0.0153 0.0071 0.5869 0.1065 
   H171930.5  2 0.1330 0.0339 0.0339 0.0598 0.1454 0.5317 0.0623 
   H171930.6  2 0.2295 0.0171 0.0685 0.1073 0.0186 0.4557 0.1032 
   H171930.7  2 0.1240 0.0576 0.0658 0.0325 0.0315 0.6095 0.0791 
   H171930.8  2 0.1862 0.0299 0.1806 0.0487 0.0340 0.4025 0.1181 
   H171933.1  2 0.8607 0.0665 0.0092 0.0088 0.0085 0.0209 0.0253 
   H171933.2  2 0.8451 0.0478 0.0160 0.0223 0.0226 0.0123 0.0339 
   H171933.3  2 0.8701 0.0149 0.0146 0.0072 0.0356 0.0139 0.0437 
   H171933.4  2 0.8944 0.0054 0.0376 0.0098 0.0227 0.0102 0.0199 
   H171933.5  2 0.4301 0.0158 0.2191 0.0086 0.1502 0.0657 0.1106 
   H171933.6  2 0.8947 0.0077 0.0089 0.0441 0.0104 0.0219 0.0124 
   H171933.7  2 0.7998 0.0463 0.0148 0.0138 0.0589 0.0211 0.0453 
   H171933.8  2 0.7350 0.0544 0.0512 0.0151 0.0571 0.0207 0.0664 
   H171933.9  2 0.9392 0.0070 0.0097 0.0068 0.0116 0.0144 0.0112 
      H190.1  2 0.2357 0.0066 0.0781 0.0389 0.0264 0.5025 0.1118 
      H190.2  2 0.0128 0.0067 0.0263 0.0423 0.0358 0.0158 0.8602 
      H190.3  2 0.0511 0.0128 0.0362 0.0340 0.2108 0.0337 0.6214 
      H190.4  2 0.7996 0.0102 0.0294 0.0103 0.0318 0.0820 0.0366 
      H190.5  2 0.0261 0.0070 0.0455 0.1400 0.0311 0.0399 0.7104 
      H190.6  2 0.7181 0.0078 0.0289 0.0150 0.0437 0.1087 0.0778 
      H190.7  2 0.0613 0.0121 0.1444 0.0228 0.5437 0.0320 0.1838 
      H190.8  2 0.0506 0.0080 0.1524 0.1414 0.0980 0.1075 0.4420 
      H190.9  2 0.0308 0.0082 0.1180 0.0316 0.0872 0.0255 0.6987 
      H400.1  2 0.9453 0.0081 0.0079 0.0083 0.0129 0.0098 0.0077 
      H400.2  2 0.9227 0.0100 0.0056 0.0290 0.0094 0.0114 0.0119 
      H400.3  2 0.8922 0.0126 0.0184 0.0143 0.0234 0.0214 0.0178 
      H400.4  2 0.9147 0.0046 0.0081 0.0290 0.0085 0.0152 0.0198 
      H400.5  2 0.9134 0.0145 0.0160 0.0119 0.0140 0.0168 0.0134 
      H400.6  2 0.9370 0.0057 0.0099 0.0150 0.0147 0.0084 0.0093 
      H400.7  2 0.9459 0.0063 0.0101 0.0069 0.0097 0.0072 0.0138 
 H428.1_2005  2 0.8968 0.0160 0.0099 0.0133 0.0113 0.0346 0.0183 
 H428.1_2006  2 0.8548 0.0298 0.0261 0.0532 0.0097 0.0148 0.0115 
 H428.2_2005  2 0.9206 0.0159 0.0103 0.0071 0.0090 0.0133 0.0238 
 H428.2_2006  2 0.8838 0.0148 0.0096 0.0607 0.0100 0.0119 0.0093 
 H428.3_2005  2 0.9360 0.0081 0.0131 0.0109 0.0060 0.0183 0.0076 
 H428.3_2006  2 0.8331 0.0487 0.0180 0.0526 0.0173 0.0169 0.0133 
 H428.4_2005  2 0.9193 0.0185 0.0146 0.0084 0.0051 0.0244 0.0096 
 H428.4_2006  2 0.9185 0.0252 0.0090 0.0214 0.0095 0.0089 0.0075 
 H428.5_2005  2 0.8947 0.0548 0.0056 0.0178 0.0085 0.0074 0.0112 
 H428.6_2005  2 0.8820 0.0160 0.0291 0.0193 0.0123 0.0308 0.0104 
 H428.6_2006  2 0.8791 0.0444 0.0120 0.0245 0.0082 0.0232 0.0085 
      H428.7  2 0.9483 0.0070 0.0043 0.0125 0.0110 0.0118 0.0051 
      H428.8  2 0.9091 0.0217 0.0067 0.0233 0.0106 0.0190 0.0096 
      H428.9  2 0.9251 0.0266 0.0060 0.0117 0.0100 0.0108 0.0098 
      H453.1  2 0.8833 0.0076 0.0111 0.0495 0.0102 0.0260 0.0123 
      H453.2  2 0.9132 0.0067 0.0139 0.0129 0.0142 0.0273 0.0119 
      H453.3  2 0.9334 0.0050 0.0128 0.0113 0.0173 0.0100 0.0102 
      H453.4  2 0.9297 0.0049 0.0106 0.0153 0.0110 0.0193 0.0092 
      H453.5  2 0.9281 0.0062 0.0118 0.0257 0.0078 0.0131 0.0073 
      H453.6  2 0.9404 0.0077 0.0066 0.0231 0.0057 0.0096 0.0068 
      H453.7  2 0.2617 0.0076 0.0766 0.4674 0.1178 0.0284 0.0405 
      H453.8  2 0.6042 0.0102 0.0437 0.2072 0.0663 0.0240 0.0445 
      H453.9  2 0.4834 0.0099 0.0132 0.4137 0.0378 0.0318 0.0102 
      H512.1  2 0.8965 0.0054 0.0113 0.0142 0.0137 0.0443 0.0146 
     H512.10  2 0.4612 0.1979 0.0483 0.0637 0.0157 0.1725 0.0406 
      H512.2  2 0.4074 0.0410 0.0406 0.0251 0.0348 0.3033 0.1479 
      H512.3  2 0.0701 0.0678 0.0306 0.0154 0.0109 0.7803 0.0248 
      H512.4  2 0.6397 0.0557 0.0459 0.0895 0.0264 0.0446 0.0982 
      H512.5  2 0.0255 0.0374 0.0948 0.0129 0.0080 0.8060 0.0155 
      H512.6  2 0.1121 0.0154 0.1978 0.0136 0.0274 0.5926 0.0411 
      H512.7  2 0.0306 0.0102 0.0243 0.0196 0.0075 0.8872 0.0205 
      H512.8  2 0.1561 0.0173 0.0301 0.0228 0.0179 0.3065 0.4493 
      H512.9  2 0.1070 0.0190 0.0444 0.0194 0.0150 0.7721 0.0231 
      H513.1  2 0.9320 0.0194 0.0060 0.0172 0.0083 0.0076 0.0097 
      H513.2  2 0.9310 0.0170 0.0060 0.0127 0.0088 0.0074 0.0171 
      H513.3  2 0.9464 0.0063 0.0062 0.0097 0.0090 0.0126 0.0098 
      H513.4  2 0.9080 0.0061 0.0108 0.0243 0.0113 0.0204 0.0190 
      H513.5  2 0.9279 0.0183 0.0072 0.0144 0.0086 0.0158 0.0077 
      H513.6  2 0.2427 0.6068 0.0100 0.0235 0.0501 0.0365 0.0303 
      H532.1  2 0.6646 0.0155 0.0475 0.1479 0.0178 0.0803 0.0264 
      H532.2  2 0.8881 0.0160 0.0148 0.0282 0.0167 0.0125 0.0238 
      H532.3  2 0.8421 0.0079 0.0458 0.0403 0.0239 0.0192 0.0208 
      H532.4  2 0.3378 0.0256 0.0555 0.5046 0.0472 0.0156 0.0138 
      H532.5  2 0.8262 0.0138 0.0149 0.0441 0.0215 0.0608 0.0185 
      H532.6  2 0.6928 0.0136 0.0494 0.1923 0.0239 0.0170 0.0110 
      H532.7  2 0.7002 0.0129 0.0143 0.2306 0.0096 0.0208 0.0116 
      H532.8  2 0.5253 0.0197 0.0386 0.2577 0.0207 0.0950 0.0431 
      H543.1  2 0.0121 0.9532 0.0073 0.0062 0.0061 0.0060 0.0091 
      H543.2  2 0.0577 0.8678 0.0106 0.0101 0.0107 0.0170 0.0261 
      H543.3  2 0.0138 0.9462 0.0074 0.0086 0.0070 0.0075 0.0096 
      H543.4  2 0.0076 0.9574 0.0086 0.0054 0.0068 0.0054 0.0088 
      H543.5  2 0.0076 0.9585 0.0058 0.0056 0.0074 0.0055 0.0095 
      H543.6  2 0.0208 0.9323 0.0087 0.0076 0.0135 0.0084 0.0086 
      H543.7  2 0.0058 0.9664 0.0049 0.0048 0.0072 0.0045 0.0064 
      H543.8  2 0.0243 0.9049 0.0068 0.0202 0.0154 0.0139 0.0144 
      H543.9  2 0.0144 0.9331 0.0074 0.0085 0.0088 0.0123 0.0154 
 H545.1_2005  2 0.0038 0.9717 0.0044 0.0047 0.0060 0.0052 0.0043 
 H545.1_2006  2 0.0066 0.9543 0.0075 0.0079 0.0078 0.0072 0.0087 
 H545.2_2005  2 0.0086 0.9413 0.0057 0.0071 0.0105 0.0178 0.0089 
 H545.2_2006  2 0.0070 0.9653 0.0049 0.0059 0.0059 0.0065 0.0045 
 H545.3_2005  2 0.0084 0.9440 0.0102 0.0071 0.0091 0.0128 0.0085 
 H545.3_2006  2 0.0070 0.9563 0.0046 0.0084 0.0093 0.0094 0.0049 
 H545.4_2005  2 0.0048 0.9533 0.0075 0.0064 0.0094 0.0079 0.0107 
 H545.4_2006  2 0.0061 0.9557 0.0065 0.0060 0.0075 0.0089 0.0093 
 H545.5_2005  2 0.0096 0.9463 0.0063 0.0108 0.0110 0.0103 0.0057 
 H545.5_2006  2 0.0075 0.9513 0.0073 0.0062 0.0084 0.0128 0.0065 
 H545.6_2005  2 0.0056 0.9677 0.0043 0.0045 0.0061 0.0074 0.0044 
 H545.6_2006  2 0.0058 0.9625 0.0056 0.0057 0.0062 0.0075 0.0067 
 H545.7_2005  2 0.0070 0.9597 0.0043 0.0065 0.0078 0.0104 0.0042 
 H545.7_2006  2 0.0089 0.9475 0.0058 0.0096 0.0085 0.0123 0.0073 
 H545.8_2005  2 0.0096 0.9451 0.0067 0.0095 0.0118 0.0099 0.0075 
 H545.8_2006  2 0.0072 0.9631 0.0063 0.0063 0.0061 0.0062 0.0048 
      H545.9  2 0.0070 0.9562 0.0066 0.0064 0.0095 0.0077 0.0066 
      H547.1  2 0.7953 0.0153 0.0211 0.0104 0.0427 0.0187 0.0965 
      H547.2  2 0.3827 0.0087 0.0166 0.0198 0.0175 0.0072 0.5475 
      H547.3  2 0.6381 0.0162 0.1290 0.0085 0.0890 0.0373 0.0819 
      H547.4  2 0.3559 0.0098 0.0586 0.0432 0.0620 0.0235 0.4470 
      H547.5  2 0.4185 0.0073 0.0115 0.0060 0.0149 0.0098 0.5319 
      H547.6  2 0.7802 0.0390 0.0143 0.0096 0.0215 0.0089 0.1265 
      H547.7  2 0.6277 0.0312 0.0351 0.0113 0.0741 0.0257 0.1950 
      H547.8  2 0.7707 0.0180 0.0198 0.0072 0.0333 0.0151 0.1360 
      H548.1  2 0.0062 0.9534 0.0062 0.0060 0.0100 0.0091 0.0091 
      H548.2  2 0.0070 0.9495 0.0109 0.0078 0.0062 0.0110 0.0076 
      H548.3  2 0.0083 0.9550 0.0056 0.0077 0.0086 0.0079 0.0069 
      H548.4  2 0.0135 0.7804 0.0272 0.0473 0.0570 0.0539 0.0206 
      H548.5  2 0.0069 0.9527 0.0069 0.0084 0.0091 0.0071 0.0088 
      H548.6  2 0.0065 0.9408 0.0105 0.0066 0.0135 0.0151 0.0070 
      H548.7  2 0.0067 0.9558 0.0060 0.0068 0.0084 0.0085 0.0078 
      H548.8  2 0.0084 0.9462 0.0083 0.0118 0.0073 0.0090 0.0090 
      H548.9  2 0.0108 0.9330 0.0115 0.0095 0.0132 0.0107 0.0113 
     H7389.1  2 0.9221 0.0166 0.0068 0.0121 0.0114 0.0134 0.0175 
     H7389.2  2 0.7978 0.1358 0.0080 0.0118 0.0067 0.0085 0.0314 
     H7389.3  2 0.9028 0.0288 0.0061 0.0121 0.0079 0.0204 0.0219 
     H7389.4  2 0.8635 0.0661 0.0087 0.0203 0.0167 0.0172 0.0075 
     H7389.5  2 0.8296 0.0331 0.0082 0.0229 0.0309 0.0680 0.0074 
     H7389.6  2 0.6370 0.0093 0.0188 0.0367 0.0072 0.2786 0.0124 
     H7389.7  2 0.8439 0.0408 0.0094 0.0207 0.0105 0.0480 0.0267 
     H7389.8  2 0.5287 0.3186 0.0111 0.0234 0.0397 0.0637 0.0149 
     H7389.9  2 0.8760 0.0489 0.0094 0.0203 0.0094 0.0268 0.0091 
      H747.1  2 0.0710 0.0288 0.0968 0.0343 0.0275 0.5883 0.1533 
      H747.2  2 0.0194 0.0154 0.1040 0.0135 0.0326 0.7602 0.0549 
      H747.3  2 0.0747 0.0183 0.1726 0.0197 0.0380 0.6235 0.0533 
      H747.4  2 0.0225 0.0085 0.0672 0.0277 0.0232 0.7266 0.1243 
      H747.5  2 0.0213 0.0085 0.0620 0.0137 0.0207 0.8404 0.0334 
      H747.6  2 0.0677 0.0440 0.0192 0.0104 0.0353 0.6803 0.1432 
      H747.7  2 0.0470 0.0228 0.0490 0.0119 0.0589 0.7707 0.0398 
     H7484.1  2 0.0476 0.0108 0.0191 0.8164 0.0493 0.0332 0.0237 
     H7484.2  2 0.0348 0.0090 0.0193 0.4861 0.3517 0.0298 0.0693 
     H7484.3  2 0.0206 0.0129 0.0183 0.7110 0.1495 0.0446 0.0431 
     H7484.4  2 0.1175 0.0079 0.0354 0.5571 0.2049 0.0330 0.0442 
     H7484.5  2 0.0311 0.0100 0.0088 0.7247 0.0621 0.1195 0.0438 
     H7484.6  2 0.0151 0.0135 0.0505 0.0759 0.0436 0.7579 0.0436 
     H7484.7  2 0.0231 0.0101 0.0459 0.4796 0.2409 0.1828 0.0177 
     H7484.8  2 0.1746 0.0083 0.0166 0.4728 0.0418 0.2574 0.0286 
     H7485.1  2 0.0074 0.9547 0.0089 0.0072 0.0078 0.0057 0.0081 
     H7485.2  2 0.0122 0.9495 0.0067 0.0072 0.0091 0.0101 0.0052 
     H7485.3  2 0.0051 0.9590 0.0070 0.0065 0.0069 0.0073 0.0082 
     H7485.4  2 0.0095 0.9403 0.0078 0.0072 0.0197 0.0093 0.0061 
     H7485.5  2 0.0097 0.9449 0.0082 0.0106 0.0110 0.0063 0.0094 
     H7485.6  2 0.0084 0.9481 0.0059 0.0110 0.0097 0.0081 0.0088 
     H7485.7  2 0.0068 0.9412 0.0101 0.0122 0.0119 0.0072 0.0107 
     H7496.1  2 0.8292 0.0075 0.0190 0.0664 0.0130 0.0297 0.0352 
    H7496.10  2 0.9148 0.0095 0.0089 0.0305 0.0130 0.0120 0.0113 
    H7496.11  2 0.0323 0.8003 0.0369 0.0589 0.0131 0.0349 0.0235 
     H7496.2  2 0.8818 0.0065 0.0194 0.0238 0.0169 0.0324 0.0191 
     H7496.3  2 0.2127 0.0100 0.0371 0.5958 0.0722 0.0312 0.0410 
     H7496.4  2 0.9076 0.0065 0.0166 0.0204 0.0127 0.0129 0.0234 
     H7496.5  2 0.8476 0.0077 0.0216 0.0363 0.0178 0.0328 0.0362 
     H7496.6  2 0.8708 0.0050 0.0188 0.0329 0.0165 0.0400 0.0161 
     H7496.7  2 0.9128 0.0075 0.0110 0.0276 0.0116 0.0153 0.0142 
     H7496.8  2 0.7290 0.0142 0.0476 0.1169 0.0368 0.0244 0.0311 
        UNK4  2 0.6737 0.0497 0.0256 0.0367 0.0927 0.0544 0.0673 
        UNK5  2 0.6010 0.0661 0.0125 0.0655 0.0551 0.0141 0.1857 
        UNK6  2 0.8642 0.0182 0.0112 0.0250 0.0108 0.0241 0.0463 
        UNK7  2 0.3830 0.4186 0.0169 0.0170 0.0271 0.0108 0.1266 
        UNK8  2 0.6561 0.2033 0.0087 0.0269 0.0533 0.0157 0.0361 
        UNK9  2 0.3393 0.3117 0.0116 0.1985 0.0312 0.0688 0.0388 
      H009.1  4 0.0111 0.0133 0.4512 0.0114 0.4844 0.0135 0.0150 
      H009.2  4 0.0124 0.0048 0.6478 0.0080 0.2885 0.0290 0.0096 
      H009.3  4 0.0114 0.0062 0.4435 0.0175 0.4944 0.0180 0.0089 
      H009.4  4 0.0118 0.0186 0.6569 0.0187 0.2348 0.0486 0.0106 
      H009.5  4 0.0099 0.0255 0.3965 0.0112 0.5255 0.0216 0.0097 
      H009.6  4 0.0119 0.0100 0.1878 0.0183 0.6821 0.0132 0.0766 
      H046.4  4 0.0601 0.0199 0.0953 0.2262 0.4391 0.1239 0.0354 
      H046.8  4 0.0338 0.0400 0.1313 0.0631 0.1239 0.1910 0.4168 
 H076.1_2002  4 0.0125 0.0082 0.0087 0.0072 0.0092 0.0105 0.9437 
 H076.1_2003  4 0.0053 0.0075 0.0060 0.0056 0.0077 0.0055 0.9625 
 H076.1_2004  4 0.0067 0.0102 0.0099 0.0081 0.0069 0.0066 0.9515 
 H076.2_2002  4 0.0142 0.0095 0.0078 0.0075 0.0102 0.0098 0.9409 
 H076.2_2003  4 0.0074 0.0102 0.0085 0.0066 0.0096 0.0056 0.9521 
 H076.2_2004  4 0.0249 0.0095 0.1595 0.0162 0.0218 0.0444 0.7237 
 H076.3_2002  4 0.0325 0.0071 0.7625 0.0235 0.0277 0.0401 0.1066 
 H076.3_2003  4 0.0077 0.0119 0.0064 0.0066 0.0123 0.0094 0.9457 
 H076.3_2004  4 0.0117 0.0126 0.0136 0.0104 0.0092 0.0073 0.9351 
 H076.4_2002  4 0.0344 0.0231 0.3807 0.0193 0.0300 0.0194 0.4932 
 H076.4_2003  4 0.0095 0.0099 0.0181 0.0080 0.0112 0.0170 0.9262 
 H076.4_2004  4 0.0387 0.0176 0.5932 0.0183 0.0432 0.0585 0.2305 
 H076.5_2002  4 0.0243 0.0106 0.0158 0.0131 0.0123 0.0120 0.9119 
 H076.5_2003  4 0.0107 0.0268 0.0133 0.0071 0.0177 0.0120 0.9123 
 H076.5_2004  4 0.0496 0.0315 0.2793 0.0313 0.0232 0.0158 0.5692 
 H076.6_2002  4 0.0098 0.0135 0.0129 0.0110 0.0126 0.0091 0.9311 
 H076.6_2003  4 0.0090 0.0087 0.0094 0.0062 0.0145 0.0066 0.9457 
 H076.6_2004  4 0.0147 0.0220 0.0875 0.0130 0.0133 0.0172 0.8323 
 H076.7_2002  4 0.0366 0.0097 0.8188 0.0180 0.0538 0.0266 0.0364 
 H076.7_2003  4 0.0256 0.0132 0.0355 0.0079 0.0122 0.0237 0.8819 
 H076.7_2004  4 0.0121 0.0229 0.2017 0.0147 0.0205 0.0234 0.7047 
      H477.1  4 0.1291 0.0083 0.0113 0.0070 0.0140 0.8211 0.0092 
      H477.2  4 0.0277 0.0059 0.0109 0.0105 0.0126 0.9201 0.0123 
      H477.3  4 0.0278 0.0135 0.0090 0.0141 0.0155 0.9144 0.0057 
      H477.4  4 0.0442 0.0221 0.0086 0.0086 0.0250 0.8825 0.0090 
      H477.5  4 0.0156 0.0179 0.0143 0.0081 0.0200 0.9105 0.0137 
      H477.6  4 0.0112 0.0121 0.0070 0.0124 0.0131 0.9368 0.0075 
      H477.7  4 0.0342 0.0250 0.0074 0.0070 0.0278 0.8854 0.0132 
 H479.1_2005  4 0.0869 0.0130 0.0421 0.3932 0.0273 0.4235 0.0139 
 H479.1_2006  4 0.0139 0.0862 0.0367 0.0959 0.0631 0.6088 0.0954 
     H479.10  4 0.0142 0.0132 0.0562 0.3449 0.0325 0.4993 0.0398 
 H479.2_2005  4 0.1225 0.0378 0.1010 0.3616 0.1753 0.0766 0.1252 
 H479.2_2006  4 0.0320 0.0195 0.0817 0.0918 0.0323 0.7340 0.0087 
 H479.3_2005  4 0.0617 0.0065 0.0423 0.0978 0.0076 0.7656 0.0186 
 H479.3_2006  4 0.0450 0.0108 0.0353 0.0362 0.0118 0.8329 0.0281 
 H479.4_2005  4 0.0220 0.0091 0.1103 0.0462 0.0207 0.7602 0.0314 
 H479.4_2006  4 0.0477 0.0051 0.0205 0.3309 0.0176 0.5638 0.0144 
 H479.5_2005  4 0.0462 0.0166 0.1268 0.5706 0.0462 0.0627 0.1310 
 H479.5_2006  4 0.0187 0.0067 0.0177 0.0561 0.0113 0.8807 0.0088 
 H479.6_2005  4 0.0117 0.1212 0.0200 0.0259 0.0154 0.7844 0.0214 
 H479.6_2006  4 0.0651 0.0145 0.0094 0.5688 0.0115 0.3178 0.0129 
 H479.7_2005  4 0.2039 0.0171 0.0269 0.0418 0.0216 0.6563 0.0325 
 H479.7_2006  4 0.0311 0.0132 0.0131 0.0619 0.0189 0.8505 0.0113 
 H479.8_2005  4 0.3122 0.0130 0.0173 0.0587 0.0101 0.5782 0.0105 
 H479.8_2006  4 0.0075 0.0322 0.0576 0.0805 0.0218 0.7202 0.0803 
      H479.9  4 0.0081 0.0069 0.0687 0.0190 0.0116 0.8554 0.0303 
      H516.1  4 0.0259 0.0153 0.7186 0.0173 0.1447 0.0390 0.0393 
      H516.2  4 0.0128 0.0091 0.8132 0.0222 0.0610 0.0703 0.0113 
      H516.3  4 0.0112 0.0052 0.3041 0.0174 0.6139 0.0346 0.0137 
      H516.4  4 0.0124 0.0101 0.8390 0.0159 0.0521 0.0479 0.0226 
      H516.5  4 0.0175 0.0239 0.7584 0.0096 0.1189 0.0574 0.0142 
      H516.6  4 0.0075 0.0112 0.8411 0.0147 0.0275 0.0899 0.0081 
      H516.7  4 0.0243 0.0073 0.7539 0.0231 0.0223 0.1243 0.0448 
      H516.8  4 0.0120 0.0085 0.7540 0.0112 0.1522 0.0420 0.0201 
      H516.9  4 0.0190 0.0057 0.7282 0.0340 0.0450 0.1415 0.0266 
      H646.1  4 0.0447 0.0057 0.2908 0.0220 0.1439 0.2220 0.2710 
      H646.2  4 0.0199 0.0064 0.3232 0.0086 0.0516 0.3017 0.2886 
      H646.3  4 0.0100 0.0069 0.7345 0.0171 0.0970 0.1141 0.0205 
      H646.4  4 0.0512 0.0092 0.1497 0.0095 0.0598 0.2722 0.4484 
      H646.5  4 0.0178 0.0074 0.5226 0.0189 0.0528 0.3257 0.0548 
      H658.1  4 0.0107 0.0795 0.7012 0.0110 0.0300 0.1418 0.0257 
     H658.10  4 0.0248 0.0114 0.7242 0.0090 0.0165 0.2032 0.0110 
      H658.2  4 0.0136 0.0342 0.6727 0.0169 0.0349 0.1759 0.0519 
      H658.3  4 0.0176 0.0146 0.7925 0.0160 0.0105 0.1271 0.0218 
      H658.4  4 0.0114 0.0052 0.8539 0.0203 0.0117 0.0846 0.0130 
      H658.5  4 0.0126 0.0043 0.1119 0.0166 0.0170 0.8298 0.0078 
      H658.6  4 0.0139 0.0141 0.7474 0.0103 0.0177 0.1848 0.0118 
      H658.7  4 0.0100 0.0138 0.8687 0.0176 0.0112 0.0522 0.0266 
      H658.8  4 0.0102 0.0255 0.8736 0.0076 0.0198 0.0201 0.0432 
      H658.9  4 0.0121 0.0136 0.6097 0.0309 0.0229 0.2726 0.0382 
      H682.1  4 0.0852 0.0141 0.0277 0.2995 0.0608 0.4011 0.1116 
      H682.6  4 0.0965 0.0203 0.1378 0.2352 0.2999 0.0758 0.1345 
      H720.1  4 0.2107 0.0115 0.0391 0.0407 0.0279 0.4658 0.2041 
      H720.2  4 0.0826 0.0077 0.0230 0.0225 0.0172 0.8061 0.0410 
      H720.3  4 0.0516 0.0098 0.0470 0.0983 0.0302 0.1719 0.5912 
      H720.4  4 0.0243 0.0095 0.0962 0.0551 0.0345 0.7426 0.0379 
      H720.5  4 0.0359 0.0368 0.0293 0.1152 0.1245 0.2881 0.3702 
      H720.6  4 0.0402 0.0384 0.0264 0.1227 0.1269 0.2978 0.3477 
      H720.7  4 0.0522 0.0074 0.0109 0.0192 0.0182 0.8795 0.0125 
      H720.8  4 0.1310 0.0085 0.0281 0.2354 0.0339 0.2092 0.3539 
      H720.9  4 0.0257 0.0066 0.0686 0.7629 0.0686 0.0356 0.0321 
      H724.1  4 0.0169 0.0177 0.0196 0.0310 0.0197 0.0119 0.8832 
      H724.2  4 0.0854 0.0437 0.0273 0.0405 0.0476 0.0629 0.6926 
      H724.3  4 0.0521 0.0118 0.2270 0.1191 0.0356 0.5120 0.0424 
      H724.4  4 0.0164 0.0559 0.1255 0.0973 0.0216 0.0775 0.6058 
      H724.5  4 0.0744 0.0097 0.3358 0.3796 0.0292 0.1364 0.0349 
      H724.6  4 0.0294 0.0405 0.0354 0.0406 0.0352 0.0273 0.7916 
      H725.1  4 0.0225 0.0076 0.0775 0.7468 0.0725 0.0378 0.0353 
      H725.2  4 0.1973 0.0151 0.1296 0.0547 0.5198 0.0675 0.0160 
      H725.3  4 0.0472 0.0393 0.1326 0.0772 0.4939 0.1946 0.0152 
      H725.4  4 0.1640 0.0784 0.0597 0.5258 0.1027 0.0188 0.0505 
      H725.5  4 0.7425 0.0105 0.0291 0.0175 0.0117 0.1386 0.0500 
      H725.6  4 0.0232 0.0223 0.6254 0.0354 0.0530 0.1597 0.0810 
      H725.7  4 0.0227 0.0106 0.1946 0.5132 0.1329 0.0672 0.0587 
      H725.8  4 0.0156 0.0543 0.6898 0.0461 0.0430 0.0942 0.0571 
      H726.1  4 0.0088 0.0065 0.9393 0.0068 0.0164 0.0129 0.0092 
      H726.2  4 0.0155 0.0071 0.9276 0.0135 0.0082 0.0190 0.0093 
      H726.3  4 0.0093 0.0119 0.9368 0.0080 0.0140 0.0073 0.0127 
      H726.4  4 0.0080 0.0084 0.8371 0.0205 0.0134 0.1041 0.0084 
      H726.5  4 0.0068 0.0058 0.9441 0.0128 0.0100 0.0135 0.0071 
        UNK1  4 0.1053 0.0154 0.1900 0.0247 0.0585 0.5843 0.0218 
        UNK2  4 0.0286 0.0383 0.2061 0.5839 0.0689 0.0503 0.0240 
        UNK3  4 0.1098 0.0304 0.5043 0.0412 0.0408 0.2540 0.0197 
      H016.1  5 0.0275 0.1881 0.1970 0.1420 0.0311 0.1636 0.2506 
      H016.2  5 0.0192 0.0546 0.0278 0.8052 0.0204 0.0451 0.0277 
      H016.3  5 0.0149 0.0207 0.1032 0.0124 0.0439 0.0953 0.7096 
      H016.4  5 0.0264 0.0482 0.0184 0.7719 0.0193 0.0785 0.0374 
 H017.1_2002  5 0.0407 0.1716 0.1355 0.0096 0.4062 0.1253 0.1111 
 H017.1_2003  5 0.0327 0.0499 0.0129 0.0093 0.0276 0.8503 0.0173 
 H017.2_2002  5 0.0181 0.0215 0.0351 0.0197 0.1040 0.0363 0.7655 
 H017.2_2003  5 0.0062 0.0059 0.0089 0.0148 0.0200 0.9338 0.0103 
 H017.3_2002  5 0.0426 0.5021 0.0653 0.0377 0.1933 0.1141 0.0449 
 H017.3_2003  5 0.0658 0.0322 0.0182 0.0159 0.6558 0.0635 0.1485 
 H017.4_2002  5 0.0670 0.0620 0.0275 0.0809 0.6476 0.0276 0.0875 
 H017.4_2003  5 0.0061 0.0406 0.0131 0.0186 0.0994 0.8077 0.0144 
 H017.5_2002  5 0.0103 0.4330 0.0155 0.0169 0.4604 0.0293 0.0347 
 H017.5_2003  5 0.0113 0.0219 0.0170 0.0177 0.3770 0.5449 0.0102 
 H017.6_2002  5 0.1075 0.3458 0.0230 0.0159 0.2782 0.0185 0.2110 
 H017.6_2003  5 0.0196 0.0115 0.0926 0.0180 0.2115 0.5806 0.0661 
 H017.7_2002  5 0.0933 0.1729 0.0245 0.0804 0.4084 0.0310 0.1895 
 H017.7_2003  5 0.0067 0.0094 0.0112 0.0116 0.0328 0.9217 0.0066 
      H017.8  5 0.0167 0.1168 0.0121 0.0263 0.7251 0.0593 0.0437 
      H017.9  5 0.0375 0.7955 0.0249 0.0387 0.0469 0.0231 0.0333 
      H032.1  5 0.0084 0.0115 0.0648 0.0097 0.0092 0.8826 0.0137 
      H032.2  5 0.0064 0.0121 0.0169 0.0096 0.0068 0.9406 0.0076 
      H032.3  5 0.0100 0.0178 0.0549 0.0253 0.0099 0.8708 0.0113 
      H032.4  5 0.0075 0.0383 0.1897 0.0225 0.0360 0.6884 0.0175 
      H032.5  5 0.0102 0.0106 0.5155 0.0158 0.0131 0.4239 0.0110 
      H032.6  5 0.0099 0.0162 0.5125 0.0124 0.0204 0.4162 0.0125 
      H032.7  5 0.0222 0.0074 0.0628 0.0100 0.0309 0.8414 0.0253 
 H034.1_2002  5 0.0224 0.0331 0.5887 0.1134 0.1206 0.0154 0.1064 
 H034.1_2003  5 0.0280 0.0058 0.0569 0.0155 0.6664 0.0278 0.1997 
 H034.2_2002  5 0.0203 0.1221 0.4769 0.0986 0.1714 0.0230 0.0877 
 H034.2_2003  5 0.0595 0.0081 0.0614 0.0204 0.3232 0.0345 0.4928 
 H034.3_2002  5 0.0279 0.1879 0.4955 0.0884 0.1187 0.0195 0.0620 
 H034.3_2003  5 0.0315 0.0086 0.0841 0.0131 0.7639 0.0265 0.0723 
 H034.4_2002  5 0.0168 0.0092 0.0296 0.0249 0.0659 0.0082 0.8452 
 H034.4_2003  5 0.0171 0.0061 0.0724 0.0094 0.6997 0.0430 0.1523 
 H034.5_2002  5 0.0134 0.1021 0.7731 0.0172 0.0441 0.0129 0.0371 
 H034.5_2003  5 0.0405 0.0783 0.1748 0.0197 0.2182 0.3594 0.1090 
 H034.6_2002  5 0.0311 0.2630 0.2391 0.0499 0.2689 0.0191 0.1289 
 H034.6_2003  5 0.0153 0.0190 0.0443 0.0082 0.8123 0.0642 0.0368 
 H034.7_2002  5 0.0175 0.0171 0.5691 0.0400 0.3010 0.0191 0.0360 
 H034.7_2003  5 0.0305 0.0663 0.1758 0.0092 0.5406 0.1458 0.0316 
 H034.8_2002  5 0.0212 0.0196 0.1779 0.0269 0.5352 0.0169 0.2023 
 H034.8_2003  5 0.0147 0.1221 0.2030 0.0111 0.5124 0.0431 0.0935 
      H034.9  5 0.0336 0.0475 0.6984 0.1273 0.0404 0.0212 0.0316 
      H048.1  5 0.0151 0.0081 0.1239 0.0612 0.0131 0.7544 0.0242 
      H048.2  5 0.1027 0.0176 0.1115 0.4505 0.0274 0.0905 0.1998 
      H048.3  5 0.0518 0.0142 0.0910 0.0364 0.0147 0.0934 0.6986 
      H048.4  5 0.0273 0.0194 0.0973 0.2688 0.0140 0.0354 0.5378 
      H048.5  5 0.0165 0.0072 0.1924 0.1562 0.0099 0.5950 0.0229 
      H048.6  5 0.0246 0.0141 0.1202 0.2598 0.0127 0.0313 0.5373 
      H048.7  5 0.0163 0.0386 0.1294 0.3421 0.0136 0.4212 0.0390 
      H048.8  5 0.0166 0.0393 0.1272 0.2856 0.0423 0.2141 0.2749 
      H060.1  5 0.0161 0.0197 0.0112 0.0156 0.9139 0.0102 0.0132 
     H060.10  5 0.0070 0.0065 0.0082 0.0057 0.9554 0.0070 0.0101 
      H060.2  5 0.0131 0.0078 0.0096 0.0126 0.9337 0.0117 0.0115 
      H060.3  5 0.0065 0.0084 0.0129 0.0083 0.9520 0.0054 0.0065 
      H060.4  5 0.0153 0.0260 0.0090 0.0084 0.9152 0.0135 0.0125 
      H060.5  5 0.0184 0.0218 0.0304 0.0157 0.8780 0.0171 0.0186 
      H060.6  5 0.0093 0.0238 0.0155 0.0119 0.9153 0.0122 0.0120 
      H060.7  5 0.0256 0.0174 0.0220 0.0199 0.8705 0.0114 0.0331 
      H060.8  5 0.0242 0.0324 0.0172 0.0143 0.8702 0.0146 0.0271 
      H060.9  5 0.0094 0.0471 0.0345 0.0111 0.8709 0.0115 0.0153 
 H070.1_2002  5 0.1630 0.1038 0.0626 0.0308 0.5638 0.0254 0.0505 
 H070.1_2003  5 0.0090 0.0137 0.0190 0.0332 0.8999 0.0114 0.0139 
 H070.1_2004  5 0.0125 0.0156 0.0186 0.0128 0.6316 0.0217 0.2871 
 H070.2_2002  5 0.2655 0.0549 0.0778 0.0216 0.4396 0.0207 0.1199 
 H070.2_2003  5 0.0407 0.0294 0.1066 0.0365 0.4976 0.0375 0.2517 
 H070.2_2004  5 0.0114 0.0179 0.0497 0.0100 0.7508 0.0242 0.1360 
 H070.3_2002  5 0.0121 0.0365 0.0171 0.0237 0.8814 0.0136 0.0156 
 H070.3_2003  5 0.0114 0.0110 0.0151 0.0080 0.9034 0.0257 0.0254 
 H070.3_2004  5 0.0187 0.0267 0.0896 0.0186 0.7852 0.0123 0.0489 
 H070.4_2002  5 0.0314 0.0571 0.4888 0.0247 0.3412 0.0151 0.0415 
 H070.4_2003  5 0.0206 0.0240 0.0297 0.0231 0.8318 0.0423 0.0284 
 H070.4_2004  5 0.0170 0.0116 0.0246 0.0519 0.7973 0.0135 0.0841 
 H070.5_2002  5 0.0180 0.0191 0.0275 0.1017 0.8089 0.0132 0.0116 
 H070.5_2003  5 0.0103 0.0274 0.0168 0.0118 0.8895 0.0262 0.0179 
 H070.5_2004  5 0.0156 0.0205 0.2392 0.0293 0.3374 0.0126 0.3454 
 H070.6_2002  5 0.0399 0.0416 0.2994 0.0489 0.5377 0.0220 0.0104 
 H070.6_2003  5 0.0165 0.0074 0.0235 0.0074 0.8952 0.0218 0.0283 
 H070.6_2004  5 0.0353 0.0090 0.2989 0.0877 0.4141 0.0156 0.1393 
      H077.1  5 0.0072 0.0294 0.0954 0.0148 0.8005 0.0293 0.0234 
      H077.2  5 0.0083 0.0474 0.5842 0.1722 0.0666 0.0866 0.0347 
      H077.3  5 0.0200 0.0400 0.5985 0.0352 0.1760 0.0629 0.0674 
      H077.4  5 0.0230 0.0784 0.2880 0.0200 0.4798 0.0836 0.0271 
      H077.5  5 0.0196 0.1986 0.3470 0.0313 0.0956 0.1753 0.1325 
      H077.6  5 0.0121 0.0736 0.2048 0.0177 0.5748 0.0997 0.0172 
      H097.1  5 0.0466 0.0214 0.0246 0.1881 0.4195 0.0478 0.2521 
      H097.2  5 0.6228 0.0469 0.0263 0.0225 0.1127 0.0398 0.1288 
      H097.3  5 0.0534 0.0348 0.0708 0.0243 0.5479 0.1398 0.1291 
      H097.4  5 0.1882 0.0153 0.0177 0.0282 0.6214 0.0443 0.0850 
      H097.5  5 0.0616 0.0141 0.0295 0.0186 0.7503 0.0843 0.0415 
      H097.6  5 0.5438 0.0259 0.0249 0.0414 0.2261 0.0431 0.0948 
      H097.7  5 0.0740 0.0142 0.0151 0.0204 0.8304 0.0165 0.0294 
      H124.1  5 0.0151 0.0464 0.1357 0.6440 0.0723 0.0572 0.0292 
      H124.2  5 0.0278 0.0960 0.0316 0.3909 0.2199 0.2167 0.0170 
      H124.3  5 0.0128 0.0899 0.0130 0.8014 0.0173 0.0573 0.0084 
      H124.4  5 0.0242 0.1373 0.0416 0.4820 0.2213 0.0763 0.0172 
      H124.5  5 0.0187 0.1041 0.0624 0.5864 0.0653 0.1227 0.0404 
      H132.1  5 0.0132 0.0111 0.0259 0.1127 0.1060 0.0133 0.7179 
      H132.2  5 0.0104 0.0083 0.0294 0.2115 0.0169 0.0206 0.7028 
      H132.3  5 0.0145 0.0336 0.0191 0.0453 0.3028 0.0175 0.5673 
      H132.4  5 0.0147 0.0092 0.0532 0.2403 0.0787 0.0245 0.5793 
      H132.5  5 0.0098 0.0145 0.0103 0.0180 0.0170 0.0096 0.9209 
      H132.6  5 0.0134 0.0111 0.0137 0.0268 0.0111 0.0120 0.9118 
      H132.7  5 0.0858 0.0293 0.0449 0.6909 0.0447 0.0386 0.0658 
      H155.1  5 0.0102 0.0390 0.0112 0.9054 0.0099 0.0110 0.0133 
      H155.2  5 0.0106 0.0104 0.0138 0.9012 0.0168 0.0164 0.0307 
      H155.3  5 0.0133 0.0080 0.0100 0.9274 0.0102 0.0221 0.0090 
      H155.4  5 0.0073 0.0094 0.0069 0.9514 0.0066 0.0063 0.0121 
      H155.5  5 0.0117 0.0104 0.0119 0.9174 0.0105 0.0197 0.0183 
      H155.6  5 0.0293 0.0629 0.0168 0.8169 0.0145 0.0408 0.0188 
      H155.7  5 0.0093 0.0221 0.0150 0.9082 0.0097 0.0180 0.0177 
      H155.8  5 0.0252 0.0318 0.0096 0.8830 0.0229 0.0130 0.0145 
      H155.9  5 0.0184 0.0105 0.0245 0.7998 0.0109 0.1140 0.0220 
      H169.1  5 0.0543 0.0448 0.2298 0.0110 0.2815 0.3253 0.0534 
      H169.2  5 0.0243 0.0351 0.5992 0.0113 0.2692 0.0429 0.0180 
      H169.3  5 0.0544 0.0105 0.5754 0.0089 0.1776 0.1016 0.0716 
      H169.4  5 0.0275 0.0449 0.0427 0.0119 0.7332 0.0906 0.0493 
      H169.5  5 0.0733 0.1442 0.3309 0.0272 0.2166 0.1564 0.0514 
      H169.6  5 0.0926 0.1364 0.1190 0.0224 0.3478 0.2476 0.0343 
      H457.1  5 0.6381 0.0152 0.1041 0.1491 0.0296 0.0309 0.0331 
      H457.2  5 0.8185 0.0073 0.0301 0.0764 0.0113 0.0381 0.0182 
      H457.3  5 0.8905 0.0077 0.0231 0.0105 0.0409 0.0184 0.0089 
      H457.4  5 0.7066 0.0087 0.1071 0.0378 0.0187 0.0450 0.0762 
      H457.5  5 0.1378 0.0422 0.1823 0.1250 0.0818 0.3838 0.0472 
      H457.6  5 0.4580 0.0123 0.2176 0.0978 0.0302 0.1358 0.0482 
      H457.7  5 0.1299 0.0194 0.2870 0.0232 0.4963 0.0178 0.0263 
      H457.8  5 0.3654 0.0134 0.1356 0.0641 0.2265 0.1813 0.0136 
      H462.1  5 0.0333 0.0153 0.0158 0.0283 0.8410 0.0333 0.0330 
      H462.2  5 0.0282 0.0186 0.0229 0.0532 0.7935 0.0189 0.0648 
      H462.3  5 0.1069 0.0369 0.0214 0.0619 0.4227 0.3064 0.0438 
      H462.4  5 0.0349 0.1849 0.0212 0.0701 0.5113 0.0887 0.0889 
      H462.5  5 0.0446 0.0922 0.0192 0.0951 0.4335 0.0890 0.2264 
      H462.6  5 0.0222 0.0224 0.0203 0.1310 0.6261 0.1458 0.0322 
      H462.7  5 0.2079 0.0115 0.0218 0.0560 0.4179 0.2603 0.0247 
      H462.8  5 0.0110 0.0094 0.0097 0.0122 0.9224 0.0129 0.0225 
      H462.9  5 0.0402 0.0104 0.0158 0.0451 0.7612 0.1090 0.0184 
      H481.1  5 0.0165 0.0095 0.5743 0.0128 0.2671 0.0158 0.1041 
      H481.2  5 0.0151 0.0125 0.0158 0.0246 0.8011 0.0335 0.0974 
      H481.3  5 0.0085 0.0226 0.0362 0.0175 0.8661 0.0196 0.0295 
      H481.4  5 0.0125 0.0145 0.0245 0.0196 0.8711 0.0198 0.0379 
      H481.5  5 0.0104 0.0066 0.1498 0.0258 0.6273 0.0140 0.1661 
      H481.6  5 0.0229 0.0057 0.0167 0.0103 0.9225 0.0108 0.0111 
      H481.7  5 0.0180 0.0128 0.0234 0.0100 0.9090 0.0100 0.0168 
      H481.8  5 0.0775 0.0051 0.0350 0.0239 0.8121 0.0203 0.0261 
      H509.1  5 0.0854 0.0110 0.0710 0.0591 0.0660 0.6265 0.0809 
      H509.2  5 0.1230 0.0048 0.0404 0.0581 0.0672 0.6614 0.0450 
      H509.3  5 0.2039 0.0062 0.0616 0.0182 0.0356 0.6520 0.0225 
      H509.4  5 0.4053 0.0092 0.0386 0.0366 0.0231 0.3179 0.1693 
      H509.5  5 0.0496 0.0066 0.0184 0.4641 0.0309 0.4163 0.0141 
      H509.6  5 0.0820 0.0105 0.0541 0.1911 0.0295 0.4512 0.1816 
      H509.7  5 0.2647 0.0085 0.3742 0.0856 0.0176 0.2079 0.0414 
      H567.1  5 0.1266 0.0089 0.0242 0.0115 0.0245 0.7902 0.0142 
      H567.2  5 0.0646 0.0059 0.0408 0.3067 0.3378 0.1717 0.0725 
      H567.3  5 0.0873 0.0077 0.0726 0.0730 0.3321 0.2677 0.1595 
      H567.4  5 0.8509 0.0375 0.0237 0.0119 0.0183 0.0389 0.0189 
      H567.5  5 0.2414 0.0143 0.0273 0.0109 0.0375 0.6571 0.0115 
      H567.6  5 0.4015 0.0191 0.0362 0.0069 0.0419 0.4776 0.0168 
      H567.7  5 0.1938 0.0116 0.0282 0.1102 0.3386 0.2884 0.0292 
      H567.8  5 0.2125 0.0100 0.0209 0.0198 0.1622 0.5332 0.0413 
      H608.1  5 0.0830 0.0234 0.0629 0.2785 0.2695 0.1317 0.1510 
      H608.2  5 0.0414 0.0499 0.0292 0.3605 0.2343 0.2145 0.0702 
      H608.3  5 0.0310 0.0487 0.0576 0.5216 0.1265 0.1735 0.0411 
      H608.4  5 0.0365 0.0240 0.1085 0.0960 0.4997 0.1872 0.0480 
      H608.5  5 0.0487 0.0349 0.0845 0.2579 0.1757 0.3803 0.0180 
      H608.6  5 0.0281 0.2221 0.0343 0.1454 0.2992 0.2221 0.0487 
      H608.7  5 0.1056 0.0611 0.1640 0.2593 0.0342 0.1671 0.2088 
      H608.8  5 0.0674 0.1570 0.0213 0.1527 0.1797 0.3653 0.0566 
      H615.1  5 0.0102 0.1301 0.0151 0.0105 0.7710 0.0485 0.0146 
      H615.2  5 0.0262 0.0257 0.0094 0.0298 0.7627 0.1337 0.0125 
      H615.3  5 0.0250 0.0069 0.0822 0.0103 0.8389 0.0181 0.0186 
      H615.4  5 0.0324 0.0064 0.0199 0.0350 0.8069 0.0621 0.0373 
      H615.5  5 0.0213 0.0380 0.1102 0.0153 0.7475 0.0290 0.0386 
      H615.6  5 0.0082 0.0051 0.0142 0.0078 0.9454 0.0066 0.0127 
      H635.1  5 0.0294 0.0083 0.4583 0.0804 0.0616 0.0533 0.3088 
      H635.2  5 0.2998 0.0599 0.1529 0.0622 0.0959 0.2706 0.0587 
      H635.3  5 0.0445 0.0093 0.0619 0.5131 0.0218 0.1147 0.2347 
      H635.4  5 0.0239 0.0116 0.0611 0.7628 0.0458 0.0264 0.0684 
      H635.5  5 0.0700 0.0153 0.1112 0.1064 0.0947 0.1981 0.4043 
      H635.6  5 0.0325 0.0156 0.5460 0.0258 0.0593 0.0220 0.2988 
      H635.7  5 0.0449 0.0151 0.2419 0.1846 0.0396 0.2734 0.2004 
      H635.8  5 0.2200 0.0103 0.0547 0.3316 0.3293 0.0271 0.0270 
      H635.9  5 0.1068 0.0163 0.3695 0.0714 0.0620 0.2159 0.1581 
      H728.1  5 0.0076 0.0554 0.0089 0.0148 0.0085 0.8939 0.0110 
      H728.2  5 0.0140 0.0288 0.0095 0.0189 0.0199 0.8877 0.0212 
      H728.3  5 0.0240 0.0153 0.0186 0.0105 0.0166 0.9077 0.0073 
      H728.4  5 0.0271 0.0394 0.0137 0.0152 0.0103 0.8821 0.0121 
      H728.5  5 0.0122 0.0161 0.0228 0.0121 0.0164 0.9097 0.0108 
      H728.6  5 0.0112 0.0390 0.0103 0.0101 0.0188 0.8969 0.0137 
      H728.7  5 0.2259 0.0566 0.2887 0.1426 0.0720 0.0940 0.1203 
 H7395.1_200  5 0.1077 0.0353 0.2850 0.1405 0.0272 0.0434 0.3610 
 H7395.1_200  5 0.0156 0.0235 0.0142 0.0099 0.0157 0.9076 0.0135 
     H7395.2  5 0.0222 0.0371 0.0107 0.0085 0.0156 0.8959 0.0101 
     H7395.3  5 0.0209 0.0122 0.0229 0.0295 0.0130 0.8905 0.0110 
     H7395.4  5 0.0117 0.0151 0.0199 0.0344 0.0383 0.8669 0.0137 
     H7395.5  5 0.0161 0.0140 0.0088 0.0169 0.0074 0.9295 0.0072 
     H7395.6  5 0.0087 0.0083 0.0154 0.0218 0.0101 0.9290 0.0068 
     H7395.7  5 0.0134 0.0298 0.0198 0.0348 0.0126 0.8522 0.0373 
     H7395.8  5 0.0256 0.0937 0.0201 0.0220 0.0136 0.6790 0.1460 
     H7395.9  5 0.0166 0.0483 0.0152 0.0370 0.0262 0.8437 0.0130 
      H742.1  5 0.0124 0.0148 0.2950 0.4039 0.0389 0.1517 0.0832 
      H742.2  5 0.0378 0.0132 0.4903 0.2994 0.0340 0.0452 0.0801 
      H742.3  5 0.0129 0.1010 0.7348 0.0419 0.0255 0.0703 0.0135 
      H958.1  5 0.0498 0.0129 0.2446 0.0071 0.0319 0.5855 0.0682 
      H958.2  5 0.0386 0.0094 0.0159 0.0117 0.0180 0.8792 0.0272 
      H958.3  5 0.0719 0.0135 0.0167 0.0118 0.0195 0.8364 0.0303 
      H958.4  5 0.0298 0.0110 0.0999 0.0069 0.1417 0.6613 0.0494 
      H958.5  5 0.0817 0.0128 0.0458 0.0118 0.0330 0.7453 0.0695 
      H958.6  5 0.1109 0.0130 0.0307 0.0109 0.0354 0.7664 0.0327 
      H958.7  5 0.1384 0.0135 0.0468 0.0121 0.0587 0.7036 0.0269 
      H452.1 10 0.0077 0.0062 0.0103 0.0138 0.0136 0.0139 0.9345 
     H452.10 10 0.0102 0.0113 0.0117 0.0080 0.0156 0.0141 0.9291 
      H452.2 10 0.1326 0.0126 0.0191 0.0311 0.0325 0.2887 0.4833 
      H452.3 10 0.0098 0.0078 0.0057 0.0046 0.0077 0.0133 0.9510 
      H452.4 10 0.0065 0.0067 0.0067 0.0118 0.0121 0.0065 0.9497 
      H452.5 10 0.0274 0.0128 0.0127 0.0111 0.1295 0.0278 0.7787 
      H452.6 10 0.0594 0.0343 0.0933 0.0597 0.0612 0.2879 0.4040 
      H452.7 10 0.0244 0.0157 0.0135 0.0139 0.0123 0.1246 0.7957 
      H452.8 10 0.0176 0.0085 0.0153 0.0141 0.0166 0.0225 0.9053 
      H452.9 10 0.0059 0.0110 0.0121 0.0146 0.0248 0.0062 0.9254 
      H473.1 10 0.0335 0.0065 0.4858 0.0200 0.2009 0.2424 0.0108 
      H473.2 10 0.6032 0.0243 0.0213 0.0387 0.2459 0.0569 0.0098 
      H473.3 10 0.6193 0.0336 0.0351 0.1174 0.1416 0.0405 0.0126 
      H473.4 10 0.4925 0.0209 0.0261 0.0573 0.3647 0.0251 0.0135 
      H473.5 10 0.6208 0.0840 0.0500 0.0245 0.0531 0.1586 0.0089 
      H473.6 10 0.4232 0.0268 0.0195 0.3980 0.0366 0.0798 0.0162 
      H473.7 10 0.5377 0.0113 0.0179 0.0229 0.3643 0.0376 0.0083 
      H473.8 10 0.4601 0.0322 0.0112 0.0208 0.4495 0.0199 0.0063 
      H487.1 10 0.0135 0.0098 0.0158 0.0075 0.0279 0.0098 0.9158 
      H487.2 10 0.0228 0.0199 0.0448 0.0126 0.0385 0.0148 0.8465 
      H487.3 10 0.0154 0.0090 0.0487 0.0120 0.0439 0.0160 0.8550 
      H487.4 10 0.0149 0.0115 0.0868 0.0113 0.1230 0.0516 0.7009 
      H487.5 10 0.0120 0.0083 0.0184 0.0076 0.0306 0.0086 0.9144 
      H703.1 10 0.0235 0.0267 0.0244 0.4805 0.0407 0.1490 0.2553 
     H703.10 10 0.0507 0.0461 0.1520 0.2214 0.1242 0.3589 0.0468 
      H703.2 10 0.0194 0.0240 0.1071 0.6354 0.0409 0.1092 0.0639 
      H703.3 10 0.0309 0.0178 0.0960 0.0915 0.2811 0.4243 0.0584 
      H703.4 10 0.5293 0.0603 0.1725 0.0527 0.0780 0.0697 0.0376 
      H703.5 10 0.7494 0.0090 0.0436 0.0491 0.0672 0.0641 0.0176 
      H703.6 10 0.0788 0.0099 0.2517 0.0373 0.0750 0.5238 0.0235 
      H703.7 10 0.3539 0.0479 0.0383 0.2934 0.0464 0.1952 0.0249 
      H703.8 10 0.0181 0.0053 0.6894 0.0621 0.0504 0.0477 0.1269 
      H703.9 10 0.0227 0.0141 0.5175 0.0704 0.1382 0.1913 0.0458 
      H705.1 10 0.2393 0.0111 0.0185 0.0076 0.0159 0.1845 0.5231 
      H705.2 10 0.0485 0.0232 0.0113 0.0128 0.0352 0.0915 0.7776 
      H705.3 10 0.0138 0.0069 0.0086 0.0062 0.0073 0.0127 0.9445 
      H705.4 10 0.0232 0.0063 0.0122 0.0061 0.0073 0.0093 0.9356 
      H705.5 10 0.0103 0.0083 0.0086 0.0085 0.0046 0.0078 0.9519 
      H705.6 10 0.0136 0.0088 0.0212 0.0110 0.0104 0.0133 0.9217 
      H705.7 10 0.1591 0.0093 0.0360 0.0139 0.0092 0.1023 0.6703 
     H7352.1 10 0.0285 0.4147 0.3593 0.0208 0.0234 0.0666 0.0867 
     H7352.2 10 0.0083 0.0808 0.1309 0.0098 0.0561 0.0111 0.7030 
     H7352.3 10 0.0125 0.0414 0.8149 0.0105 0.0634 0.0237 0.0337 
     H7352.4 10 0.0125 0.0408 0.8310 0.0073 0.0543 0.0166 0.0375 
     H7352.5 10 0.0327 0.1896 0.5620 0.0428 0.0154 0.0298 0.1277 
     H7352.6 10 0.0233 0.0941 0.7055 0.0227 0.0136 0.0370 0.1038 
     H7352.7 10 0.0119 0.1653 0.3634 0.0144 0.2596 0.0166 0.1688 
     H7354.1 10 0.0904 0.0504 0.3106 0.0162 0.1095 0.3911 0.0318 
     H7354.2 10 0.1317 0.0422 0.3766 0.0132 0.2053 0.1414 0.0897 
     H7354.3 10 0.0839 0.0251 0.4024 0.0168 0.0369 0.2745 0.1604 
     H7354.4 10 0.0358 0.1986 0.1334 0.0615 0.1392 0.4047 0.0269 
     H7354.5 10 0.0680 0.0872 0.0406 0.0147 0.1357 0.5969 0.0568 
     H7354.6 10 0.0299 0.0134 0.8247 0.0139 0.0231 0.0338 0.0611 
     H7354.7 10 0.0231 0.0759 0.2405 0.0277 0.1717 0.3516 0.1095 
     H7359.1 10 0.0872 0.0251 0.0289 0.0533 0.3372 0.3856 0.0827 
     H7359.2 10 0.1294 0.0060 0.0569 0.0147 0.6099 0.1675 0.0156 
     H7359.3 10 0.1102 0.0132 0.2766 0.0496 0.2787 0.1041 0.1677 
     H7359.4 10 0.0235 0.0077 0.4871 0.0326 0.3353 0.0926 0.0212 
     H7359.5 10 0.0470 0.0096 0.0186 0.0131 0.5148 0.3640 0.0330 
      H909.1 10 0.0316 0.0350 0.1235 0.0080 0.1759 0.4409 0.1852 
      H909.2 10 0.0642 0.0271 0.0236 0.0084 0.0837 0.0401 0.7529 
      H909.3 10 0.0069 0.0171 0.0157 0.0180 0.0455 0.0076 0.8891 
      H909.4 10 0.0214 0.0157 0.0643 0.0272 0.1359 0.0207 0.7149 
      H909.6 10 0.0248 0.0866 0.2488 0.0263 0.3893 0.0929 0.1313 
      H909.8 10 0.0713 0.0368 0.2081 0.0304 0.2062 0.0387 0.4086 
      H909.9 10 0.0103 0.0577 0.0181 0.0344 0.0896 0.0303 0.7597 
     H9555.1 10 0.0108 0.0076 0.0525 0.0079 0.0087 0.0144 0.8982 
     H9555.2 10 0.0248 0.0159 0.0180 0.0095 0.0073 0.0075 0.9169 
     H9555.3 10 0.0196 0.0086 0.0285 0.0119 0.0130 0.0168 0.9017 
     H9555.4 10 0.0113 0.0045 0.0243 0.0055 0.0169 0.0100 0.9275 
     H9555.5 10 0.0177 0.0088 0.0199 0.0096 0.0101 0.0175 0.9164 
     H9555.6 10 0.1112 0.0429 0.3312 0.0805 0.1063 0.0876 0.2403 
     H9555.7 10 0.2503 0.0167 0.2651 0.0163 0.0380 0.0756 0.3380 
     H9703.1 10 0.1394 0.0098 0.5912 0.0098 0.0810 0.0751 0.0937 
     H9703.2 10 0.2038 0.0066 0.6674 0.0168 0.0324 0.0238 0.0491 
     H9703.3 10 0.0293 0.0051 0.6763 0.0765 0.0283 0.0574 0.1272 
     H9703.4 10 0.0255 0.0054 0.5885 0.0369 0.0423 0.0636 0.2379 
     H9703.5 10 0.0392 0.0168 0.2246 0.2608 0.1197 0.2824 0.0565 
     H9707.1 10 0.0343 0.6369 0.0228 0.0486 0.1903 0.0293 0.0377 
     H9707.2 10 0.0417 0.2667 0.0754 0.0533 0.4328 0.0365 0.0936 
     H9707.3 10 0.1253 0.3975 0.0312 0.2033 0.1594 0.0316 0.0516 
     H9707.4 10 0.0202 0.0080 0.1189 0.0115 0.7668 0.0131 0.0615 
     H9707.5 10 0.2097 0.1684 0.0546 0.0244 0.4830 0.0319 0.0280 
     H9707.6 10 0.1460 0.0132 0.0430 0.0943 0.2558 0.1353 0.3123 
     H9707.7 10 0.4375 0.0735 0.1922 0.0141 0.1101 0.1056 0.0670 
     H9707.8 10 0.0479 0.0731 0.0261 0.1169 0.6891 0.0144 0.0326 
     HSAA4.1 10 0.0241 0.0099 0.0445 0.0067 0.0090 0.0117 0.8941 
     HSAA4.2 10 0.0127 0.0078 0.0096 0.0110 0.0045 0.0135 0.9408 
     HSAA4.3 10 0.0099 0.0152 0.0240 0.0102 0.0139 0.0167 0.9101 
     HSAA4.4 10 0.0105 0.0178 0.0130 0.0080 0.0091 0.0277 0.9139 
     HSAA4.5 10 0.0180 0.0168 0.3390 0.0132 0.0194 0.0281 0.5655 
     HSAA4.6 10 0.0088 0.0061 0.0135 0.0047 0.0069 0.0100 0.9501 
     HSAA4.7 10 0.0053 0.0061 0.0555 0.0068 0.0063 0.0109 0.9091 
   saaRTON.1 10 0.0492 0.0062 0.7815 0.0087 0.0201 0.0360 0.0983 
  saaRTON.10 10 0.0294 0.0120 0.4209 0.0164 0.0254 0.0287 0.4673 
   saaRTON.2 10 0.0564 0.0088 0.7911 0.0107 0.0311 0.0516 0.0503 
   saaRTON.3 10 0.0193 0.0118 0.6158 0.0272 0.0208 0.0356 0.2694 
   saaRTON.4 10 0.0343 0.0129 0.2614 0.0102 0.0218 0.0132 0.6461 
   saaRTON.5 10 0.0401 0.0109 0.3400 0.0099 0.0187 0.0176 0.5627 
   saaRTON.6 10 0.0261 0.0101 0.8112 0.0223 0.0287 0.0337 0.0679 
   saaRTON.7 10 0.6800 0.0102 0.0232 0.0345 0.0133 0.0238 0.2150 
   saaRTON.8 10 0.0297 0.0208 0.4296 0.0072 0.0359 0.0254 0.4515 
   saaRTON.9 10 0.0145 0.0066 0.8779 0.0086 0.0151 0.0257 0.0517 
      H005.1 11 0.0153 0.0078 0.7534 0.0173 0.1458 0.0410 0.0193 
      H005.2 11 0.0909 0.0184 0.6545 0.0966 0.0264 0.0911 0.0222 
      H005.3 11 0.0154 0.0088 0.7832 0.0197 0.1042 0.0403 0.0283 
      H005.4 11 0.0309 0.0106 0.2796 0.0843 0.3164 0.2509 0.0271 
      H005.5 11 0.0147 0.0100 0.8065 0.0534 0.0585 0.0323 0.0246 
      H005.6 11 0.0818 0.0219 0.4341 0.0980 0.1004 0.2388 0.0250 
      H005.7 11 0.0210 0.0105 0.6725 0.0953 0.0411 0.1305 0.0292 
      H005.8 11 0.0131 0.0144 0.8163 0.0288 0.0459 0.0605 0.0210 
      H005.9 11 0.0334 0.0151 0.8088 0.0493 0.0332 0.0418 0.0184 
      H031.1 11 0.0223 0.0198 0.0722 0.0281 0.0528 0.7610 0.0437 
      H031.2 11 0.0184 0.0063 0.6553 0.0155 0.1949 0.0292 0.0804 
      H031.3 11 0.1193 0.0313 0.2647 0.1748 0.3193 0.0693 0.0213 
      H031.4 11 0.0414 0.0084 0.3674 0.0267 0.0836 0.2003 0.2723 
      H031.5 11 0.0905 0.0215 0.5120 0.0539 0.2345 0.0176 0.0700 
      H031.6 11 0.0321 0.0119 0.3274 0.0211 0.1746 0.1995 0.2335 
      H031.7 11 0.5831 0.0267 0.0654 0.0320 0.0372 0.1035 0.1521 
      H031.8 11 0.0106 0.0093 0.6185 0.0850 0.2069 0.0439 0.0258 
      H136.1 11 0.0665 0.0104 0.0328 0.0189 0.5712 0.2791 0.0211 
      H136.2 11 0.5903 0.0184 0.0287 0.0319 0.0278 0.2424 0.0605 
      H136.3 11 0.2176 0.0172 0.0630 0.1490 0.3007 0.2227 0.0298 
      H136.4 11 0.0969 0.0145 0.2838 0.0141 0.5218 0.0447 0.0242 
      H153.1 11 0.0378 0.0113 0.0331 0.0111 0.8536 0.0416 0.0115 
      H153.2 11 0.0215 0.0360 0.1377 0.0352 0.7177 0.0313 0.0207 
      H153.3 11 0.0642 0.0477 0.0945 0.0181 0.7027 0.0601 0.0127 
      H153.4 11 0.0553 0.0143 0.0909 0.0142 0.7050 0.0719 0.0484 
      H167.1 11 0.0552 0.0270 0.0265 0.7057 0.0914 0.0809 0.0134 
      H167.2 11 0.0206 0.0394 0.0489 0.7603 0.0844 0.0104 0.0359 
      H167.3 11 0.0447 0.0498 0.0259 0.7863 0.0496 0.0299 0.0138 
      H167.4 11 0.0281 0.0093 0.1598 0.6510 0.0852 0.0385 0.0281 
      H167.5 11 0.0183 0.0267 0.0697 0.7335 0.0961 0.0369 0.0188 
      H167.6 11 0.0227 0.0825 0.0522 0.6659 0.0800 0.0784 0.0182 
      H167.7 11 0.0799 0.0290 0.1533 0.1359 0.4162 0.0393 0.1465 
      H167.8 11 0.0366 0.0132 0.0412 0.0558 0.7858 0.0523 0.0151 
      H173.1 11 0.0528 0.0090 0.8470 0.0249 0.0281 0.0219 0.0164 
      H173.2 11 0.0538 0.0407 0.6967 0.0305 0.0236 0.1267 0.0280 
      H173.3 11 0.0281 0.0165 0.8706 0.0264 0.0226 0.0236 0.0122 
      H173.4 11 0.1197 0.0153 0.7302 0.0278 0.0171 0.0726 0.0174 
      H173.5 11 0.3912 0.0487 0.0536 0.0355 0.0214 0.4197 0.0299 
 H194.1_2003 11 0.0596 0.0072 0.7316 0.0209 0.0374 0.0248 0.1185 
 H194.2_2003 11 0.1094 0.0474 0.0680 0.0532 0.5477 0.0255 0.1489 
 H194.3_2003 11 0.0241 0.0115 0.6133 0.0317 0.1429 0.0196 0.1569 
 H194.4_2003 11 0.0436 0.0141 0.4914 0.0262 0.1957 0.0242 0.2048 
 H194.5_2003 11 0.2739 0.0319 0.1353 0.0382 0.3874 0.0639 0.0693 
 H194.6_2003 11 0.1019 0.0181 0.2610 0.0582 0.3133 0.0378 0.2097 
 H194.7_2003 11 0.0467 0.0080 0.6557 0.0468 0.0553 0.0200 0.1676 
 H194.8_2003 11 0.0230 0.0059 0.5581 0.0394 0.1341 0.0156 0.2240 
      H196.1 11 0.0083 0.0909 0.0105 0.0244 0.0084 0.0121 0.8454 
      H196.2 11 0.0321 0.0216 0.0150 0.0749 0.0312 0.0129 0.8124 
      H196.3 11 0.0138 0.1543 0.0208 0.1176 0.0575 0.0338 0.6021 
      H196.4 11 0.0106 0.0317 0.0301 0.0283 0.0314 0.0078 0.8601 
      H196.5 11 0.0194 0.0186 0.0136 0.2814 0.0280 0.0088 0.6302 
      H196.6 11 0.0097 0.0067 0.0099 0.0255 0.0081 0.0066 0.9335 
 H356.1_2001 11 0.8117 0.0122 0.0212 0.0154 0.0148 0.0185 0.1063 
 H356.1_2002 11 0.9069 0.0132 0.0097 0.0113 0.0224 0.0276 0.0090 
 H356.2_2001 11 0.6047 0.0264 0.1491 0.0222 0.1357 0.0473 0.0147 
 H356.2_2002 11 0.8867 0.0090 0.0119 0.0136 0.0135 0.0161 0.0492 
 H356.3_2001 11 0.8619 0.0147 0.0279 0.0166 0.0370 0.0150 0.0269 
 H356.3_2002 11 0.8830 0.0098 0.0121 0.0326 0.0135 0.0373 0.0118 
 H356.4_2001 11 0.8807 0.0119 0.0350 0.0234 0.0182 0.0160 0.0148 
 H356.4_2002 11 0.9102 0.0121 0.0115 0.0114 0.0140 0.0236 0.0172 
 H356.5_2001 11 0.5181 0.0073 0.1783 0.0338 0.1254 0.1149 0.0221 
 H356.5_2002 11 0.9206 0.0060 0.0092 0.0187 0.0203 0.0146 0.0106 
 H356.6_2001 11 0.8756 0.0091 0.0201 0.0209 0.0236 0.0387 0.0120 
 H356.6_2002 11 0.9338 0.0091 0.0081 0.0104 0.0106 0.0084 0.0197 
 H356.7_2001 11 0.1326 0.0083 0.2603 0.0142 0.0623 0.5040 0.0182 
 H356.7_2002 11 0.9092 0.0127 0.0108 0.0070 0.0134 0.0075 0.0395 
      H356.8 11 0.8893 0.0139 0.0181 0.0094 0.0167 0.0129 0.0397 
      H360.1 11 0.6686 0.0159 0.0248 0.1806 0.0475 0.0255 0.0371 
     H360.10 11 0.9241 0.0118 0.0119 0.0141 0.0114 0.0162 0.0103 
      H360.2 11 0.9315 0.0092 0.0125 0.0089 0.0185 0.0084 0.0111 
      H360.3 11 0.7377 0.0181 0.0292 0.1001 0.0256 0.0206 0.0688 
      H360.4 11 0.9454 0.0068 0.0072 0.0119 0.0121 0.0089 0.0077 
      H360.5 11 0.9236 0.0103 0.0102 0.0108 0.0219 0.0116 0.0115 
      H360.6 11 0.8713 0.0178 0.0168 0.0425 0.0156 0.0109 0.0251 
      H360.7 11 0.9227 0.0084 0.0127 0.0101 0.0161 0.0143 0.0157 
      H360.8 11 0.9166 0.0105 0.0155 0.0189 0.0185 0.0115 0.0086 
      H360.9 11 0.8738 0.0131 0.0117 0.0188 0.0222 0.0401 0.0203 
 H369.1_2001 11 0.0434 0.0614 0.0843 0.2108 0.1008 0.0235 0.4758 
 H369.1_2002 11 0.0101 0.0371 0.8603 0.0183 0.0379 0.0128 0.0234 
      H369.2 11 0.0185 0.0186 0.6286 0.0264 0.1177 0.0235 0.1667 
      H369.3 11 0.0230 0.1087 0.5431 0.0365 0.1657 0.0532 0.0697 
      H369.4 11 0.0386 0.0228 0.2995 0.0532 0.3402 0.1269 0.1187 
      H369.5 11 0.0432 0.0138 0.0535 0.0534 0.7213 0.0237 0.0911 
      H369.6 11 0.0320 0.0281 0.3688 0.0437 0.3875 0.0484 0.0915 
      H374.1 11 0.0101 0.0091 0.1128 0.0602 0.7799 0.0148 0.0131 
      H374.2 11 0.0092 0.0104 0.6084 0.0068 0.3429 0.0124 0.0098 
      H374.3 11 0.0099 0.0135 0.6318 0.0071 0.3175 0.0122 0.0080 
      H374.4 11 0.0110 0.0099 0.0149 0.0123 0.9303 0.0075 0.0141 
      H374.5 11 0.0201 0.0124 0.2125 0.0154 0.7062 0.0156 0.0176 
      H374.6 11 0.0116 0.0116 0.0106 0.0085 0.9276 0.0067 0.0234 
      H374.7 11 0.0139 0.0124 0.0150 0.0090 0.9280 0.0068 0.0151 
      H376.1 11 0.8642 0.0087 0.0106 0.0449 0.0155 0.0303 0.0259 
      H376.2 11 0.9425 0.0074 0.0084 0.0077 0.0073 0.0103 0.0164 
      H376.3 11 0.6777 0.0171 0.1008 0.0507 0.0215 0.0882 0.0440 
      H376.4 11 0.9040 0.0092 0.0132 0.0100 0.0194 0.0220 0.0222 
      H376.5 11 0.9169 0.0118 0.0100 0.0115 0.0185 0.0150 0.0162 
      H376.6 11 0.7683 0.0111 0.0116 0.0322 0.0079 0.0164 0.1525 
      H381.1 11 0.0911 0.0236 0.0587 0.0253 0.5271 0.2491 0.0251 
      H381.2 11 0.0186 0.0119 0.0347 0.0118 0.8603 0.0511 0.0115 
      H381.3 11 0.0404 0.0145 0.0370 0.0348 0.4090 0.4551 0.0092 
      H381.4 11 0.0978 0.0215 0.0828 0.0120 0.7281 0.0432 0.0145 
      H381.5 11 0.0094 0.0129 0.0848 0.0080 0.8167 0.0423 0.0259 
      H381.6 11 0.0219 0.0163 0.0228 0.0291 0.4925 0.4052 0.0123 
      H381.7 11 0.0676 0.0179 0.0433 0.0102 0.6722 0.1683 0.0206 
      H386.1 11 0.0104 0.6989 0.2114 0.0147 0.0144 0.0352 0.0150 
      H386.2 11 0.0102 0.3444 0.5674 0.0117 0.0178 0.0315 0.0170 
      H386.3 11 0.0219 0.3367 0.4786 0.0285 0.0276 0.0784 0.0283 
      H386.4 11 0.0880 0.3471 0.1475 0.1200 0.0412 0.0988 0.1573 
      H386.5 11 0.0335 0.6732 0.0717 0.0408 0.0283 0.1139 0.0386 
      H386.6 11 0.0219 0.3883 0.0756 0.3159 0.1104 0.0692 0.0186 
 H387.1_2001 11 0.1963 0.0302 0.0307 0.0284 0.4535 0.0580 0.2030 
 H387.2_2001 11 0.7086 0.0107 0.0436 0.0067 0.1360 0.0099 0.0845 
 H387.3_2001 11 0.6739 0.0179 0.0389 0.0115 0.2152 0.0286 0.0139 
 H387.4_2001 11 0.2947 0.0251 0.0794 0.0145 0.4454 0.0465 0.0945 
 H387.5_2001 11 0.1861 0.0077 0.4728 0.0076 0.1784 0.0130 0.1344 
 H387.6_2001 11 0.1480 0.0091 0.0886 0.0122 0.3574 0.1292 0.2555 
 H387.7_2001 11 0.4322 0.0211 0.0689 0.0172 0.3161 0.0419 0.1026 
      H387.9 11 0.4513 0.0286 0.0633 0.0744 0.2895 0.0290 0.0639 
      H392.1 11 0.0062 0.0195 0.9351 0.0097 0.0097 0.0116 0.0083 
      H392.2 11 0.0063 0.0089 0.9269 0.0274 0.0080 0.0155 0.0071 
      H392.3 11 0.0066 0.0332 0.7109 0.0239 0.0173 0.0270 0.1811 
      H392.4 11 0.0087 0.0157 0.9207 0.0134 0.0126 0.0147 0.0142 
      H392.5 11 0.0142 0.0087 0.8613 0.0665 0.0147 0.0177 0.0171 
      H392.6 11 0.0058 0.0066 0.8548 0.0265 0.0153 0.0251 0.0659 
      H392.7 11 0.0093 0.0072 0.8481 0.0650 0.0161 0.0451 0.0093 
 H393.1_2001 11 0.5688 0.0121 0.0090 0.0171 0.3642 0.0092 0.0197 
 H393.1_2002 11 0.0191 0.0170 0.0362 0.0122 0.8985 0.0093 0.0078 
 H393.2_2001 11 0.0124 0.0086 0.0076 0.0169 0.9384 0.0060 0.0101 
 H393.2_2002 11 0.0422 0.0125 0.0413 0.0424 0.8347 0.0126 0.0142 
 H393.3_2001 11 0.0522 0.0133 0.0080 0.0841 0.8219 0.0091 0.0113 
 H393.3_2002 11 0.0308 0.0161 0.0100 0.0087 0.9106 0.0069 0.0170 
 H393.4_2001 11 0.4018 0.0157 0.0202 0.0262 0.5145 0.0110 0.0107 
 H393.4_2002 11 0.0367 0.0094 0.0093 0.0292 0.8988 0.0079 0.0087 
      H393.5 11 0.5641 0.0138 0.0123 0.0583 0.3062 0.0080 0.0373 
      H393.7 11 0.6271 0.0165 0.0099 0.0234 0.2728 0.0090 0.0413 
      H393.8 11 0.5127 0.0201 0.0129 0.1780 0.2283 0.0199 0.0279 
      H393.9 11 0.1006 0.0353 0.0720 0.0600 0.6866 0.0287 0.0168 
      H394.1 11 0.0385 0.0300 0.0257 0.0628 0.5724 0.0279 0.2426 
      H394.2 11 0.0404 0.0480 0.1318 0.0365 0.4797 0.0767 0.1870 
      H394.3 11 0.3800 0.0208 0.0806 0.1209 0.2447 0.1129 0.0401 
      H394.4 11 0.0084 0.0065 0.0172 0.0144 0.9196 0.0090 0.0247 
      H394.5 11 0.0162 0.0204 0.0074 0.2774 0.6281 0.0219 0.0287 
      H394.6 11 0.0119 0.0124 0.0243 0.0637 0.8404 0.0279 0.0194 
      H394.7 11 0.0082 0.0095 0.2605 0.0171 0.6804 0.0114 0.0128 
      H394.8 11 0.1289 0.0216 0.0115 0.1087 0.4955 0.0885 0.1453 
      H394.9 11 0.0155 0.0045 0.0158 0.0321 0.8579 0.0178 0.0564 
      H412.1 11 0.0111 0.0056 0.7961 0.0184 0.0688 0.0189 0.0810 
      H412.2 11 0.0139 0.0198 0.8064 0.0185 0.0448 0.0587 0.0379 
      H412.3 11 0.0435 0.0059 0.5004 0.0158 0.0243 0.0441 0.3660 
      H412.4 11 0.0106 0.0153 0.8088 0.0218 0.0861 0.0383 0.0191 
      H412.5 11 0.0112 0.0045 0.7338 0.0246 0.1443 0.0175 0.0643 
      H412.6 11 0.0192 0.0074 0.5509 0.0145 0.2542 0.0174 0.1364 
      H412.7 11 0.0114 0.0057 0.8706 0.0175 0.0367 0.0275 0.0305 
      H412.8 11 0.0469 0.0068 0.6305 0.0187 0.1024 0.1581 0.0366 
      H412.9 11 0.0104 0.0044 0.8718 0.0147 0.0417 0.0147 0.0422 
        H439 11 0.4910 0.0475 0.0379 0.1136 0.0787 0.1235 0.1079 
      H439.1 11 0.2759 0.0240 0.0453 0.0894 0.1228 0.1283 0.3143 
      H439.2 11 0.3590 0.0220 0.0755 0.0413 0.0389 0.1588 0.3046 
      H439.3 11 0.2726 0.0637 0.0452 0.0492 0.3096 0.2097 0.0500 
      H439.4 11 0.0960 0.0307 0.0356 0.4991 0.0660 0.2284 0.0443 
      H439.5 11 0.1456 0.0465 0.0787 0.1342 0.2874 0.2559 0.0518 
      H439.6 11 0.7487 0.0077 0.0274 0.0927 0.0308 0.0478 0.0449 
      H439.7 11 0.2156 0.0590 0.0412 0.0799 0.1213 0.3578 0.1253 
      H439.8 11 0.3841 0.0169 0.0232 0.0453 0.1673 0.2275 0.1356 
      H439.9 11 0.4206 0.0270 0.0207 0.0424 0.0182 0.3940 0.0772 
 H441.1_2004 11 0.0327 0.5138 0.0832 0.0643 0.1294 0.0415 0.1351 
 H441.1_2005 11 0.0085 0.0383 0.4262 0.0135 0.0113 0.0230 0.4790 
 H441.2_2004 11 0.0151 0.0410 0.0106 0.0167 0.0107 0.0174 0.8885 
 H441.2_2005 11 0.0092 0.0176 0.4078 0.0201 0.0183 0.0211 0.5058 
 H441.3_2004 11 0.0196 0.0277 0.0289 0.0239 0.0130 0.0211 0.8658 
 H441.3_2005 11 0.0115 0.1041 0.0552 0.0291 0.0468 0.0283 0.7251 
 H441.4_2004 11 0.0088 0.1227 0.0235 0.0132 0.0120 0.0192 0.8006 
 H441.4_2005 11 0.0096 0.0154 0.5912 0.0128 0.1118 0.0147 0.2446 
 H441.5_2004 11 0.0104 0.2139 0.0126 0.0293 0.0092 0.0261 0.6983 
 H441.5_2005 11 0.0097 0.0536 0.8029 0.0174 0.0251 0.0149 0.0763 
 H441.6_2004 11 0.0127 0.0084 0.0099 0.0112 0.0093 0.0257 0.9228 
 H441.6_2005 11 0.0110 0.0139 0.0504 0.0188 0.0165 0.0136 0.8759 
 H441.7_2004 11 0.0084 0.0236 0.0066 0.0094 0.0202 0.0120 0.9199 
 H441.7_2005 11 0.0222 0.0199 0.2553 0.0333 0.4994 0.0213 0.1487 
 H441.8_2004 11 0.0113 0.0185 0.0082 0.0130 0.0137 0.0079 0.9274 
 H441.8_2005 11 0.0114 0.0313 0.2568 0.0102 0.0342 0.0182 0.6379 
 H441.9_2004 11 0.0445 0.0854 0.0528 0.0749 0.0188 0.4326 0.2910 
 H441.9_2005 11 0.0165 0.0128 0.5024 0.0814 0.0336 0.0095 0.3438 
 H442.1_2004 11 0.0217 0.0049 0.0193 0.0054 0.0090 0.9317 0.0080 
 H442.1_2005 11 0.0945 0.0133 0.0739 0.0190 0.0350 0.7374 0.0269 
 H442.2_2004 11 0.0540 0.0069 0.0398 0.0242 0.0226 0.8141 0.0382 
 H442.2_2005 11 0.0308 0.0221 0.2284 0.0420 0.0694 0.5843 0.0230 
 H442.3_2004 11 0.0079 0.0129 0.0289 0.0118 0.0092 0.9183 0.0109 
 H442.3_2005 11 0.0512 0.0079 0.0190 0.0480 0.0761 0.7385 0.0593 
 H442.4_2004 11 0.0158 0.0729 0.3242 0.1037 0.0498 0.4215 0.0121 
 H442.4_2005 11 0.0358 0.0234 0.0781 0.0224 0.0580 0.6790 0.1034 
 H442.5_2004 11 0.0096 0.0149 0.2561 0.0090 0.0157 0.6840 0.0107 
 H442.5_2005 11 0.0207 0.0112 0.0668 0.0146 0.0990 0.7584 0.0293 
 H442.6_2004 11 0.0149 0.0071 0.0523 0.0151 0.0317 0.8378 0.0410 
 H442.6_2005 11 0.0224 0.0097 0.0129 0.0117 0.0426 0.8909 0.0098 
      H442.7 11 0.0351 0.0134 0.1034 0.0260 0.2207 0.4363 0.1651 
      H442.8 11 0.0082 0.0077 0.1368 0.0108 0.0589 0.7525 0.0251 
      H442.9 11 0.0179 0.0138 0.0298 0.0149 0.0157 0.8958 0.0119 
      H446.1 11 0.0242 0.0292 0.0236 0.0118 0.0266 0.7899 0.0947 
      H446.2 11 0.0599 0.0192 0.0259 0.0164 0.0326 0.8131 0.0328 
      H446.3 11 0.0508 0.2559 0.1109 0.0227 0.0684 0.4156 0.0757 
      H446.4 11 0.0555 0.1534 0.0322 0.0489 0.0785 0.3850 0.2464 
      H446.5 11 0.0688 0.4626 0.0765 0.0135 0.0317 0.2774 0.0695 
      H446.6 11 0.0175 0.0344 0.0226 0.0198 0.0173 0.3438 0.5446 
      H446.7 11 0.0660 0.0397 0.0586 0.1070 0.0829 0.3703 0.2754 
      H447.1 11 0.0112 0.0098 0.0095 0.1240 0.0170 0.8115 0.0171 
      H447.2 11 0.0215 0.0225 0.0199 0.2104 0.1434 0.5603 0.0219 
      H447.3 11 0.0091 0.0211 0.0206 0.0281 0.0379 0.8623 0.0208 
      H447.4 11 0.0098 0.0135 0.0168 0.1046 0.0226 0.8012 0.0315 
      H447.5 11 0.0079 0.0207 0.0347 0.0298 0.0203 0.8621 0.0245 
      H447.6 11 0.0348 0.0357 0.0177 0.2092 0.1195 0.5551 0.0280 
      H447.7 11 0.0118 0.0176 0.0387 0.0452 0.0167 0.8354 0.0346 
      H447.8 11 0.0096 0.0180 0.0321 0.0284 0.0188 0.8454 0.0477 
      H447.9 11 0.0063 0.0151 0.0099 0.0306 0.0218 0.9061 0.0101 
      H448.1 11 0.1385 0.0066 0.0588 0.1884 0.1134 0.4258 0.0684 
      H448.2 11 0.1073 0.0072 0.0448 0.0355 0.1210 0.0391 0.6453 
      H448.3 11 0.1283 0.0049 0.1386 0.2913 0.2578 0.0616 0.1176 
      H448.4 11 0.0899 0.0129 0.0431 0.0727 0.2759 0.0377 0.4678 
      H586.1 11 0.0123 0.0071 0.0097 0.0101 0.0081 0.9389 0.0138 
     H586.10 11 0.0106 0.0249 0.0227 0.0102 0.0099 0.9075 0.0141 
      H586.2 11 0.0109 0.0090 0.0119 0.0109 0.0086 0.9328 0.0158 
      H586.3 11 0.0195 0.0122 0.0154 0.0092 0.0101 0.9195 0.0140 
      H586.4 11 0.0390 0.0151 0.0074 0.0100 0.0077 0.8957 0.0251 
      H586.5 11 0.0169 0.0460 0.0117 0.0105 0.0186 0.8832 0.0130 
      H586.6 11 0.0182 0.0064 0.0076 0.0104 0.0109 0.9254 0.0212 
      H586.7 11 0.0117 0.0125 0.0093 0.0054 0.0112 0.9421 0.0078 
      H586.8 11 0.0073 0.0061 0.0060 0.0079 0.0087 0.9500 0.0139 
      H586.9 11 0.0186 0.0293 0.0113 0.0068 0.0085 0.9080 0.0174 
      H590.1 11 0.3737 0.0164 0.0235 0.1366 0.2458 0.1914 0.0126 
     H590.10 11 0.5397 0.0231 0.0152 0.1013 0.2307 0.0806 0.0095 
      H590.2 11 0.0284 0.0100 0.1101 0.0594 0.3154 0.4352 0.0415 
      H590.3 11 0.0883 0.0095 0.0215 0.0652 0.7437 0.0453 0.0265 
      H590.4 11 0.0163 0.0105 0.0120 0.0541 0.8884 0.0114 0.0072 
      H590.5 11 0.0273 0.0408 0.0311 0.0883 0.5645 0.2316 0.0163 
      H590.6 11 0.0296 0.0235 0.0176 0.0242 0.8202 0.0709 0.0140 
      H590.7 11 0.0724 0.0432 0.0602 0.0369 0.6827 0.0799 0.0247 
      H590.8 11 0.6636 0.0093 0.0173 0.0599 0.2083 0.0311 0.0106 
      H610.1 11 0.0722 0.0292 0.1626 0.0584 0.0110 0.5594 0.1071 
      H610.2 11 0.0481 0.0098 0.0305 0.0115 0.0398 0.5711 0.2891 
      H610.3 11 0.0444 0.0543 0.5968 0.0444 0.0297 0.1050 0.1255 
      H610.4 11 0.1117 0.0171 0.0628 0.0225 0.0215 0.5123 0.2521 
      H610.5 11 0.0210 0.0606 0.0871 0.0829 0.0086 0.5736 0.1662 
      H610.6 11 0.0328 0.0067 0.0180 0.0452 0.0077 0.5394 0.3503 
      H610.7 11 0.0799 0.0135 0.1016 0.1189 0.0145 0.4411 0.2304 
      H610.8 11 0.1031 0.0169 0.5104 0.0091 0.0164 0.2772 0.0670 
      H610.9 11 0.1083 0.0446 0.3740 0.0906 0.0359 0.1952 0.1514 
      H611.1 11 0.0141 0.0092 0.1618 0.0360 0.0091 0.7505 0.0194 
      H611.2 11 0.0073 0.0086 0.0080 0.0061 0.0073 0.9546 0.0082 
      H611.3 11 0.0080 0.0069 0.0381 0.0061 0.0083 0.9191 0.0136 
      H611.4 11 0.0083 0.0068 0.0267 0.0095 0.0114 0.9247 0.0127 
      H611.5 11 0.0133 0.0127 0.0762 0.0477 0.0138 0.8104 0.0259 
      H611.6 11 0.0086 0.0066 0.0175 0.0080 0.0107 0.9403 0.0083 
 H7379.1_200 11 0.0221 0.0083 0.0975 0.3423 0.0123 0.2701 0.2474 
 H7379.1_200 11 0.0194 0.0121 0.0176 0.0697 0.0119 0.0159 0.8534 
 H7379.2_200 11 0.0189 0.0147 0.5677 0.1000 0.0137 0.0948 0.1903 
 H7379.2_200 11 0.0498 0.0068 0.0358 0.6000 0.0196 0.1436 0.1442 
 H7379.3_200 11 0.0197 0.0187 0.2128 0.2783 0.0220 0.1951 0.2534 
 H7379.3_200 11 0.0232 0.0077 0.0188 0.0818 0.0175 0.0477 0.8032 
 H7379.4_200 11 0.0121 0.0180 0.1446 0.1410 0.2402 0.1612 0.2830 
 H7379.4_200 11 0.1006 0.0050 0.0202 0.0899 0.0222 0.0988 0.6633 
 H7379.5_200 11 0.0158 0.0102 0.6436 0.0327 0.0247 0.0286 0.2443 
 H7379.5_200 11 0.0119 0.0076 0.0098 0.0276 0.0092 0.0207 0.9132 
 H7379.6_200 11 0.0174 0.0197 0.0670 0.3927 0.0262 0.2143 0.2628 
 H7379.6_200 11 0.0355 0.0091 0.0198 0.1731 0.0155 0.3217 0.4252 
 H7379.7_200 11 0.0308 0.0225 0.4257 0.0999 0.0148 0.0272 0.3792 
 H7379.7_200 11 0.0322 0.0064 0.0299 0.3213 0.0188 0.1915 0.3999 
     H7379.8 11 0.0193 0.0053 0.0117 0.2383 0.0170 0.3590 0.3493 
      H741.1 11 0.0256 0.0074 0.1125 0.0200 0.0484 0.7773 0.0089 
      H741.2 11 0.0159 0.0104 0.0212 0.0118 0.0246 0.9096 0.0065 
      H741.3 11 0.0300 0.0154 0.0407 0.0289 0.0150 0.8581 0.0118 
      H741.4 11 0.0318 0.0080 0.0188 0.0125 0.0212 0.8960 0.0119 
      H741.5 11 0.0106 0.0095 0.0414 0.0135 0.0741 0.8445 0.0064 
      H741.6 11 0.0132 0.0086 0.0189 0.0184 0.0191 0.9152 0.0066 
      H741.7 11 0.1003 0.0213 0.2173 0.0555 0.1492 0.4346 0.0217 
      H741.8 11 0.0207 0.0074 0.0344 0.0201 0.0251 0.8758 0.0164 
      H927.1 11 0.0130 0.0227 0.2192 0.0278 0.0260 0.0483 0.6429 
      H927.2 11 0.0471 0.0811 0.2286 0.0390 0.0216 0.3082 0.2744 
      H927.3 11 0.0096 0.0358 0.1219 0.0293 0.0242 0.0242 0.7549 
      H927.4 11 0.0259 0.0851 0.4785 0.0156 0.0213 0.0655 0.3080 
      H927.5 11 0.0116 0.0351 0.1085 0.0789 0.0363 0.0630 0.6667 
      H927.6 11 0.0244 0.0098 0.2131 0.0304 0.0326 0.1529 0.5368 
      H928.1 11 0.0289 0.0229 0.0095 0.0191 0.0080 0.9047 0.0070 
      H928.2 11 0.0441 0.0243 0.0354 0.0268 0.0494 0.7854 0.0346 
      H928.3 11 0.2328 0.0124 0.0100 0.0129 0.0179 0.6974 0.0166 
      H928.4 11 0.2559 0.0339 0.0752 0.0233 0.0304 0.5320 0.0492 
      H928.5 11 0.0782 0.0180 0.0201 0.0080 0.0194 0.8459 0.0104 
      H928.6 11 0.0929 0.0209 0.0216 0.0096 0.0315 0.8115 0.0122 
      H928.7 11 0.1484 0.0104 0.0119 0.0139 0.0158 0.7853 0.0142 
     H9560.1 11 0.0191 0.0123 0.0313 0.0299 0.2070 0.6378 0.0627 
    H9560.10 11 0.0146 0.0198 0.0199 0.0295 0.6850 0.2035 0.0278 
     H9560.2 11 0.0159 0.0065 0.7048 0.0106 0.0633 0.1713 0.0277 
     H9560.3 11 0.0149 0.0091 0.0910 0.0718 0.2280 0.5160 0.0692 
     H9560.4 11 0.0166 0.0079 0.4716 0.0188 0.2390 0.2119 0.0341 
     H9560.5 11 0.0198 0.0119 0.5328 0.0124 0.0847 0.3125 0.0260 
     H9560.6 11 0.0121 0.0104 0.0815 0.0232 0.0613 0.7110 0.1005 
     H9560.7 11 0.0158 0.0100 0.1283 0.0273 0.0524 0.6825 0.0837 
     H9560.8 11 0.0129 0.0115 0.0247 0.0265 0.1459 0.7554 0.0231 
     H9560.9 11 0.0121 0.0093 0.0975 0.0324 0.1559 0.3153 0.3774 
    Rad451.1 11 0.0220 0.0099 0.8273 0.0077 0.0142 0.1041 0.0148 
    Rad451.2 11 0.0127 0.0169 0.9119 0.0091 0.0100 0.0184 0.0210 
    Rad451.3 11 0.0440 0.0118 0.4158 0.0095 0.0145 0.4820 0.0225 
      H409.1 12 0.0122 0.0078 0.8834 0.0083 0.0092 0.0116 0.0676 
     H409.10 12 0.0260 0.0101 0.1714 0.0222 0.0252 0.1033 0.6419 
      H409.2 12 0.0103 0.0091 0.9164 0.0052 0.0111 0.0093 0.0386 
      H409.3 12 0.0104 0.0156 0.8282 0.0148 0.0148 0.0106 0.1057 
      H409.4 12 0.0192 0.0085 0.8879 0.0103 0.0130 0.0099 0.0512 
      H409.5 12 0.0165 0.0078 0.8037 0.0123 0.0174 0.0177 0.1246 
      H409.6 12 0.0563 0.0765 0.5972 0.0513 0.0415 0.0144 0.1629 
      H409.7 12 0.0277 0.0177 0.4274 0.0222 0.0080 0.0218 0.4753 
      H409.8 12 0.0092 0.0085 0.8017 0.0212 0.0364 0.0151 0.1079 
      H409.9 12 0.0186 0.0433 0.0654 0.0244 0.7787 0.0419 0.0279 
      H413.1 12 0.7690 0.0079 0.0117 0.0078 0.0192 0.0118 0.1726 
      H413.2 12 0.2938 0.0154 0.0178 0.0166 0.0863 0.0096 0.5605 
      H413.3 12 0.2089 0.0160 0.0129 0.0389 0.0700 0.0171 0.6362 
      H413.4 12 0.1779 0.0331 0.0237 0.0156 0.0489 0.0108 0.6901 
      H413.5 12 0.1016 0.0467 0.0154 0.0644 0.4182 0.0185 0.3353 
      H413.6 12 0.2064 0.0349 0.0449 0.0375 0.1937 0.0384 0.4444 
      H413.7 12 0.1203 0.0121 0.0537 0.0252 0.1534 0.0130 0.6223 
      H563.1 12 0.0190 0.0065 0.0143 0.0322 0.3230 0.0110 0.5939 
      H563.2 12 0.0113 0.0095 0.0223 0.0078 0.0197 0.0077 0.9216 
      H563.3 12 0.0275 0.0102 0.0130 0.1731 0.1087 0.0194 0.6481 
      H563.4 12 0.0353 0.0239 0.0217 0.0171 0.0375 0.0078 0.8567 
      H563.5 12 0.0418 0.0094 0.0189 0.1021 0.2200 0.0226 0.5852 
      H563.6 12 0.0177 0.0168 0.0316 0.0144 0.0175 0.0096 0.8924 
      H563.7 12 0.0361 0.0072 0.0368 0.0134 0.0132 0.0093 0.8839 
      H563.8 12 0.0201 0.0128 0.0236 0.1839 0.2211 0.0265 0.5120 
      H563.9 12 0.0252 0.0088 0.0165 0.0508 0.0366 0.0111 0.8509 
     H7374.1 12 0.0335 0.0139 0.7365 0.0178 0.0153 0.0291 0.1539 
     H7374.2 12 0.0178 0.0416 0.5259 0.0356 0.1140 0.2087 0.0564 
     H7374.3 12 0.0198 0.0217 0.4943 0.0272 0.0436 0.0734 0.3200 
     H7374.4 12 0.0299 0.0203 0.8668 0.0058 0.0313 0.0115 0.0344 
     H7374.5 12 0.0125 0.0101 0.8937 0.0074 0.0337 0.0197 0.0229 
     H7374.6 12 0.0122 0.0830 0.8147 0.0066 0.0278 0.0125 0.0432 
     H7374.7 12 0.0300 0.0501 0.8634 0.0102 0.0088 0.0154 0.0222 
     H7374.8 12 0.0228 0.0184 0.8621 0.0106 0.0212 0.0128 0.0521 
     H7374.9 12 0.0111 0.0185 0.9042 0.0105 0.0201 0.0213 0.0144 
     H9563.1 12 0.0160 0.0155 0.0111 0.0290 0.0096 0.0221 0.8966 
     H9563.2 12 0.0508 0.0176 0.0129 0.0314 0.0141 0.0203 0.8530 
     H9563.3 12 0.0425 0.0100 0.0137 0.0126 0.0066 0.0225 0.8922 
     H9563.4 12 0.0592 0.0164 0.0526 0.0326 0.0244 0.0205 0.7944 
     H9563.5 12 0.0365 0.0373 0.0153 0.0839 0.0103 0.0221 0.7946 
     H9563.6 12 0.1330 0.0129 0.0156 0.0477 0.0096 0.0646 0.7167 
     H9563.7 12 0.0802 0.0169 0.0181 0.0333 0.0117 0.0718 0.7680 
     H9563.8 12 0.0784 0.0276 0.0582 0.0146 0.0252 0.0533 0.7425 
     H9563.9 12 0.0387 0.0189 0.0231 0.0253 0.0133 0.0577 0.8230 
     H9572.1 12 0.0509 0.0387 0.2238 0.4796 0.1012 0.0256 0.0802 
     H9572.2 12 0.0377 0.0224 0.1035 0.6970 0.0280 0.0163 0.0951 
     H9572.3 12 0.0275 0.0096 0.7091 0.1263 0.0282 0.0242 0.0752 
     H9572.4 12 0.0215 0.0160 0.3205 0.5847 0.0156 0.0197 0.0219 
     H9572.5 12 0.0356 0.0279 0.4763 0.3611 0.0622 0.0220 0.0149 
