      H105.1  1 0.0036 0.0029 0.0038 0.0037 0.0027 0.0035 0.0069 0.0037 0.0042 0.0038 0.0029 0.0042 0.0033 0.0027 0.0035 0.0046 0.0043 0.0027 0.0022 0.0027 0.0027 0.0025 0.0044 0.0047 0.0039 0.0037 0.0030 0.0033 0.0036 0.0034 0.0020 0.0056 0.0020 0.0030 0.0030 0.0043 0.0029 0.0055 0.0039 0.0039 0.0029 0.8439 0.0024 0.0041 0.0037 
      H105.2  1 0.0057 0.0034 0.0061 0.0049 0.0037 0.0117 0.0027 0.0062 0.0051 0.0058 0.0063 0.0052 0.0025 0.0062 0.0035 0.0029 0.0030 0.0036 0.0048 0.0043 0.0037 0.0037 0.0040 0.0107 0.0062 0.0047 0.0020 0.0044 0.0035 0.0056 0.0041 0.0063 0.0048 0.0032 0.0030 0.0042 0.0064 0.0058 0.0052 0.0067 0.0061 0.7842 0.0029 0.0060 0.0051 
      H105.3  1 0.0029 0.0032 0.0027 0.0026 0.0026 0.0028 0.0063 0.0031 0.0028 0.0027 0.0018 0.0034 0.0027 0.0045 0.0023 0.0037 0.0027 0.0021 0.0021 0.0035 0.0024 0.0027 0.0026 0.0031 0.0032 0.0025 0.0027 0.0027 0.0026 0.0024 0.0021 0.0029 0.0027 0.0028 0.0038 0.0026 0.0034 0.0028 0.0024 0.0028 0.0034 0.8727 0.0026 0.0026 0.0031 
      H105.4  1 0.0043 0.0034 0.0058 0.0055 0.0038 0.0051 0.0043 0.0057 0.0051 0.0055 0.0032 0.0047 0.0026 0.0034 0.0043 0.0032 0.0032 0.0039 0.0022 0.0030 0.0049 0.0053 0.0043 0.0033 0.0041 0.0044 0.0028 0.0052 0.0022 0.0056 0.0033 0.0044 0.0072 0.0064 0.0038 0.0041 0.0049 0.0042 0.0049 0.0048 0.0038 0.8111 0.0044 0.0040 0.0045 
      H105.5  1 0.0081 0.0040 0.0072 0.0079 0.0058 0.0064 0.0027 0.0062 0.0092 0.0088 0.0057 0.0070 0.0036 0.0028 0.0062 0.0030 0.0114 0.0048 0.0027 0.0033 0.0048 0.0049 0.0064 0.0056 0.0067 0.0084 0.0035 0.0072 0.0039 0.0086 0.0036 0.0159 0.0051 0.0039 0.0046 0.0103 0.0090 0.0073 0.0083 0.0094 0.0066 0.7207 0.0026 0.0074 0.0083 
      H105.6  1 0.0063 0.0039 0.0033 0.0048 0.0115 0.0030 0.0046 0.0070 0.0052 0.0063 0.0029 0.0074 0.0034 0.0033 0.0035 0.0038 0.0059 0.0059 0.0031 0.0061 0.0040 0.0039 0.0053 0.0035 0.0068 0.0050 0.0033 0.0055 0.0044 0.0057 0.0066 0.0059 0.0117 0.0098 0.0043 0.0053 0.0056 0.0045 0.0063 0.0065 0.0064 0.7619 0.0053 0.0048 0.0063 
      H105.7  1 0.0073 0.0030 0.0073 0.0054 0.0041 0.0042 0.0154 0.0069 0.0086 0.0072 0.0045 0.0055 0.0024 0.0045 0.0044 0.0076 0.0051 0.0139 0.0032 0.0073 0.0043 0.0043 0.0058 0.0079 0.0058 0.0073 0.0033 0.0050 0.0053 0.0068 0.0047 0.0092 0.0051 0.0029 0.0062 0.0060 0.0058 0.0079 0.0076 0.0070 0.0067 0.7294 0.0028 0.0068 0.0084 
      H105.8  1 0.0042 0.0030 0.0029 0.0033 0.0033 0.0024 0.0037 0.0029 0.0028 0.0035 0.0030 0.0037 0.0020 0.0075 0.0022 0.0031 0.0021 0.0028 0.0038 0.0035 0.0038 0.0030 0.0033 0.0036 0.0036 0.0032 0.0021 0.0036 0.0024 0.0036 0.0034 0.0029 0.0036 0.0022 0.0025 0.0037 0.0037 0.0032 0.0036 0.0027 0.0036 0.8569 0.0030 0.0039 0.0032 
      H115.1  1 0.0624 0.0047 0.0069 0.0180 0.0321 0.0341 0.0048 0.1171 0.0223 0.0164 0.0057 0.0182 0.0136 0.0089 0.0095 0.0037 0.0085 0.0045 0.0062 0.0686 0.0901 0.0050 0.0150 0.0048 0.0184 0.0274 0.0039 0.0241 0.0053 0.0175 0.0066 0.0517 0.0200 0.0031 0.0079 0.0184 0.0220 0.0204 0.0172 0.0205 0.0797 0.0045 0.0037 0.0200 0.0268 
      H115.2  1 0.0483 0.0030 0.0063 0.0229 0.0559 0.0770 0.0052 0.0932 0.0171 0.0162 0.0083 0.0227 0.0037 0.0037 0.0085 0.0044 0.0316 0.0066 0.0066 0.0111 0.1470 0.0063 0.0177 0.0076 0.0221 0.0200 0.0033 0.0339 0.0069 0.0246 0.0199 0.0205 0.0048 0.0035 0.0052 0.0150 0.0160 0.0179 0.0290 0.0185 0.0654 0.0035 0.0028 0.0120 0.0245 
      H115.3  1 0.0094 0.0027 0.0036 0.0120 0.1164 0.4539 0.0063 0.0351 0.0088 0.0131 0.0026 0.0087 0.0078 0.0033 0.0119 0.0041 0.0081 0.0020 0.0047 0.0040 0.0494 0.0086 0.0138 0.0041 0.0138 0.0084 0.0037 0.0113 0.0084 0.0082 0.0191 0.0097 0.0045 0.0029 0.0070 0.0165 0.0118 0.0085 0.0152 0.0116 0.0116 0.0078 0.0048 0.0119 0.0089 
      H115.4  1 0.0072 0.0023 0.0071 0.0101 0.0042 0.6330 0.0031 0.0162 0.0067 0.0068 0.0095 0.0075 0.0166 0.0255 0.0111 0.0031 0.0042 0.0035 0.0058 0.0034 0.0327 0.0070 0.0083 0.0110 0.0081 0.0065 0.0063 0.0060 0.0119 0.0074 0.0040 0.0096 0.0043 0.0042 0.0031 0.0102 0.0066 0.0097 0.0086 0.0072 0.0144 0.0030 0.0057 0.0109 0.0064 
      H115.5  1 0.0328 0.0026 0.0056 0.0204 0.1349 0.0534 0.0047 0.0309 0.0404 0.0267 0.0066 0.0385 0.0365 0.0059 0.0196 0.0059 0.0073 0.0042 0.0038 0.0152 0.0318 0.0080 0.0276 0.0062 0.0231 0.0217 0.0085 0.0216 0.0113 0.0234 0.0477 0.0237 0.0056 0.0053 0.0044 0.0330 0.0215 0.0398 0.0206 0.0197 0.0162 0.0234 0.0058 0.0254 0.0290 
      H115.6  1 0.0129 0.0060 0.0041 0.0089 0.1059 0.4516 0.0045 0.0217 0.0094 0.0126 0.0062 0.0114 0.0113 0.0039 0.0172 0.0053 0.0151 0.0042 0.0139 0.0029 0.0056 0.0117 0.0097 0.0072 0.0138 0.0130 0.0040 0.0129 0.0460 0.0109 0.0139 0.0070 0.0038 0.0064 0.0102 0.0091 0.0107 0.0160 0.0103 0.0108 0.0077 0.0038 0.0021 0.0162 0.0087 
      H115.7  1 0.0238 0.0049 0.0106 0.0182 0.0185 0.3667 0.0052 0.0161 0.0205 0.0196 0.0095 0.0184 0.0056 0.0054 0.0123 0.0032 0.0117 0.0063 0.0108 0.0631 0.0293 0.0079 0.0199 0.0057 0.0112 0.0316 0.0066 0.0116 0.0073 0.0161 0.0048 0.0147 0.0129 0.0038 0.0123 0.0197 0.0212 0.0203 0.0093 0.0167 0.0225 0.0045 0.0035 0.0150 0.0210 
      H115.8  1 0.0193 0.0036 0.0043 0.0170 0.2763 0.1537 0.0059 0.0193 0.0168 0.0105 0.0063 0.0174 0.0110 0.0042 0.0136 0.0058 0.0116 0.0036 0.0124 0.0051 0.0687 0.0063 0.0125 0.0061 0.0220 0.0127 0.0040 0.0138 0.0092 0.0225 0.0109 0.0225 0.0033 0.0024 0.0082 0.0183 0.0237 0.0191 0.0198 0.0144 0.0190 0.0095 0.0021 0.0167 0.0149 
      H115.9  1 0.0469 0.0030 0.0049 0.0143 0.3159 0.0263 0.0051 0.0663 0.0145 0.0148 0.0041 0.0160 0.0067 0.0142 0.0120 0.0046 0.0331 0.0036 0.0044 0.0158 0.0175 0.0081 0.0122 0.0061 0.0200 0.0163 0.0030 0.0126 0.0052 0.0151 0.0219 0.0393 0.0166 0.0021 0.0151 0.0154 0.0166 0.0158 0.0201 0.0142 0.0454 0.0047 0.0041 0.0115 0.0146 
      H145.1  1 0.0071 0.0067 0.0101 0.0078 0.0081 0.0050 0.0084 0.0068 0.0082 0.0092 0.0043 0.0067 0.0049 0.0030 0.0039 0.0038 0.0092 0.0181 0.0158 0.0023 0.0035 0.0043 0.0062 0.0034 0.0068 0.0107 0.7026 0.0056 0.0100 0.0060 0.0054 0.0072 0.0056 0.0042 0.0038 0.0058 0.0070 0.0079 0.0067 0.0079 0.0090 0.0028 0.0039 0.0068 0.0075 
      H145.2  1 0.0061 0.0038 0.0048 0.0075 0.0080 0.0057 0.0044 0.0068 0.0067 0.0053 0.0021 0.0054 0.0067 0.0051 0.0051 0.0036 0.0035 0.0051 0.0096 0.0023 0.0035 0.0060 0.0077 0.0038 0.0072 0.0082 0.7376 0.0075 0.0085 0.0070 0.0046 0.0080 0.0033 0.0078 0.0085 0.0067 0.0071 0.0073 0.0071 0.0063 0.0065 0.0030 0.0052 0.0069 0.0071 
      H145.3  1 0.0034 0.0036 0.0033 0.0037 0.0051 0.0027 0.0028 0.0030 0.0031 0.0036 0.0020 0.0034 0.0023 0.0023 0.0028 0.0033 0.0025 0.0026 0.0293 0.0022 0.0027 0.0022 0.0033 0.0025 0.0040 0.0029 0.8446 0.0023 0.0023 0.0040 0.0021 0.0037 0.0032 0.0023 0.0020 0.0024 0.0027 0.0033 0.0024 0.0032 0.0027 0.0024 0.0034 0.0031 0.0034 
      H145.4  1 0.0061 0.0047 0.0094 0.0045 0.0049 0.0029 0.0048 0.0052 0.0055 0.0046 0.0043 0.0079 0.0034 0.0027 0.0056 0.0027 0.0057 0.0252 0.0044 0.0030 0.0028 0.0040 0.0060 0.0028 0.0048 0.0066 0.7626 0.0038 0.0055 0.0061 0.0034 0.0052 0.0046 0.0040 0.0090 0.0078 0.0054 0.0048 0.0054 0.0057 0.0055 0.0029 0.0026 0.0059 0.0052 
      H145.5  1 0.0034 0.0038 0.0045 0.0038 0.0043 0.0026 0.0026 0.0039 0.0032 0.0040 0.0027 0.0029 0.0031 0.0025 0.0033 0.0037 0.0025 0.0045 0.0534 0.0024 0.0018 0.0026 0.0035 0.0025 0.0042 0.0035 0.8110 0.0024 0.0031 0.0032 0.0020 0.0029 0.0025 0.0022 0.0029 0.0036 0.0035 0.0036 0.0039 0.0033 0.0031 0.0030 0.0018 0.0034 0.0035 
      H145.6  1 0.0041 0.0035 0.0042 0.0044 0.0030 0.0023 0.0034 0.0054 0.0058 0.0057 0.0020 0.0052 0.0050 0.0042 0.0040 0.0029 0.0030 0.0092 0.0036 0.0024 0.0028 0.0041 0.0058 0.0044 0.0057 0.0065 0.7903 0.0051 0.0050 0.0059 0.0039 0.0061 0.0033 0.0089 0.0112 0.0066 0.0053 0.0048 0.0046 0.0048 0.0050 0.0029 0.0042 0.0049 0.0047 
      H145.7  1 0.0035 0.0038 0.0031 0.0042 0.0025 0.0044 0.0027 0.0037 0.0039 0.0051 0.0023 0.0041 0.0077 0.0027 0.0055 0.0039 0.0028 0.0053 0.0041 0.0022 0.0045 0.0030 0.0038 0.0030 0.0042 0.0038 0.8305 0.0037 0.0047 0.0046 0.0018 0.0037 0.0033 0.0049 0.0068 0.0031 0.0047 0.0040 0.0042 0.0041 0.0033 0.0023 0.0026 0.0037 0.0043 
      H149.1  1 0.0050 0.0036 0.0022 0.0045 0.0032 0.0027 0.0028 0.0051 0.0043 0.0053 0.0029 0.0046 0.6176 0.0034 0.1985 0.0028 0.0033 0.0051 0.0059 0.0029 0.0029 0.0060 0.0050 0.0035 0.0046 0.0040 0.0038 0.0086 0.0056 0.0050 0.0036 0.0050 0.0044 0.0037 0.0028 0.0048 0.0051 0.0045 0.0047 0.0049 0.0067 0.0026 0.0027 0.0057 0.0042 
      H149.2  1 0.0053 0.0040 0.0039 0.0044 0.0027 0.0038 0.0036 0.0066 0.0052 0.0041 0.0034 0.0054 0.1944 0.0028 0.6122 0.0020 0.0047 0.0043 0.0067 0.0026 0.0022 0.0076 0.0039 0.0043 0.0046 0.0045 0.0059 0.0052 0.0055 0.0049 0.0021 0.0062 0.0051 0.0026 0.0050 0.0047 0.0059 0.0068 0.0054 0.0047 0.0059 0.0027 0.0026 0.0054 0.0039 
      H149.3  1 0.0166 0.0047 0.0066 0.0140 0.0035 0.0139 0.0124 0.0133 0.0143 0.0167 0.0081 0.0182 0.0982 0.0080 0.4228 0.0040 0.0098 0.0065 0.0079 0.0035 0.0050 0.0174 0.0140 0.0071 0.0101 0.0184 0.0154 0.0200 0.0069 0.0160 0.0023 0.0149 0.0085 0.0040 0.0072 0.0143 0.0085 0.0146 0.0156 0.0199 0.0131 0.0049 0.0048 0.0182 0.0160 
      H149.4  1 0.0111 0.0039 0.0019 0.0070 0.0043 0.0031 0.0075 0.0071 0.0074 0.0078 0.0032 0.0064 0.2587 0.0181 0.4349 0.0126 0.0056 0.0031 0.0147 0.0040 0.0037 0.0107 0.0068 0.0064 0.0088 0.0139 0.0035 0.0076 0.0057 0.0091 0.0066 0.0055 0.0040 0.0035 0.0055 0.0066 0.0095 0.0095 0.0072 0.0083 0.0063 0.0097 0.0037 0.0082 0.0072 
      H149.5  1 0.0075 0.0037 0.0055 0.0081 0.0019 0.0038 0.0137 0.0070 0.0106 0.0066 0.0033 0.0068 0.1003 0.0086 0.6329 0.0044 0.0028 0.0049 0.0027 0.0026 0.0025 0.0068 0.0078 0.0084 0.0089 0.0057 0.0089 0.0071 0.0037 0.0050 0.0020 0.0062 0.0050 0.0041 0.0073 0.0052 0.0058 0.0082 0.0081 0.0111 0.0079 0.0068 0.0041 0.0066 0.0090 
      H149.6  1 0.0035 0.0024 0.0036 0.0053 0.0017 0.0027 0.0043 0.0038 0.0039 0.0028 0.0031 0.0042 0.1768 0.0034 0.6598 0.0022 0.0027 0.0030 0.0028 0.0029 0.0022 0.0081 0.0041 0.0035 0.0032 0.0039 0.0040 0.0074 0.0047 0.0058 0.0021 0.0045 0.0042 0.0024 0.0033 0.0047 0.0057 0.0038 0.0051 0.0053 0.0046 0.0026 0.0024 0.0030 0.0044 
      H149.7  1 0.0111 0.0054 0.0048 0.0202 0.0025 0.0083 0.0147 0.0179 0.0186 0.0106 0.0104 0.0166 0.0756 0.0140 0.4907 0.0085 0.0047 0.0096 0.0055 0.0035 0.0072 0.0147 0.0133 0.0061 0.0134 0.0109 0.0046 0.0095 0.0093 0.0089 0.0030 0.0097 0.0085 0.0059 0.0051 0.0111 0.0085 0.0107 0.0193 0.0109 0.0155 0.0059 0.0042 0.0137 0.0172 
      H150.1  1 0.0075 0.0030 0.0031 0.0069 0.7198 0.0378 0.0044 0.0092 0.0057 0.0096 0.0041 0.0063 0.0021 0.0020 0.0027 0.0033 0.0079 0.0030 0.0053 0.0026 0.0109 0.0030 0.0056 0.0039 0.0072 0.0069 0.0035 0.0072 0.0039 0.0062 0.0086 0.0081 0.0053 0.0035 0.0029 0.0087 0.0053 0.0080 0.0061 0.0097 0.0077 0.0047 0.0020 0.0067 0.0077 
      H150.2  1 0.0105 0.0035 0.0040 0.0095 0.0748 0.5768 0.0039 0.0084 0.0059 0.0139 0.0078 0.0066 0.0059 0.0034 0.0055 0.0043 0.0081 0.0051 0.0093 0.0084 0.0168 0.0030 0.0065 0.0028 0.0069 0.0126 0.0023 0.0133 0.0046 0.0085 0.0282 0.0076 0.0035 0.0051 0.0041 0.0060 0.0117 0.0069 0.0083 0.0081 0.0317 0.0034 0.0029 0.0086 0.0111 
      H150.3  1 0.0117 0.0073 0.0054 0.0169 0.3841 0.0618 0.0051 0.0295 0.0120 0.0144 0.0132 0.0184 0.0053 0.0031 0.0065 0.0042 0.0215 0.0098 0.0264 0.0370 0.0125 0.0070 0.0155 0.0039 0.0182 0.0236 0.0051 0.0089 0.0087 0.0108 0.0113 0.0191 0.0054 0.0051 0.0092 0.0177 0.0135 0.0120 0.0167 0.0168 0.0298 0.0042 0.0024 0.0149 0.0141 
      H150.4  1 0.0047 0.0034 0.0037 0.0052 0.7819 0.0063 0.0035 0.0058 0.0051 0.0047 0.0057 0.0043 0.0030 0.0020 0.0034 0.0034 0.0187 0.0064 0.0061 0.0061 0.0042 0.0025 0.0045 0.0038 0.0053 0.0048 0.0044 0.0037 0.0066 0.0059 0.0079 0.0051 0.0036 0.0029 0.0060 0.0046 0.0050 0.0054 0.0044 0.0044 0.0048 0.0045 0.0016 0.0045 0.0062 
      H150.5  1 0.0152 0.0048 0.0076 0.0206 0.0853 0.3245 0.0098 0.0215 0.0122 0.0180 0.0086 0.0189 0.0031 0.0032 0.0095 0.0033 0.0324 0.0042 0.0039 0.0055 0.0628 0.0067 0.0205 0.0071 0.0150 0.0214 0.0045 0.0227 0.0057 0.0145 0.0159 0.0159 0.0045 0.0048 0.0100 0.0166 0.0132 0.0126 0.0195 0.0163 0.0278 0.0075 0.0033 0.0226 0.0167 
      H150.6  1 0.0098 0.0060 0.0034 0.0092 0.0107 0.6751 0.0042 0.0138 0.0116 0.0113 0.0059 0.0128 0.0026 0.0029 0.0039 0.0033 0.0034 0.0026 0.0033 0.0023 0.0133 0.0033 0.0094 0.0088 0.0136 0.0116 0.0049 0.0083 0.0041 0.0103 0.0030 0.0115 0.0044 0.0046 0.0027 0.0081 0.0061 0.0117 0.0097 0.0115 0.0102 0.0052 0.0026 0.0114 0.0112 
      H150.7  1 0.0046 0.0032 0.0046 0.0046 0.7885 0.0111 0.0034 0.0050 0.0050 0.0053 0.0027 0.0051 0.0028 0.0020 0.0031 0.0036 0.0078 0.0043 0.0085 0.0035 0.0038 0.0027 0.0070 0.0035 0.0047 0.0058 0.0032 0.0057 0.0047 0.0053 0.0106 0.0047 0.0028 0.0037 0.0051 0.0048 0.0049 0.0062 0.0047 0.0042 0.0047 0.0051 0.0018 0.0060 0.0058 
   H169607.1  1 0.0203 0.0124 0.3552 0.0195 0.0090 0.0129 0.0094 0.0176 0.0213 0.0269 0.0085 0.0162 0.0048 0.0126 0.0074 0.0029 0.0111 0.0079 0.0252 0.0042 0.0053 0.0043 0.0197 0.0062 0.0211 0.0427 0.0205 0.0147 0.0128 0.0274 0.0094 0.0198 0.0038 0.0086 0.0047 0.0220 0.0124 0.0168 0.0122 0.0232 0.0197 0.0029 0.0029 0.0244 0.0374 
   H169607.2  1 0.0027 0.0030 0.8657 0.0035 0.0054 0.0023 0.0028 0.0035 0.0031 0.0034 0.0024 0.0030 0.0024 0.0026 0.0024 0.0033 0.0046 0.0037 0.0028 0.0026 0.0020 0.0025 0.0034 0.0027 0.0039 0.0032 0.0027 0.0027 0.0024 0.0031 0.0027 0.0027 0.0022 0.0043 0.0036 0.0029 0.0033 0.0029 0.0036 0.0029 0.0034 0.0028 0.0024 0.0031 0.0036 
   H169607.3  1 0.0346 0.0053 0.2877 0.0279 0.0077 0.0070 0.0059 0.0194 0.0352 0.0241 0.0065 0.0223 0.0031 0.0059 0.0100 0.0031 0.0098 0.0108 0.0141 0.0030 0.0053 0.0093 0.0248 0.0121 0.0254 0.0421 0.0214 0.0147 0.0061 0.0342 0.0053 0.0332 0.0037 0.0055 0.0038 0.0474 0.0207 0.0262 0.0164 0.0262 0.0206 0.0052 0.0036 0.0158 0.0276 
   H169607.4  1 0.0046 0.0182 0.7741 0.0054 0.0056 0.0034 0.0049 0.0051 0.0052 0.0060 0.0031 0.0067 0.0026 0.0026 0.0027 0.0028 0.0070 0.0034 0.0106 0.0024 0.0027 0.0032 0.0050 0.0022 0.0055 0.0064 0.0059 0.0050 0.0044 0.0040 0.0065 0.0060 0.0032 0.0126 0.0030 0.0065 0.0051 0.0050 0.0051 0.0056 0.0050 0.0024 0.0030 0.0049 0.0054 
   H169607.5  1 0.0070 0.0030 0.7464 0.0072 0.0049 0.0060 0.0043 0.0079 0.0053 0.0066 0.0056 0.0075 0.0039 0.0032 0.0054 0.0028 0.0111 0.0061 0.0031 0.0038 0.0029 0.0078 0.0074 0.0037 0.0066 0.0101 0.0044 0.0084 0.0032 0.0056 0.0030 0.0162 0.0029 0.0027 0.0039 0.0083 0.0070 0.0073 0.0052 0.0072 0.0071 0.0025 0.0032 0.0062 0.0061 
   H169607.6  1 0.0031 0.0023 0.8665 0.0029 0.0041 0.0024 0.0028 0.0027 0.0033 0.0038 0.0022 0.0023 0.0021 0.0030 0.0022 0.0035 0.0037 0.0032 0.0045 0.0030 0.0018 0.0023 0.0034 0.0031 0.0029 0.0033 0.0020 0.0034 0.0023 0.0029 0.0034 0.0031 0.0020 0.0047 0.0033 0.0029 0.0029 0.0033 0.0032 0.0034 0.0028 0.0039 0.0029 0.0034 0.0036 
   H169607.7  1 0.0055 0.0027 0.7221 0.0056 0.0049 0.0250 0.0057 0.0048 0.0047 0.0057 0.0088 0.0054 0.0041 0.0195 0.0057 0.0032 0.0036 0.0058 0.0059 0.0028 0.0105 0.0130 0.0059 0.0036 0.0076 0.0070 0.0081 0.0068 0.0047 0.0074 0.0026 0.0049 0.0023 0.0042 0.0029 0.0081 0.0059 0.0045 0.0048 0.0067 0.0079 0.0054 0.0025 0.0058 0.0055 
   H169607.8  1 0.0041 0.0069 0.8181 0.0047 0.0044 0.0024 0.0030 0.0043 0.0045 0.0044 0.0056 0.0039 0.0024 0.0025 0.0041 0.0042 0.0045 0.0034 0.0060 0.0028 0.0027 0.0042 0.0041 0.0028 0.0049 0.0050 0.0036 0.0038 0.0027 0.0042 0.0026 0.0056 0.0049 0.0034 0.0055 0.0051 0.0034 0.0040 0.0038 0.0052 0.0044 0.0039 0.0034 0.0056 0.0052 
   H169633.1  1 0.0088 0.0055 0.0028 0.0109 0.0035 0.0053 0.0057 0.0113 0.0096 0.0100 0.0245 0.0103 0.5914 0.0030 0.0197 0.0036 0.0056 0.0054 0.0046 0.0155 0.0045 0.0046 0.0135 0.0079 0.0109 0.0092 0.0111 0.0138 0.0099 0.0152 0.0043 0.0103 0.0039 0.0050 0.0078 0.0089 0.0220 0.0141 0.0122 0.0096 0.0123 0.0044 0.0040 0.0124 0.0111 
   H169633.2  1 0.0137 0.0042 0.0019 0.0216 0.0022 0.0066 0.0036 0.0142 0.0219 0.0181 0.0154 0.0102 0.4215 0.0105 0.0369 0.0036 0.0022 0.0034 0.0028 0.0099 0.0075 0.0059 0.0167 0.0059 0.0148 0.0140 0.0117 0.0181 0.0670 0.0201 0.0029 0.0070 0.0071 0.0100 0.0028 0.0153 0.0195 0.0137 0.0200 0.0274 0.0078 0.0126 0.0067 0.0198 0.0214 
   H169633.3  1 0.0216 0.0052 0.0032 0.0217 0.0033 0.0076 0.0048 0.0109 0.0159 0.0139 0.0050 0.0112 0.4815 0.0047 0.0360 0.0087 0.0053 0.0195 0.0042 0.0065 0.0061 0.0170 0.0178 0.0066 0.0152 0.0119 0.0055 0.0212 0.0120 0.0192 0.0067 0.0134 0.0080 0.0066 0.0076 0.0131 0.0186 0.0136 0.0176 0.0113 0.0149 0.0028 0.0077 0.0169 0.0180 
   H169633.4  1 0.0097 0.0052 0.0045 0.0107 0.0049 0.0052 0.0060 0.0110 0.0121 0.0096 0.0033 0.0086 0.6485 0.0042 0.0077 0.0039 0.0095 0.0163 0.0038 0.0098 0.0071 0.0061 0.0115 0.0087 0.0111 0.0097 0.0056 0.0084 0.0065 0.0087 0.0043 0.0086 0.0051 0.0029 0.0090 0.0120 0.0093 0.0085 0.0126 0.0106 0.0088 0.0047 0.0057 0.0093 0.0106 
   H169633.5  1 0.0104 0.0059 0.0037 0.0131 0.0039 0.0061 0.0053 0.0121 0.0131 0.0088 0.0033 0.0080 0.6515 0.0044 0.0087 0.0035 0.0096 0.0135 0.0035 0.0108 0.0046 0.0054 0.0077 0.0087 0.0085 0.0164 0.0073 0.0094 0.0070 0.0089 0.0044 0.0073 0.0055 0.0025 0.0095 0.0127 0.0099 0.0090 0.0112 0.0102 0.0065 0.0038 0.0051 0.0080 0.0113 
   H169688.1  1 0.0082 0.0057 0.0133 0.0072 0.0050 0.0023 0.0032 0.0083 0.0079 0.0089 0.6624 0.0091 0.0042 0.0089 0.0066 0.0083 0.0040 0.0105 0.0164 0.0272 0.0032 0.0067 0.0060 0.0134 0.0065 0.0090 0.0043 0.0072 0.0026 0.0090 0.0047 0.0066 0.0047 0.0061 0.0029 0.0073 0.0079 0.0077 0.0076 0.0078 0.0094 0.0032 0.0075 0.0112 0.0104 
   H169688.2  1 0.0056 0.0045 0.0028 0.0071 0.0023 0.0036 0.0045 0.0049 0.0051 0.0070 0.7689 0.0051 0.0027 0.0062 0.0046 0.0040 0.0031 0.0065 0.0031 0.0041 0.0038 0.0067 0.0055 0.0067 0.0054 0.0066 0.0028 0.0046 0.0033 0.0083 0.0038 0.0056 0.0102 0.0101 0.0031 0.0051 0.0062 0.0050 0.0059 0.0071 0.0058 0.0085 0.0036 0.0049 0.0058 
   H169688.3  1 0.0044 0.0034 0.0023 0.0035 0.0031 0.0041 0.0057 0.0030 0.0035 0.0045 0.8444 0.0045 0.0030 0.0038 0.0034 0.0020 0.0030 0.0038 0.0031 0.0035 0.0027 0.0033 0.0039 0.0029 0.0038 0.0033 0.0035 0.0031 0.0054 0.0031 0.0024 0.0038 0.0062 0.0035 0.0026 0.0037 0.0033 0.0027 0.0040 0.0035 0.0032 0.0045 0.0019 0.0042 0.0034 
   H169688.4  1 0.0045 0.0027 0.0024 0.0039 0.0051 0.0035 0.0025 0.0045 0.0038 0.0035 0.8535 0.0031 0.0021 0.0030 0.0031 0.0022 0.0045 0.0024 0.0024 0.0026 0.0039 0.0031 0.0036 0.0025 0.0040 0.0033 0.0036 0.0043 0.0028 0.0038 0.0028 0.0044 0.0043 0.0024 0.0025 0.0040 0.0031 0.0032 0.0030 0.0042 0.0043 0.0018 0.0027 0.0038 0.0034 
   H169688.5  1 0.0053 0.0027 0.0022 0.0031 0.0044 0.0033 0.0025 0.0046 0.0034 0.0031 0.8519 0.0043 0.0025 0.0026 0.0036 0.0019 0.0035 0.0030 0.0027 0.0027 0.0050 0.0035 0.0033 0.0025 0.0038 0.0040 0.0030 0.0029 0.0029 0.0044 0.0035 0.0050 0.0039 0.0023 0.0026 0.0040 0.0037 0.0039 0.0028 0.0035 0.0042 0.0021 0.0026 0.0036 0.0036 
   H169688.6  1 0.0047 0.0033 0.0034 0.0050 0.0023 0.0027 0.0035 0.0039 0.0035 0.0056 0.7647 0.0048 0.0040 0.0536 0.0129 0.0037 0.0028 0.0049 0.0032 0.0055 0.0025 0.0027 0.0047 0.0054 0.0043 0.0039 0.0026 0.0038 0.0021 0.0047 0.0038 0.0042 0.0029 0.0029 0.0024 0.0056 0.0044 0.0045 0.0044 0.0041 0.0082 0.0029 0.0061 0.0045 0.0046 
   H169688.7  1 0.0074 0.0054 0.0021 0.0070 0.0104 0.0145 0.0041 0.0055 0.0048 0.0063 0.7219 0.0088 0.0033 0.0042 0.0039 0.0076 0.0042 0.0038 0.0095 0.0025 0.0055 0.0055 0.0069 0.0037 0.0121 0.0080 0.0121 0.0060 0.0062 0.0074 0.0022 0.0063 0.0094 0.0076 0.0039 0.0050 0.0064 0.0082 0.0058 0.0079 0.0043 0.0053 0.0020 0.0085 0.0067 
   H171901.1  1 0.0282 0.0032 0.0099 0.0458 0.0128 0.0055 0.0057 0.0451 0.0336 0.0403 0.0068 0.0300 0.0033 0.0059 0.0135 0.0021 0.0063 0.0497 0.0041 0.0121 0.0211 0.0085 0.0427 0.0148 0.0490 0.0364 0.0211 0.0343 0.0069 0.0363 0.0085 0.0459 0.0042 0.0047 0.0095 0.0350 0.0252 0.0642 0.0386 0.0330 0.0273 0.0144 0.0023 0.0298 0.0225 
   H171901.2  1 0.0152 0.0088 0.0100 0.0192 0.0063 0.0072 0.0025 0.0157 0.0173 0.0245 0.0053 0.0154 0.1857 0.0027 0.0283 0.0056 0.0245 0.0079 0.0074 0.0035 0.0042 0.0254 0.0170 0.0091 0.0191 0.0212 0.0059 0.1397 0.0057 0.0178 0.0102 0.0143 0.0042 0.0091 0.0088 0.0148 0.1078 0.0172 0.0144 0.0218 0.0314 0.0330 0.0037 0.0146 0.0166 
   H171901.3  1 0.0147 0.0067 0.0040 0.0146 0.0048 0.0075 0.0026 0.0157 0.0111 0.0111 0.0060 0.0092 0.1144 0.0036 0.0584 0.0029 0.0035 0.0062 0.0038 0.0077 0.0060 0.0068 0.0133 0.0059 0.0130 0.0229 0.0028 0.2340 0.0066 0.0240 0.0044 0.0240 0.0045 0.0131 0.0058 0.0256 0.1608 0.0145 0.0185 0.0136 0.0316 0.0052 0.0046 0.0131 0.0167 
   H171901.4  1 0.0096 0.0060 0.0064 0.0082 0.0048 0.0051 0.0031 0.0108 0.0085 0.0074 0.0034 0.0069 0.2091 0.0035 0.0137 0.0044 0.0048 0.0041 0.0053 0.0055 0.0070 0.0077 0.0098 0.0052 0.0077 0.0100 0.0025 0.2664 0.0071 0.0086 0.0060 0.0123 0.0039 0.0151 0.0043 0.0152 0.1705 0.0112 0.0080 0.0084 0.0404 0.0159 0.0052 0.0087 0.0122 
   H171901.5  1 0.0174 0.0082 0.0054 0.0108 0.0046 0.0072 0.0027 0.0115 0.0107 0.0118 0.0032 0.0143 0.0290 0.0047 0.0374 0.0033 0.0047 0.0032 0.0073 0.0022 0.0080 0.0114 0.0134 0.0094 0.0135 0.0076 0.0039 0.3308 0.0128 0.0118 0.0042 0.0065 0.0051 0.0231 0.0033 0.0477 0.1719 0.0188 0.0094 0.0086 0.0524 0.0067 0.0036 0.0099 0.0065 
   H171901.6  1 0.0149 0.0067 0.0058 0.0237 0.0113 0.0069 0.0034 0.0184 0.0181 0.0221 0.0051 0.0168 0.0166 0.0064 0.0320 0.0038 0.0065 0.0063 0.0103 0.0028 0.0096 0.0153 0.0170 0.0120 0.0131 0.0139 0.0044 0.2779 0.0199 0.0174 0.0076 0.0117 0.0057 0.0382 0.0039 0.0443 0.1149 0.0146 0.0140 0.0136 0.0554 0.0058 0.0049 0.0141 0.0129 
   H171901.7  1 0.0311 0.0045 0.0057 0.0218 0.0053 0.0070 0.0032 0.0197 0.0173 0.0228 0.0100 0.0172 0.0286 0.0048 0.0311 0.0046 0.0055 0.0438 0.0045 0.0032 0.0063 0.0797 0.0247 0.0125 0.0221 0.0266 0.0048 0.1730 0.0090 0.0218 0.0044 0.0136 0.0058 0.0196 0.0034 0.0327 0.0574 0.0332 0.0261 0.0267 0.0297 0.0033 0.0073 0.0290 0.0357 
   H171902.1  1 0.0035 0.0026 0.0057 0.0041 0.0047 0.0029 0.0025 0.0036 0.0047 0.0043 0.0035 0.0036 0.0055 0.0043 0.0034 0.0047 0.0035 0.0027 0.8268 0.0019 0.0030 0.0032 0.0043 0.0040 0.0035 0.0050 0.0036 0.0049 0.0067 0.0038 0.0042 0.0041 0.0033 0.0095 0.0024 0.0037 0.0051 0.0032 0.0038 0.0036 0.0048 0.0022 0.0027 0.0033 0.0035 
  H171902.10  1 0.0039 0.0039 0.0037 0.0041 0.0034 0.0103 0.0030 0.0046 0.0040 0.0050 0.0048 0.0047 0.0034 0.0035 0.0039 0.0030 0.0042 0.0025 0.8288 0.0022 0.0040 0.0073 0.0046 0.0049 0.0039 0.0041 0.0025 0.0042 0.0035 0.0037 0.0028 0.0036 0.0024 0.0021 0.0027 0.0039 0.0042 0.0030 0.0036 0.0053 0.0043 0.0024 0.0020 0.0043 0.0038 
   H171902.2  1 0.0071 0.0028 0.0042 0.0050 0.0053 0.0030 0.0040 0.0057 0.0051 0.0064 0.0061 0.0056 0.0120 0.0066 0.0067 0.0054 0.0035 0.0036 0.7521 0.0047 0.0038 0.0039 0.0055 0.0047 0.0057 0.0054 0.0032 0.0114 0.0067 0.0070 0.0042 0.0068 0.0036 0.0169 0.0027 0.0057 0.0063 0.0064 0.0048 0.0063 0.0079 0.0026 0.0027 0.0042 0.0069 
   H171902.3  1 0.0050 0.0030 0.0053 0.0082 0.0062 0.0065 0.0029 0.0042 0.0060 0.0065 0.0044 0.0055 0.0115 0.0045 0.0111 0.0045 0.0041 0.0042 0.7480 0.0039 0.0033 0.0034 0.0059 0.0047 0.0055 0.0077 0.0025 0.0136 0.0069 0.0052 0.0054 0.0063 0.0036 0.0105 0.0025 0.0073 0.0095 0.0068 0.0050 0.0066 0.0057 0.0026 0.0036 0.0049 0.0055 
   H171902.4  1 0.0045 0.0033 0.0028 0.0043 0.0026 0.0036 0.0025 0.0056 0.0036 0.0048 0.0030 0.0036 0.0115 0.0031 0.0124 0.0032 0.0031 0.0042 0.8188 0.0026 0.0029 0.0046 0.0044 0.0046 0.0043 0.0031 0.0046 0.0040 0.0054 0.0034 0.0032 0.0041 0.0033 0.0033 0.0032 0.0044 0.0037 0.0036 0.0043 0.0044 0.0042 0.0023 0.0021 0.0052 0.0045 
   H171902.6  1 0.0039 0.0039 0.0047 0.0035 0.0042 0.0048 0.0025 0.0037 0.0036 0.0042 0.0019 0.0035 0.0036 0.0028 0.0054 0.0041 0.0035 0.0038 0.8465 0.0022 0.0026 0.0032 0.0031 0.0060 0.0035 0.0028 0.0031 0.0034 0.0038 0.0027 0.0031 0.0035 0.0026 0.0027 0.0033 0.0032 0.0045 0.0036 0.0034 0.0034 0.0034 0.0025 0.0023 0.0047 0.0032 
   H171902.7  1 0.0063 0.0069 0.0166 0.0072 0.0047 0.0223 0.0037 0.0058 0.0051 0.0052 0.0035 0.0073 0.0044 0.0033 0.0181 0.0031 0.0041 0.0078 0.7192 0.0018 0.0052 0.0065 0.0084 0.0035 0.0064 0.0064 0.0038 0.0071 0.0038 0.0056 0.0022 0.0081 0.0029 0.0024 0.0030 0.0102 0.0059 0.0073 0.0074 0.0093 0.0056 0.0048 0.0022 0.0063 0.0091 
   H171902.8  1 0.0033 0.0050 0.0042 0.0054 0.0048 0.0063 0.0026 0.0048 0.0050 0.0055 0.0030 0.0066 0.0048 0.0029 0.0076 0.0036 0.0042 0.0056 0.7971 0.0027 0.0030 0.0035 0.0052 0.0059 0.0054 0.0059 0.0033 0.0074 0.0063 0.0046 0.0054 0.0045 0.0025 0.0040 0.0027 0.0043 0.0057 0.0057 0.0045 0.0045 0.0061 0.0025 0.0028 0.0044 0.0048 
   H171902.9  1 0.0043 0.0032 0.0054 0.0049 0.0082 0.0039 0.0033 0.0040 0.0032 0.0037 0.0025 0.0036 0.0025 0.0025 0.0028 0.0038 0.0048 0.0037 0.8338 0.0026 0.0026 0.0036 0.0031 0.0026 0.0042 0.0047 0.0038 0.0031 0.0039 0.0037 0.0078 0.0042 0.0032 0.0033 0.0033 0.0041 0.0037 0.0044 0.0040 0.0037 0.0037 0.0029 0.0027 0.0040 0.0033 
   H171903.1  1 0.0112 0.0036 0.5475 0.0101 0.0124 0.0121 0.0064 0.0153 0.0091 0.0100 0.0096 0.0116 0.0030 0.0029 0.0073 0.0040 0.0213 0.0073 0.0030 0.0039 0.0178 0.0144 0.0082 0.0039 0.0102 0.0159 0.0031 0.0253 0.0054 0.0108 0.0075 0.0474 0.0041 0.0045 0.0036 0.0128 0.0105 0.0081 0.0113 0.0120 0.0144 0.0074 0.0048 0.0135 0.0115 
   H171903.2  1 0.0153 0.0090 0.1036 0.0225 0.0138 0.0063 0.0097 0.0233 0.0174 0.0147 0.0036 0.0123 0.0025 0.0034 0.0067 0.0036 0.0239 0.0092 0.0031 0.0026 0.0103 0.0204 0.0138 0.0040 0.0306 0.0767 0.0075 0.0451 0.0061 0.0231 0.0089 0.2002 0.0069 0.0083 0.0049 0.0471 0.0107 0.0176 0.0152 0.0208 0.0164 0.0301 0.0120 0.0183 0.0387 
   H171903.3  1 0.0245 0.0102 0.0330 0.0225 0.0046 0.0045 0.0043 0.0392 0.0162 0.0261 0.0065 0.0215 0.0050 0.0030 0.0124 0.0032 0.0319 0.0574 0.0032 0.0042 0.0051 0.0099 0.0157 0.0036 0.0269 0.0515 0.0040 0.0520 0.0190 0.0207 0.0053 0.2170 0.0065 0.0027 0.0036 0.0436 0.0202 0.0172 0.0146 0.0164 0.0219 0.0182 0.0156 0.0191 0.0364 
   H171903.4  1 0.0330 0.0093 0.0888 0.0213 0.0069 0.0388 0.0089 0.0226 0.0238 0.0219 0.0356 0.0405 0.0035 0.0035 0.0106 0.0027 0.0130 0.0200 0.0177 0.0045 0.0075 0.0197 0.0191 0.0039 0.0280 0.0430 0.0087 0.0218 0.0073 0.0396 0.0060 0.0757 0.0031 0.0068 0.0042 0.0602 0.0318 0.0200 0.0321 0.0316 0.0332 0.0035 0.0041 0.0334 0.0287 
   H171903.5  1 0.0223 0.0032 0.0157 0.0269 0.0040 0.0070 0.0082 0.0333 0.0242 0.0255 0.0152 0.0195 0.0104 0.0048 0.0130 0.0035 0.0353 0.0093 0.0042 0.0036 0.0058 0.0074 0.0194 0.0067 0.0240 0.0934 0.0046 0.0630 0.0092 0.0180 0.0044 0.2065 0.0076 0.0046 0.0036 0.0456 0.0151 0.0237 0.0243 0.0235 0.0227 0.0099 0.0044 0.0267 0.0365 
   H171903.6  1 0.0180 0.0037 0.0985 0.0202 0.0040 0.0120 0.0060 0.0297 0.0171 0.0189 0.1076 0.0170 0.0094 0.0046 0.0171 0.0029 0.0456 0.0114 0.0057 0.0025 0.0087 0.0346 0.0161 0.0038 0.0151 0.0629 0.0053 0.0530 0.0045 0.0173 0.0028 0.1515 0.0043 0.0033 0.0029 0.0482 0.0088 0.0131 0.0163 0.0186 0.0117 0.0026 0.0062 0.0140 0.0226 
      H177.1  1 0.0079 0.0111 0.0064 0.0052 0.0051 0.0064 0.0025 0.0234 0.0063 0.0072 0.0048 0.0059 0.0052 0.0058 0.0049 0.0042 0.0075 0.0205 0.0047 0.0044 0.0085 0.6931 0.0084 0.0060 0.0045 0.0201 0.0031 0.0056 0.0035 0.0056 0.0052 0.0083 0.0037 0.0030 0.0032 0.0104 0.0053 0.0052 0.0059 0.0047 0.0071 0.0026 0.0044 0.0107 0.0127 
      H177.2  1 0.0148 0.0229 0.0100 0.0298 0.0036 0.0054 0.0038 0.0218 0.0247 0.0278 0.0043 0.0359 0.0180 0.0163 0.0117 0.0154 0.0164 0.0062 0.0043 0.0025 0.0207 0.2486 0.0276 0.0172 0.0315 0.0219 0.0734 0.0124 0.0050 0.0239 0.0030 0.0153 0.0085 0.0055 0.0067 0.0155 0.0126 0.0295 0.0271 0.0215 0.0204 0.0028 0.0043 0.0286 0.0209 
      H177.3  1 0.0100 0.0087 0.0049 0.0091 0.0032 0.0038 0.0036 0.0253 0.0073 0.0059 0.0035 0.0068 0.0096 0.0053 0.0072 0.0047 0.0059 0.0051 0.0053 0.0021 0.0055 0.6717 0.0103 0.0053 0.0083 0.0123 0.0217 0.0079 0.0061 0.0108 0.0036 0.0081 0.0055 0.0027 0.0041 0.0107 0.0069 0.0090 0.0088 0.0066 0.0079 0.0023 0.0038 0.0136 0.0092 
      H177.4  1 0.0083 0.0049 0.0052 0.0142 0.0025 0.0036 0.0185 0.0212 0.0052 0.0119 0.0029 0.0132 0.0051 0.0356 0.0074 0.0090 0.0041 0.0223 0.0044 0.0021 0.0032 0.5687 0.0095 0.0083 0.0098 0.0085 0.0063 0.0073 0.0068 0.0164 0.0035 0.0133 0.0058 0.0070 0.0033 0.0090 0.0097 0.0068 0.0088 0.0126 0.0114 0.0083 0.0215 0.0201 0.0123 
      H177.5  1 0.0126 0.0120 0.0034 0.0168 0.0033 0.0056 0.0106 0.0243 0.0129 0.0136 0.0096 0.0157 0.0035 0.0072 0.0042 0.0212 0.0070 0.0481 0.0047 0.0032 0.0313 0.4619 0.0203 0.0056 0.0145 0.0195 0.0071 0.0088 0.0052 0.0127 0.0044 0.0134 0.0153 0.0109 0.0054 0.0183 0.0161 0.0088 0.0109 0.0138 0.0122 0.0051 0.0042 0.0176 0.0175 
      H177.6  1 0.0117 0.0069 0.0034 0.0149 0.0032 0.0034 0.0034 0.0199 0.0117 0.0057 0.0030 0.0093 0.0142 0.0059 0.0168 0.0040 0.0062 0.0063 0.0081 0.0022 0.0049 0.6609 0.0068 0.0050 0.0100 0.0067 0.0087 0.0100 0.0093 0.0120 0.0041 0.0083 0.0045 0.0036 0.0051 0.0186 0.0077 0.0067 0.0095 0.0078 0.0085 0.0021 0.0035 0.0088 0.0064 
      H179.1  1 0.0087 0.0036 0.0044 0.0084 0.0061 0.0059 0.0054 0.0077 0.0080 0.0087 0.0113 0.0088 0.0032 0.6421 0.0056 0.0062 0.0106 0.0111 0.0034 0.0080 0.0062 0.0065 0.0071 0.0054 0.0092 0.0068 0.0025 0.0097 0.0043 0.0072 0.0058 0.0079 0.0173 0.0077 0.0070 0.0096 0.0099 0.0077 0.0085 0.0090 0.0448 0.0036 0.0022 0.0095 0.0074 
      H179.2  1 0.0119 0.0059 0.0042 0.0093 0.0055 0.0074 0.0040 0.0136 0.0069 0.0070 0.0157 0.0138 0.0039 0.5384 0.0070 0.0034 0.0079 0.0073 0.0048 0.0027 0.0115 0.0079 0.0176 0.0102 0.0125 0.0098 0.0024 0.0121 0.0231 0.0110 0.0058 0.0080 0.0231 0.0064 0.0039 0.0114 0.0117 0.0134 0.0090 0.0120 0.0541 0.0049 0.0122 0.0154 0.0102 
      H179.3  1 0.0164 0.0038 0.0070 0.0206 0.0147 0.0080 0.0055 0.0183 0.0195 0.0223 0.0638 0.0133 0.0027 0.4392 0.0079 0.0045 0.0089 0.0132 0.0034 0.0059 0.0061 0.0107 0.0149 0.0092 0.0163 0.0171 0.0025 0.0102 0.0036 0.0129 0.0070 0.0139 0.0068 0.0096 0.0061 0.0144 0.0141 0.0131 0.0131 0.0127 0.0548 0.0031 0.0041 0.0106 0.0139 
      H179.4  1 0.0147 0.0245 0.0060 0.0172 0.0046 0.0046 0.0044 0.0135 0.0156 0.0261 0.0087 0.0195 0.0067 0.3945 0.0155 0.0059 0.0042 0.0163 0.0035 0.0044 0.0032 0.0122 0.0151 0.0066 0.0201 0.0216 0.0045 0.0110 0.0092 0.0164 0.0025 0.0197 0.0108 0.0407 0.0042 0.0174 0.0209 0.0181 0.0253 0.0149 0.0150 0.0060 0.0403 0.0180 0.0155 
      H180.1  1 0.0050 0.0038 0.0050 0.0058 0.0054 0.0496 0.0028 0.0094 0.0046 0.0058 0.0036 0.0053 0.0029 0.0102 0.0035 0.0025 0.0054 0.0019 0.0084 0.0037 0.7266 0.0076 0.0064 0.0115 0.0063 0.0058 0.0022 0.0055 0.0052 0.0052 0.0036 0.0059 0.0029 0.0032 0.0029 0.0064 0.0068 0.0053 0.0062 0.0056 0.0078 0.0027 0.0023 0.0061 0.0053 
      H180.2  1 0.0046 0.0026 0.0020 0.0044 0.0045 0.0136 0.0023 0.0049 0.0044 0.0041 0.0045 0.0047 0.0033 0.0043 0.0031 0.0032 0.0038 0.0035 0.0020 0.0079 0.8069 0.0050 0.0046 0.0034 0.0041 0.0043 0.0029 0.0044 0.0035 0.0052 0.0035 0.0043 0.0052 0.0033 0.0033 0.0040 0.0055 0.0046 0.0057 0.0050 0.0062 0.0040 0.0038 0.0046 0.0046 
      H180.3  1 0.0082 0.0022 0.0044 0.0094 0.2974 0.0205 0.0035 0.0101 0.0104 0.0135 0.0059 0.0108 0.0060 0.0066 0.0055 0.0091 0.0063 0.0036 0.0038 0.0043 0.3493 0.0084 0.0108 0.0031 0.0074 0.0087 0.0054 0.0082 0.0195 0.0101 0.0109 0.0085 0.0112 0.0043 0.0031 0.0117 0.0093 0.0107 0.0090 0.0088 0.0094 0.0033 0.0057 0.0119 0.0100 
      H180.4  1 0.0084 0.0029 0.0033 0.0053 0.0098 0.0041 0.0033 0.0130 0.0067 0.0039 0.0025 0.0073 0.0058 0.0044 0.0046 0.0027 0.0037 0.0036 0.0058 0.0109 0.7460 0.0039 0.0070 0.0062 0.0050 0.0097 0.0031 0.0117 0.0035 0.0074 0.0054 0.0056 0.0037 0.0045 0.0027 0.0078 0.0103 0.0050 0.0066 0.0063 0.0070 0.0061 0.0023 0.0046 0.0064 
      H180.5  1 0.0039 0.0026 0.0023 0.0048 0.0074 0.0469 0.0040 0.0065 0.0043 0.0047 0.0048 0.0054 0.0035 0.0056 0.0036 0.0078 0.0041 0.0043 0.0043 0.0038 0.7670 0.0053 0.0046 0.0068 0.0060 0.0044 0.0023 0.0041 0.0039 0.0042 0.0033 0.0038 0.0024 0.0033 0.0021 0.0048 0.0032 0.0041 0.0057 0.0032 0.0078 0.0019 0.0024 0.0044 0.0045 
      H180.6  1 0.0212 0.0024 0.0051 0.0247 0.2457 0.0145 0.0032 0.0167 0.0123 0.0113 0.0029 0.0138 0.0151 0.0090 0.0109 0.0269 0.0036 0.0162 0.0072 0.0042 0.2242 0.0077 0.0177 0.0039 0.0223 0.0139 0.0131 0.0127 0.0077 0.0189 0.0076 0.0140 0.0059 0.0056 0.0031 0.0221 0.0158 0.0201 0.0217 0.0224 0.0151 0.0076 0.0037 0.0142 0.0119 
      H181.1  1 0.0112 0.0043 0.0049 0.0146 0.0030 0.0083 0.0031 0.0101 0.0100 0.0125 0.0049 0.0171 0.0126 0.0067 0.0177 0.0077 0.0060 0.0046 0.0064 0.0038 0.0042 0.0065 0.0217 0.6048 0.0093 0.0096 0.0043 0.0101 0.0039 0.0161 0.0028 0.0138 0.0040 0.0027 0.0030 0.0101 0.0087 0.0108 0.0153 0.0138 0.0147 0.0085 0.0043 0.0125 0.0145 
      H181.2  1 0.0048 0.0061 0.0043 0.0051 0.0034 0.0087 0.0033 0.0061 0.0052 0.0063 0.0035 0.0066 0.0057 0.0074 0.0051 0.0065 0.0051 0.0036 0.0057 0.0036 0.0067 0.0093 0.0087 0.7459 0.0056 0.0058 0.0095 0.0073 0.0057 0.0075 0.0029 0.0059 0.0034 0.0134 0.0035 0.0063 0.0043 0.0059 0.0059 0.0063 0.0050 0.0036 0.0030 0.0069 0.0059 
      H181.3  1 0.0050 0.0045 0.0050 0.0053 0.0039 0.0035 0.0033 0.0050 0.0053 0.0074 0.0041 0.0058 0.0088 0.0035 0.0074 0.0064 0.0050 0.0043 0.0063 0.0051 0.0065 0.0039 0.0052 0.7709 0.0039 0.0062 0.0038 0.0081 0.0034 0.0043 0.0043 0.0039 0.0026 0.0047 0.0050 0.0063 0.0080 0.0056 0.0053 0.0052 0.0054 0.0051 0.0026 0.0082 0.0068 
      H181.4  1 0.0276 0.0054 0.0048 0.0262 0.0129 0.0162 0.0044 0.0219 0.0271 0.0323 0.0098 0.0310 0.0156 0.0058 0.0188 0.0419 0.0318 0.0043 0.0063 0.0041 0.0060 0.0078 0.0263 0.2642 0.0260 0.0125 0.0054 0.0118 0.0049 0.0236 0.0059 0.0198 0.0090 0.0051 0.0080 0.0173 0.0223 0.0337 0.0244 0.0271 0.0253 0.0082 0.0060 0.0261 0.0249 
      H181.5  1 0.0041 0.0041 0.0031 0.0066 0.0027 0.0043 0.0038 0.0054 0.0054 0.0064 0.0040 0.0055 0.0036 0.0118 0.0056 0.0048 0.0059 0.0049 0.0039 0.0049 0.0034 0.0035 0.0044 0.7839 0.0051 0.0064 0.0024 0.0044 0.0053 0.0048 0.0030 0.0036 0.0074 0.0032 0.0041 0.0053 0.0073 0.0049 0.0059 0.0049 0.0051 0.0063 0.0052 0.0048 0.0046 
      H181.6  1 0.0094 0.0028 0.0049 0.0068 0.0058 0.0063 0.0043 0.0083 0.0081 0.0077 0.0038 0.0061 0.0040 0.0207 0.0064 0.0039 0.0081 0.0052 0.0047 0.0027 0.0207 0.0064 0.0080 0.6862 0.0089 0.0055 0.0029 0.0078 0.0059 0.0079 0.0044 0.0068 0.0064 0.0126 0.0030 0.0076 0.0081 0.0087 0.0088 0.0084 0.0076 0.0062 0.0050 0.0090 0.0075 
      H181.7  1 0.0083 0.0024 0.0038 0.0102 0.0040 0.0035 0.0049 0.0066 0.0104 0.0079 0.0070 0.0061 0.0051 0.0176 0.0061 0.0048 0.0068 0.0046 0.0029 0.0030 0.0036 0.0050 0.0080 0.7039 0.0096 0.0086 0.0045 0.0071 0.0043 0.0116 0.0031 0.0093 0.0074 0.0036 0.0043 0.0066 0.0081 0.0090 0.0067 0.0075 0.0073 0.0089 0.0064 0.0067 0.0132 
 H194.1_2004  1 0.0053 0.0025 0.0065 0.0056 0.0034 0.0039 0.0030 0.0046 0.0063 0.0047 0.0057 0.0050 0.0057 0.0027 0.0041 0.0030 0.0091 0.7704 0.0063 0.0025 0.0038 0.0059 0.0071 0.0030 0.0070 0.0063 0.0041 0.0064 0.0088 0.0061 0.0037 0.0060 0.0043 0.0052 0.0045 0.0102 0.0052 0.0050 0.0054 0.0052 0.0077 0.0019 0.0043 0.0064 0.0061 
 H194.2_2004  1 0.0043 0.0029 0.0110 0.0038 0.0045 0.0024 0.0018 0.0041 0.0043 0.0037 0.0022 0.0043 0.0027 0.0020 0.0040 0.0032 0.0036 0.8309 0.0043 0.0032 0.0037 0.0042 0.0036 0.0037 0.0041 0.0037 0.0052 0.0041 0.0041 0.0049 0.0027 0.0044 0.0029 0.0035 0.0026 0.0052 0.0037 0.0040 0.0046 0.0044 0.0048 0.0027 0.0025 0.0034 0.0042 
 H194.3_2004  1 0.0166 0.0089 0.0063 0.0154 0.0028 0.0033 0.0033 0.0158 0.0103 0.0164 0.0070 0.0098 0.0226 0.0090 0.0274 0.0061 0.0040 0.4967 0.0069 0.0024 0.0034 0.0209 0.0094 0.0057 0.0170 0.0088 0.0112 0.0112 0.0117 0.0129 0.0033 0.0134 0.0490 0.0102 0.0038 0.0138 0.0130 0.0122 0.0183 0.0141 0.0128 0.0044 0.0047 0.0158 0.0077 
 H194.4_2004  1 0.0053 0.0042 0.0034 0.0068 0.0032 0.0022 0.0024 0.0080 0.0057 0.0061 0.0024 0.0056 0.0070 0.0040 0.0122 0.0047 0.0037 0.7418 0.0054 0.0037 0.0025 0.0161 0.0101 0.0075 0.0050 0.0062 0.0165 0.0077 0.0063 0.0056 0.0054 0.0056 0.0032 0.0050 0.0022 0.0055 0.0069 0.0087 0.0053 0.0056 0.0048 0.0033 0.0035 0.0071 0.0066 
 H194.5_2004  1 0.0118 0.0075 0.0105 0.0110 0.0028 0.0034 0.0037 0.0128 0.0161 0.0098 0.0044 0.0071 0.0135 0.0050 0.0084 0.0070 0.0077 0.6039 0.0044 0.0026 0.0022 0.0074 0.0135 0.0055 0.0087 0.0094 0.0053 0.0087 0.0126 0.0076 0.0044 0.0097 0.0306 0.0191 0.0041 0.0128 0.0075 0.0132 0.0102 0.0113 0.0085 0.0041 0.0065 0.0088 0.0148 
 H194.6_2004  1 0.0221 0.0072 0.0064 0.0223 0.0045 0.0039 0.0036 0.0128 0.0211 0.0249 0.0051 0.0231 0.0127 0.0049 0.0124 0.0056 0.0065 0.3429 0.0087 0.0042 0.0036 0.0866 0.0275 0.0042 0.0138 0.0111 0.0067 0.0150 0.0148 0.0218 0.0063 0.0222 0.0374 0.0126 0.0033 0.0120 0.0207 0.0124 0.0249 0.0139 0.0164 0.0043 0.0127 0.0152 0.0253 
 H194.7_2004  1 0.0037 0.0028 0.0043 0.0041 0.0024 0.0023 0.0027 0.0045 0.0035 0.0041 0.0042 0.0040 0.0030 0.0020 0.0042 0.0034 0.0032 0.8395 0.0021 0.0025 0.0035 0.0052 0.0043 0.0032 0.0040 0.0040 0.0037 0.0037 0.0026 0.0039 0.0029 0.0064 0.0043 0.0025 0.0042 0.0046 0.0036 0.0043 0.0036 0.0051 0.0038 0.0024 0.0033 0.0039 0.0048 
 H194.8_2004  1 0.0083 0.0065 0.0052 0.0062 0.0038 0.0022 0.0037 0.0079 0.0073 0.0063 0.0027 0.0064 0.0078 0.0035 0.0065 0.0052 0.0037 0.7253 0.0044 0.0033 0.0023 0.0129 0.0101 0.0067 0.0071 0.0062 0.0057 0.0061 0.0072 0.0047 0.0064 0.0090 0.0048 0.0095 0.0023 0.0089 0.0115 0.0062 0.0061 0.0059 0.0045 0.0042 0.0072 0.0071 0.0113 
      H194.9  1 0.0046 0.0032 0.0049 0.0043 0.0034 0.0025 0.0031 0.0042 0.0051 0.0045 0.0025 0.0044 0.0040 0.0024 0.0043 0.0044 0.0037 0.8230 0.0031 0.0039 0.0024 0.0045 0.0043 0.0033 0.0048 0.0047 0.0042 0.0041 0.0048 0.0050 0.0055 0.0037 0.0026 0.0064 0.0027 0.0036 0.0049 0.0034 0.0045 0.0059 0.0040 0.0024 0.0030 0.0049 0.0047 
 H195.1_2003  1 0.0027 0.0024 0.0025 0.0030 0.0024 0.0028 0.0024 0.0028 0.0035 0.0029 0.0020 0.0027 0.0037 0.0022 0.0031 0.0024 0.0018 0.0034 0.0025 0.0022 0.0025 0.0025 0.0034 0.0023 0.0027 0.0032 0.0023 0.0032 0.0050 0.0029 0.0027 0.0025 0.0028 0.8775 0.0022 0.0029 0.0034 0.0024 0.0033 0.0031 0.0030 0.0020 0.0021 0.0031 0.0036 
 H195.1_2004  1 0.0061 0.0083 0.0030 0.0051 0.0028 0.0069 0.0031 0.0046 0.0044 0.0047 0.0033 0.0038 0.0075 0.0020 0.0068 0.0038 0.0033 0.0033 0.0043 0.0027 0.0033 0.0085 0.0046 0.0064 0.0053 0.0064 0.7926 0.0050 0.0059 0.0046 0.0027 0.0034 0.0029 0.0095 0.0050 0.0052 0.0053 0.0034 0.0043 0.0046 0.0058 0.0022 0.0031 0.0048 0.0053 
 H195.2_2003  1 0.0074 0.0052 0.0123 0.0086 0.0064 0.0026 0.0041 0.0052 0.0079 0.0074 0.0590 0.0106 0.0023 0.0029 0.0056 0.0113 0.0050 0.0067 0.0096 0.0025 0.0029 0.0040 0.0085 0.0046 0.0091 0.0059 0.0080 0.0075 0.0052 0.0062 0.0200 0.0062 0.0031 0.6503 0.0045 0.0078 0.0056 0.0067 0.0103 0.0069 0.0056 0.0063 0.0045 0.0089 0.0092 
 H195.2_2004  1 0.0048 0.0051 0.0041 0.0061 0.0037 0.0036 0.0028 0.0036 0.0042 0.0050 0.0114 0.0050 0.0093 0.0031 0.0068 0.0079 0.0023 0.0058 0.0035 0.0029 0.0055 0.0045 0.0043 0.0037 0.0065 0.0049 0.6530 0.0052 0.0052 0.0053 0.0032 0.0045 0.0044 0.1352 0.0029 0.0054 0.0058 0.0079 0.0055 0.0049 0.0054 0.0029 0.0032 0.0046 0.0052 
 H195.3_2003  1 0.0079 0.0080 0.0206 0.0118 0.0121 0.0047 0.0057 0.0116 0.0094 0.0114 0.0174 0.0073 0.0024 0.0025 0.0051 0.0100 0.0154 0.0073 0.0035 0.0055 0.0042 0.0047 0.0097 0.0078 0.0122 0.0167 0.0043 0.0113 0.0036 0.0162 0.0404 0.0074 0.0061 0.5682 0.0059 0.0115 0.0087 0.0197 0.0080 0.0087 0.0106 0.0078 0.0037 0.0130 0.0102 
 H195.3_2004  1 0.0075 0.0078 0.0041 0.0050 0.0025 0.0037 0.0042 0.0054 0.0055 0.0045 0.0036 0.0061 0.0127 0.0034 0.0197 0.0042 0.0036 0.0057 0.0059 0.0027 0.0025 0.0094 0.0054 0.0065 0.0073 0.0074 0.5171 0.0094 0.0073 0.0057 0.0024 0.0047 0.0026 0.2292 0.0034 0.0055 0.0107 0.0060 0.0055 0.0066 0.0063 0.0034 0.0043 0.0070 0.0065 
 H195.4_2003  1 0.0026 0.0029 0.0025 0.0040 0.0028 0.0029 0.0045 0.0046 0.0046 0.0042 0.0022 0.0055 0.0059 0.0038 0.0245 0.0027 0.0025 0.0056 0.0028 0.0020 0.0024 0.0042 0.0042 0.0036 0.0045 0.0046 0.0416 0.0048 0.0117 0.0058 0.0030 0.0041 0.0028 0.7608 0.0040 0.0056 0.0044 0.0051 0.0052 0.0059 0.0046 0.0022 0.0032 0.0043 0.0045 
 H195.4_2004  1 0.0041 0.0038 0.0048 0.0063 0.0023 0.0021 0.0032 0.0042 0.0057 0.0044 0.0122 0.0058 0.0057 0.0030 0.0073 0.0058 0.0029 0.0067 0.0034 0.0036 0.0027 0.0071 0.0069 0.0036 0.0071 0.0042 0.7500 0.0058 0.0035 0.0052 0.0023 0.0044 0.0048 0.0431 0.0022 0.0046 0.0049 0.0066 0.0060 0.0042 0.0045 0.0021 0.0058 0.0051 0.0059 
 H195.5_2003  1 0.0046 0.0101 0.0024 0.0044 0.0029 0.0086 0.0049 0.0041 0.0041 0.0041 0.0024 0.0035 0.0041 0.0023 0.0039 0.0026 0.0036 0.0035 0.0028 0.0065 0.0065 0.0029 0.0048 0.0024 0.0033 0.0036 0.0038 0.0058 0.0044 0.0045 0.0038 0.0044 0.0022 0.8170 0.0035 0.0040 0.0046 0.0044 0.0047 0.0040 0.0055 0.0025 0.0033 0.0039 0.0049 
 H195.5_2004  1 0.0062 0.0051 0.0028 0.0041 0.0027 0.0029 0.0035 0.0048 0.0039 0.0077 0.0042 0.0059 0.0036 0.0030 0.0047 0.0031 0.0032 0.0041 0.0036 0.0084 0.0035 0.0051 0.0065 0.0040 0.0066 0.0051 0.7726 0.0047 0.0037 0.0042 0.0024 0.0053 0.0039 0.0329 0.0026 0.0047 0.0051 0.0049 0.0059 0.0040 0.0061 0.0050 0.0047 0.0050 0.0039 
 H195.6_2003  1 0.0090 0.0065 0.0138 0.0071 0.0071 0.0032 0.0113 0.0083 0.0082 0.0083 0.0191 0.0100 0.0026 0.0029 0.0050 0.0063 0.0087 0.0037 0.0065 0.0024 0.0027 0.0044 0.0101 0.0059 0.0066 0.0077 0.0655 0.0058 0.0027 0.0126 0.0097 0.0048 0.0026 0.6200 0.0057 0.0099 0.0078 0.0076 0.0124 0.0098 0.0065 0.0038 0.0048 0.0095 0.0110 
 H195.6_2004  1 0.0045 0.0055 0.0064 0.0041 0.0027 0.0024 0.0035 0.0040 0.0045 0.0040 0.0040 0.0042 0.0040 0.0039 0.0043 0.0035 0.0025 0.0055 0.0036 0.0041 0.0022 0.0058 0.0032 0.0031 0.0055 0.0036 0.6555 0.0042 0.0047 0.0056 0.0018 0.0041 0.0043 0.1640 0.0024 0.0049 0.0057 0.0044 0.0041 0.0048 0.0044 0.0074 0.0037 0.0048 0.0045 
 H195.7_2003  1 0.0049 0.0038 0.0058 0.0065 0.0022 0.0035 0.0050 0.0049 0.0075 0.0068 0.0471 0.0081 0.0038 0.0023 0.0060 0.0064 0.0028 0.0049 0.0025 0.0029 0.0023 0.0032 0.0077 0.0046 0.0058 0.0064 0.0301 0.0062 0.0039 0.0068 0.0029 0.0057 0.0033 0.7134 0.0038 0.0049 0.0057 0.0053 0.0079 0.0058 0.0052 0.0048 0.0044 0.0070 0.0052 
 H195.7_2004  1 0.0045 0.0039 0.0032 0.0046 0.0068 0.0047 0.0033 0.0036 0.0039 0.0046 0.0054 0.0048 0.0025 0.0024 0.0025 0.0039 0.0043 0.0028 0.0024 0.0033 0.0046 0.0031 0.0036 0.0032 0.0043 0.0046 0.8288 0.0029 0.0024 0.0046 0.0049 0.0034 0.0020 0.0083 0.0026 0.0051 0.0035 0.0052 0.0039 0.0045 0.0041 0.0020 0.0032 0.0039 0.0038 
      H195.8  1 0.0038 0.0036 0.0026 0.0037 0.0025 0.0039 0.0030 0.0028 0.0047 0.0039 0.0034 0.0035 0.0022 0.0021 0.0032 0.0029 0.0034 0.0037 0.0028 0.0037 0.0036 0.0044 0.0028 0.0035 0.0035 0.0039 0.8558 0.0035 0.0028 0.0032 0.0029 0.0030 0.0022 0.0032 0.0030 0.0034 0.0031 0.0036 0.0037 0.0032 0.0036 0.0020 0.0039 0.0039 0.0031 
      H195.9  1 0.0070 0.0076 0.0099 0.0088 0.0033 0.0062 0.0038 0.0054 0.0062 0.0060 0.0062 0.0070 0.0087 0.0039 0.0094 0.0072 0.0031 0.0080 0.0037 0.0022 0.0047 0.0181 0.0072 0.0042 0.0088 0.0067 0.6379 0.0096 0.0040 0.0063 0.0027 0.0060 0.0060 0.0844 0.0032 0.0092 0.0071 0.0065 0.0074 0.0056 0.0052 0.0025 0.0073 0.0094 0.0066 
      H415.1  1 0.0063 0.0068 0.0028 0.0046 0.0118 0.0094 0.0027 0.0062 0.0066 0.0050 0.0074 0.0049 0.0087 0.0060 0.0045 0.0022 0.0133 0.0066 0.0041 0.0053 0.0037 0.0044 0.0065 0.0052 0.0047 0.0076 0.0034 0.0084 0.7431 0.0054 0.0076 0.0074 0.0043 0.0040 0.0041 0.0057 0.0059 0.0084 0.0054 0.0061 0.0061 0.0039 0.0020 0.0055 0.0059 
      H415.2  1 0.0204 0.0081 0.0077 0.0225 0.0046 0.0048 0.0155 0.0225 0.0244 0.0290 0.0088 0.0205 0.0047 0.0102 0.0071 0.0080 0.0286 0.0115 0.0913 0.0030 0.0095 0.0235 0.0226 0.0071 0.0169 0.0370 0.0044 0.0139 0.2365 0.0193 0.0067 0.0275 0.0159 0.0039 0.0156 0.0202 0.0197 0.0236 0.0366 0.0189 0.0152 0.0035 0.0034 0.0220 0.0232 
      H415.3  1 0.0060 0.0038 0.0027 0.0063 0.0031 0.0065 0.0091 0.0054 0.0055 0.0071 0.0052 0.0079 0.0124 0.0268 0.0052 0.0070 0.0040 0.0030 0.0047 0.0030 0.0046 0.0057 0.0058 0.0070 0.0045 0.0050 0.0027 0.0065 0.7410 0.0049 0.0024 0.0053 0.0038 0.0045 0.0071 0.0059 0.0059 0.0047 0.0060 0.0068 0.0080 0.0034 0.0023 0.0059 0.0055 
      H415.4  1 0.0042 0.0034 0.0026 0.0039 0.0047 0.0045 0.0026 0.0040 0.0042 0.0047 0.0020 0.0039 0.0042 0.0022 0.0052 0.0019 0.0039 0.0041 0.0043 0.0020 0.0028 0.0025 0.0049 0.0029 0.0039 0.0034 0.0037 0.0045 0.8325 0.0043 0.0048 0.0031 0.0057 0.0054 0.0036 0.0047 0.0039 0.0037 0.0050 0.0050 0.0043 0.0032 0.0021 0.0039 0.0038 
      H415.5  1 0.0030 0.0030 0.0023 0.0034 0.0022 0.0040 0.0026 0.0032 0.0042 0.0038 0.0032 0.0042 0.0066 0.0042 0.0059 0.0027 0.0036 0.0036 0.0054 0.0021 0.0046 0.0038 0.0039 0.0068 0.0036 0.0042 0.0036 0.0050 0.8315 0.0047 0.0024 0.0038 0.0044 0.0048 0.0021 0.0031 0.0038 0.0044 0.0045 0.0042 0.0034 0.0026 0.0023 0.0050 0.0043 
      H415.6  1 0.0044 0.0042 0.0022 0.0037 0.0054 0.0049 0.0027 0.0041 0.0034 0.0056 0.0023 0.0037 0.0052 0.0023 0.0040 0.0022 0.0038 0.0039 0.0036 0.0019 0.0031 0.0030 0.0048 0.0025 0.0033 0.0034 0.0036 0.0053 0.8330 0.0042 0.0051 0.0039 0.0055 0.0059 0.0030 0.0036 0.0040 0.0033 0.0047 0.0039 0.0041 0.0031 0.0026 0.0039 0.0037 
      H415.7  1 0.0223 0.0140 0.0087 0.0215 0.0035 0.0036 0.0201 0.0125 0.0239 0.0202 0.0071 0.0261 0.0116 0.0171 0.0090 0.0076 0.0092 0.0135 0.0326 0.0025 0.0046 0.0212 0.0164 0.0062 0.0160 0.0282 0.0041 0.0234 0.3769 0.0123 0.0059 0.0205 0.0043 0.0057 0.0084 0.0263 0.0173 0.0193 0.0154 0.0199 0.0159 0.0041 0.0049 0.0202 0.0160 
      H506.1  1 0.0037 0.0026 0.0029 0.0027 0.0021 0.0025 0.0033 0.0027 0.0030 0.0027 0.0021 0.0030 0.0048 0.8742 0.0029 0.0047 0.0018 0.0023 0.0023 0.0024 0.0022 0.0027 0.0031 0.0032 0.0031 0.0028 0.0027 0.0025 0.0024 0.0037 0.0018 0.0025 0.0045 0.0033 0.0022 0.0030 0.0029 0.0033 0.0029 0.0027 0.0027 0.0028 0.0030 0.0026 0.0025 
      H506.2  1 0.0027 0.0049 0.0033 0.0033 0.0018 0.0026 0.0030 0.0028 0.0028 0.0032 0.0018 0.0034 0.0035 0.8484 0.0035 0.0043 0.0021 0.0032 0.0032 0.0019 0.0027 0.0065 0.0037 0.0045 0.0035 0.0030 0.0105 0.0038 0.0026 0.0033 0.0019 0.0029 0.0044 0.0048 0.0023 0.0029 0.0039 0.0029 0.0035 0.0035 0.0034 0.0041 0.0036 0.0027 0.0034 
      H506.3  1 0.0080 0.0043 0.0034 0.0091 0.0032 0.0071 0.0107 0.0093 0.0099 0.0074 0.0095 0.0118 0.0046 0.6889 0.0056 0.0066 0.0044 0.0029 0.0039 0.0024 0.0088 0.0112 0.0071 0.0134 0.0084 0.0078 0.0060 0.0096 0.0037 0.0068 0.0030 0.0063 0.0141 0.0041 0.0038 0.0083 0.0082 0.0073 0.0084 0.0080 0.0074 0.0037 0.0033 0.0084 0.0102 
      H506.4  1 0.0060 0.0033 0.0036 0.0061 0.0038 0.0049 0.0111 0.0049 0.0071 0.0062 0.0035 0.0068 0.0052 0.7416 0.0048 0.0054 0.0034 0.0040 0.0068 0.0028 0.0070 0.0106 0.0057 0.0084 0.0066 0.0051 0.0030 0.0049 0.0053 0.0061 0.0048 0.0060 0.0036 0.0039 0.0023 0.0075 0.0072 0.0054 0.0062 0.0062 0.0160 0.0023 0.0125 0.0061 0.0057 
      H506.5  1 0.0045 0.0047 0.0042 0.0043 0.0020 0.0023 0.0047 0.0039 0.0042 0.0037 0.0026 0.0044 0.0061 0.8186 0.0039 0.0029 0.0026 0.0024 0.0038 0.0022 0.0033 0.0069 0.0039 0.0072 0.0042 0.0049 0.0039 0.0042 0.0045 0.0036 0.0029 0.0040 0.0037 0.0090 0.0026 0.0040 0.0049 0.0039 0.0032 0.0041 0.0043 0.0038 0.0072 0.0043 0.0037 
      H506.6  1 0.0131 0.0128 0.0073 0.0129 0.0035 0.0037 0.0147 0.0169 0.0143 0.0113 0.0088 0.0109 0.0035 0.5316 0.0048 0.0032 0.0046 0.0047 0.0036 0.0025 0.0051 0.0495 0.0089 0.0133 0.0195 0.0111 0.0186 0.0129 0.0058 0.0112 0.0048 0.0132 0.0037 0.0097 0.0052 0.0199 0.0095 0.0161 0.0135 0.0175 0.0089 0.0032 0.0087 0.0123 0.0091 
      H506.7  1 0.0029 0.0041 0.0035 0.0036 0.0019 0.0021 0.0040 0.0031 0.0023 0.0029 0.0024 0.0037 0.0039 0.8510 0.0033 0.0043 0.0022 0.0024 0.0027 0.0025 0.0032 0.0047 0.0030 0.0050 0.0033 0.0026 0.0052 0.0037 0.0027 0.0040 0.0017 0.0026 0.0049 0.0062 0.0024 0.0032 0.0036 0.0043 0.0034 0.0035 0.0043 0.0037 0.0030 0.0041 0.0028 
      H533.1  1 0.0044 0.0021 0.0023 0.0047 0.0026 0.0029 0.0028 0.0052 0.0035 0.0038 0.0022 0.0043 0.0075 0.8255 0.0053 0.0023 0.0025 0.0025 0.0021 0.0027 0.0062 0.0031 0.0042 0.0074 0.0045 0.0041 0.0030 0.0061 0.0033 0.0037 0.0018 0.0034 0.0049 0.0024 0.0022 0.0047 0.0053 0.0039 0.0038 0.0052 0.0052 0.0094 0.0031 0.0038 0.0040 
      H533.2  1 0.0043 0.0022 0.0020 0.0038 0.0021 0.0033 0.0027 0.0053 0.0039 0.0052 0.0020 0.0042 0.0068 0.8089 0.0044 0.0025 0.0020 0.0022 0.0025 0.0021 0.0062 0.0050 0.0044 0.0154 0.0045 0.0047 0.0037 0.0053 0.0037 0.0055 0.0018 0.0049 0.0054 0.0024 0.0023 0.0047 0.0062 0.0056 0.0044 0.0047 0.0057 0.0089 0.0033 0.0039 0.0051 
      H533.3  1 0.0044 0.0026 0.0069 0.0039 0.0028 0.0030 0.0023 0.0050 0.0038 0.0037 0.0025 0.0050 0.0071 0.8261 0.0034 0.0035 0.0048 0.0033 0.0018 0.0021 0.0031 0.0037 0.0055 0.0040 0.0057 0.0049 0.0037 0.0041 0.0025 0.0045 0.0017 0.0077 0.0040 0.0020 0.0039 0.0041 0.0047 0.0039 0.0037 0.0049 0.0047 0.0037 0.0029 0.0050 0.0035 
      H533.4  1 0.0061 0.0033 0.0150 0.0076 0.0041 0.0056 0.0025 0.0077 0.0051 0.0074 0.0034 0.0091 0.0145 0.7106 0.0046 0.0038 0.0046 0.0100 0.0029 0.0030 0.0028 0.0061 0.0070 0.0047 0.0084 0.0080 0.0170 0.0050 0.0063 0.0079 0.0026 0.0076 0.0027 0.0103 0.0030 0.0077 0.0072 0.0078 0.0067 0.0082 0.0053 0.0038 0.0078 0.0091 0.0063 
      H535.1  1 0.0035 0.0031 0.0046 0.0038 0.0028 0.0027 0.0023 0.0038 0.0030 0.0035 0.0022 0.0030 0.0027 0.0035 0.0028 0.0032 0.0043 0.0037 0.0050 0.0028 0.0033 0.0049 0.0036 0.0045 0.0033 0.0038 0.0025 0.0037 0.0033 0.0031 0.0036 0.0037 0.0035 0.0034 0.0020 0.0039 0.0033 0.0039 0.0030 0.0027 0.0036 0.0027 0.8516 0.0032 0.0037 
      H535.2  1 0.0035 0.0044 0.0035 0.0030 0.0020 0.0026 0.0037 0.0035 0.0035 0.0030 0.0021 0.0031 0.0026 0.0031 0.0032 0.0035 0.0022 0.0026 0.0022 0.0024 0.0036 0.0055 0.0032 0.0055 0.0027 0.0032 0.0047 0.0032 0.0024 0.0040 0.0022 0.0027 0.0036 0.0025 0.0034 0.0032 0.0033 0.0025 0.0033 0.0032 0.0034 0.0040 0.8584 0.0034 0.0031 
      H535.3  1 0.0036 0.0027 0.0031 0.0034 0.0021 0.0024 0.0035 0.0027 0.0033 0.0034 0.0019 0.0036 0.0020 0.0033 0.0024 0.0033 0.0020 0.0026 0.0021 0.0033 0.0038 0.0026 0.0032 0.0042 0.0030 0.0032 0.0041 0.0027 0.0021 0.0032 0.0027 0.0027 0.0035 0.0025 0.0030 0.0029 0.0026 0.0028 0.0027 0.0030 0.0028 0.0033 0.8698 0.0038 0.0031 
      H535.4  1 0.0027 0.0029 0.0033 0.0032 0.0021 0.0023 0.0030 0.0032 0.0032 0.0027 0.0024 0.0028 0.0050 0.0031 0.0046 0.0024 0.0025 0.0030 0.0020 0.0024 0.0026 0.0031 0.0024 0.0023 0.0031 0.0030 0.0044 0.0036 0.0032 0.0032 0.0021 0.0032 0.0030 0.0040 0.0026 0.0031 0.0033 0.0026 0.0029 0.0028 0.0030 0.0030 0.8681 0.0037 0.0028 
      H535.5  1 0.0025 0.0025 0.0044 0.0035 0.0019 0.0021 0.0022 0.0025 0.0032 0.0031 0.0021 0.0035 0.0039 0.0037 0.0029 0.0031 0.0028 0.0033 0.0024 0.0023 0.0018 0.0038 0.0024 0.0025 0.0028 0.0027 0.0026 0.0030 0.0037 0.0033 0.0023 0.0029 0.0030 0.0042 0.0023 0.0030 0.0026 0.0027 0.0026 0.0034 0.0029 0.0026 0.8729 0.0032 0.0031 
      H535.6  1 0.0047 0.0025 0.0072 0.0043 0.0053 0.0043 0.0022 0.0055 0.0055 0.0053 0.0025 0.0040 0.0020 0.0028 0.0034 0.0031 0.0052 0.0039 0.0077 0.0037 0.0030 0.0048 0.0043 0.0050 0.0040 0.0055 0.0029 0.0044 0.0033 0.0039 0.0084 0.0041 0.0041 0.0066 0.0021 0.0052 0.0049 0.0036 0.0049 0.0062 0.0052 0.0024 0.8074 0.0039 0.0049 
      H535.7  1 0.0023 0.0024 0.0023 0.0023 0.0018 0.0018 0.0021 0.0025 0.0028 0.0023 0.0021 0.0020 0.0033 0.0028 0.0024 0.0024 0.0019 0.0024 0.0017 0.0021 0.0016 0.0027 0.0024 0.0023 0.0027 0.0024 0.0020 0.0030 0.0023 0.0024 0.0025 0.0023 0.0028 0.0030 0.0018 0.0026 0.0023 0.0022 0.0021 0.0021 0.0023 0.0018 0.8982 0.0022 0.0023 
      H535.8  1 0.0032 0.0037 0.0043 0.0033 0.0024 0.0025 0.0021 0.0027 0.0029 0.0033 0.0026 0.0031 0.0022 0.0028 0.0032 0.0035 0.0024 0.0035 0.0021 0.0020 0.0017 0.0026 0.0032 0.0034 0.0033 0.0029 0.0025 0.0031 0.0031 0.0029 0.0035 0.0040 0.0044 0.0052 0.0030 0.0035 0.0031 0.0027 0.0030 0.0033 0.0034 0.0034 0.8649 0.0032 0.0028 
      H535.9  1 0.0029 0.0027 0.0041 0.0028 0.0029 0.0036 0.0025 0.0036 0.0033 0.0030 0.0021 0.0037 0.0033 0.0028 0.0023 0.0028 0.0025 0.0032 0.0037 0.0033 0.0032 0.0038 0.0032 0.0045 0.0029 0.0032 0.0028 0.0032 0.0020 0.0034 0.0030 0.0030 0.0031 0.0033 0.0020 0.0035 0.0031 0.0037 0.0031 0.0031 0.0030 0.0024 0.8644 0.0033 0.0024 
      H539.1  1 0.0035 0.0039 0.0041 0.0038 0.3762 0.0085 0.0028 0.0039 0.0040 0.0046 0.0021 0.0035 0.0022 0.0023 0.0029 0.0054 0.0127 0.0037 0.0065 0.0034 0.0032 0.0034 0.0043 0.0027 0.0034 0.0039 0.0031 0.0040 0.0046 0.0038 0.4541 0.0042 0.0018 0.0028 0.0032 0.0040 0.0040 0.0042 0.0036 0.0042 0.0049 0.0022 0.0021 0.0041 0.0042 
      H539.2  1 0.0376 0.0144 0.0202 0.0252 0.0382 0.0728 0.0060 0.0834 0.0283 0.0273 0.0138 0.0284 0.0037 0.0035 0.0064 0.0077 0.0477 0.0078 0.0060 0.0358 0.0466 0.0165 0.0298 0.0047 0.0267 0.0248 0.0036 0.0209 0.0034 0.0251 0.0122 0.0369 0.0046 0.0041 0.0041 0.0222 0.0174 0.0259 0.0183 0.0230 0.0561 0.0030 0.0054 0.0222 0.0283 
      H539.3  1 0.0096 0.0062 0.0111 0.0072 0.4661 0.0056 0.0050 0.0179 0.0070 0.0116 0.0115 0.0093 0.0035 0.0030 0.0051 0.0039 0.0206 0.0199 0.0063 0.0108 0.0065 0.0078 0.0082 0.0024 0.0092 0.0105 0.0039 0.0082 0.0045 0.0082 0.1651 0.0111 0.0033 0.0131 0.0021 0.0121 0.0089 0.0109 0.0104 0.0090 0.0111 0.0031 0.0083 0.0085 0.0126 
      H539.4  1 0.0151 0.0086 0.0024 0.0170 0.1454 0.0328 0.0052 0.0347 0.0131 0.0197 0.0087 0.0137 0.0033 0.0024 0.0065 0.0041 0.0273 0.0035 0.0055 0.0048 0.0326 0.0078 0.0119 0.0032 0.0209 0.0210 0.0035 0.0134 0.0049 0.0109 0.2986 0.0260 0.0043 0.0030 0.0060 0.0203 0.0113 0.0158 0.0102 0.0122 0.0478 0.0039 0.0032 0.0145 0.0192 
      H539.5  1 0.0051 0.0040 0.0119 0.0050 0.6243 0.0043 0.0018 0.0050 0.0058 0.0051 0.0034 0.0036 0.0027 0.0023 0.0032 0.0065 0.0967 0.0052 0.0044 0.0035 0.0043 0.0102 0.0046 0.0028 0.0035 0.0044 0.0023 0.0047 0.0019 0.0052 0.0922 0.0056 0.0030 0.0019 0.0036 0.0047 0.0048 0.0051 0.0045 0.0049 0.0054 0.0026 0.0046 0.0051 0.0044 
      H539.6  1 0.0048 0.0024 0.0114 0.0046 0.8191 0.0033 0.0019 0.0045 0.0037 0.0037 0.0028 0.0034 0.0030 0.0021 0.0023 0.0043 0.0171 0.0074 0.0046 0.0028 0.0022 0.0041 0.0040 0.0025 0.0043 0.0048 0.0022 0.0037 0.0026 0.0036 0.0074 0.0044 0.0023 0.0028 0.0026 0.0045 0.0045 0.0036 0.0035 0.0038 0.0043 0.0027 0.0038 0.0029 0.0035 
      H539.7  1 0.0078 0.0029 0.0039 0.0089 0.2951 0.0157 0.0039 0.0165 0.0073 0.0087 0.0066 0.0086 0.0027 0.0026 0.0045 0.0024 0.0412 0.0063 0.0058 0.0088 0.0097 0.0059 0.0105 0.0031 0.0078 0.0085 0.0030 0.0091 0.0058 0.0098 0.3283 0.0092 0.0028 0.0045 0.0051 0.0072 0.0091 0.0120 0.0111 0.0073 0.0411 0.0024 0.0038 0.0096 0.0135 
      H539.8  1 0.0260 0.0070 0.0063 0.0133 0.1157 0.0184 0.0057 0.0275 0.0186 0.0227 0.0155 0.0207 0.0041 0.0034 0.0041 0.0041 0.0160 0.0105 0.0039 0.0235 0.0239 0.0057 0.0135 0.0034 0.0099 0.0181 0.0028 0.0111 0.0043 0.0252 0.2556 0.0233 0.0059 0.0093 0.0033 0.0214 0.0157 0.0188 0.0184 0.0187 0.0609 0.0032 0.0165 0.0221 0.0224 
      H539.9  1 0.0092 0.0118 0.0039 0.0065 0.2903 0.0066 0.0040 0.0142 0.0094 0.0084 0.0112 0.0088 0.0028 0.0030 0.0032 0.0023 0.0640 0.0031 0.0028 0.0038 0.0061 0.0043 0.0065 0.0029 0.0095 0.0092 0.0037 0.0095 0.0041 0.0064 0.3570 0.0172 0.0062 0.0025 0.0054 0.0078 0.0073 0.0084 0.0060 0.0118 0.0149 0.0042 0.0022 0.0061 0.0114 
      H540.1  1 0.0053 0.0032 0.0390 0.0050 0.0196 0.0052 0.0038 0.0064 0.0048 0.0069 0.0035 0.0078 0.0025 0.0027 0.0028 0.0047 0.6831 0.0040 0.0033 0.0025 0.0028 0.0058 0.0061 0.0053 0.0079 0.0060 0.0058 0.0059 0.0038 0.0055 0.0471 0.0066 0.0038 0.0048 0.0038 0.0064 0.0052 0.0072 0.0084 0.0087 0.0052 0.0032 0.0029 0.0068 0.0088 
      H540.2  1 0.0055 0.0027 0.0073 0.0033 0.0471 0.0043 0.0029 0.0052 0.0035 0.0057 0.0036 0.0045 0.0027 0.0027 0.0033 0.0029 0.7723 0.0066 0.0029 0.0038 0.0029 0.0038 0.0058 0.0027 0.0036 0.0032 0.0023 0.0036 0.0038 0.0041 0.0154 0.0038 0.0029 0.0020 0.0056 0.0045 0.0031 0.0045 0.0048 0.0047 0.0044 0.0026 0.0018 0.0057 0.0055 
      H540.3  1 0.0227 0.0201 0.0045 0.0150 0.0047 0.0099 0.0043 0.0230 0.0252 0.0301 0.0089 0.0297 0.0081 0.0028 0.0142 0.0030 0.0653 0.0161 0.0050 0.0110 0.0060 0.0172 0.0296 0.0057 0.0242 0.0183 0.0079 0.0338 0.0102 0.0161 0.2608 0.0143 0.0063 0.0030 0.0046 0.0229 0.0129 0.0162 0.0180 0.0238 0.0554 0.0039 0.0040 0.0275 0.0338 
      H540.4  1 0.0159 0.0041 0.0071 0.0082 0.0293 0.0371 0.0057 0.0168 0.0095 0.0094 0.0085 0.0142 0.0026 0.0031 0.0064 0.0034 0.5558 0.0047 0.0052 0.0097 0.0115 0.0066 0.0102 0.0102 0.0102 0.0161 0.0039 0.0080 0.0050 0.0121 0.0156 0.0074 0.0036 0.0033 0.0053 0.0101 0.0107 0.0159 0.0069 0.0067 0.0335 0.0022 0.0034 0.0107 0.0144 
      H540.5  1 0.0057 0.0065 0.0041 0.0072 0.0132 0.0032 0.0030 0.0072 0.0069 0.0057 0.0072 0.0043 0.0034 0.0019 0.0050 0.0036 0.7115 0.0082 0.0041 0.0035 0.0026 0.0058 0.0074 0.0052 0.0051 0.0062 0.0022 0.0054 0.0048 0.0054 0.0655 0.0058 0.0041 0.0027 0.0048 0.0047 0.0053 0.0059 0.0047 0.0051 0.0072 0.0034 0.0025 0.0067 0.0062 
      H540.6  1 0.0055 0.0069 0.0158 0.0057 0.0257 0.0036 0.0046 0.0076 0.0123 0.0056 0.0070 0.0059 0.0026 0.0028 0.0047 0.0045 0.6921 0.0044 0.0049 0.0060 0.0024 0.0057 0.0067 0.0093 0.0109 0.0067 0.0050 0.0049 0.0035 0.0072 0.0128 0.0091 0.0038 0.0022 0.0065 0.0091 0.0071 0.0050 0.0085 0.0076 0.0094 0.0040 0.0030 0.0100 0.0116 
      H540.7  1 0.0112 0.0055 0.0085 0.0059 0.0328 0.0068 0.0059 0.0091 0.0071 0.0074 0.0033 0.0068 0.0070 0.0030 0.0051 0.0057 0.7135 0.0052 0.0041 0.0089 0.0047 0.0057 0.0049 0.0061 0.0048 0.0082 0.0033 0.0035 0.0068 0.0059 0.0065 0.0059 0.0031 0.0040 0.0071 0.0055 0.0040 0.0070 0.0066 0.0067 0.0063 0.0024 0.0026 0.0086 0.0071 
      H540.8  1 0.0107 0.0028 0.0101 0.0095 0.0167 0.0077 0.0042 0.0108 0.0106 0.0094 0.0051 0.0084 0.0047 0.0025 0.0079 0.0041 0.5806 0.0310 0.0116 0.0044 0.0054 0.0085 0.0127 0.0037 0.0072 0.0149 0.0029 0.0119 0.0093 0.0121 0.0285 0.0156 0.0050 0.0049 0.0027 0.0172 0.0096 0.0116 0.0102 0.0107 0.0127 0.0023 0.0038 0.0117 0.0122 
     H9558.1  1 0.0031 0.0023 0.0042 0.0037 0.0114 0.0030 0.0020 0.0030 0.0031 0.0027 0.0024 0.0029 0.0019 0.0028 0.0025 0.0025 0.0055 0.0037 0.0057 0.0030 0.0025 0.0025 0.0026 0.0030 0.0035 0.0034 0.0021 0.0032 0.0032 0.0033 0.8569 0.0027 0.0025 0.0035 0.0023 0.0040 0.0026 0.0034 0.0029 0.0033 0.0033 0.0032 0.0029 0.0029 0.0030 
     H9558.2  1 0.0050 0.0031 0.0034 0.0047 0.0058 0.0026 0.0036 0.0035 0.0053 0.0046 0.0036 0.0058 0.0026 0.0046 0.0031 0.0074 0.0040 0.0048 0.0051 0.0036 0.0023 0.0023 0.0044 0.0081 0.0038 0.0038 0.0021 0.0042 0.0042 0.0035 0.8091 0.0031 0.0043 0.0077 0.0058 0.0035 0.0041 0.0050 0.0054 0.0046 0.0056 0.0053 0.0031 0.0043 0.0042 
     H9558.3  1 0.0055 0.0049 0.0062 0.0049 0.0413 0.0072 0.0043 0.0075 0.0053 0.0048 0.0049 0.0035 0.0023 0.0030 0.0029 0.0118 0.0118 0.0045 0.0026 0.0082 0.0033 0.0025 0.0045 0.0064 0.0044 0.0065 0.0021 0.0035 0.0038 0.0047 0.7299 0.0043 0.0041 0.0031 0.0086 0.0038 0.0052 0.0053 0.0041 0.0056 0.0064 0.0159 0.0049 0.0040 0.0056 
     H9558.4  1 0.0042 0.0025 0.0054 0.0039 0.0050 0.0030 0.0024 0.0049 0.0034 0.0041 0.0044 0.0043 0.0031 0.0024 0.0026 0.0032 0.0125 0.0087 0.0028 0.0036 0.0031 0.0065 0.0041 0.0030 0.0037 0.0053 0.0019 0.0040 0.0033 0.0035 0.8185 0.0061 0.0022 0.0022 0.0020 0.0046 0.0047 0.0039 0.0047 0.0047 0.0055 0.0028 0.0050 0.0040 0.0041 
     H9558.5  1 0.0072 0.0089 0.0029 0.0078 0.0050 0.0129 0.0040 0.0283 0.0063 0.0135 0.0142 0.0086 0.0029 0.0033 0.0031 0.0032 0.0215 0.0031 0.0024 0.0141 0.0076 0.0055 0.0066 0.0042 0.0094 0.0083 0.0019 0.0075 0.0031 0.0061 0.6375 0.0100 0.0032 0.0018 0.0059 0.0090 0.0096 0.0063 0.0059 0.0080 0.0403 0.0032 0.0049 0.0077 0.0133 
     H9558.6  1 0.0101 0.0046 0.0044 0.0087 0.0161 0.0037 0.0030 0.0053 0.0076 0.0085 0.0026 0.0084 0.0027 0.0026 0.0033 0.0039 0.0082 0.0045 0.0040 0.0042 0.0025 0.0040 0.0066 0.0030 0.0085 0.0071 0.0030 0.0071 0.0042 0.0079 0.7375 0.0068 0.0042 0.0034 0.0043 0.0056 0.0096 0.0070 0.0100 0.0105 0.0070 0.0070 0.0030 0.0077 0.0062 
    kos339.1  1 0.0081 0.0042 0.0070 0.0099 0.0032 0.0036 0.0075 0.0075 0.0088 0.0071 0.0033 0.0086 0.6682 0.0197 0.0096 0.0204 0.0105 0.0029 0.0093 0.0026 0.0038 0.0062 0.0076 0.0075 0.0063 0.0079 0.0032 0.0106 0.0079 0.0074 0.0031 0.0069 0.0051 0.0026 0.0183 0.0086 0.0087 0.0087 0.0061 0.0061 0.0075 0.0056 0.0057 0.0100 0.0064 
    kos339.2  1 0.0048 0.0058 0.0021 0.0050 0.0045 0.0049 0.0065 0.0051 0.0046 0.0040 0.0030 0.0077 0.7692 0.0091 0.0063 0.0089 0.0037 0.0043 0.0056 0.0028 0.0030 0.0051 0.0070 0.0043 0.0057 0.0047 0.0073 0.0043 0.0060 0.0058 0.0023 0.0052 0.0047 0.0042 0.0065 0.0047 0.0063 0.0074 0.0055 0.0056 0.0055 0.0045 0.0044 0.0063 0.0057 
    kos339.3  1 0.0036 0.0024 0.0044 0.0039 0.0030 0.0061 0.0020 0.0031 0.0033 0.0044 0.0028 0.0039 0.8424 0.0040 0.0053 0.0023 0.0042 0.0034 0.0027 0.0024 0.0026 0.0034 0.0046 0.0036 0.0038 0.0040 0.0028 0.0058 0.0046 0.0036 0.0027 0.0036 0.0033 0.0043 0.0021 0.0028 0.0049 0.0035 0.0033 0.0031 0.0035 0.0024 0.0044 0.0038 0.0037 
    kos339.4  1 0.0035 0.0029 0.0034 0.0036 0.0032 0.0073 0.0020 0.0040 0.0040 0.0039 0.0034 0.0030 0.8248 0.0032 0.0057 0.0032 0.0031 0.0034 0.0040 0.0029 0.0030 0.0027 0.0044 0.0044 0.0035 0.0038 0.0034 0.0096 0.0065 0.0039 0.0026 0.0036 0.0031 0.0055 0.0022 0.0044 0.0075 0.0039 0.0047 0.0035 0.0049 0.0023 0.0042 0.0042 0.0038 
    kos339.5  1 0.0061 0.0031 0.0041 0.0044 0.0043 0.0037 0.0039 0.0068 0.0055 0.0055 0.0029 0.0049 0.7420 0.0160 0.0082 0.0365 0.0074 0.0025 0.0049 0.0028 0.0031 0.0067 0.0059 0.0063 0.0060 0.0064 0.0025 0.0059 0.0042 0.0041 0.0030 0.0038 0.0043 0.0027 0.0098 0.0045 0.0052 0.0056 0.0048 0.0057 0.0048 0.0048 0.0029 0.0053 0.0064 
    kos339.6  1 0.0054 0.0038 0.0033 0.0046 0.0028 0.0036 0.0036 0.0048 0.0047 0.0035 0.0031 0.0040 0.8133 0.0051 0.0089 0.0072 0.0047 0.0069 0.0035 0.0024 0.0022 0.0055 0.0034 0.0038 0.0043 0.0052 0.0058 0.0034 0.0058 0.0047 0.0023 0.0034 0.0024 0.0029 0.0060 0.0053 0.0047 0.0040 0.0045 0.0039 0.0041 0.0025 0.0023 0.0050 0.0036 
    kos339.7  1 0.0040 0.0027 0.0041 0.0039 0.0027 0.0049 0.0023 0.0044 0.0034 0.0040 0.0028 0.0039 0.8314 0.0052 0.0064 0.0023 0.0027 0.0033 0.0032 0.0024 0.0038 0.0027 0.0038 0.0036 0.0037 0.0037 0.0030 0.0065 0.0056 0.0039 0.0024 0.0032 0.0029 0.0041 0.0022 0.0030 0.0073 0.0036 0.0037 0.0039 0.0044 0.0020 0.0092 0.0042 0.0036 
    kos339.8  1 0.0039 0.0034 0.0026 0.0041 0.0026 0.0051 0.0049 0.0039 0.0046 0.0050 0.0031 0.0042 0.8147 0.0167 0.0059 0.0052 0.0029 0.0028 0.0030 0.0033 0.0035 0.0034 0.0036 0.0029 0.0033 0.0035 0.0041 0.0063 0.0073 0.0029 0.0019 0.0034 0.0029 0.0047 0.0037 0.0055 0.0048 0.0038 0.0040 0.0034 0.0044 0.0031 0.0032 0.0045 0.0041 
    kos339.9  1 0.0125 0.0093 0.0063 0.0142 0.0156 0.0070 0.0036 0.0180 0.0086 0.0155 0.0031 0.0117 0.4517 0.0067 0.0291 0.0203 0.0341 0.0041 0.0289 0.0025 0.0058 0.0219 0.0130 0.0119 0.0158 0.0102 0.0087 0.0227 0.0089 0.0144 0.0056 0.0087 0.0065 0.0060 0.0077 0.0104 0.0228 0.0131 0.0140 0.0135 0.0182 0.0057 0.0039 0.0145 0.0131 
      H409.1 12 0.0033 0.0032 0.0019 0.0031 0.0019 0.0019 0.0028 0.0033 0.0042 0.0030 0.0041 0.0038 0.0047 0.0046 0.0048 0.0041 0.0024 0.0034 0.0032 0.0035 0.0027 0.0033 0.0031 0.0068 0.0028 0.0040 0.0030 0.0028 0.0045 0.0040 0.0020 0.0031 0.8489 0.0033 0.0055 0.0032 0.0036 0.0036 0.0037 0.0031 0.0034 0.0031 0.0024 0.0030 0.0037 
     H409.10 12 0.0071 0.0075 0.0050 0.0062 0.0103 0.0069 0.0048 0.0088 0.0075 0.0075 0.0100 0.0046 0.0050 0.0214 0.0042 0.0029 0.0080 0.0025 0.0044 0.0061 0.0050 0.0043 0.0086 0.0084 0.0055 0.0055 0.0032 0.0050 0.0084 0.0055 0.0027 0.0052 0.7171 0.0069 0.0075 0.0066 0.0058 0.0052 0.0070 0.0070 0.0108 0.0024 0.0027 0.0058 0.0074 
      H409.2 12 0.0042 0.0089 0.0021 0.0047 0.0021 0.0029 0.0034 0.0041 0.0045 0.0044 0.0038 0.0045 0.0057 0.0043 0.0046 0.0021 0.0040 0.0036 0.0041 0.0024 0.0026 0.0044 0.0039 0.0044 0.0047 0.0041 0.0029 0.0046 0.0120 0.0040 0.0035 0.0038 0.8124 0.0040 0.0024 0.0055 0.0038 0.0048 0.0040 0.0045 0.0044 0.0031 0.0060 0.0052 0.0045 
      H409.3 12 0.0035 0.0050 0.0035 0.0041 0.0032 0.0025 0.0027 0.0042 0.0045 0.0052 0.0034 0.0042 0.0038 0.0044 0.0034 0.0049 0.0033 0.0057 0.0034 0.0041 0.0029 0.0036 0.0050 0.0021 0.0045 0.0037 0.0035 0.0038 0.0031 0.0036 0.0034 0.0033 0.8313 0.0025 0.0037 0.0044 0.0032 0.0040 0.0044 0.0044 0.0045 0.0041 0.0034 0.0045 0.0041 
      H409.4 12 0.0037 0.0041 0.0021 0.0034 0.0027 0.0028 0.0025 0.0031 0.0027 0.0032 0.0032 0.0040 0.0043 0.0029 0.0032 0.0035 0.0030 0.0043 0.0023 0.0027 0.0026 0.0026 0.0038 0.0034 0.0025 0.0031 0.0026 0.0027 0.0029 0.0042 0.0027 0.0029 0.8568 0.0027 0.0039 0.0030 0.0028 0.0040 0.0038 0.0043 0.0028 0.0048 0.0035 0.0039 0.0039 
      H409.5 12 0.0052 0.0037 0.0039 0.0048 0.0043 0.0025 0.0036 0.0045 0.0049 0.0050 0.0024 0.0045 0.0025 0.0039 0.0033 0.0056 0.0047 0.0029 0.0044 0.0038 0.0037 0.0032 0.0049 0.0025 0.0052 0.0038 0.0036 0.0045 0.0045 0.0056 0.0025 0.0063 0.8177 0.0028 0.0033 0.0041 0.0047 0.0047 0.0042 0.0049 0.0052 0.0048 0.0046 0.0046 0.0037 
      H409.6 12 0.0122 0.0052 0.0048 0.0126 0.0067 0.0043 0.0035 0.0212 0.0094 0.0112 0.0035 0.0126 0.0035 0.0084 0.0063 0.0116 0.0041 0.0071 0.0036 0.0092 0.0031 0.0042 0.0105 0.0056 0.0107 0.0123 0.0046 0.0108 0.0039 0.0153 0.0038 0.0160 0.5614 0.0023 0.0124 0.0102 0.0078 0.0114 0.0152 0.0161 0.0099 0.0542 0.0083 0.0113 0.0178 
      H409.7 12 0.0044 0.0090 0.0021 0.0053 0.0022 0.0029 0.0038 0.0033 0.0053 0.0043 0.0041 0.0049 0.0070 0.0047 0.0064 0.0063 0.0025 0.0077 0.0030 0.0031 0.0026 0.0029 0.0042 0.0060 0.0042 0.0051 0.0052 0.0042 0.0050 0.0057 0.0029 0.0043 0.7945 0.0053 0.0067 0.0052 0.0058 0.0054 0.0046 0.0064 0.0038 0.0054 0.0023 0.0056 0.0044 
      H409.8 12 0.0059 0.0028 0.0043 0.0046 0.0028 0.0021 0.0062 0.0052 0.0032 0.0053 0.0027 0.0046 0.0035 0.0085 0.0030 0.0059 0.0036 0.0035 0.0035 0.0050 0.0036 0.0036 0.0055 0.0045 0.0053 0.0039 0.0024 0.0047 0.0031 0.0048 0.0031 0.0049 0.8105 0.0042 0.0086 0.0049 0.0040 0.0052 0.0037 0.0045 0.0046 0.0034 0.0030 0.0035 0.0042 
      H409.9 12 0.0288 0.0052 0.0049 0.0159 0.0448 0.0075 0.0191 0.0069 0.0251 0.0182 0.0049 0.0231 0.0033 0.1005 0.0054 0.0042 0.0380 0.0034 0.0041 0.0200 0.0049 0.0119 0.0177 0.0072 0.0341 0.0183 0.0045 0.0182 0.0107 0.0278 0.0440 0.0150 0.2001 0.0033 0.0214 0.0219 0.0113 0.0205 0.0306 0.0162 0.0153 0.0039 0.0110 0.0201 0.0270 
      H413.1 12 0.0035 0.0034 0.0026 0.0027 0.0034 0.0054 0.0049 0.0037 0.0035 0.0028 0.0038 0.0027 0.0030 0.0019 0.0046 0.0056 0.0022 0.0031 0.0023 0.8392 0.0044 0.0026 0.0036 0.0069 0.0037 0.0037 0.0022 0.0041 0.0030 0.0032 0.0024 0.0031 0.0025 0.0033 0.0067 0.0034 0.0037 0.0030 0.0035 0.0042 0.0045 0.0080 0.0025 0.0041 0.0033 
      H413.2 12 0.0035 0.0021 0.0022 0.0037 0.0029 0.0027 0.0029 0.0031 0.0036 0.0031 0.0023 0.0034 0.0049 0.0025 0.0031 0.0026 0.0019 0.0025 0.0022 0.8692 0.0028 0.0021 0.0040 0.0039 0.0031 0.0027 0.0019 0.0042 0.0019 0.0030 0.0024 0.0026 0.0020 0.0038 0.0025 0.0032 0.0029 0.0032 0.0028 0.0032 0.0036 0.0055 0.0028 0.0026 0.0028 
      H413.3 12 0.0031 0.0027 0.0035 0.0037 0.0033 0.0024 0.0059 0.0035 0.0037 0.0030 0.0032 0.0038 0.0021 0.0032 0.0027 0.0029 0.0037 0.0059 0.0028 0.8543 0.0022 0.0020 0.0031 0.0062 0.0033 0.0033 0.0020 0.0023 0.0021 0.0031 0.0034 0.0027 0.0034 0.0025 0.0069 0.0031 0.0026 0.0032 0.0031 0.0034 0.0033 0.0049 0.0019 0.0035 0.0031 
      H413.4 12 0.0045 0.0071 0.0028 0.0044 0.0030 0.0056 0.0065 0.0053 0.0043 0.0055 0.0021 0.0043 0.0067 0.0056 0.0044 0.0082 0.0033 0.0044 0.0038 0.7970 0.0046 0.0048 0.0053 0.0071 0.0051 0.0044 0.0035 0.0039 0.0032 0.0046 0.0032 0.0035 0.0044 0.0039 0.0081 0.0046 0.0037 0.0043 0.0042 0.0044 0.0049 0.0042 0.0020 0.0040 0.0051 
      H413.5 12 0.0036 0.0026 0.0032 0.0035 0.0172 0.0112 0.0030 0.0047 0.0043 0.0049 0.0030 0.0041 0.0026 0.0026 0.0024 0.0057 0.0046 0.0041 0.0091 0.8097 0.0101 0.0020 0.0039 0.0034 0.0044 0.0043 0.0026 0.0035 0.0023 0.0035 0.0066 0.0031 0.0022 0.0015 0.0026 0.0034 0.0047 0.0042 0.0042 0.0040 0.0047 0.0023 0.0017 0.0046 0.0041 
      H413.6 12 0.0059 0.0079 0.0026 0.0073 0.0058 0.0063 0.0046 0.0060 0.0052 0.0068 0.0105 0.0062 0.0044 0.0018 0.0052 0.0174 0.0053 0.0063 0.0021 0.7350 0.0073 0.0037 0.0072 0.0042 0.0074 0.0045 0.0020 0.0053 0.0032 0.0082 0.0159 0.0058 0.0035 0.0080 0.0067 0.0060 0.0046 0.0059 0.0056 0.0070 0.0046 0.0066 0.0023 0.0069 0.0050 
      H413.7 12 0.0031 0.0031 0.0025 0.0035 0.0025 0.0021 0.0034 0.0032 0.0041 0.0025 0.0027 0.0028 0.0034 0.0029 0.0027 0.0031 0.0026 0.0029 0.0021 0.8756 0.0022 0.0023 0.0028 0.0027 0.0027 0.0032 0.0018 0.0031 0.0020 0.0028 0.0034 0.0022 0.0023 0.0041 0.0026 0.0028 0.0026 0.0029 0.0027 0.0029 0.0029 0.0027 0.0028 0.0034 0.0033 
      H563.1 12 0.0033 0.0030 0.0042 0.0030 0.0037 0.0024 0.0073 0.0031 0.0038 0.0027 0.0028 0.0032 0.0020 0.0028 0.0022 0.0024 0.0040 0.0023 0.0022 0.0041 0.0024 0.0027 0.0030 0.0022 0.0033 0.0032 0.0028 0.0025 0.0023 0.0029 0.0039 0.0030 0.0031 0.0021 0.8662 0.0034 0.0026 0.0035 0.0026 0.0031 0.0028 0.0030 0.0020 0.0032 0.0036 
      H563.2 12 0.0080 0.0038 0.0039 0.0073 0.0033 0.0077 0.0095 0.0074 0.0089 0.0090 0.0037 0.0077 0.0054 0.0036 0.0075 0.0040 0.0048 0.0102 0.0049 0.0050 0.0027 0.0049 0.0071 0.0053 0.0075 0.0073 0.0037 0.0049 0.0048 0.0073 0.0037 0.0066 0.0070 0.0029 0.7315 0.0092 0.0067 0.0065 0.0089 0.0068 0.0085 0.0043 0.0036 0.0064 0.0064 
      H563.3 12 0.0026 0.0032 0.0052 0.0038 0.0050 0.0026 0.0077 0.0025 0.0033 0.0038 0.0021 0.0035 0.0023 0.0027 0.0044 0.0043 0.0050 0.0031 0.0027 0.0029 0.0019 0.0025 0.0025 0.0029 0.0034 0.0030 0.0028 0.0030 0.0025 0.0026 0.0031 0.0029 0.0026 0.0022 0.8596 0.0031 0.0032 0.0030 0.0035 0.0030 0.0035 0.0023 0.0018 0.0033 0.0030 
      H563.4 12 0.0049 0.0035 0.0049 0.0056 0.0027 0.0045 0.0093 0.0052 0.0046 0.0053 0.0041 0.0065 0.0039 0.0034 0.0046 0.0033 0.0047 0.0037 0.0031 0.0051 0.0029 0.0035 0.0047 0.0036 0.0047 0.0062 0.0048 0.0036 0.0027 0.0061 0.0032 0.0051 0.0049 0.0019 0.7991 0.0047 0.0051 0.0051 0.0043 0.0046 0.0054 0.0079 0.0038 0.0049 0.0043 
      H563.5 12 0.0025 0.0034 0.0038 0.0029 0.0028 0.0033 0.0056 0.0029 0.0031 0.0029 0.0025 0.0025 0.0022 0.0021 0.0032 0.0036 0.0036 0.0021 0.0019 0.0029 0.0024 0.0030 0.0027 0.0027 0.0032 0.0029 0.0031 0.0020 0.0022 0.0027 0.0030 0.0032 0.0030 0.0018 0.8733 0.0030 0.0025 0.0031 0.0033 0.0027 0.0030 0.0027 0.0019 0.0032 0.0038 
      H563.6 12 0.0060 0.0051 0.0033 0.0052 0.0030 0.0040 0.0055 0.0061 0.0051 0.0047 0.0023 0.0057 0.0057 0.0039 0.0052 0.0081 0.0052 0.0041 0.0034 0.0048 0.0029 0.0043 0.0047 0.0032 0.0047 0.0043 0.0030 0.0049 0.0030 0.0068 0.0033 0.0038 0.0034 0.0026 0.8011 0.0054 0.0052 0.0052 0.0049 0.0044 0.0039 0.0045 0.0033 0.0049 0.0059 
      H563.7 12 0.0032 0.0044 0.0025 0.0033 0.0020 0.0035 0.0040 0.0031 0.0043 0.0035 0.0019 0.0035 0.0057 0.0032 0.0047 0.0057 0.0025 0.0035 0.0023 0.0047 0.0020 0.0025 0.0042 0.0030 0.0041 0.0035 0.0024 0.0034 0.0028 0.0033 0.0025 0.0032 0.0038 0.0037 0.8491 0.0037 0.0029 0.0035 0.0040 0.0030 0.0038 0.0047 0.0024 0.0035 0.0036 
      H563.8 12 0.0043 0.0056 0.0033 0.0040 0.0042 0.0037 0.0061 0.0052 0.0045 0.0038 0.0038 0.0036 0.0027 0.0027 0.0039 0.0072 0.0050 0.0033 0.0029 0.0040 0.0030 0.0063 0.0045 0.0028 0.0048 0.0052 0.0024 0.0044 0.0029 0.0040 0.0069 0.0058 0.0031 0.0025 0.8162 0.0050 0.0049 0.0040 0.0047 0.0035 0.0045 0.0034 0.0020 0.0041 0.0054 
      H563.9 12 0.0051 0.0032 0.0032 0.0049 0.0042 0.0043 0.0043 0.0055 0.0055 0.0044 0.0034 0.0060 0.0045 0.0047 0.0059 0.0041 0.0040 0.0049 0.0040 0.0035 0.0028 0.0035 0.0050 0.0037 0.0047 0.0054 0.0031 0.0049 0.0050 0.0051 0.0023 0.0045 0.0076 0.0030 0.8021 0.0056 0.0048 0.0045 0.0065 0.0058 0.0053 0.0031 0.0021 0.0046 0.0056 
     H7374.1 12 0.0060 0.7495 0.0055 0.0056 0.0044 0.0049 0.0038 0.0059 0.0068 0.0066 0.0025 0.0063 0.0035 0.0023 0.0049 0.0034 0.0042 0.0073 0.0036 0.0040 0.0027 0.0051 0.0052 0.0041 0.0053 0.0069 0.0035 0.0052 0.0060 0.0058 0.0035 0.0072 0.0083 0.0177 0.0063 0.0053 0.0079 0.0058 0.0047 0.0053 0.0052 0.0152 0.0049 0.0063 0.0055 
     H7374.2 12 0.0060 0.7690 0.0076 0.0053 0.0052 0.0030 0.0051 0.0051 0.0051 0.0055 0.0061 0.0046 0.0023 0.0038 0.0027 0.0026 0.0081 0.0077 0.0028 0.0076 0.0032 0.0049 0.0042 0.0038 0.0052 0.0062 0.0036 0.0059 0.0047 0.0054 0.0072 0.0054 0.0059 0.0052 0.0099 0.0048 0.0054 0.0052 0.0055 0.0066 0.0055 0.0052 0.0037 0.0068 0.0055 
     H7374.3 12 0.0111 0.6100 0.0072 0.0080 0.0046 0.0037 0.0088 0.0081 0.0088 0.0104 0.0038 0.0094 0.0027 0.0043 0.0074 0.0040 0.0082 0.0111 0.0043 0.0036 0.0033 0.0074 0.0107 0.0042 0.0095 0.0087 0.0067 0.0079 0.0101 0.0087 0.0055 0.0084 0.0079 0.0645 0.0069 0.0105 0.0091 0.0111 0.0110 0.0113 0.0067 0.0071 0.0048 0.0095 0.0087 
     H7374.4 12 0.0046 0.7984 0.0025 0.0064 0.0032 0.0066 0.0031 0.0044 0.0044 0.0048 0.0078 0.0048 0.0079 0.0027 0.0051 0.0030 0.0046 0.0039 0.0036 0.0052 0.0027 0.0042 0.0050 0.0044 0.0055 0.0051 0.0030 0.0039 0.0036 0.0044 0.0037 0.0051 0.0039 0.0033 0.0067 0.0045 0.0045 0.0062 0.0054 0.0051 0.0068 0.0029 0.0050 0.0042 0.0039 
     H7374.5 12 0.0037 0.8284 0.0061 0.0037 0.0061 0.0032 0.0027 0.0041 0.0033 0.0035 0.0031 0.0043 0.0035 0.0027 0.0033 0.0050 0.0058 0.0030 0.0039 0.0028 0.0025 0.0039 0.0034 0.0041 0.0043 0.0033 0.0032 0.0048 0.0029 0.0040 0.0059 0.0033 0.0039 0.0025 0.0062 0.0047 0.0045 0.0039 0.0043 0.0035 0.0042 0.0055 0.0025 0.0036 0.0032 
     H7374.6 12 0.0122 0.6599 0.0050 0.0125 0.0048 0.0047 0.0062 0.0074 0.0094 0.0079 0.0031 0.0070 0.0066 0.0037 0.0041 0.0054 0.0067 0.0130 0.0062 0.0031 0.0027 0.0062 0.0145 0.0074 0.0077 0.0080 0.0062 0.0067 0.0101 0.0120 0.0080 0.0089 0.0040 0.0131 0.0077 0.0115 0.0083 0.0089 0.0091 0.0104 0.0079 0.0031 0.0094 0.0111 0.0084 
     H7374.7 12 0.0039 0.8467 0.0019 0.0032 0.0022 0.0026 0.0031 0.0042 0.0033 0.0041 0.0038 0.0040 0.0054 0.0026 0.0041 0.0048 0.0024 0.0034 0.0030 0.0051 0.0024 0.0034 0.0031 0.0035 0.0035 0.0031 0.0037 0.0037 0.0031 0.0037 0.0029 0.0030 0.0041 0.0023 0.0037 0.0038 0.0032 0.0037 0.0039 0.0036 0.0032 0.0043 0.0041 0.0037 0.0037 
     H7374.8 12 0.0059 0.7964 0.0036 0.0046 0.0018 0.0024 0.0036 0.0058 0.0042 0.0064 0.0025 0.0054 0.0059 0.0035 0.0039 0.0039 0.0026 0.0039 0.0030 0.0025 0.0028 0.0040 0.0067 0.0040 0.0060 0.0052 0.0032 0.0052 0.0052 0.0049 0.0030 0.0057 0.0055 0.0120 0.0075 0.0041 0.0050 0.0037 0.0052 0.0050 0.0042 0.0078 0.0029 0.0044 0.0048 
     H7374.9 12 0.0042 0.8133 0.0036 0.0045 0.0074 0.0039 0.0027 0.0039 0.0052 0.0038 0.0043 0.0040 0.0044 0.0029 0.0034 0.0041 0.0084 0.0028 0.0047 0.0030 0.0030 0.0076 0.0040 0.0037 0.0042 0.0036 0.0037 0.0051 0.0038 0.0039 0.0069 0.0030 0.0030 0.0032 0.0072 0.0039 0.0043 0.0045 0.0041 0.0037 0.0043 0.0037 0.0024 0.0047 0.0044 
     H9563.1 12 0.0043 0.0034 0.0026 0.0036 0.0027 0.0029 0.8357 0.0050 0.0033 0.0042 0.0025 0.0037 0.0026 0.0034 0.0042 0.0048 0.0046 0.0037 0.0028 0.0034 0.0035 0.0030 0.0041 0.0028 0.0040 0.0040 0.0022 0.0040 0.0031 0.0037 0.0047 0.0041 0.0030 0.0033 0.0094 0.0039 0.0044 0.0031 0.0035 0.0040 0.0052 0.0033 0.0024 0.0042 0.0039 
     H9563.2 12 0.0032 0.0025 0.0030 0.0030 0.0028 0.0027 0.8602 0.0050 0.0033 0.0042 0.0025 0.0033 0.0020 0.0020 0.0030 0.0027 0.0043 0.0024 0.0032 0.0035 0.0035 0.0025 0.0035 0.0025 0.0032 0.0038 0.0027 0.0030 0.0027 0.0034 0.0040 0.0034 0.0019 0.0025 0.0046 0.0034 0.0037 0.0035 0.0034 0.0033 0.0036 0.0029 0.0024 0.0041 0.0037 
     H9563.3 12 0.0052 0.0054 0.0029 0.0054 0.0020 0.0074 0.7674 0.0039 0.0059 0.0048 0.0037 0.0052 0.0060 0.0051 0.0060 0.0084 0.0027 0.0046 0.0036 0.0026 0.0040 0.0051 0.0063 0.0048 0.0043 0.0044 0.0045 0.0048 0.0053 0.0046 0.0022 0.0043 0.0059 0.0063 0.0222 0.0054 0.0065 0.0062 0.0050 0.0053 0.0045 0.0066 0.0039 0.0046 0.0045 
     H9563.4 12 0.0133 0.0064 0.0040 0.0092 0.0045 0.0142 0.6279 0.0083 0.0167 0.0084 0.0036 0.0090 0.0062 0.0039 0.0082 0.0070 0.0037 0.0078 0.0047 0.0041 0.0072 0.0132 0.0106 0.0041 0.0073 0.0100 0.0046 0.0095 0.0096 0.0145 0.0050 0.0128 0.0083 0.0063 0.0094 0.0096 0.0101 0.0117 0.0099 0.0129 0.0087 0.0054 0.0080 0.0116 0.0085 
     H9563.5 12 0.0074 0.0025 0.0043 0.0066 0.0030 0.0044 0.7656 0.0070 0.0051 0.0065 0.0036 0.0064 0.0033 0.0042 0.0073 0.0031 0.0029 0.0062 0.0034 0.0035 0.0059 0.0036 0.0081 0.0038 0.0066 0.0058 0.0036 0.0069 0.0063 0.0055 0.0030 0.0087 0.0072 0.0025 0.0081 0.0045 0.0056 0.0060 0.0064 0.0059 0.0094 0.0038 0.0037 0.0060 0.0066 
     H9563.6 12 0.0045 0.0044 0.0040 0.0028 0.0025 0.0039 0.8234 0.0034 0.0041 0.0037 0.0023 0.0040 0.0031 0.0041 0.0026 0.0125 0.0023 0.0029 0.0025 0.0033 0.0033 0.0030 0.0043 0.0037 0.0035 0.0042 0.0032 0.0032 0.0026 0.0048 0.0023 0.0032 0.0037 0.0038 0.0106 0.0038 0.0036 0.0039 0.0043 0.0040 0.0040 0.0089 0.0038 0.0037 0.0040 
     H9563.7 12 0.0030 0.0036 0.0039 0.0030 0.0021 0.0038 0.8662 0.0026 0.0032 0.0030 0.0025 0.0028 0.0021 0.0031 0.0023 0.0050 0.0024 0.0025 0.0024 0.0023 0.0025 0.0026 0.0032 0.0025 0.0031 0.0032 0.0027 0.0031 0.0024 0.0026 0.0028 0.0032 0.0025 0.0027 0.0052 0.0029 0.0028 0.0031 0.0027 0.0030 0.0029 0.0061 0.0044 0.0033 0.0026 
     H9563.8 12 0.0053 0.0034 0.0029 0.0069 0.0039 0.0250 0.6880 0.0081 0.0072 0.0082 0.0037 0.0084 0.0057 0.0042 0.0180 0.0027 0.0042 0.0038 0.0051 0.0029 0.0149 0.0086 0.0061 0.0063 0.0076 0.0066 0.0051 0.0078 0.0187 0.0077 0.0041 0.0075 0.0054 0.0039 0.0055 0.0076 0.0060 0.0082 0.0075 0.0057 0.0097 0.0038 0.0040 0.0067 0.0074 
     H9563.9 12 0.0036 0.0031 0.0025 0.0045 0.0035 0.0040 0.8306 0.0036 0.0049 0.0036 0.0026 0.0049 0.0032 0.0042 0.0037 0.0040 0.0029 0.0029 0.0025 0.0029 0.0052 0.0043 0.0041 0.0028 0.0047 0.0039 0.0028 0.0042 0.0046 0.0040 0.0034 0.0050 0.0033 0.0035 0.0043 0.0043 0.0041 0.0046 0.0042 0.0046 0.0044 0.0060 0.0026 0.0035 0.0041 
     H9572.1 12 0.0061 0.0075 0.0086 0.0087 0.0362 0.0087 0.0081 0.0117 0.0088 0.0088 0.0041 0.0104 0.0039 0.0072 0.0059 0.6361 0.0112 0.0088 0.0057 0.0072 0.0047 0.0043 0.0114 0.0085 0.0097 0.0069 0.0042 0.0086 0.0041 0.0069 0.0067 0.0077 0.0050 0.0062 0.0157 0.0071 0.0077 0.0058 0.0100 0.0078 0.0090 0.0052 0.0051 0.0083 0.0096 
     H9572.2 12 0.0134 0.0129 0.0077 0.0121 0.0093 0.0091 0.0278 0.0138 0.0121 0.0122 0.0030 0.0139 0.0047 0.0043 0.0069 0.5473 0.0066 0.0113 0.0103 0.0064 0.0069 0.0065 0.0132 0.0065 0.0119 0.0084 0.0111 0.0086 0.0138 0.0107 0.0029 0.0103 0.0058 0.0075 0.0206 0.0126 0.0095 0.0114 0.0157 0.0114 0.0102 0.0085 0.0025 0.0133 0.0150 
     H9572.3 12 0.0169 0.0337 0.0943 0.0151 0.0059 0.0037 0.0031 0.0120 0.0118 0.0119 0.0036 0.0223 0.0301 0.0049 0.0116 0.3328 0.0335 0.0061 0.0053 0.0067 0.0031 0.0064 0.0208 0.0078 0.0111 0.0184 0.0037 0.0090 0.0103 0.0181 0.0049 0.0140 0.0123 0.0050 0.0316 0.0121 0.0150 0.0161 0.0187 0.0196 0.0124 0.0230 0.0084 0.0176 0.0153 
     H9572.4 12 0.0036 0.0058 0.0052 0.0040 0.0026 0.0020 0.0024 0.0042 0.0048 0.0037 0.0023 0.0043 0.0090 0.0033 0.0046 0.8288 0.0047 0.0032 0.0032 0.0038 0.0021 0.0082 0.0040 0.0034 0.0045 0.0037 0.0028 0.0050 0.0021 0.0040 0.0041 0.0029 0.0033 0.0041 0.0048 0.0044 0.0033 0.0038 0.0035 0.0035 0.0031 0.0025 0.0038 0.0039 0.0037 
     H9572.5 12 0.0038 0.0019 0.0288 0.0064 0.0040 0.0027 0.0023 0.0044 0.0061 0.0058 0.0031 0.0047 0.0235 0.0044 0.0061 0.7678 0.0061 0.0075 0.0029 0.0023 0.0033 0.0040 0.0043 0.0029 0.0055 0.0063 0.0028 0.0051 0.0026 0.0055 0.0028 0.0065 0.0024 0.0043 0.0031 0.0052 0.0047 0.0043 0.0044 0.0048 0.0039 0.0031 0.0041 0.0047 0.0048 
