      H105.1  1 0.0051 0.0076 0.0084 0.0108 0.0045 0.0054 0.8213 0.0467 0.0558 0.0028 0.0059 0.0066 0.0035 0.0156 
      H105.2  1 0.0072 0.0109 0.0185 0.0047 0.0117 0.0036 0.8390 0.0212 0.0241 0.0097 0.0095 0.0085 0.0175 0.0138 
      H105.3  1 0.0040 0.0023 0.0055 0.0037 0.0052 0.0061 0.9366 0.0039 0.0047 0.0025 0.0027 0.0061 0.0051 0.0118 
      H105.4  1 0.0080 0.0046 0.0181 0.0056 0.0078 0.0159 0.8296 0.0349 0.0148 0.0035 0.0127 0.0139 0.0196 0.0110 
      H105.5  1 0.0168 0.0160 0.1593 0.0099 0.0112 0.0041 0.2693 0.2764 0.1127 0.0033 0.0226 0.0184 0.0316 0.0484 
      H105.6  1 0.0098 0.0033 0.0156 0.0055 0.0057 0.0153 0.8575 0.0099 0.0084 0.0046 0.0070 0.0214 0.0205 0.0154 
      H105.7  1 0.0042 0.0051 0.0073 0.0056 0.0039 0.0037 0.8937 0.0220 0.0227 0.0044 0.0148 0.0034 0.0046 0.0047 
      H105.8  1 0.0044 0.0039 0.0123 0.0043 0.0123 0.0032 0.9233 0.0043 0.0070 0.0039 0.0029 0.0063 0.0071 0.0049 
      H115.1  1 0.0165 0.0063 0.0135 0.0086 0.0061 0.0032 0.0156 0.0088 0.0040 0.0078 0.0051 0.0036 0.8969 0.0040 
      H115.2  1 0.0555 0.0059 0.0049 0.0057 0.0034 0.0034 0.0052 0.0101 0.0046 0.0095 0.0094 0.0028 0.8761 0.0037 
      H115.3  1 0.0098 0.0022 0.0035 0.0076 0.0026 0.0034 0.0039 0.0059 0.0049 0.0056 0.0035 0.0042 0.9397 0.0031 
      H115.4  1 0.0054 0.0116 0.0038 0.0129 0.0331 0.0067 0.0044 0.0101 0.0132 0.0087 0.0038 0.0045 0.8793 0.0026 
      H115.5  1 0.0163 0.0065 0.0068 0.0347 0.0047 0.0113 0.0104 0.0093 0.0090 0.0068 0.0061 0.0088 0.8669 0.0025 
      H115.6  1 0.0199 0.0051 0.0048 0.0201 0.0041 0.0049 0.0056 0.0085 0.0061 0.0306 0.0075 0.0024 0.8712 0.0093 
      H115.7  1 0.0102 0.0106 0.0091 0.0074 0.0052 0.0048 0.0226 0.0205 0.0047 0.0102 0.0070 0.0030 0.8781 0.0064 
      H115.8  1 0.0138 0.0049 0.0038 0.0055 0.0032 0.0032 0.0064 0.0049 0.0064 0.0107 0.0030 0.0018 0.9290 0.0033 
      H115.9  1 0.0812 0.0048 0.0134 0.0106 0.0134 0.0033 0.0145 0.0159 0.0061 0.0063 0.0040 0.0033 0.8196 0.0037 
      H145.1  1 0.0082 0.0036 0.0047 0.0057 0.0031 0.8806 0.0033 0.0138 0.0037 0.0312 0.0188 0.0063 0.0074 0.0093 
      H145.2  1 0.0054 0.0023 0.0036 0.0052 0.0052 0.9288 0.0040 0.0077 0.0045 0.0114 0.0078 0.0040 0.0063 0.0038 
      H145.3  1 0.0026 0.0031 0.0037 0.0027 0.0025 0.9101 0.0024 0.0070 0.0033 0.0462 0.0047 0.0045 0.0041 0.0031 
      H145.4  1 0.0038 0.0031 0.0049 0.0044 0.0038 0.9214 0.0041 0.0096 0.0037 0.0074 0.0208 0.0042 0.0033 0.0055 
      H145.5  1 0.0030 0.0029 0.0039 0.0040 0.0028 0.8615 0.0031 0.0060 0.0042 0.0870 0.0081 0.0025 0.0047 0.0062 
      H145.6  1 0.0030 0.0028 0.0027 0.0049 0.0040 0.9468 0.0061 0.0041 0.0035 0.0047 0.0067 0.0044 0.0030 0.0033 
      H145.7  1 0.0024 0.0031 0.0039 0.0033 0.0025 0.9567 0.0035 0.0039 0.0035 0.0034 0.0042 0.0032 0.0030 0.0035 
      H149.1  1 0.0025 0.0031 0.0043 0.9563 0.0027 0.0027 0.0024 0.0028 0.0039 0.0043 0.0055 0.0027 0.0032 0.0035 
      H149.2  1 0.0024 0.0027 0.0069 0.9403 0.0030 0.0062 0.0031 0.0075 0.0044 0.0057 0.0072 0.0029 0.0036 0.0042 
      H149.3  1 0.0049 0.0167 0.0098 0.7317 0.0232 0.0351 0.0228 0.0510 0.0153 0.0152 0.0239 0.0111 0.0341 0.0050 
      H149.4  1 0.0041 0.0048 0.0041 0.9331 0.0171 0.0029 0.0086 0.0025 0.0042 0.0063 0.0033 0.0032 0.0026 0.0033 
      H149.5  1 0.0023 0.0190 0.0081 0.7918 0.0137 0.0266 0.0334 0.0367 0.0349 0.0043 0.0094 0.0105 0.0057 0.0036 
      H149.6  1 0.0023 0.0044 0.0041 0.9451 0.0035 0.0050 0.0076 0.0052 0.0042 0.0039 0.0052 0.0034 0.0026 0.0034 
      H149.7  1 0.0045 0.0855 0.0129 0.7233 0.0369 0.0064 0.0136 0.0128 0.0149 0.0085 0.0569 0.0053 0.0121 0.0064 
      H150.1  1 0.1926 0.0035 0.0054 0.0026 0.0024 0.0045 0.0048 0.0070 0.0056 0.0063 0.0039 0.0021 0.7560 0.0032 
      H150.2  1 0.0730 0.0053 0.0049 0.0062 0.0031 0.0028 0.0058 0.0044 0.0050 0.0120 0.0056 0.0035 0.8647 0.0038 
      H150.3  1 0.6014 0.0100 0.0081 0.0070 0.0047 0.0065 0.0108 0.0072 0.0047 0.0271 0.0083 0.0024 0.2945 0.0072 
      H150.4  1 0.7346 0.0081 0.0059 0.0032 0.0029 0.0078 0.0053 0.0085 0.0057 0.0088 0.0048 0.0018 0.1987 0.0038 
      H150.5  1 0.0401 0.0089 0.0055 0.0047 0.0029 0.0042 0.0078 0.0123 0.0059 0.0055 0.0072 0.0027 0.8871 0.0050 
      H150.6  1 0.0077 0.0089 0.0087 0.0038 0.0054 0.0082 0.0042 0.0060 0.0144 0.0062 0.0037 0.0033 0.9102 0.0094 
      H150.7  1 0.6029 0.0030 0.0039 0.0058 0.0037 0.0053 0.0082 0.0072 0.0142 0.0201 0.0051 0.0019 0.3153 0.0033 
   H169607.1  1 0.0129 0.0071 0.0038 0.0035 0.0085 0.0155 0.0035 0.9022 0.0053 0.0126 0.0042 0.0023 0.0106 0.0081 
   H169607.2  1 0.0057 0.0036 0.0031 0.0023 0.0030 0.0050 0.0038 0.9492 0.0052 0.0045 0.0043 0.0042 0.0028 0.0033 
   H169607.3  1 0.0042 0.0036 0.0043 0.0037 0.0054 0.0077 0.0035 0.9353 0.0056 0.0081 0.0059 0.0037 0.0056 0.0034 
   H169607.4  1 0.0052 0.0022 0.0025 0.0027 0.0022 0.0067 0.0032 0.9466 0.0030 0.0085 0.0039 0.0029 0.0027 0.0078 
   H169607.5  1 0.0046 0.0030 0.0019 0.0029 0.0030 0.0028 0.0031 0.9580 0.0031 0.0039 0.0046 0.0028 0.0032 0.0031 
   H169607.6  1 0.0046 0.0020 0.0022 0.0020 0.0038 0.0035 0.0028 0.9556 0.0050 0.0056 0.0038 0.0031 0.0026 0.0033 
   H169607.7  1 0.0046 0.0059 0.0020 0.0035 0.0110 0.0070 0.0037 0.9354 0.0042 0.0044 0.0043 0.0025 0.0089 0.0026 
   H169607.8  1 0.0054 0.0034 0.0040 0.0023 0.0027 0.0037 0.0040 0.9516 0.0040 0.0042 0.0035 0.0030 0.0029 0.0051 
   H169633.1  1 0.0055 0.0229 0.0052 0.9017 0.0033 0.0132 0.0099 0.0035 0.0063 0.0055 0.0059 0.0049 0.0052 0.0070 
   H169633.2  1 0.0026 0.0197 0.0314 0.8732 0.0061 0.0196 0.0066 0.0027 0.0044 0.0028 0.0040 0.0067 0.0145 0.0057 
   H169633.3  1 0.0067 0.0047 0.0079 0.8982 0.0056 0.0075 0.0088 0.0044 0.0074 0.0042 0.0191 0.0116 0.0077 0.0062 
   H169633.4  1 0.0081 0.0033 0.0046 0.9145 0.0035 0.0069 0.0089 0.0056 0.0053 0.0043 0.0148 0.0078 0.0048 0.0076 
   H169633.5  1 0.0090 0.0034 0.0074 0.9014 0.0040 0.0066 0.0101 0.0074 0.0058 0.0043 0.0171 0.0087 0.0064 0.0084 
   H169688.1  1 0.0054 0.8810 0.0049 0.0048 0.0071 0.0079 0.0049 0.0108 0.0128 0.0247 0.0120 0.0114 0.0042 0.0081 
   H169688.2  1 0.0026 0.9424 0.0080 0.0032 0.0055 0.0036 0.0048 0.0029 0.0038 0.0025 0.0092 0.0033 0.0028 0.0054 
   H169688.3  1 0.0036 0.9583 0.0034 0.0039 0.0030 0.0038 0.0036 0.0039 0.0025 0.0026 0.0029 0.0022 0.0029 0.0035 
   H169688.4  1 0.0039 0.9613 0.0030 0.0027 0.0030 0.0027 0.0023 0.0039 0.0024 0.0026 0.0029 0.0026 0.0042 0.0025 
   H169688.5  1 0.0049 0.9581 0.0044 0.0027 0.0032 0.0031 0.0022 0.0035 0.0022 0.0030 0.0025 0.0023 0.0056 0.0023 
   H169688.6  1 0.0026 0.9190 0.0027 0.0069 0.0369 0.0031 0.0029 0.0031 0.0048 0.0029 0.0039 0.0045 0.0028 0.0037 
   H169688.7  1 0.0081 0.9081 0.0117 0.0035 0.0051 0.0119 0.0046 0.0028 0.0107 0.0100 0.0049 0.0020 0.0114 0.0051 
   H171901.1  1 0.0311 0.0178 0.0098 0.0078 0.0111 0.0335 0.2482 0.2250 0.0335 0.0084 0.2364 0.0025 0.1300 0.0049 
   H171901.2  1 0.0209 0.0049 0.0057 0.8238 0.0032 0.0089 0.0113 0.0246 0.0334 0.0061 0.0205 0.0040 0.0132 0.0195 
   H171901.3  1 0.0194 0.0247 0.0073 0.7621 0.0072 0.0094 0.0110 0.0582 0.0100 0.0055 0.0343 0.0097 0.0265 0.0148 
   H171901.4  1 0.0109 0.0053 0.0064 0.8686 0.0041 0.0072 0.0127 0.0241 0.0062 0.0053 0.0074 0.0039 0.0252 0.0127 
   H171901.5  1 0.0164 0.0061 0.0077 0.8080 0.0108 0.0080 0.0080 0.0345 0.0096 0.0099 0.0105 0.0046 0.0395 0.0264 
   H171901.6  1 0.0350 0.0128 0.0134 0.7036 0.0127 0.0206 0.0066 0.0295 0.0174 0.0201 0.0415 0.0077 0.0573 0.0218 
   H171901.7  1 0.0120 0.0242 0.0061 0.3733 0.0097 0.0083 0.0060 0.0301 0.0251 0.0056 0.4574 0.0095 0.0258 0.0068 
   H171902.1  1 0.0043 0.0029 0.0033 0.0042 0.0042 0.0042 0.0019 0.0042 0.0030 0.9544 0.0037 0.0033 0.0035 0.0030 
  H171902.10  1 0.0029 0.0046 0.0023 0.0046 0.0046 0.0025 0.0028 0.0042 0.0035 0.9539 0.0034 0.0023 0.0053 0.0030 
   H171902.2  1 0.0039 0.0051 0.0039 0.0077 0.0055 0.0051 0.0030 0.0046 0.0039 0.9450 0.0034 0.0024 0.0041 0.0023 
   H171902.3  1 0.0045 0.0041 0.0036 0.0094 0.0037 0.0037 0.0034 0.0041 0.0060 0.9418 0.0048 0.0034 0.0042 0.0033 
   H171902.4  1 0.0032 0.0025 0.0027 0.0114 0.0030 0.0037 0.0028 0.0029 0.0031 0.9517 0.0042 0.0023 0.0025 0.0040 
   H171902.6  1 0.0042 0.0021 0.0028 0.0049 0.0027 0.0028 0.0024 0.0035 0.0047 0.9572 0.0039 0.0027 0.0033 0.0029 
   H171902.7  1 0.0026 0.0046 0.0036 0.0083 0.0036 0.0037 0.0032 0.0363 0.0052 0.9006 0.0121 0.0029 0.0083 0.0050 
   H171902.8  1 0.0055 0.0029 0.0029 0.0058 0.0031 0.0032 0.0031 0.0043 0.0042 0.9492 0.0043 0.0029 0.0040 0.0045 
   H171902.9  1 0.0065 0.0024 0.0032 0.0030 0.0021 0.0038 0.0034 0.0041 0.0027 0.9560 0.0027 0.0031 0.0040 0.0031 
   H171903.1  1 0.0135 0.0051 0.0035 0.0035 0.0030 0.0032 0.0046 0.9301 0.0033 0.0030 0.0090 0.0045 0.0101 0.0035 
   H171903.2  1 0.0160 0.0052 0.0089 0.0026 0.0047 0.0047 0.0075 0.8962 0.0035 0.0043 0.0165 0.0107 0.0133 0.0059 
   H171903.3  1 0.0136 0.0137 0.0372 0.0064 0.0053 0.0037 0.0135 0.7497 0.0075 0.0056 0.0782 0.0303 0.0137 0.0216 
   H171903.4  1 0.0075 0.0589 0.0047 0.0048 0.0036 0.0059 0.0049 0.8219 0.0035 0.0285 0.0325 0.0030 0.0118 0.0083 
   H171903.5  1 0.0212 0.0548 0.0130 0.0161 0.0053 0.0041 0.0077 0.8215 0.0078 0.0067 0.0139 0.0051 0.0175 0.0053 
   H171903.6  1 0.0069 0.1053 0.0051 0.0096 0.0034 0.0037 0.0029 0.8256 0.0046 0.0042 0.0131 0.0048 0.0081 0.0028 
      H177.1  1 0.0160 0.0215 0.0067 0.0196 0.0404 0.0043 0.0060 0.0257 0.0647 0.0089 0.6659 0.0120 0.0319 0.0762 
      H177.2  1 0.0116 0.0095 0.0135 0.0491 0.0718 0.1327 0.0066 0.0772 0.4887 0.0065 0.0400 0.0072 0.0181 0.0674 
      H177.3  1 0.0173 0.0119 0.0084 0.1149 0.0611 0.0314 0.0082 0.1739 0.1206 0.0166 0.3284 0.0217 0.0310 0.0546 
      H177.4  1 0.0038 0.0033 0.0032 0.0071 0.2891 0.0079 0.0058 0.0100 0.0415 0.0070 0.5807 0.0293 0.0060 0.0051 
      H177.5  1 0.0068 0.0241 0.0243 0.0114 0.0968 0.0195 0.0139 0.0100 0.0577 0.0075 0.6591 0.0054 0.0299 0.0336 
      H177.6  1 0.0214 0.0173 0.0094 0.1833 0.0646 0.0177 0.0041 0.0632 0.1074 0.0158 0.3934 0.0118 0.0278 0.0628 
      H179.1  1 0.0109 0.0270 0.0327 0.0042 0.8638 0.0032 0.0099 0.0067 0.0048 0.0042 0.0173 0.0021 0.0080 0.0053 
      H179.2  1 0.0070 0.0190 0.0428 0.0046 0.8593 0.0031 0.0051 0.0070 0.0060 0.0067 0.0064 0.0117 0.0121 0.0093 
      H179.3  1 0.0199 0.1023 0.0145 0.0042 0.7640 0.0039 0.0072 0.0174 0.0062 0.0047 0.0272 0.0041 0.0155 0.0089 
      H179.4  1 0.0058 0.0273 0.0165 0.0164 0.7335 0.0110 0.0054 0.0212 0.0131 0.0058 0.0477 0.0485 0.0051 0.0428 
      H180.1  1 0.0047 0.0039 0.0039 0.0034 0.0214 0.0030 0.0039 0.0051 0.0097 0.0079 0.0028 0.0036 0.9234 0.0034 
      H180.2  1 0.0038 0.0042 0.0058 0.0025 0.0063 0.0036 0.0035 0.0029 0.0062 0.0028 0.0039 0.0036 0.9483 0.0027 
      H180.3  1 0.0092 0.0051 0.0088 0.0039 0.0042 0.0064 0.0034 0.0065 0.0048 0.0038 0.0036 0.0052 0.9333 0.0019 
      H180.4  1 0.0039 0.0027 0.0038 0.0052 0.0087 0.0038 0.0048 0.0050 0.0077 0.0056 0.0033 0.0035 0.9382 0.0039 
      H180.5  1 0.0028 0.0036 0.0031 0.0041 0.0106 0.0033 0.0029 0.0023 0.0117 0.0046 0.0049 0.0030 0.9403 0.0027 
      H180.6  1 0.0053 0.0033 0.0041 0.0098 0.0062 0.0140 0.0049 0.0059 0.0105 0.0076 0.0072 0.0050 0.9138 0.0025 
      H181.1  1 0.0044 0.0064 0.0050 0.0141 0.0088 0.0045 0.0048 0.0074 0.9172 0.0060 0.0057 0.0040 0.0081 0.0035 
      H181.2  1 0.0040 0.0047 0.0042 0.0063 0.0202 0.0080 0.0036 0.0044 0.9121 0.0100 0.0055 0.0043 0.0076 0.0054 
      H181.3  1 0.0034 0.0052 0.0020 0.0143 0.0051 0.0058 0.0050 0.0039 0.9324 0.0060 0.0047 0.0026 0.0048 0.0047 
      H181.4  1 0.0137 0.0087 0.0066 0.0169 0.0046 0.0062 0.0056 0.0095 0.8909 0.0044 0.0052 0.0042 0.0197 0.0038 
      H181.5  1 0.0049 0.0097 0.0108 0.0073 0.0769 0.0036 0.0091 0.0050 0.8449 0.0040 0.0083 0.0057 0.0046 0.0051 
      H181.6  1 0.0083 0.0045 0.0119 0.0088 0.2057 0.0046 0.0101 0.0071 0.6729 0.0058 0.0168 0.0085 0.0307 0.0044 
      H181.7  1 0.0053 0.0120 0.0093 0.0067 0.0649 0.0043 0.0063 0.0057 0.8580 0.0043 0.0063 0.0080 0.0055 0.0034 
 H194.1_2004  1 0.0046 0.0040 0.0045 0.0052 0.0030 0.0065 0.0029 0.0055 0.0034 0.0052 0.9456 0.0031 0.0037 0.0030 
 H194.2_2004  1 0.0052 0.0028 0.0028 0.0029 0.0021 0.0055 0.0033 0.0112 0.0047 0.0038 0.9471 0.0025 0.0028 0.0034 
 H194.3_2004  1 0.0033 0.0051 0.0364 0.0152 0.0076 0.0086 0.0032 0.0052 0.0045 0.0066 0.8907 0.0036 0.0035 0.0064 
 H194.4_2004  1 0.0043 0.0028 0.0029 0.0079 0.0041 0.0094 0.0028 0.0046 0.0043 0.0063 0.9411 0.0030 0.0031 0.0035 
 H194.5_2004  1 0.0042 0.0053 0.0182 0.0139 0.0047 0.0101 0.0039 0.0121 0.0054 0.0066 0.8986 0.0070 0.0031 0.0068 
 H194.6_2004  1 0.0055 0.0056 0.0215 0.0179 0.0060 0.0086 0.0031 0.0069 0.0056 0.0083 0.8918 0.0092 0.0037 0.0064 
 H194.7_2004  1 0.0037 0.0033 0.0033 0.0022 0.0023 0.0031 0.0032 0.0066 0.0038 0.0022 0.9583 0.0024 0.0024 0.0031 
 H194.8_2004  1 0.0059 0.0029 0.0047 0.0064 0.0026 0.0061 0.0031 0.0057 0.0050 0.0056 0.9368 0.0054 0.0031 0.0066 
      H194.9  1 0.0050 0.0033 0.0029 0.0036 0.0021 0.0063 0.0033 0.0051 0.0044 0.0040 0.9506 0.0032 0.0029 0.0032 
 H195.1_2003  1 0.0071 0.0041 0.0080 0.0250 0.0051 0.8564 0.0049 0.0074 0.0067 0.0077 0.0336 0.0061 0.0077 0.0202 
 H195.1_2004  1 0.0030 0.0033 0.0025 0.0055 0.0026 0.9492 0.0029 0.0029 0.0058 0.0041 0.0034 0.0032 0.0036 0.0082 
 H195.2_2003  1 0.0288 0.0236 0.0056 0.0063 0.0037 0.7820 0.0102 0.0187 0.0400 0.0130 0.0344 0.0104 0.0070 0.0164 
 H195.2_2004  1 0.0028 0.0049 0.0033 0.0050 0.0026 0.9571 0.0021 0.0026 0.0033 0.0027 0.0044 0.0025 0.0033 0.0034 
 H195.3_2003  1 0.1729 0.0508 0.0142 0.0053 0.0037 0.5712 0.0168 0.0737 0.0193 0.0065 0.0325 0.0046 0.0105 0.0180 
 H195.3_2004  1 0.0028 0.0033 0.0028 0.0098 0.0030 0.9440 0.0029 0.0035 0.0043 0.0053 0.0061 0.0030 0.0029 0.0061 
 H195.4_2003  1 0.0039 0.0028 0.0057 0.0099 0.0056 0.9329 0.0028 0.0043 0.0053 0.0039 0.0097 0.0032 0.0033 0.0066 
 H195.4_2004  1 0.0028 0.0065 0.0033 0.0038 0.0037 0.9516 0.0026 0.0035 0.0037 0.0031 0.0056 0.0045 0.0024 0.0031 
 H195.5_2003  1 0.0082 0.0048 0.0063 0.0239 0.0042 0.8575 0.0060 0.0087 0.0054 0.0076 0.0197 0.0043 0.0117 0.0317 
 H195.5_2004  1 0.0030 0.0030 0.0035 0.0034 0.0032 0.9542 0.0029 0.0027 0.0031 0.0034 0.0031 0.0053 0.0035 0.0056 
 H195.6_2003  1 0.0154 0.0096 0.0028 0.0047 0.0030 0.9095 0.0059 0.0102 0.0095 0.0095 0.0043 0.0031 0.0072 0.0052 
 H195.6_2004  1 0.0026 0.0031 0.0045 0.0039 0.0037 0.9494 0.0036 0.0058 0.0033 0.0031 0.0052 0.0030 0.0026 0.0062 
 H195.7_2003  1 0.0049 0.0288 0.0134 0.0150 0.0039 0.8063 0.0105 0.0204 0.0181 0.0056 0.0354 0.0101 0.0041 0.0235 
 H195.7_2004  1 0.0034 0.0040 0.0027 0.0031 0.0026 0.9562 0.0033 0.0026 0.0038 0.0029 0.0030 0.0030 0.0048 0.0048 
      H195.8  1 0.0029 0.0046 0.0021 0.0033 0.0026 0.9550 0.0033 0.0037 0.0035 0.0034 0.0033 0.0047 0.0038 0.0040 
      H195.9  1 0.0027 0.0050 0.0044 0.0062 0.0035 0.9437 0.0021 0.0049 0.0057 0.0032 0.0055 0.0042 0.0031 0.0057 
      H415.1  1 0.1728 0.0108 0.1257 0.3944 0.0076 0.0313 0.0083 0.0049 0.0076 0.0143 0.0362 0.0030 0.1723 0.0106 
      H415.2  1 0.0227 0.0098 0.1551 0.0241 0.0435 0.0044 0.0356 0.0140 0.0174 0.5678 0.0551 0.0032 0.0229 0.0242 
      H415.3  1 0.0147 0.0081 0.1448 0.5200 0.0932 0.0105 0.0156 0.0071 0.0320 0.0197 0.0164 0.0116 0.0876 0.0188 
      H415.4  1 0.0464 0.0043 0.3587 0.2620 0.0041 0.0163 0.0048 0.0063 0.0067 0.0141 0.0132 0.0078 0.2296 0.0259 
      H415.5  1 0.0080 0.0060 0.2962 0.4390 0.0091 0.0214 0.0060 0.0059 0.0187 0.0238 0.0232 0.0094 0.1190 0.0143 
      H415.6  1 0.0410 0.0041 0.3512 0.2544 0.0037 0.0171 0.0053 0.0054 0.0058 0.0127 0.0220 0.0060 0.2458 0.0255 
      H415.7  1 0.0182 0.0153 0.0273 0.1797 0.1369 0.0235 0.0261 0.0474 0.0175 0.3587 0.0633 0.0223 0.0137 0.0502 
      H506.1  1 0.0019 0.0020 0.0050 0.0042 0.9589 0.0033 0.0034 0.0024 0.0056 0.0024 0.0023 0.0037 0.0025 0.0024 
      H506.2  1 0.0018 0.0020 0.0038 0.0042 0.9569 0.0068 0.0029 0.0029 0.0044 0.0027 0.0034 0.0030 0.0022 0.0028 
      H506.3  1 0.0032 0.0075 0.0101 0.0035 0.9281 0.0056 0.0047 0.0040 0.0111 0.0036 0.0036 0.0039 0.0047 0.0066 
      H506.4  1 0.0028 0.0041 0.0037 0.0057 0.9422 0.0033 0.0034 0.0048 0.0034 0.0053 0.0043 0.0086 0.0051 0.0034 
      H506.5  1 0.0023 0.0022 0.0034 0.0057 0.9554 0.0041 0.0028 0.0035 0.0039 0.0038 0.0023 0.0043 0.0030 0.0035 
      H506.6  1 0.0075 0.0058 0.0031 0.0039 0.8979 0.0206 0.0049 0.0144 0.0072 0.0044 0.0064 0.0072 0.0052 0.0113 
      H506.7  1 0.0022 0.0029 0.0045 0.0039 0.9560 0.0050 0.0030 0.0031 0.0045 0.0030 0.0031 0.0035 0.0024 0.0030 
      H533.1  1 0.0020 0.0021 0.0051 0.0075 0.9542 0.0024 0.0037 0.0028 0.0044 0.0023 0.0027 0.0032 0.0053 0.0021 
      H533.2  1 0.0019 0.0024 0.0064 0.0080 0.9485 0.0033 0.0041 0.0026 0.0049 0.0025 0.0026 0.0032 0.0074 0.0023 
      H533.3  1 0.0024 0.0026 0.0042 0.0052 0.9536 0.0039 0.0035 0.0056 0.0058 0.0026 0.0030 0.0025 0.0030 0.0020 
      H533.4  1 0.0052 0.0035 0.0029 0.0130 0.8904 0.0231 0.0038 0.0156 0.0089 0.0040 0.0109 0.0088 0.0047 0.0052 
      H535.1  1 0.0033 0.0020 0.0034 0.0030 0.0033 0.0025 0.0022 0.0037 0.0026 0.0046 0.0035 0.9598 0.0029 0.0031 
      H535.2  1 0.0022 0.0022 0.0036 0.0027 0.0042 0.0039 0.0032 0.0028 0.0033 0.0025 0.0029 0.9605 0.0024 0.0036 
      H535.3  1 0.0021 0.0020 0.0035 0.0024 0.0030 0.0028 0.0039 0.0029 0.0031 0.0020 0.0024 0.9653 0.0019 0.0025 
      H535.4  1 0.0025 0.0024 0.0027 0.0044 0.0030 0.0036 0.0025 0.0026 0.0025 0.0019 0.0029 0.9626 0.0021 0.0042 
      H535.5  1 0.0021 0.0020 0.0027 0.0035 0.0037 0.0027 0.0022 0.0037 0.0024 0.0025 0.0037 0.9638 0.0021 0.0029 
      H535.6  1 0.0070 0.0023 0.0040 0.0027 0.0031 0.0041 0.0026 0.0058 0.0045 0.0084 0.0046 0.9432 0.0036 0.0042 
      H535.7  1 0.0020 0.0024 0.0030 0.0036 0.0023 0.0020 0.0023 0.0032 0.0023 0.0016 0.0024 0.9687 0.0018 0.0024 
      H535.8  1 0.0024 0.0028 0.0044 0.0022 0.0027 0.0039 0.0025 0.0036 0.0038 0.0024 0.0032 0.9608 0.0018 0.0036 
      H535.9  1 0.0027 0.0022 0.0024 0.0032 0.0035 0.0031 0.0025 0.0033 0.0029 0.0038 0.0034 0.9610 0.0034 0.0025 
      H539.1  1 0.9598 0.0019 0.0022 0.0021 0.0021 0.0022 0.0030 0.0032 0.0030 0.0066 0.0033 0.0027 0.0054 0.0025 
      H539.2  1 0.6589 0.0361 0.0068 0.0044 0.0078 0.0060 0.0079 0.0985 0.0089 0.0069 0.0171 0.0106 0.1104 0.0197 
      H539.3  1 0.8861 0.0099 0.0042 0.0037 0.0044 0.0076 0.0048 0.0205 0.0046 0.0049 0.0226 0.0108 0.0089 0.0070 
      H539.4  1 0.9023 0.0072 0.0061 0.0028 0.0034 0.0033 0.0037 0.0069 0.0039 0.0045 0.0032 0.0034 0.0439 0.0052 
      H539.5  1 0.9551 0.0035 0.0028 0.0021 0.0024 0.0021 0.0022 0.0046 0.0034 0.0047 0.0044 0.0039 0.0060 0.0028 
      H539.6  1 0.9404 0.0028 0.0027 0.0022 0.0031 0.0039 0.0029 0.0080 0.0042 0.0053 0.0032 0.0024 0.0164 0.0026 
      H539.7  1 0.9500 0.0044 0.0027 0.0034 0.0028 0.0030 0.0030 0.0040 0.0032 0.0044 0.0043 0.0026 0.0088 0.0035 
      H539.8  1 0.8586 0.0136 0.0065 0.0049 0.0053 0.0053 0.0061 0.0107 0.0036 0.0041 0.0120 0.0258 0.0363 0.0071 
      H539.9  1 0.9447 0.0042 0.0046 0.0024 0.0036 0.0028 0.0042 0.0064 0.0030 0.0018 0.0031 0.0024 0.0126 0.0042 
      H540.1  1 0.8778 0.0036 0.0030 0.0032 0.0039 0.0069 0.0034 0.0671 0.0085 0.0048 0.0048 0.0053 0.0046 0.0032 
      H540.2  1 0.9435 0.0052 0.0048 0.0035 0.0034 0.0031 0.0030 0.0077 0.0052 0.0046 0.0060 0.0022 0.0041 0.0036 
      H540.3  1 0.8308 0.0070 0.0099 0.0281 0.0043 0.0133 0.0077 0.0115 0.0062 0.0071 0.0313 0.0051 0.0210 0.0166 
      H540.4  1 0.9002 0.0104 0.0053 0.0044 0.0064 0.0039 0.0070 0.0131 0.0097 0.0072 0.0038 0.0048 0.0201 0.0038 
      H540.5  1 0.9232 0.0113 0.0077 0.0063 0.0033 0.0034 0.0041 0.0057 0.0074 0.0055 0.0086 0.0024 0.0031 0.0078 
      H540.6  1 0.8624 0.0097 0.0083 0.0065 0.0067 0.0066 0.0116 0.0260 0.0285 0.0079 0.0076 0.0042 0.0052 0.0087 
      H540.7  1 0.8881 0.0046 0.0063 0.0144 0.0087 0.0067 0.0070 0.0065 0.0171 0.0068 0.0139 0.0028 0.0098 0.0072 
      H540.8  1 0.8503 0.0061 0.0048 0.0066 0.0037 0.0045 0.0030 0.0454 0.0073 0.0129 0.0395 0.0041 0.0090 0.0029 
     H9558.1  1 0.9476 0.0039 0.0033 0.0026 0.0053 0.0030 0.0028 0.0045 0.0028 0.0065 0.0037 0.0085 0.0028 0.0026 
     H9558.2  1 0.8895 0.0067 0.0072 0.0052 0.0105 0.0045 0.0112 0.0049 0.0218 0.0073 0.0114 0.0083 0.0031 0.0084 
     H9558.3  1 0.9195 0.0046 0.0074 0.0023 0.0029 0.0027 0.0151 0.0049 0.0121 0.0025 0.0064 0.0063 0.0037 0.0095 
     H9558.4  1 0.9514 0.0059 0.0029 0.0022 0.0040 0.0018 0.0031 0.0046 0.0030 0.0029 0.0052 0.0070 0.0029 0.0031 
     H9558.5  1 0.9489 0.0065 0.0029 0.0029 0.0022 0.0017 0.0051 0.0025 0.0038 0.0029 0.0024 0.0065 0.0052 0.0066 
     H9558.6  1 0.9370 0.0031 0.0055 0.0031 0.0035 0.0030 0.0079 0.0032 0.0071 0.0041 0.0091 0.0055 0.0033 0.0047 
    kos339.1  1 0.0044 0.0030 0.0049 0.9113 0.0221 0.0022 0.0095 0.0058 0.0120 0.0086 0.0030 0.0041 0.0044 0.0047 
    kos339.2  1 0.0036 0.0037 0.0036 0.9385 0.0077 0.0056 0.0061 0.0027 0.0062 0.0039 0.0045 0.0035 0.0044 0.0060 
    kos339.3  1 0.0034 0.0027 0.0030 0.9548 0.0048 0.0033 0.0024 0.0038 0.0039 0.0022 0.0039 0.0042 0.0051 0.0023 
    kos339.4  1 0.0037 0.0032 0.0027 0.9539 0.0041 0.0035 0.0024 0.0031 0.0047 0.0041 0.0028 0.0050 0.0034 0.0034 
    kos339.5  1 0.0037 0.0026 0.0041 0.9373 0.0114 0.0030 0.0058 0.0034 0.0121 0.0042 0.0035 0.0026 0.0035 0.0028 
    kos339.6  1 0.0024 0.0029 0.0038 0.9450 0.0055 0.0048 0.0048 0.0031 0.0074 0.0032 0.0073 0.0027 0.0024 0.0046 
    kos339.7  1 0.0027 0.0034 0.0037 0.9512 0.0037 0.0047 0.0021 0.0033 0.0029 0.0030 0.0036 0.0096 0.0034 0.0028 
    kos339.8  1 0.0029 0.0033 0.0031 0.9435 0.0146 0.0034 0.0045 0.0035 0.0046 0.0027 0.0026 0.0037 0.0042 0.0032 
    kos339.9  1 0.0114 0.0038 0.0096 0.8626 0.0065 0.0079 0.0047 0.0060 0.0402 0.0174 0.0065 0.0047 0.0114 0.0072 
      H409.1 12 0.0019 0.0043 0.9574 0.0047 0.0040 0.0029 0.0032 0.0019 0.0047 0.0030 0.0033 0.0030 0.0024 0.0032 
     H409.10 12 0.0079 0.0188 0.8927 0.0043 0.0285 0.0042 0.0061 0.0049 0.0091 0.0036 0.0025 0.0026 0.0079 0.0067 
      H409.2 12 0.0037 0.0042 0.9413 0.0059 0.0049 0.0047 0.0032 0.0030 0.0031 0.0049 0.0045 0.0058 0.0027 0.0083 
      H409.3 12 0.0032 0.0033 0.9441 0.0042 0.0056 0.0034 0.0045 0.0040 0.0028 0.0037 0.0077 0.0042 0.0032 0.0061 
      H409.4 12 0.0028 0.0038 0.9545 0.0038 0.0034 0.0029 0.0029 0.0024 0.0039 0.0028 0.0060 0.0031 0.0029 0.0049 
      H409.5 12 0.0042 0.0025 0.9517 0.0027 0.0042 0.0025 0.0036 0.0042 0.0039 0.0050 0.0040 0.0040 0.0043 0.0033 
      H409.6 12 0.0063 0.0068 0.8859 0.0034 0.0075 0.0046 0.0178 0.0135 0.0157 0.0046 0.0097 0.0100 0.0064 0.0079 
      H409.7 12 0.0027 0.0049 0.9414 0.0056 0.0043 0.0044 0.0050 0.0023 0.0046 0.0031 0.0074 0.0027 0.0023 0.0092 
      H409.8 12 0.0030 0.0023 0.9489 0.0037 0.0075 0.0032 0.0053 0.0042 0.0052 0.0037 0.0032 0.0031 0.0040 0.0025 
      H409.9 12 0.2568 0.0051 0.5084 0.0037 0.0910 0.0074 0.0425 0.0217 0.0089 0.0039 0.0056 0.0124 0.0262 0.0065 
      H413.1 12 0.0086 0.0070 0.0039 0.0044 0.0020 0.0033 0.9352 0.0028 0.0053 0.0032 0.0056 0.0062 0.0082 0.0042 
      H413.2 12 0.0066 0.0064 0.0029 0.0050 0.0029 0.0069 0.9342 0.0043 0.0053 0.0043 0.0060 0.0070 0.0044 0.0040 
      H413.3 12 0.0084 0.0153 0.0037 0.0024 0.0052 0.0030 0.9297 0.0049 0.0056 0.0035 0.0056 0.0026 0.0060 0.0040 
      H413.4 12 0.0093 0.0035 0.0035 0.0040 0.0069 0.0045 0.9157 0.0036 0.0155 0.0057 0.0034 0.0041 0.0085 0.0117 
      H413.5 12 0.1099 0.0095 0.0038 0.0036 0.0061 0.0036 0.7748 0.0053 0.0099 0.0155 0.0033 0.0030 0.0461 0.0057 
      H413.6 12 0.0962 0.0306 0.0047 0.0049 0.0024 0.0047 0.7941 0.0032 0.0083 0.0026 0.0079 0.0039 0.0171 0.0195 
      H413.7 12 0.0094 0.0062 0.0028 0.0042 0.0031 0.0037 0.9363 0.0042 0.0033 0.0032 0.0061 0.0058 0.0052 0.0065 
      H563.1 12 0.0066 0.0029 0.0035 0.0027 0.0023 0.0039 0.9500 0.0052 0.0041 0.0029 0.0033 0.0019 0.0050 0.0058 
      H563.2 12 0.0076 0.0047 0.0109 0.0093 0.0047 0.0046 0.8946 0.0062 0.0057 0.0085 0.0252 0.0032 0.0065 0.0085 
      H563.3 12 0.0102 0.0034 0.0062 0.0033 0.0045 0.0037 0.9269 0.0087 0.0085 0.0035 0.0040 0.0023 0.0054 0.0095 
      H563.4 12 0.0033 0.0033 0.0053 0.0047 0.0044 0.0035 0.9472 0.0047 0.0042 0.0034 0.0038 0.0029 0.0039 0.0056 
      H563.5 12 0.0055 0.0035 0.0031 0.0030 0.0029 0.0034 0.9478 0.0057 0.0058 0.0027 0.0026 0.0019 0.0041 0.0077 
      H563.6 12 0.0066 0.0041 0.0047 0.0088 0.0046 0.0035 0.9176 0.0051 0.0072 0.0060 0.0080 0.0029 0.0049 0.0160 
      H563.7 12 0.0027 0.0022 0.0052 0.0096 0.0031 0.0034 0.9303 0.0031 0.0090 0.0034 0.0045 0.0017 0.0044 0.0173 
      H563.8 12 0.0089 0.0044 0.0035 0.0065 0.0051 0.0044 0.9182 0.0070 0.0100 0.0047 0.0049 0.0020 0.0061 0.0144 
      H563.9 12 0.0053 0.0057 0.0274 0.0094 0.0063 0.0062 0.8905 0.0053 0.0146 0.0053 0.0079 0.0021 0.0079 0.0061 
     H7374.1 12 0.0047 0.0026 0.0071 0.0038 0.0029 0.0059 0.0054 0.0051 0.0043 0.0043 0.0076 0.0039 0.0030 0.9393 
     H7374.2 12 0.0058 0.0059 0.0049 0.0021 0.0046 0.0037 0.0083 0.0079 0.0028 0.0033 0.0066 0.0036 0.0031 0.9373 
     H7374.3 12 0.0066 0.0039 0.0069 0.0038 0.0047 0.0196 0.0075 0.0078 0.0043 0.0063 0.0139 0.0043 0.0047 0.9058 
     H7374.4 12 0.0054 0.0052 0.0036 0.0050 0.0028 0.0031 0.0046 0.0025 0.0047 0.0039 0.0041 0.0047 0.0035 0.9469 
     H7374.5 12 0.0061 0.0032 0.0030 0.0041 0.0027 0.0032 0.0050 0.0037 0.0045 0.0038 0.0025 0.0027 0.0031 0.9523 
     H7374.6 12 0.0071 0.0035 0.0061 0.0083 0.0048 0.0095 0.0049 0.0031 0.0064 0.0105 0.0101 0.0079 0.0051 0.9129 
     H7374.7 12 0.0023 0.0039 0.0043 0.0055 0.0025 0.0037 0.0037 0.0026 0.0048 0.0033 0.0033 0.0036 0.0021 0.9544 
     H7374.8 12 0.0023 0.0027 0.0069 0.0051 0.0031 0.0066 0.0047 0.0040 0.0032 0.0033 0.0045 0.0027 0.0025 0.9484 
     H7374.9 12 0.0077 0.0044 0.0033 0.0049 0.0035 0.0035 0.0044 0.0041 0.0049 0.0055 0.0037 0.0023 0.0035 0.9445 
     H9563.1 12 0.0066 0.0039 0.0045 0.0067 0.0064 0.0046 0.9284 0.0054 0.0052 0.0079 0.0054 0.0035 0.0050 0.0065 
     H9563.2 12 0.0112 0.0038 0.0034 0.0046 0.0040 0.0058 0.9265 0.0102 0.0038 0.0055 0.0037 0.0043 0.0088 0.0043 
     H9563.3 12 0.0027 0.0042 0.0050 0.0054 0.0094 0.0090 0.9328 0.0039 0.0043 0.0052 0.0048 0.0037 0.0049 0.0048 
     H9563.4 12 0.0094 0.0071 0.0132 0.0109 0.0117 0.0101 0.8288 0.0146 0.0097 0.0084 0.0251 0.0189 0.0224 0.0098 
     H9563.5 12 0.0052 0.0059 0.0124 0.0099 0.0114 0.0065 0.8909 0.0131 0.0057 0.0083 0.0093 0.0072 0.0102 0.0040 
     H9563.6 12 0.0028 0.0036 0.0035 0.0035 0.0079 0.0062 0.9399 0.0053 0.0056 0.0025 0.0036 0.0047 0.0062 0.0047 
     H9563.7 12 0.0028 0.0031 0.0033 0.0027 0.0065 0.0048 0.9434 0.0073 0.0035 0.0032 0.0031 0.0068 0.0040 0.0055 
     H9563.8 12 0.0064 0.0094 0.0129 0.0241 0.0166 0.0101 0.8017 0.0105 0.0087 0.0100 0.0130 0.0050 0.0666 0.0050 
     H9563.9 12 0.0066 0.0055 0.0041 0.0074 0.0112 0.0052 0.9137 0.0089 0.0064 0.0067 0.0038 0.0037 0.0121 0.0048 
     H9572.1 12 0.0290 0.0054 0.0057 0.0032 0.0138 0.0119 0.0624 0.0098 0.7896 0.0153 0.0138 0.0071 0.0193 0.0137 
     H9572.2 12 0.0073 0.0052 0.0165 0.0079 0.0073 0.0515 0.1311 0.0200 0.6223 0.0323 0.0231 0.0031 0.0355 0.0368 
     H9572.3 12 0.0239 0.0033 0.0275 0.0491 0.0075 0.0050 0.0322 0.1014 0.6330 0.0089 0.0104 0.0121 0.0065 0.0792 
     H9572.4 12 0.0070 0.0027 0.0048 0.0103 0.0038 0.0056 0.0079 0.0057 0.9232 0.0050 0.0065 0.0066 0.0039 0.0068 
     H9572.5 12 0.0087 0.0033 0.0029 0.0172 0.0075 0.0075 0.0062 0.0174 0.9013 0.0044 0.0091 0.0051 0.0069 0.0025 
