

----------------------------------------------------
STRUCTURE by Pritchard, Stephens and Donnelly (2000)
     and Falush, Stephens and Pritchard (2003)
       Code by Pritchard, Falush and Hubisz
             Version 2.3.4 (Jul 2012)
----------------------------------------------------



Command line arguments:   /usr/local/bin/structure -m parameter_job_T26_3 
Input File:    /data/home/rchen/Hunting/blackgrouse-hunting/data_job_T26_3

Run parameters:
   236 individuals
   11 loci
   26 populations assumed
   10000 Burn-in period
   10000 Reps


--------------------------------------------
Proportion of membership of each pre-defined
 population in each of the 26 clusters

Given    Inferred Clusters                                                                                                                                                                        Number of
 Pop       1      2      3      4      5      6      7      8      9     10     11     12     13     14     15     16     17     18     19     20     21     22     23     24     25     26      Individuals

  1:     0.078  0.005  0.037  0.006  0.047  0.048  0.011  0.005  0.005  0.038  0.005  0.029  0.043  0.038  0.032  0.009  0.059  0.049  0.033  0.041  0.117  0.080  0.049  0.076  0.026  0.034      187
 12:     0.004  0.173  0.006  0.135  0.006  0.006  0.007  0.166  0.086  0.005  0.320  0.005  0.007  0.004  0.007  0.007  0.007  0.004  0.005  0.006  0.010  0.006  0.004  0.005  0.006  0.005       49
--------------------------------------------

Allele-freq. divergence among pops (Net nucleotide distance),
computed using point estimates of P.

      1       2       3       4       5       6       7       8       9      10      11      12      13      14      15      16      17      18      19      20      21      22      23      24      25      26      
 1      -    0.1927  0.1635  0.2711  0.1629  0.1468  0.1095  0.1526  0.2107  0.1786  0.1755  0.2079  0.2290  0.2445  0.1710  0.0972  0.2107  0.2322  0.1742  0.2161  0.2413  0.1756  0.1696  0.1967  0.2343  0.1582  
 2   0.1927     -    0.1516  0.2422  0.2298  0.1544  0.0880  0.1583  0.1894  0.1584  0.1675  0.1687  0.1711  0.1830  0.1450  0.0882  0.1692  0.2171  0.1675  0.2376  0.2316  0.1677  0.1987  0.2021  0.1567  0.1500  
 3   0.1635  0.1516     -    0.2670  0.2010  0.1234  0.0727  0.1472  0.2127  0.1328  0.1541  0.1033  0.2020  0.1909  0.1307  0.0661  0.1771  0.2295  0.1329  0.1742  0.1754  0.1318  0.1247  0.1389  0.1533  0.1315  
 4   0.2711  0.2422  0.2670     -    0.2304  0.1818  0.1282  0.2196  0.2329  0.2009  0.2088  0.2387  0.2415  0.1845  0.2226  0.1353  0.2624  0.2664  0.2722  0.3124  0.1788  0.1789  0.2461  0.2530  0.2082  0.2534  
 5   0.1629  0.2298  0.2010  0.2304     -    0.1337  0.0927  0.1833  0.1856  0.1768  0.1609  0.1838  0.1993  0.2326  0.1144  0.0923  0.2237  0.2120  0.2528  0.1972  0.1585  0.1616  0.1585  0.2651  0.1536  0.1836  
 6   0.1468  0.1544  0.1234  0.1818  0.1337     -    0.0657  0.1418  0.1688  0.1491  0.1636  0.1373  0.1815  0.1761  0.1043  0.0591  0.2261  0.1919  0.1627  0.1846  0.1361  0.1679  0.1398  0.1808  0.1575  0.1119  
 7   0.1095  0.0880  0.0727  0.1282  0.0927  0.0657     -    0.0966  0.1195  0.0695  0.0862  0.0722  0.1227  0.1050  0.0478  0.0041  0.1122  0.1424  0.1027  0.1587  0.0942  0.0485  0.0854  0.1188  0.0703  0.0672  
 8   0.1526  0.1583  0.1472  0.2196  0.1833  0.1418  0.0966     -    0.1872  0.1637  0.1516  0.1548  0.1726  0.2062  0.1658  0.0842  0.2132  0.2013  0.1774  0.2100  0.1903  0.1793  0.1748  0.1817  0.2062  0.1313  
 9   0.2107  0.1894  0.2127  0.2329  0.1856  0.1688  0.1195  0.1872     -    0.1373  0.1293  0.1952  0.1712  0.2711  0.2142  0.1063  0.1856  0.2291  0.2036  0.2299  0.2056  0.1805  0.1733  0.1786  0.2087  0.1760  
10   0.1786  0.1584  0.1328  0.2009  0.1768  0.1491  0.0695  0.1637  0.1373     -    0.1598  0.1259  0.1655  0.1818  0.1562  0.0616  0.1049  0.1860  0.1319  0.2136  0.1944  0.1281  0.1377  0.1418  0.1375  0.1135  
11   0.1755  0.1675  0.1541  0.2088  0.1609  0.1636  0.0862  0.1516  0.1293  0.1598     -    0.1788  0.1544  0.2210  0.1415  0.0823  0.1811  0.2540  0.1818  0.2520  0.1912  0.1524  0.1836  0.2006  0.1690  0.1665  
12   0.2079  0.1687  0.1033  0.2387  0.1838  0.1373  0.0722  0.1548  0.1952  0.1259  0.1788     -    0.1900  0.1749  0.1222  0.0636  0.1912  0.2112  0.0900  0.1442  0.1780  0.1170  0.1410  0.0932  0.1553  0.1118  
13   0.2290  0.1711  0.2020  0.2415  0.1993  0.1815  0.1227  0.1726  0.1712  0.1655  0.1544  0.1900     -    0.2477  0.1728  0.1099  0.2097  0.2438  0.2544  0.2469  0.2133  0.1774  0.2359  0.2618  0.2394  0.2096  
14   0.2445  0.1830  0.1909  0.1845  0.2326  0.1761  0.1050  0.2062  0.2711  0.1818  0.2210  0.1749  0.2477     -    0.1476  0.1069  0.2338  0.2846  0.2237  0.2687  0.1665  0.1476  0.2226  0.2511  0.1357  0.1692  
15   0.1710  0.1450  0.1307  0.2226  0.1144  0.1043  0.0478  0.1658  0.2142  0.1562  0.1415  0.1222  0.1728  0.1476     -    0.0555  0.2016  0.1789  0.1704  0.2511  0.1424  0.1001  0.1527  0.2127  0.1386  0.0932  
16   0.0972  0.0882  0.0661  0.1353  0.0923  0.0591  0.0041  0.0842  0.1063  0.0616  0.0823  0.0636  0.1099  0.1069  0.0555     -    0.1088  0.1317  0.0943  0.1366  0.0987  0.0583  0.0819  0.1070  0.0795  0.0621  
17   0.2107  0.1692  0.1771  0.2624  0.2237  0.2261  0.1122  0.2132  0.1856  0.1049  0.1811  0.1912  0.2097  0.2338  0.2016  0.1088     -    0.2173  0.1844  0.2627  0.2840  0.1807  0.2030  0.1664  0.1073  0.1560  
18   0.2322  0.2171  0.2295  0.2664  0.2120  0.1919  0.1424  0.2013  0.2291  0.1860  0.2540  0.2112  0.2438  0.2846  0.1789  0.1317  0.2173     -    0.2387  0.2568  0.2445  0.2123  0.2366  0.2344  0.2313  0.1624  
19   0.1742  0.1675  0.1329  0.2722  0.2528  0.1627  0.1027  0.1774  0.2036  0.1319  0.1818  0.0900  0.2544  0.2237  0.1704  0.0943  0.1844  0.2387     -    0.2394  0.2801  0.1725  0.1623  0.0574  0.1894  0.1359  
20   0.2161  0.2376  0.1742  0.3124  0.1972  0.1846  0.1587  0.2100  0.2299  0.2136  0.2520  0.1442  0.2469  0.2687  0.2511  0.1366  0.2627  0.2568  0.2394     -    0.2679  0.2285  0.2407  0.2332  0.2265  0.2270  
21   0.2413  0.2316  0.1754  0.1788  0.1585  0.1361  0.0942  0.1903  0.2056  0.1944  0.1912  0.1780  0.2133  0.1665  0.1424  0.0987  0.2840  0.2445  0.2801  0.2679     -    0.1242  0.1578  0.2884  0.1710  0.1651  
22   0.1756  0.1677  0.1318  0.1789  0.1616  0.1679  0.0485  0.1793  0.1805  0.1281  0.1524  0.1170  0.1774  0.1476  0.1001  0.0583  0.1807  0.2123  0.1725  0.2285  0.1242     -    0.1377  0.1888  0.1088  0.1191  
23   0.1696  0.1987  0.1247  0.2461  0.1585  0.1398  0.0854  0.1748  0.1733  0.1377  0.1836  0.1410  0.2359  0.2226  0.1527  0.0819  0.2030  0.2366  0.1623  0.2407  0.1578  0.1377     -    0.1887  0.1544  0.1457  
24   0.1967  0.2021  0.1389  0.2530  0.2651  0.1808  0.1188  0.1817  0.1786  0.1418  0.2006  0.0932  0.2618  0.2511  0.2127  0.1070  0.1664  0.2344  0.0574  0.2332  0.2884  0.1888  0.1887     -    0.2176  0.1577  
25   0.2343  0.1567  0.1533  0.2082  0.1536  0.1575  0.0703  0.2062  0.2087  0.1375  0.1690  0.1553  0.2394  0.1357  0.1386  0.0795  0.1073  0.2313  0.1894  0.2265  0.1710  0.1088  0.1544  0.2176     -    0.1431  
26   0.1582  0.1500  0.1315  0.2534  0.1836  0.1119  0.0672  0.1313  0.1760  0.1135  0.1665  0.1118  0.2096  0.1692  0.0932  0.0621  0.1560  0.1624  0.1359  0.2270  0.1651  0.1191  0.1457  0.1577  0.1431     -    

Average distances (expected heterozygosity) between individuals in same cluster:
cluster  1  : 0.5828 
cluster  2  : 0.5495 
cluster  3  : 0.5820 
cluster  4  : 0.5409 
cluster  5  : 0.5357 
cluster  6  : 0.5806 
cluster  7  : 0.7196 
cluster  8  : 0.5892 
cluster  9  : 0.5622 
cluster 10  : 0.6187 
cluster 11  : 0.5902 
cluster 12  : 0.5736 
cluster 13  : 0.5682 
cluster 14  : 0.5799 
cluster 15  : 0.5862 
cluster 16  : 0.7471 
cluster 17  : 0.5342 
cluster 18  : 0.5473 
cluster 19  : 0.5239 
cluster 20  : 0.4715 
cluster 21  : 0.5628 
cluster 22  : 0.6588 
cluster 23  : 0.5492 
cluster 24  : 0.5064 
cluster 25  : 0.5321 
cluster 26  : 0.5908 

--------------------------------------------
Estimated Ln Prob of Data   = -6146.4
Mean value of ln likelihood = -5613.0
Variance of ln likelihood   = 1066.6
Mean value of alpha         = 0.0296

Mean value of Fst_1         = 0.3210
Mean value of Fst_2         = 0.3718
Mean value of Fst_3         = 0.3346
Mean value of Fst_4         = 0.4109
Mean value of Fst_5         = 0.3836
Mean value of Fst_6         = 0.2950
Mean value of Fst_7         = 0.1129
Mean value of Fst_8         = 0.3546
Mean value of Fst_9         = 0.3726
Mean value of Fst_10         = 0.2734
Mean value of Fst_11         = 0.2991
Mean value of Fst_12         = 0.3085
Mean value of Fst_13         = 0.3658
Mean value of Fst_14         = 0.3643
Mean value of Fst_15         = 0.3026
Mean value of Fst_16         = 0.0019
Mean value of Fst_17         = 0.3966
Mean value of Fst_18         = 0.4557
Mean value of Fst_19         = 0.3731
Mean value of Fst_20         = 0.4288
Mean value of Fst_21         = 0.3194
Mean value of Fst_22         = 0.2206
Mean value of Fst_23         = 0.3939
Mean value of Fst_24         = 0.3603
Mean value of Fst_25         = 0.4403
Mean value of Fst_26         = 0.2951


Inferred ancestry of individuals:
        Label (%Miss) Pop:  Inferred clusters
  1   H105.1    (0)    1 :  0.003 0.002 0.003 0.002 0.004 0.003 0.003 0.003 0.004 0.004 0.004 0.002 0.924 0.003 0.007 0.003 0.003 0.002 0.003 0.003 0.002 0.002 0.002 0.003 0.003 0.002 
  2   H105.2    (0)    1 :  0.002 0.005 0.004 0.003 0.005 0.004 0.005 0.004 0.003 0.009 0.003 0.006 0.888 0.005 0.005 0.005 0.007 0.003 0.003 0.003 0.003 0.004 0.005 0.003 0.012 0.003 
  3   H105.3    (0)    1 :  0.003 0.003 0.002 0.003 0.002 0.002 0.003 0.003 0.004 0.002 0.004 0.002 0.933 0.002 0.003 0.003 0.005 0.002 0.002 0.002 0.002 0.003 0.002 0.003 0.002 0.002 
  4   H105.4    (0)    1 :  0.002 0.007 0.002 0.003 0.007 0.003 0.004 0.003 0.003 0.004 0.003 0.004 0.908 0.003 0.004 0.005 0.003 0.003 0.003 0.004 0.004 0.005 0.002 0.002 0.004 0.004 
  5   H105.5    (0)    1 :  0.004 0.006 0.004 0.004 0.007 0.005 0.006 0.004 0.003 0.007 0.003 0.007 0.858 0.006 0.024 0.008 0.004 0.003 0.006 0.003 0.006 0.007 0.003 0.004 0.004 0.005 
  6   H105.6    (0)    1 :  0.005 0.007 0.004 0.007 0.005 0.008 0.005 0.004 0.003 0.004 0.005 0.004 0.875 0.004 0.004 0.006 0.003 0.005 0.003 0.009 0.007 0.006 0.003 0.004 0.006 0.005 
  7   H105.7    (0)    1 :  0.003 0.007 0.007 0.007 0.008 0.010 0.007 0.003 0.009 0.010 0.014 0.003 0.840 0.006 0.011 0.009 0.004 0.003 0.004 0.003 0.005 0.006 0.003 0.003 0.007 0.006 
  8   H105.8    (0)    1 :  0.002 0.003 0.002 0.003 0.003 0.002 0.003 0.002 0.003 0.004 0.003 0.004 0.923 0.003 0.003 0.003 0.006 0.002 0.002 0.002 0.003 0.004 0.003 0.002 0.006 0.003 
  9   H115.1    (0)    1 :  0.004 0.038 0.007 0.122 0.008 0.005 0.187 0.005 0.002 0.004 0.009 0.009 0.005 0.006 0.053 0.009 0.010 0.003 0.009 0.003 0.009 0.419 0.010 0.009 0.050 0.006 
 10   H115.2    (0)    1 :  0.004 0.004 0.010 0.011 0.005 0.005 0.106 0.003 0.004 0.007 0.006 0.015 0.004 0.009 0.025 0.018 0.003 0.003 0.005 0.005 0.071 0.616 0.010 0.006 0.040 0.005 
 11   H115.3    (0)    1 :  0.005 0.003 0.008 0.003 0.004 0.003 0.006 0.003 0.003 0.003 0.007 0.010 0.004 0.003 0.011 0.009 0.003 0.004 0.006 0.004 0.011 0.860 0.007 0.006 0.005 0.008 
 12   H115.4    (0)    1 :  0.007 0.003 0.013 0.004 0.007 0.003 0.011 0.003 0.004 0.018 0.004 0.006 0.003 0.008 0.006 0.011 0.020 0.005 0.010 0.005 0.004 0.789 0.008 0.014 0.028 0.007 
 13   H115.5    (0)    1 :  0.013 0.007 0.008 0.018 0.006 0.005 0.034 0.003 0.008 0.005 0.004 0.016 0.012 0.006 0.010 0.019 0.005 0.006 0.008 0.007 0.022 0.717 0.006 0.043 0.005 0.006 
 14   H115.6    (0)    1 :  0.005 0.003 0.043 0.003 0.005 0.007 0.012 0.008 0.005 0.006 0.012 0.021 0.004 0.004 0.013 0.015 0.003 0.003 0.026 0.005 0.027 0.669 0.031 0.014 0.046 0.010 
 15   H115.7    (0)    1 :  0.009 0.010 0.011 0.062 0.026 0.008 0.050 0.006 0.004 0.010 0.016 0.007 0.005 0.009 0.018 0.035 0.005 0.004 0.017 0.005 0.015 0.542 0.017 0.008 0.096 0.007 
 16   H115.8    (0)    1 :  0.005 0.004 0.007 0.005 0.004 0.004 0.017 0.004 0.005 0.004 0.006 0.011 0.008 0.004 0.014 0.011 0.004 0.002 0.008 0.002 0.021 0.799 0.010 0.007 0.029 0.005 
 17   H115.9    (0)    1 :  0.004 0.021 0.008 0.017 0.011 0.004 0.144 0.004 0.006 0.007 0.008 0.009 0.006 0.006 0.060 0.011 0.012 0.004 0.010 0.003 0.196 0.404 0.005 0.009 0.028 0.005 
 18   H145.1    (0)    1 :  0.835 0.005 0.013 0.003 0.010 0.018 0.007 0.009 0.003 0.003 0.006 0.004 0.003 0.004 0.009 0.008 0.003 0.005 0.004 0.005 0.009 0.005 0.012 0.006 0.007 0.005 
 19   H145.2    (0)    1 :  0.875 0.004 0.008 0.002 0.005 0.008 0.006 0.004 0.004 0.004 0.005 0.004 0.003 0.002 0.007 0.006 0.005 0.005 0.005 0.009 0.004 0.005 0.006 0.007 0.003 0.006 
 20   H145.3    (0)    1 :  0.926 0.003 0.003 0.002 0.003 0.003 0.003 0.003 0.003 0.002 0.002 0.002 0.002 0.003 0.003 0.003 0.003 0.003 0.003 0.002 0.002 0.003 0.011 0.002 0.002 0.003 
 21   H145.4    (0)    1 :  0.878 0.006 0.006 0.003 0.006 0.019 0.006 0.005 0.003 0.003 0.007 0.003 0.004 0.004 0.004 0.005 0.003 0.002 0.003 0.004 0.004 0.003 0.003 0.004 0.005 0.004 
 22   H145.5    (0)    1 :  0.914 0.003 0.003 0.002 0.004 0.005 0.004 0.004 0.003 0.002 0.002 0.002 0.003 0.002 0.003 0.003 0.003 0.002 0.002 0.002 0.003 0.002 0.018 0.003 0.002 0.003 
 23   H145.6    (0)    1 :  0.893 0.002 0.007 0.002 0.004 0.006 0.006 0.003 0.003 0.004 0.007 0.005 0.003 0.002 0.006 0.005 0.005 0.005 0.004 0.007 0.003 0.002 0.004 0.005 0.003 0.005 
 24   H145.7    (0)    1 :  0.911 0.003 0.004 0.002 0.003 0.004 0.003 0.003 0.005 0.003 0.004 0.004 0.002 0.003 0.003 0.004 0.003 0.002 0.006 0.004 0.002 0.004 0.004 0.007 0.003 0.004 
 25   H149.1    (0)    1 :  0.004 0.005 0.006 0.003 0.002 0.005 0.004 0.003 0.003 0.004 0.003 0.008 0.003 0.003 0.004 0.005 0.003 0.003 0.148 0.004 0.003 0.003 0.005 0.761 0.003 0.005 
 26   H149.2    (0)    1 :  0.004 0.004 0.004 0.002 0.003 0.004 0.004 0.003 0.002 0.003 0.003 0.006 0.002 0.003 0.005 0.004 0.002 0.002 0.889 0.002 0.003 0.003 0.005 0.031 0.003 0.004 
 27   H149.3    (0)    1 :  0.013 0.007 0.004 0.003 0.007 0.008 0.012 0.003 0.004 0.009 0.008 0.007 0.006 0.008 0.017 0.014 0.007 0.004 0.796 0.004 0.004 0.006 0.007 0.020 0.009 0.014 
 28   H149.4    (0)    1 :  0.004 0.005 0.007 0.004 0.003 0.004 0.010 0.004 0.015 0.009 0.006 0.016 0.012 0.003 0.004 0.009 0.014 0.004 0.573 0.003 0.007 0.007 0.019 0.243 0.006 0.010 
 29   H149.5    (0)    1 :  0.004 0.003 0.003 0.002 0.005 0.004 0.004 0.003 0.004 0.005 0.005 0.005 0.004 0.003 0.004 0.004 0.005 0.004 0.906 0.004 0.002 0.003 0.002 0.006 0.004 0.003 
 30   H149.6    (0)    1 :  0.003 0.003 0.003 0.002 0.002 0.003 0.003 0.002 0.002 0.003 0.002 0.005 0.002 0.003 0.003 0.003 0.003 0.002 0.927 0.002 0.002 0.002 0.002 0.009 0.003 0.003 
 31   H149.7    (0)    1 :  0.005 0.006 0.009 0.003 0.004 0.013 0.008 0.005 0.009 0.005 0.010 0.009 0.005 0.011 0.012 0.007 0.006 0.004 0.808 0.006 0.003 0.006 0.005 0.014 0.017 0.013 
 32   H150.1    (0)    1 :  0.005 0.005 0.005 0.004 0.007 0.004 0.015 0.003 0.006 0.005 0.005 0.005 0.007 0.004 0.006 0.008 0.002 0.002 0.002 0.004 0.238 0.557 0.007 0.003 0.088 0.003 
 33   H150.2    (0)    1 :  0.002 0.004 0.007 0.008 0.003 0.004 0.012 0.004 0.005 0.005 0.006 0.010 0.003 0.009 0.003 0.008 0.003 0.003 0.004 0.006 0.080 0.659 0.016 0.007 0.125 0.003 
 34   H150.3    (0)    1 :  0.007 0.008 0.008 0.031 0.010 0.009 0.018 0.011 0.004 0.005 0.008 0.009 0.005 0.020 0.005 0.013 0.004 0.003 0.006 0.006 0.488 0.133 0.055 0.006 0.125 0.003 
 35   H150.4    (0)    1 :  0.011 0.006 0.007 0.006 0.007 0.005 0.007 0.004 0.006 0.004 0.006 0.004 0.005 0.009 0.007 0.004 0.002 0.001 0.003 0.004 0.714 0.080 0.010 0.003 0.083 0.003 
 36   H150.5    (0)    1 :  0.004 0.005 0.007 0.006 0.011 0.009 0.011 0.006 0.003 0.005 0.014 0.016 0.007 0.009 0.010 0.012 0.003 0.003 0.006 0.005 0.044 0.684 0.007 0.003 0.102 0.005 
 37   H150.6    (0)    1 :  0.007 0.009 0.004 0.003 0.007 0.004 0.014 0.011 0.004 0.018 0.004 0.007 0.006 0.006 0.006 0.021 0.005 0.003 0.005 0.010 0.007 0.740 0.007 0.003 0.083 0.006 
 38   H150.7    (0)    1 :  0.006 0.003 0.006 0.005 0.008 0.004 0.009 0.003 0.005 0.007 0.003 0.011 0.011 0.003 0.004 0.009 0.002 0.002 0.002 0.005 0.617 0.167 0.020 0.004 0.082 0.003 
 39 H169607.1    (0)    1 :  0.009 0.003 0.017 0.004 0.781 0.006 0.012 0.006 0.003 0.004 0.005 0.010 0.003 0.007 0.017 0.022 0.008 0.004 0.005 0.011 0.009 0.007 0.019 0.005 0.017 0.005 
 40 H169607.2    (0)    1 :  0.003 0.003 0.002 0.002 0.926 0.004 0.003 0.003 0.004 0.003 0.004 0.003 0.003 0.003 0.003 0.003 0.002 0.003 0.002 0.004 0.003 0.003 0.003 0.003 0.003 0.002 
 41 H169607.3    (0)    1 :  0.013 0.006 0.009 0.003 0.709 0.009 0.020 0.004 0.003 0.011 0.003 0.009 0.004 0.008 0.093 0.023 0.008 0.005 0.007 0.006 0.006 0.008 0.009 0.004 0.014 0.008 
 42 H169607.4    (0)    1 :  0.004 0.003 0.004 0.002 0.904 0.004 0.004 0.010 0.004 0.002 0.003 0.003 0.003 0.003 0.007 0.003 0.002 0.003 0.002 0.009 0.006 0.003 0.005 0.002 0.003 0.003 
 43 H169607.5    (0)    1 :  0.004 0.003 0.002 0.004 0.826 0.008 0.009 0.003 0.003 0.004 0.005 0.005 0.002 0.004 0.067 0.007 0.003 0.003 0.004 0.003 0.006 0.004 0.004 0.003 0.004 0.008 
 44 H169607.6    (0)    1 :  0.002 0.002 0.002 0.002 0.930 0.003 0.002 0.003 0.004 0.003 0.002 0.003 0.003 0.002 0.003 0.003 0.002 0.002 0.002 0.006 0.003 0.002 0.003 0.002 0.004 0.002 
 45 H169607.7    (0)    1 :  0.005 0.002 0.004 0.002 0.864 0.004 0.006 0.002 0.004 0.003 0.004 0.004 0.005 0.006 0.009 0.005 0.006 0.002 0.003 0.004 0.005 0.014 0.004 0.004 0.020 0.010 
 46 H169607.8    (0)    1 :  0.003 0.005 0.002 0.003 0.908 0.004 0.004 0.004 0.004 0.003 0.003 0.004 0.003 0.003 0.007 0.003 0.003 0.004 0.004 0.004 0.003 0.003 0.004 0.002 0.004 0.003 
 47 H169633.1    (0)    1 :  0.011 0.003 0.010 0.012 0.003 0.007 0.009 0.003 0.003 0.005 0.006 0.011 0.004 0.019 0.005 0.013 0.003 0.004 0.006 0.007 0.006 0.005 0.004 0.833 0.005 0.003 
 48 H169633.2    (0)    1 :  0.009 0.007 0.097 0.007 0.002 0.006 0.012 0.004 0.004 0.008 0.003 0.019 0.010 0.015 0.004 0.025 0.010 0.007 0.010 0.010 0.003 0.005 0.003 0.714 0.003 0.005 
 49 H169633.3    (0)    1 :  0.004 0.007 0.007 0.007 0.003 0.022 0.009 0.004 0.007 0.008 0.007 0.011 0.002 0.006 0.005 0.008 0.004 0.010 0.024 0.007 0.006 0.006 0.005 0.792 0.011 0.016 
 50 H169633.4    (0)    1 :  0.008 0.006 0.006 0.010 0.003 0.010 0.010 0.006 0.003 0.008 0.006 0.006 0.004 0.003 0.007 0.009 0.004 0.005 0.007 0.003 0.005 0.004 0.004 0.851 0.005 0.006 
 51 H169633.5    (0)    1 :  0.006 0.005 0.007 0.007 0.005 0.011 0.008 0.005 0.004 0.006 0.007 0.007 0.003 0.003 0.006 0.008 0.004 0.005 0.009 0.003 0.005 0.005 0.004 0.858 0.005 0.006 
 52 H169688.1    (0)    1 :  0.007 0.005 0.003 0.029 0.015 0.019 0.008 0.007 0.012 0.013 0.004 0.006 0.003 0.765 0.007 0.008 0.006 0.009 0.007 0.006 0.007 0.003 0.022 0.004 0.020 0.005 
 53 H169688.2    (0)    1 :  0.003 0.011 0.003 0.005 0.004 0.008 0.005 0.004 0.004 0.006 0.003 0.003 0.008 0.869 0.004 0.007 0.006 0.004 0.004 0.010 0.003 0.003 0.002 0.003 0.013 0.005 
 54 H169688.3    (0)    1 :  0.003 0.005 0.005 0.003 0.002 0.002 0.004 0.004 0.002 0.003 0.003 0.003 0.004 0.919 0.004 0.003 0.004 0.002 0.004 0.003 0.003 0.003 0.003 0.003 0.005 0.003 
 55 H169688.4    (0)    1 :  0.003 0.003 0.002 0.002 0.003 0.003 0.004 0.002 0.002 0.002 0.002 0.004 0.002 0.921 0.006 0.003 0.002 0.002 0.002 0.002 0.004 0.006 0.002 0.003 0.007 0.003 
 56 H169688.5    (0)    1 :  0.004 0.004 0.002 0.003 0.002 0.002 0.003 0.002 0.002 0.003 0.003 0.003 0.002 0.925 0.005 0.003 0.002 0.003 0.003 0.003 0.004 0.005 0.003 0.002 0.006 0.004 
 57 H169688.6    (0)    1 :  0.002 0.002 0.002 0.005 0.003 0.005 0.005 0.004 0.004 0.006 0.003 0.004 0.002 0.833 0.003 0.006 0.026 0.006 0.019 0.003 0.003 0.002 0.003 0.004 0.044 0.003 
 58 H169688.7    (0)    1 :  0.019 0.009 0.005 0.003 0.002 0.006 0.007 0.004 0.009 0.004 0.004 0.005 0.004 0.843 0.007 0.007 0.005 0.002 0.004 0.006 0.005 0.011 0.011 0.004 0.008 0.005 
 59 H171901.1    (0)    1 :  0.027 0.005 0.010 0.017 0.015 0.090 0.140 0.004 0.003 0.021 0.022 0.063 0.018 0.008 0.191 0.255 0.007 0.002 0.007 0.007 0.017 0.042 0.006 0.003 0.014 0.005 
 60 H171901.2    (0)    1 :  0.005 0.006 0.005 0.004 0.011 0.009 0.013 0.016 0.011 0.011 0.007 0.394 0.048 0.005 0.022 0.027 0.002 0.003 0.028 0.010 0.018 0.008 0.010 0.291 0.004 0.031 
 61 H171901.3    (0)    1 :  0.003 0.005 0.006 0.014 0.004 0.009 0.019 0.006 0.003 0.005 0.005 0.779 0.004 0.005 0.013 0.010 0.004 0.004 0.014 0.007 0.006 0.006 0.004 0.051 0.007 0.006 
 62 H171901.4    (0)    1 :  0.003 0.004 0.005 0.005 0.007 0.004 0.006 0.004 0.004 0.003 0.004 0.740 0.015 0.003 0.007 0.006 0.004 0.005 0.006 0.007 0.005 0.010 0.003 0.131 0.003 0.006 
 63 H171901.5    (0)    1 :  0.003 0.004 0.005 0.002 0.004 0.003 0.006 0.007 0.003 0.003 0.003 0.877 0.004 0.003 0.006 0.005 0.004 0.003 0.010 0.007 0.003 0.006 0.005 0.009 0.003 0.010 
 64 H171901.6    (0)    1 :  0.004 0.005 0.014 0.003 0.005 0.009 0.008 0.006 0.003 0.010 0.004 0.781 0.004 0.004 0.005 0.023 0.006 0.004 0.013 0.026 0.009 0.005 0.008 0.015 0.016 0.009 
 65 H171901.7    (0)    1 :  0.006 0.006 0.008 0.004 0.004 0.068 0.012 0.003 0.005 0.011 0.004 0.614 0.003 0.011 0.013 0.020 0.005 0.008 0.009 0.018 0.007 0.007 0.004 0.043 0.015 0.090 
 66 H171902.1    (0)    1 :  0.003 0.004 0.009 0.002 0.005 0.003 0.003 0.002 0.005 0.003 0.002 0.006 0.002 0.003 0.004 0.003 0.004 0.003 0.003 0.007 0.004 0.003 0.902 0.004 0.005 0.004 
 67 H171902.10    (0)    1 :  0.003 0.002 0.003 0.002 0.004 0.003 0.003 0.003 0.003 0.004 0.003 0.004 0.003 0.005 0.003 0.003 0.004 0.002 0.005 0.002 0.003 0.007 0.911 0.004 0.004 0.007 
 68 H171902.2    (0)    1 :  0.003 0.003 0.010 0.005 0.005 0.005 0.005 0.003 0.005 0.004 0.002 0.011 0.002 0.004 0.004 0.005 0.005 0.003 0.006 0.015 0.004 0.005 0.864 0.008 0.009 0.003 
 69 H171902.3    (0)    1 :  0.002 0.004 0.006 0.003 0.006 0.004 0.005 0.003 0.004 0.005 0.002 0.022 0.003 0.004 0.004 0.005 0.003 0.003 0.010 0.008 0.005 0.004 0.868 0.008 0.005 0.003 
 70 H171902.4    (0)    1 :  0.003 0.003 0.005 0.002 0.003 0.004 0.003 0.005 0.003 0.003 0.002 0.005 0.002 0.003 0.003 0.003 0.003 0.002 0.009 0.003 0.003 0.004 0.910 0.009 0.003 0.004 
 71 H171902.6    (0)    1 :  0.003 0.002 0.004 0.002 0.004 0.004 0.003 0.003 0.004 0.004 0.002 0.004 0.002 0.002 0.003 0.003 0.003 0.003 0.005 0.002 0.004 0.003 0.923 0.003 0.003 0.004 
 72 H171902.7    (0)    1 :  0.005 0.003 0.006 0.002 0.019 0.010 0.005 0.005 0.004 0.003 0.004 0.004 0.004 0.003 0.026 0.007 0.003 0.002 0.035 0.003 0.003 0.006 0.824 0.004 0.006 0.005 
 73 H171902.8    (0)    1 :  0.003 0.003 0.005 0.003 0.004 0.004 0.004 0.004 0.004 0.005 0.002 0.008 0.002 0.002 0.004 0.005 0.003 0.003 0.008 0.004 0.005 0.003 0.900 0.005 0.005 0.003 
 74 H171902.9    (9)    1 :  0.004 0.003 0.003 0.003 0.005 0.004 0.005 0.004 0.003 0.003 0.003 0.004 0.003 0.003 0.003 0.003 0.002 0.003 0.003 0.003 0.006 0.003 0.914 0.003 0.003 0.003 
 75 H171903.1    (0)    1 :  0.004 0.004 0.004 0.004 0.512 0.007 0.018 0.004 0.004 0.005 0.007 0.007 0.006 0.009 0.290 0.010 0.003 0.005 0.005 0.006 0.023 0.027 0.004 0.004 0.009 0.020 
 76 H171903.2    (0)    1 :  0.007 0.004 0.005 0.002 0.062 0.004 0.013 0.009 0.004 0.003 0.005 0.010 0.039 0.003 0.742 0.009 0.003 0.011 0.003 0.009 0.009 0.007 0.004 0.002 0.005 0.024 
 77 H171903.3    (0)    1 :  0.003 0.009 0.019 0.004 0.010 0.016 0.011 0.013 0.003 0.003 0.004 0.007 0.013 0.004 0.824 0.007 0.002 0.016 0.004 0.003 0.004 0.004 0.003 0.004 0.005 0.006 
 78 H171903.4    (0)    1 :  0.007 0.004 0.011 0.003 0.139 0.027 0.011 0.010 0.003 0.005 0.004 0.012 0.004 0.044 0.583 0.023 0.003 0.004 0.007 0.012 0.010 0.016 0.020 0.003 0.025 0.010 
 79 H171903.5    (0)    1 :  0.004 0.005 0.009 0.003 0.013 0.006 0.007 0.003 0.002 0.005 0.004 0.010 0.007 0.013 0.857 0.008 0.004 0.003 0.007 0.004 0.004 0.005 0.003 0.006 0.004 0.005 
 80 H171903.6    (0)    1 :  0.004 0.004 0.004 0.002 0.052 0.004 0.009 0.003 0.003 0.003 0.003 0.006 0.002 0.049 0.786 0.006 0.003 0.003 0.007 0.003 0.005 0.007 0.004 0.005 0.010 0.011 
 81   H177.1    (0)    1 :  0.003 0.004 0.004 0.005 0.005 0.016 0.006 0.006 0.004 0.005 0.003 0.006 0.003 0.006 0.005 0.005 0.006 0.004 0.004 0.003 0.007 0.005 0.004 0.005 0.008 0.872 
 82   H177.2    (0)    1 :  0.057 0.010 0.006 0.002 0.012 0.005 0.019 0.018 0.014 0.016 0.009 0.011 0.003 0.006 0.017 0.032 0.025 0.003 0.011 0.005 0.005 0.011 0.003 0.013 0.006 0.681 
 83   H177.3    (0)    1 :  0.012 0.005 0.006 0.002 0.004 0.004 0.006 0.005 0.003 0.005 0.005 0.004 0.002 0.003 0.008 0.004 0.005 0.004 0.008 0.002 0.003 0.004 0.003 0.006 0.004 0.882 
 84   H177.4    (0)    1 :  0.007 0.004 0.006 0.002 0.004 0.030 0.012 0.006 0.006 0.006 0.006 0.005 0.008 0.003 0.007 0.009 0.047 0.020 0.006 0.008 0.003 0.003 0.004 0.006 0.009 0.771 
 85   H177.5    (0)    1 :  0.007 0.010 0.006 0.003 0.004 0.036 0.008 0.010 0.016 0.004 0.010 0.007 0.005 0.013 0.005 0.014 0.009 0.003 0.003 0.008 0.008 0.006 0.003 0.005 0.015 0.783 
 86   H177.6    (0)    1 :  0.008 0.004 0.008 0.002 0.003 0.004 0.004 0.005 0.004 0.004 0.003 0.006 0.002 0.003 0.007 0.005 0.006 0.004 0.008 0.003 0.004 0.004 0.006 0.009 0.003 0.880 
 87   H179.1    (0)    1 :  0.002 0.026 0.004 0.008 0.002 0.006 0.007 0.004 0.007 0.004 0.008 0.005 0.004 0.007 0.004 0.006 0.226 0.003 0.007 0.006 0.004 0.004 0.003 0.006 0.632 0.009 
 88   H179.2    (0)    1 :  0.002 0.016 0.011 0.002 0.004 0.004 0.006 0.005 0.003 0.005 0.002 0.004 0.004 0.010 0.004 0.004 0.136 0.010 0.005 0.003 0.004 0.005 0.004 0.003 0.739 0.005 
 89   H179.3    (0)    1 :  0.003 0.004 0.004 0.004 0.004 0.008 0.008 0.004 0.003 0.004 0.004 0.008 0.003 0.020 0.007 0.007 0.128 0.003 0.003 0.007 0.007 0.007 0.004 0.003 0.733 0.011 
 90   H179.4    (0)    1 :  0.005 0.019 0.011 0.004 0.005 0.027 0.011 0.033 0.008 0.007 0.004 0.025 0.006 0.012 0.017 0.013 0.245 0.048 0.020 0.037 0.004 0.004 0.004 0.010 0.404 0.016 
 91   H180.1    (0)    1 :  0.002 0.004 0.006 0.005 0.005 0.002 0.007 0.004 0.003 0.018 0.003 0.007 0.003 0.004 0.006 0.006 0.016 0.003 0.003 0.003 0.003 0.858 0.007 0.003 0.012 0.009 
 92   H180.2    (0)    1 :  0.003 0.006 0.005 0.009 0.003 0.003 0.006 0.003 0.003 0.005 0.003 0.006 0.003 0.004 0.004 0.005 0.005 0.004 0.003 0.004 0.004 0.892 0.002 0.003 0.004 0.009 
 93   H180.3    (0)    1 :  0.005 0.010 0.007 0.005 0.005 0.003 0.007 0.002 0.006 0.005 0.003 0.004 0.003 0.006 0.007 0.006 0.004 0.004 0.004 0.003 0.012 0.869 0.003 0.005 0.006 0.004 
 94   H180.4    (0)    1 :  0.003 0.004 0.004 0.007 0.004 0.003 0.015 0.003 0.004 0.011 0.003 0.015 0.006 0.003 0.007 0.008 0.011 0.003 0.004 0.006 0.004 0.849 0.006 0.005 0.006 0.006 
 95   H180.5    (0)    1 :  0.004 0.003 0.003 0.004 0.003 0.004 0.007 0.003 0.006 0.011 0.003 0.005 0.002 0.004 0.003 0.005 0.008 0.003 0.005 0.004 0.003 0.881 0.004 0.003 0.008 0.014 
 96   H180.6    (0)    1 :  0.012 0.005 0.005 0.005 0.006 0.008 0.012 0.003 0.019 0.004 0.003 0.010 0.005 0.004 0.007 0.011 0.006 0.003 0.005 0.004 0.007 0.825 0.006 0.014 0.009 0.004 
 97   H181.1    (0)    1 :  0.004 0.003 0.004 0.003 0.006 0.004 0.005 0.003 0.007 0.849 0.002 0.004 0.006 0.003 0.019 0.008 0.005 0.004 0.027 0.002 0.003 0.006 0.005 0.009 0.004 0.006 
 98   H181.2    (0)    1 :  0.006 0.003 0.005 0.004 0.004 0.003 0.005 0.004 0.006 0.878 0.003 0.006 0.004 0.003 0.002 0.005 0.008 0.003 0.005 0.012 0.003 0.004 0.005 0.007 0.003 0.011 
 99   H181.3    (0)    1 :  0.004 0.002 0.004 0.004 0.005 0.003 0.005 0.003 0.006 0.878 0.004 0.014 0.005 0.004 0.003 0.005 0.003 0.003 0.007 0.006 0.004 0.005 0.007 0.009 0.003 0.005 
100   H181.4    (0)    1 :  0.004 0.006 0.004 0.004 0.007 0.004 0.010 0.004 0.027 0.778 0.006 0.015 0.010 0.006 0.006 0.014 0.004 0.004 0.020 0.009 0.016 0.008 0.006 0.013 0.006 0.007 
101   H181.5    (0)    1 :  0.003 0.005 0.005 0.004 0.004 0.005 0.004 0.003 0.004 0.889 0.004 0.005 0.006 0.003 0.003 0.005 0.012 0.004 0.004 0.004 0.004 0.003 0.004 0.004 0.009 0.003 
102   H181.6    (0)    1 :  0.003 0.008 0.009 0.003 0.004 0.006 0.006 0.003 0.003 0.846 0.003 0.006 0.005 0.004 0.004 0.010 0.018 0.005 0.005 0.008 0.005 0.008 0.005 0.004 0.016 0.005 
103   H181.7    (0)    1 :  0.003 0.005 0.005 0.003 0.005 0.005 0.004 0.003 0.003 0.880 0.004 0.005 0.006 0.004 0.005 0.006 0.016 0.005 0.004 0.003 0.003 0.003 0.004 0.004 0.007 0.004 
104 H194.1_2004    (0)    1 :  0.004 0.005 0.010 0.002 0.007 0.890 0.003 0.003 0.003 0.002 0.005 0.005 0.002 0.005 0.008 0.006 0.002 0.003 0.004 0.005 0.004 0.003 0.005 0.004 0.005 0.005 
105 H194.2_2004    (0)    1 :  0.006 0.003 0.004 0.003 0.007 0.918 0.003 0.004 0.003 0.003 0.003 0.004 0.003 0.002 0.003 0.004 0.002 0.002 0.003 0.003 0.002 0.002 0.004 0.002 0.003 0.003 
106 H194.3_2004    (0)    1 :  0.013 0.036 0.013 0.002 0.005 0.757 0.009 0.006 0.005 0.008 0.004 0.011 0.004 0.006 0.006 0.007 0.007 0.005 0.030 0.007 0.003 0.003 0.005 0.020 0.013 0.015 
107 H194.4_2004    (0)    1 :  0.011 0.003 0.006 0.003 0.003 0.880 0.006 0.005 0.004 0.004 0.002 0.005 0.003 0.003 0.005 0.006 0.003 0.003 0.011 0.004 0.003 0.003 0.006 0.007 0.003 0.007 
108 H194.5_2004    (0)    1 :  0.005 0.017 0.010 0.002 0.008 0.828 0.007 0.005 0.007 0.004 0.003 0.012 0.004 0.005 0.009 0.005 0.004 0.007 0.009 0.012 0.003 0.003 0.005 0.013 0.006 0.006 
109 H194.6_2004    (0)    1 :  0.005 0.029 0.011 0.003 0.006 0.702 0.012 0.005 0.007 0.006 0.003 0.012 0.004 0.006 0.018 0.013 0.004 0.015 0.020 0.007 0.009 0.004 0.011 0.013 0.011 0.064 
110 H194.7_2004    (0)    1 :  0.004 0.005 0.003 0.003 0.004 0.917 0.005 0.002 0.003 0.003 0.003 0.003 0.002 0.004 0.007 0.004 0.002 0.003 0.004 0.002 0.003 0.003 0.002 0.003 0.003 0.004 
111 H194.8_2004    (0)    1 :  0.005 0.004 0.006 0.004 0.004 0.883 0.004 0.007 0.005 0.006 0.003 0.006 0.003 0.004 0.004 0.006 0.002 0.005 0.006 0.009 0.005 0.002 0.004 0.005 0.003 0.007 
112   H194.9    (0)    1 :  0.004 0.002 0.005 0.004 0.004 0.910 0.003 0.002 0.006 0.003 0.004 0.004 0.003 0.003 0.003 0.003 0.002 0.003 0.003 0.006 0.004 0.003 0.003 0.003 0.003 0.004 
113 H195.1_2003    (0)    1 :  0.003 0.003 0.004 0.002 0.003 0.003 0.002 0.003 0.002 0.002 0.002 0.005 0.002 0.002 0.002 0.003 0.003 0.002 0.003 0.932 0.002 0.003 0.002 0.002 0.003 0.002 
114 H195.1_2004    (0)    1 :  0.891 0.003 0.005 0.003 0.003 0.003 0.004 0.008 0.003 0.005 0.004 0.005 0.002 0.003 0.003 0.006 0.003 0.003 0.006 0.008 0.003 0.004 0.004 0.007 0.002 0.008 
115 H195.2_2003    (0)    1 :  0.006 0.003 0.006 0.002 0.012 0.006 0.008 0.005 0.013 0.004 0.004 0.005 0.004 0.033 0.005 0.007 0.002 0.003 0.003 0.838 0.009 0.003 0.008 0.003 0.004 0.004 
116 H195.2_2004    (0)    1 :  0.737 0.003 0.004 0.003 0.003 0.006 0.005 0.004 0.015 0.003 0.003 0.006 0.003 0.009 0.003 0.005 0.003 0.003 0.005 0.152 0.003 0.004 0.003 0.007 0.003 0.005 
117 H195.3_2003    (0)    1 :  0.006 0.008 0.003 0.007 0.012 0.010 0.010 0.006 0.012 0.006 0.006 0.011 0.009 0.016 0.006 0.009 0.002 0.003 0.003 0.786 0.045 0.007 0.003 0.002 0.006 0.005 
118 H195.3_2004    (0)    1 :  0.645 0.004 0.008 0.003 0.003 0.006 0.005 0.010 0.004 0.008 0.004 0.010 0.003 0.003 0.003 0.005 0.004 0.004 0.025 0.210 0.002 0.003 0.010 0.010 0.003 0.006 
119 H195.4_2003    (0)    1 :  0.037 0.002 0.010 0.002 0.004 0.006 0.004 0.003 0.002 0.003 0.004 0.006 0.003 0.002 0.003 0.006 0.004 0.003 0.028 0.846 0.003 0.003 0.003 0.007 0.003 0.004 
120 H195.4_2004    (0)    1 :  0.830 0.003 0.003 0.004 0.004 0.007 0.005 0.004 0.004 0.004 0.003 0.005 0.002 0.014 0.004 0.007 0.003 0.006 0.006 0.056 0.003 0.003 0.003 0.005 0.005 0.006 
121 H195.5_2003    (0)    1 :  0.004 0.003 0.004 0.008 0.003 0.004 0.004 0.011 0.003 0.003 0.006 0.007 0.002 0.002 0.003 0.006 0.002 0.005 0.003 0.891 0.004 0.005 0.003 0.008 0.003 0.002 
122 H195.5_2004    (0)    1 :  0.870 0.003 0.003 0.006 0.002 0.004 0.006 0.005 0.002 0.004 0.003 0.003 0.004 0.004 0.003 0.005 0.003 0.004 0.005 0.037 0.003 0.004 0.004 0.004 0.003 0.006 
123 H195.6_2003    (0)    1 :  0.055 0.003 0.004 0.003 0.014 0.003 0.006 0.007 0.006 0.003 0.007 0.005 0.004 0.012 0.005 0.007 0.003 0.005 0.005 0.814 0.009 0.004 0.007 0.002 0.005 0.004 
124 H195.6_2004    (0)    1 :  0.759 0.005 0.004 0.005 0.007 0.008 0.005 0.005 0.004 0.003 0.003 0.005 0.006 0.004 0.004 0.005 0.004 0.004 0.005 0.137 0.002 0.002 0.004 0.004 0.004 0.003 
125 H195.7_2003    (0)    1 :  0.016 0.003 0.003 0.002 0.006 0.004 0.005 0.004 0.004 0.005 0.005 0.006 0.004 0.045 0.005 0.006 0.002 0.003 0.004 0.851 0.002 0.003 0.003 0.003 0.003 0.002 
126 H195.7_2004    (0)    1 :  0.907 0.002 0.002 0.003 0.003 0.003 0.004 0.004 0.004 0.003 0.003 0.003 0.002 0.007 0.002 0.003 0.002 0.003 0.003 0.011 0.007 0.006 0.003 0.003 0.002 0.003 
127   H195.8    (0)    1 :  0.924 0.003 0.003 0.004 0.003 0.003 0.003 0.005 0.002 0.003 0.003 0.003 0.002 0.003 0.003 0.003 0.002 0.004 0.003 0.004 0.003 0.003 0.003 0.002 0.002 0.004 
128   H195.9    (0)    1 :  0.765 0.006 0.005 0.002 0.007 0.009 0.005 0.008 0.004 0.004 0.004 0.009 0.003 0.006 0.004 0.005 0.004 0.008 0.007 0.092 0.003 0.004 0.004 0.009 0.004 0.018 
129   H415.1    (0)    1 :  0.004 0.005 0.854 0.007 0.003 0.008 0.008 0.006 0.003 0.005 0.004 0.006 0.003 0.009 0.004 0.007 0.004 0.002 0.005 0.005 0.014 0.009 0.005 0.007 0.008 0.006 
130   H415.2    (0)    1 :  0.004 0.022 0.605 0.003 0.012 0.014 0.024 0.014 0.006 0.005 0.020 0.009 0.004 0.012 0.056 0.031 0.008 0.003 0.004 0.003 0.010 0.006 0.070 0.004 0.011 0.037 
131   H415.3    (0)    1 :  0.003 0.003 0.878 0.003 0.003 0.004 0.005 0.004 0.005 0.006 0.006 0.005 0.003 0.006 0.004 0.006 0.014 0.002 0.004 0.004 0.003 0.005 0.004 0.008 0.008 0.005 
132   H415.4    (0)    1 :  0.003 0.004 0.910 0.002 0.003 0.005 0.003 0.005 0.003 0.003 0.003 0.003 0.003 0.003 0.003 0.003 0.002 0.002 0.007 0.006 0.004 0.005 0.005 0.004 0.003 0.002 
133   H415.5    (0)    1 :  0.003 0.005 0.912 0.002 0.002 0.003 0.004 0.003 0.002 0.005 0.002 0.005 0.002 0.003 0.003 0.004 0.004 0.002 0.005 0.005 0.002 0.003 0.004 0.007 0.003 0.003 
134   H415.6    (0)    1 :  0.004 0.005 0.908 0.002 0.003 0.005 0.004 0.004 0.002 0.003 0.003 0.005 0.003 0.002 0.003 0.003 0.002 0.002 0.005 0.006 0.005 0.005 0.004 0.005 0.004 0.003 
135   H415.7    (0)    1 :  0.005 0.004 0.718 0.003 0.014 0.008 0.026 0.009 0.006 0.005 0.013 0.024 0.003 0.009 0.030 0.013 0.014 0.007 0.004 0.006 0.006 0.004 0.030 0.012 0.011 0.014 
136   H506.1    (0)    1 :  0.003 0.005 0.002 0.003 0.003 0.003 0.003 0.002 0.003 0.004 0.003 0.003 0.003 0.003 0.002 0.003 0.922 0.003 0.003 0.003 0.002 0.003 0.003 0.004 0.007 0.003 
137   H506.2    (0)    1 :  0.007 0.003 0.003 0.002 0.003 0.003 0.004 0.003 0.004 0.005 0.003 0.002 0.003 0.002 0.002 0.004 0.917 0.002 0.003 0.004 0.002 0.003 0.002 0.004 0.005 0.007 
138   H506.3    (0)    1 :  0.006 0.013 0.004 0.002 0.004 0.004 0.011 0.006 0.006 0.018 0.006 0.006 0.003 0.014 0.012 0.009 0.798 0.004 0.004 0.005 0.005 0.009 0.004 0.004 0.018 0.025 
139   H506.4    (0)    1 :  0.003 0.003 0.005 0.003 0.005 0.004 0.007 0.003 0.004 0.005 0.004 0.005 0.002 0.005 0.012 0.005 0.811 0.017 0.006 0.005 0.005 0.007 0.006 0.007 0.051 0.011 
140   H506.5    (0)    1 :  0.003 0.003 0.005 0.003 0.004 0.003 0.004 0.004 0.003 0.004 0.003 0.005 0.003 0.002 0.004 0.003 0.904 0.006 0.004 0.007 0.003 0.002 0.004 0.005 0.006 0.006 
141   H506.6    (0)    1 :  0.017 0.004 0.006 0.003 0.010 0.005 0.016 0.009 0.003 0.010 0.006 0.008 0.003 0.012 0.022 0.014 0.660 0.007 0.003 0.011 0.005 0.006 0.005 0.003 0.016 0.137 
142   H506.7    (0)    1 :  0.004 0.004 0.003 0.002 0.004 0.002 0.003 0.004 0.004 0.004 0.003 0.005 0.003 0.002 0.003 0.003 0.916 0.002 0.003 0.005 0.002 0.002 0.002 0.004 0.005 0.006 
143   H533.1    (0)    1 :  0.003 0.005 0.003 0.002 0.002 0.002 0.004 0.002 0.002 0.007 0.002 0.005 0.006 0.002 0.003 0.004 0.911 0.004 0.005 0.002 0.002 0.005 0.002 0.004 0.006 0.003 
144   H533.2    (0)    1 :  0.003 0.004 0.003 0.003 0.002 0.002 0.004 0.002 0.003 0.007 0.002 0.007 0.006 0.002 0.003 0.004 0.908 0.003 0.004 0.002 0.002 0.005 0.002 0.007 0.004 0.004 
145   H533.3    (0)    1 :  0.004 0.004 0.002 0.002 0.006 0.003 0.005 0.002 0.004 0.004 0.002 0.003 0.003 0.003 0.010 0.004 0.895 0.003 0.003 0.002 0.002 0.004 0.002 0.007 0.016 0.003 
146   H533.4    (0)    1 :  0.015 0.003 0.006 0.003 0.022 0.010 0.009 0.005 0.006 0.007 0.003 0.006 0.005 0.004 0.010 0.008 0.801 0.009 0.004 0.014 0.003 0.006 0.003 0.012 0.017 0.010 
147   H535.1    (0)    1 :  0.002 0.004 0.004 0.002 0.004 0.003 0.004 0.003 0.003 0.004 0.002 0.004 0.002 0.002 0.003 0.003 0.004 0.921 0.002 0.003 0.003 0.003 0.004 0.003 0.003 0.004 
148   H535.2    (0)    1 :  0.003 0.003 0.003 0.002 0.003 0.003 0.003 0.004 0.003 0.005 0.003 0.002 0.003 0.002 0.003 0.003 0.003 0.924 0.003 0.003 0.002 0.003 0.002 0.003 0.003 0.005 
149   H535.3    (0)    1 :  0.003 0.004 0.002 0.004 0.004 0.002 0.003 0.003 0.003 0.004 0.003 0.002 0.003 0.002 0.002 0.003 0.003 0.931 0.003 0.003 0.002 0.003 0.002 0.003 0.002 0.003 
150   H535.4    (0)    1 :  0.003 0.003 0.003 0.002 0.003 0.003 0.003 0.004 0.003 0.002 0.003 0.003 0.002 0.002 0.003 0.002 0.002 0.933 0.004 0.003 0.002 0.002 0.002 0.004 0.003 0.002 
151   H535.5    (0)    1 :  0.003 0.003 0.003 0.002 0.003 0.003 0.003 0.003 0.002 0.002 0.002 0.004 0.003 0.002 0.004 0.003 0.003 0.930 0.003 0.004 0.002 0.002 0.002 0.004 0.002 0.002 
152   H535.6    (0)    1 :  0.003 0.005 0.004 0.003 0.009 0.005 0.004 0.003 0.004 0.006 0.002 0.004 0.002 0.002 0.003 0.004 0.003 0.895 0.003 0.007 0.007 0.004 0.008 0.002 0.005 0.004 
153   H535.7    (0)    1 :  0.002 0.003 0.003 0.002 0.003 0.002 0.002 0.002 0.002 0.002 0.002 0.002 0.002 0.002 0.003 0.002 0.003 0.941 0.002 0.002 0.002 0.002 0.002 0.003 0.002 0.003 
154   H535.8    (0)    1 :  0.002 0.004 0.003 0.002 0.005 0.004 0.002 0.003 0.003 0.004 0.002 0.004 0.003 0.002 0.002 0.003 0.002 0.925 0.003 0.006 0.003 0.002 0.002 0.002 0.003 0.003 
155   H535.9    (0)    1 :  0.003 0.003 0.003 0.003 0.004 0.003 0.003 0.003 0.003 0.004 0.002 0.002 0.002 0.002 0.004 0.003 0.003 0.928 0.002 0.003 0.003 0.003 0.003 0.002 0.003 0.003 
156   H539.1    (0)    1 :  0.003 0.002 0.003 0.003 0.004 0.003 0.004 0.002 0.004 0.002 0.002 0.002 0.003 0.002 0.004 0.003 0.002 0.003 0.002 0.002 0.923 0.004 0.008 0.002 0.006 0.002 
157   H539.2    (0)    1 :  0.005 0.007 0.004 0.038 0.028 0.011 0.101 0.018 0.008 0.005 0.005 0.014 0.003 0.030 0.073 0.033 0.004 0.008 0.004 0.005 0.425 0.085 0.005 0.004 0.055 0.021 
158   H539.3    (9)    1 :  0.005 0.004 0.003 0.008 0.020 0.024 0.013 0.007 0.003 0.003 0.004 0.008 0.003 0.010 0.016 0.009 0.004 0.012 0.003 0.015 0.773 0.010 0.005 0.003 0.031 0.006 
159   H539.4    (0)    1 :  0.003 0.006 0.004 0.004 0.004 0.003 0.013 0.005 0.003 0.004 0.005 0.008 0.003 0.007 0.022 0.007 0.003 0.003 0.003 0.003 0.819 0.045 0.004 0.004 0.011 0.005 
160   H539.5    (0)    1 :  0.002 0.004 0.002 0.003 0.005 0.004 0.004 0.003 0.005 0.003 0.002 0.002 0.002 0.003 0.004 0.003 0.002 0.003 0.002 0.002 0.911 0.006 0.003 0.002 0.011 0.005 
161   H539.6    (0)    1 :  0.003 0.003 0.003 0.003 0.011 0.005 0.004 0.002 0.005 0.003 0.003 0.004 0.002 0.003 0.004 0.004 0.003 0.003 0.002 0.004 0.855 0.009 0.006 0.002 0.052 0.003 
162   H539.7    (0)    1 :  0.002 0.003 0.004 0.004 0.003 0.004 0.005 0.002 0.002 0.003 0.003 0.006 0.002 0.005 0.004 0.005 0.002 0.002 0.002 0.003 0.890 0.007 0.005 0.003 0.025 0.003 
163   H539.8    (0)    1 :  0.004 0.006 0.004 0.020 0.008 0.013 0.017 0.008 0.005 0.004 0.004 0.010 0.003 0.013 0.010 0.013 0.005 0.025 0.003 0.014 0.717 0.026 0.005 0.006 0.051 0.005 
164   H539.9    (0)    1 :  0.003 0.004 0.003 0.003 0.003 0.003 0.006 0.003 0.002 0.003 0.003 0.004 0.005 0.004 0.012 0.004 0.003 0.002 0.002 0.002 0.895 0.013 0.002 0.002 0.009 0.004 
165   H540.1    (0)    1 :  0.008 0.004 0.004 0.002 0.098 0.005 0.007 0.003 0.008 0.009 0.005 0.003 0.003 0.004 0.019 0.006 0.004 0.005 0.003 0.004 0.774 0.005 0.004 0.004 0.003 0.006 
166   H540.2    (0)    1 :  0.003 0.004 0.005 0.003 0.012 0.006 0.006 0.003 0.006 0.006 0.004 0.003 0.003 0.004 0.011 0.004 0.003 0.002 0.002 0.002 0.886 0.003 0.004 0.004 0.005 0.004 
167   H540.3    (0)    1 :  0.011 0.009 0.021 0.015 0.007 0.027 0.025 0.035 0.005 0.007 0.006 0.013 0.005 0.013 0.020 0.036 0.005 0.005 0.012 0.004 0.658 0.013 0.007 0.019 0.009 0.013 
168   H540.4    (0)    1 :  0.004 0.005 0.007 0.007 0.013 0.004 0.011 0.004 0.004 0.024 0.011 0.004 0.002 0.009 0.011 0.011 0.007 0.005 0.004 0.004 0.802 0.017 0.008 0.004 0.010 0.007 
169   H540.5    (0)    1 :  0.003 0.007 0.005 0.004 0.004 0.006 0.006 0.006 0.006 0.009 0.005 0.004 0.003 0.009 0.011 0.006 0.002 0.003 0.005 0.002 0.871 0.003 0.005 0.004 0.003 0.008 
170   H540.6    (0)    1 :  0.008 0.006 0.006 0.006 0.023 0.007 0.010 0.005 0.008 0.030 0.011 0.004 0.005 0.009 0.025 0.010 0.004 0.004 0.008 0.003 0.774 0.004 0.007 0.004 0.006 0.013 
171   H540.7    (0)    1 :  0.004 0.005 0.012 0.008 0.012 0.012 0.009 0.005 0.018 0.016 0.007 0.005 0.003 0.005 0.013 0.010 0.008 0.003 0.004 0.005 0.788 0.006 0.005 0.018 0.009 0.008 
172   H540.8    (0)    1 :  0.004 0.005 0.013 0.004 0.019 0.068 0.019 0.003 0.007 0.008 0.003 0.007 0.003 0.007 0.121 0.021 0.003 0.004 0.005 0.004 0.625 0.007 0.014 0.009 0.007 0.010 
173  H9558.1    (0)    1 :  0.002 0.003 0.003 0.004 0.004 0.004 0.005 0.003 0.003 0.004 0.002 0.004 0.008 0.004 0.003 0.004 0.004 0.010 0.002 0.004 0.897 0.002 0.008 0.002 0.006 0.003 
174  H9558.2    (0)    1 :  0.002 0.006 0.008 0.006 0.006 0.010 0.008 0.007 0.011 0.018 0.006 0.005 0.017 0.006 0.003 0.012 0.008 0.009 0.005 0.015 0.805 0.003 0.008 0.004 0.009 0.003 
175  H9558.3    (0)    1 :  0.002 0.007 0.003 0.009 0.006 0.008 0.004 0.008 0.011 0.007 0.007 0.003 0.046 0.003 0.003 0.006 0.003 0.007 0.002 0.004 0.836 0.003 0.003 0.003 0.003 0.003 
176  H9558.4    (0)    1 :  0.002 0.003 0.004 0.004 0.004 0.005 0.005 0.003 0.003 0.003 0.002 0.003 0.004 0.007 0.005 0.004 0.004 0.007 0.002 0.003 0.905 0.003 0.004 0.002 0.005 0.004 
177  H9558.5    (0)    1 :  0.001 0.003 0.003 0.008 0.002 0.002 0.007 0.005 0.004 0.004 0.004 0.004 0.004 0.009 0.004 0.005 0.003 0.009 0.002 0.002 0.896 0.006 0.002 0.003 0.004 0.004 
178  H9558.6    (0)    1 :  0.003 0.009 0.005 0.004 0.003 0.011 0.014 0.007 0.007 0.005 0.004 0.005 0.018 0.003 0.005 0.015 0.003 0.004 0.003 0.005 0.848 0.004 0.005 0.004 0.004 0.004 
179 kos339.1    (0)    1 :  0.003 0.005 0.015 0.003 0.007 0.003 0.008 0.005 0.031 0.009 0.021 0.022 0.006 0.003 0.009 0.010 0.033 0.004 0.006 0.003 0.006 0.005 0.013 0.758 0.005 0.007 
180 kos339.2    (0)    1 :  0.007 0.003 0.005 0.003 0.003 0.004 0.004 0.007 0.006 0.004 0.005 0.005 0.004 0.004 0.003 0.004 0.007 0.003 0.007 0.003 0.003 0.004 0.005 0.886 0.006 0.005 
181 kos339.3    (0)    1 :  0.003 0.003 0.004 0.003 0.005 0.003 0.004 0.003 0.003 0.004 0.002 0.009 0.002 0.003 0.004 0.003 0.004 0.005 0.007 0.004 0.003 0.005 0.003 0.905 0.004 0.003 
182 kos339.4    (9)    1 :  0.003 0.003 0.005 0.003 0.004 0.003 0.004 0.003 0.003 0.004 0.002 0.018 0.002 0.003 0.003 0.004 0.005 0.004 0.007 0.005 0.003 0.003 0.004 0.896 0.003 0.003 
183 kos339.5    (0)    1 :  0.003 0.005 0.005 0.003 0.004 0.003 0.004 0.002 0.058 0.007 0.006 0.007 0.005 0.004 0.003 0.004 0.012 0.003 0.008 0.003 0.004 0.004 0.008 0.825 0.005 0.006 
184 kos339.6    (0)    1 :  0.005 0.002 0.004 0.003 0.003 0.005 0.004 0.004 0.006 0.003 0.004 0.003 0.003 0.002 0.003 0.004 0.005 0.002 0.007 0.002 0.002 0.002 0.003 0.910 0.003 0.004 
185 kos339.7    (0)    1 :  0.003 0.002 0.005 0.003 0.004 0.003 0.004 0.002 0.003 0.005 0.002 0.011 0.002 0.002 0.003 0.003 0.004 0.006 0.008 0.004 0.002 0.004 0.003 0.907 0.003 0.003 
186 kos339.8    (0)    1 :  0.004 0.004 0.009 0.002 0.003 0.003 0.006 0.004 0.006 0.003 0.004 0.017 0.002 0.004 0.003 0.004 0.017 0.002 0.009 0.003 0.002 0.004 0.003 0.871 0.005 0.005 
187 kos339.9    (0)    1 :  0.010 0.008 0.011 0.002 0.009 0.004 0.018 0.010 0.027 0.013 0.009 0.029 0.007 0.004 0.008 0.012 0.008 0.006 0.031 0.006 0.013 0.010 0.039 0.681 0.007 0.018 
188   H409.1    (0)   12 :  0.002 0.913 0.005 0.003 0.002 0.003 0.003 0.003 0.004 0.005 0.004 0.003 0.003 0.004 0.003 0.004 0.005 0.002 0.006 0.003 0.002 0.002 0.003 0.005 0.003 0.004 
189  H409.10    (0)   12 :  0.003 0.795 0.007 0.007 0.007 0.002 0.011 0.006 0.004 0.010 0.005 0.003 0.003 0.017 0.002 0.005 0.018 0.002 0.003 0.006 0.005 0.009 0.004 0.004 0.056 0.004 
190   H409.2    (0)   12 :  0.003 0.885 0.013 0.002 0.003 0.004 0.004 0.009 0.003 0.004 0.003 0.007 0.003 0.004 0.004 0.005 0.004 0.007 0.005 0.003 0.004 0.002 0.004 0.006 0.004 0.004 
191   H409.3    (0)   12 :  0.003 0.912 0.003 0.003 0.003 0.005 0.004 0.003 0.003 0.003 0.003 0.003 0.004 0.003 0.004 0.005 0.004 0.004 0.003 0.003 0.003 0.003 0.003 0.003 0.004 0.004 
192   H409.4    (0)   12 :  0.003 0.922 0.003 0.002 0.003 0.005 0.003 0.004 0.003 0.003 0.003 0.003 0.005 0.003 0.003 0.003 0.003 0.003 0.004 0.003 0.003 0.002 0.002 0.003 0.003 0.003 
193   H409.5    (0)   12 :  0.003 0.909 0.005 0.003 0.004 0.003 0.005 0.005 0.003 0.003 0.003 0.003 0.004 0.003 0.005 0.004 0.004 0.004 0.004 0.003 0.003 0.003 0.004 0.002 0.006 0.003 
194   H409.6    (0)   12 :  0.006 0.752 0.004 0.010 0.005 0.007 0.013 0.008 0.012 0.008 0.009 0.005 0.071 0.005 0.017 0.013 0.011 0.008 0.004 0.003 0.005 0.005 0.004 0.004 0.008 0.004 
195   H409.7    (0)   12 :  0.005 0.891 0.004 0.003 0.002 0.007 0.005 0.005 0.007 0.006 0.005 0.004 0.004 0.003 0.003 0.004 0.004 0.002 0.006 0.005 0.003 0.003 0.004 0.007 0.004 0.003 
196   H409.8    (0)   12 :  0.003 0.904 0.004 0.004 0.004 0.003 0.005 0.002 0.007 0.005 0.006 0.003 0.003 0.003 0.004 0.004 0.006 0.003 0.004 0.003 0.003 0.003 0.004 0.003 0.003 0.003 
197   H409.9    (0)   12 :  0.006 0.382 0.012 0.024 0.014 0.004 0.027 0.007 0.005 0.014 0.033 0.005 0.005 0.006 0.015 0.035 0.111 0.009 0.003 0.004 0.210 0.029 0.004 0.003 0.016 0.017 
198   H413.1    (0)   12 :  0.002 0.003 0.002 0.926 0.002 0.003 0.003 0.003 0.003 0.004 0.005 0.005 0.004 0.003 0.002 0.004 0.002 0.002 0.003 0.002 0.002 0.004 0.002 0.003 0.002 0.002 
199   H413.2    (0)   12 :  0.002 0.002 0.002 0.934 0.002 0.002 0.003 0.002 0.002 0.004 0.003 0.003 0.004 0.002 0.002 0.003 0.003 0.002 0.003 0.004 0.003 0.003 0.003 0.004 0.003 0.002 
200   H413.3    (0)   12 :  0.002 0.003 0.002 0.928 0.003 0.004 0.003 0.003 0.002 0.003 0.006 0.002 0.004 0.004 0.003 0.003 0.003 0.002 0.002 0.002 0.003 0.002 0.003 0.002 0.004 0.002 
201   H413.4    (0)   12 :  0.004 0.005 0.003 0.894 0.003 0.004 0.004 0.006 0.009 0.005 0.007 0.004 0.003 0.002 0.003 0.005 0.004 0.002 0.004 0.004 0.003 0.004 0.004 0.006 0.004 0.004 
202   H413.5    (0)   12 :  0.003 0.002 0.002 0.894 0.004 0.003 0.004 0.003 0.007 0.003 0.003 0.002 0.002 0.003 0.003 0.004 0.003 0.002 0.002 0.002 0.018 0.012 0.009 0.002 0.006 0.002 
203   H413.6    (0)   12 :  0.003 0.004 0.003 0.844 0.003 0.004 0.006 0.006 0.026 0.003 0.007 0.004 0.005 0.017 0.003 0.007 0.002 0.002 0.004 0.012 0.012 0.010 0.002 0.005 0.003 0.003 
204   H413.7    (0)   12 :  0.002 0.002 0.003 0.934 0.003 0.003 0.003 0.003 0.003 0.003 0.003 0.002 0.003 0.002 0.002 0.002 0.002 0.002 0.003 0.004 0.002 0.002 0.002 0.004 0.004 0.002 
205   H563.1    (0)   12 :  0.003 0.004 0.002 0.010 0.004 0.003 0.006 0.008 0.004 0.003 0.898 0.004 0.004 0.004 0.003 0.005 0.003 0.002 0.002 0.002 0.009 0.004 0.003 0.003 0.004 0.004 
206   H563.2    (0)   12 :  0.003 0.011 0.007 0.009 0.004 0.018 0.008 0.007 0.004 0.005 0.837 0.004 0.007 0.004 0.004 0.009 0.003 0.004 0.009 0.003 0.005 0.004 0.006 0.009 0.010 0.006 
207   H563.3    (0)   12 :  0.002 0.003 0.002 0.004 0.009 0.003 0.004 0.006 0.010 0.003 0.902 0.003 0.003 0.003 0.003 0.003 0.003 0.002 0.004 0.003 0.008 0.003 0.003 0.002 0.005 0.003 
208   H563.4    (0)   12 :  0.003 0.009 0.003 0.015 0.003 0.007 0.007 0.006 0.004 0.004 0.860 0.004 0.011 0.006 0.009 0.008 0.004 0.003 0.005 0.002 0.004 0.005 0.003 0.005 0.005 0.005 
209   H563.5    (0)   12 :  0.003 0.003 0.002 0.006 0.004 0.002 0.003 0.005 0.004 0.003 0.914 0.004 0.003 0.004 0.004 0.004 0.002 0.002 0.003 0.002 0.007 0.004 0.002 0.003 0.003 0.005 
210   H563.6    (0)   12 :  0.003 0.005 0.005 0.009 0.004 0.007 0.007 0.012 0.009 0.004 0.861 0.005 0.006 0.003 0.004 0.006 0.004 0.003 0.010 0.003 0.004 0.004 0.005 0.009 0.005 0.004 
211   H563.7    (0)   12 :  0.003 0.006 0.004 0.010 0.003 0.005 0.006 0.012 0.011 0.005 0.868 0.006 0.005 0.003 0.003 0.004 0.003 0.002 0.010 0.003 0.002 0.003 0.003 0.012 0.004 0.002 
212   H563.8    (0)   12 :  0.003 0.004 0.003 0.005 0.004 0.003 0.007 0.009 0.006 0.004 0.878 0.006 0.004 0.004 0.006 0.005 0.004 0.002 0.004 0.002 0.014 0.005 0.003 0.003 0.005 0.009 
213   H563.9    (0)   12 :  0.005 0.018 0.005 0.009 0.005 0.009 0.009 0.004 0.006 0.005 0.840 0.007 0.005 0.006 0.004 0.007 0.005 0.002 0.012 0.004 0.004 0.005 0.006 0.007 0.009 0.004 
214  H7374.1    (0)   12 :  0.004 0.007 0.008 0.003 0.006 0.007 0.006 0.875 0.004 0.004 0.003 0.008 0.009 0.003 0.004 0.005 0.003 0.003 0.003 0.016 0.004 0.003 0.004 0.003 0.003 0.003 
215  H7374.2    (0)   12 :  0.004 0.005 0.006 0.006 0.007 0.008 0.004 0.876 0.003 0.004 0.009 0.004 0.005 0.007 0.007 0.006 0.004 0.003 0.002 0.005 0.007 0.003 0.003 0.002 0.006 0.005 
216  H7374.3    (0)   12 :  0.007 0.008 0.013 0.004 0.006 0.022 0.007 0.776 0.005 0.004 0.009 0.007 0.005 0.004 0.007 0.009 0.004 0.004 0.004 0.066 0.007 0.004 0.005 0.003 0.006 0.006 
217  H7374.4    (0)   12 :  0.002 0.003 0.004 0.004 0.002 0.004 0.004 0.905 0.003 0.005 0.003 0.003 0.003 0.005 0.003 0.003 0.004 0.005 0.005 0.002 0.005 0.003 0.003 0.007 0.004 0.004 
218  H7374.5    (0)   12 :  0.003 0.003 0.003 0.004 0.005 0.003 0.003 0.908 0.006 0.004 0.004 0.006 0.005 0.003 0.002 0.003 0.002 0.003 0.003 0.003 0.008 0.003 0.003 0.004 0.003 0.004 
219  H7374.6    (0)   12 :  0.009 0.006 0.016 0.005 0.004 0.017 0.007 0.814 0.006 0.008 0.007 0.006 0.004 0.004 0.004 0.008 0.004 0.011 0.005 0.014 0.008 0.004 0.008 0.007 0.005 0.008 
220  H7374.7    (0)   12 :  0.004 0.005 0.003 0.004 0.002 0.004 0.003 0.916 0.004 0.003 0.004 0.003 0.003 0.003 0.003 0.003 0.003 0.004 0.005 0.003 0.002 0.003 0.003 0.006 0.002 0.004 
221  H7374.8    (0)   12 :  0.005 0.005 0.006 0.002 0.004 0.004 0.004 0.892 0.005 0.003 0.004 0.005 0.007 0.002 0.003 0.004 0.004 0.002 0.007 0.011 0.003 0.002 0.003 0.005 0.003 0.004 
222  H7374.9    (0)   12 :  0.004 0.003 0.003 0.004 0.004 0.002 0.004 0.899 0.004 0.003 0.005 0.006 0.005 0.004 0.002 0.004 0.003 0.002 0.004 0.003 0.009 0.004 0.005 0.005 0.003 0.007 
223  H9563.1    (0)   12 :  0.003 0.002 0.004 0.004 0.003 0.004 0.005 0.003 0.003 0.004 0.906 0.004 0.003 0.003 0.006 0.005 0.004 0.003 0.004 0.004 0.005 0.003 0.004 0.003 0.004 0.004 
224  H9563.2    (0)   12 :  0.004 0.002 0.006 0.006 0.005 0.003 0.005 0.003 0.003 0.004 0.899 0.004 0.003 0.003 0.009 0.004 0.003 0.003 0.004 0.003 0.006 0.006 0.003 0.002 0.005 0.003 
225  H9563.3    (0)   12 :  0.005 0.004 0.004 0.003 0.003 0.004 0.004 0.004 0.003 0.003 0.891 0.003 0.007 0.005 0.005 0.004 0.007 0.005 0.005 0.006 0.002 0.003 0.003 0.003 0.008 0.005 
226  H9563.4    (0)   12 :  0.006 0.011 0.014 0.005 0.006 0.012 0.015 0.006 0.005 0.006 0.761 0.006 0.008 0.005 0.027 0.011 0.005 0.024 0.008 0.007 0.006 0.012 0.003 0.005 0.011 0.014 
227  H9563.5    (0)   12 :  0.004 0.008 0.005 0.004 0.004 0.006 0.017 0.003 0.003 0.005 0.837 0.007 0.003 0.004 0.015 0.009 0.007 0.005 0.012 0.004 0.004 0.007 0.005 0.005 0.011 0.005 
228  H9563.6    (0)   12 :  0.004 0.004 0.004 0.005 0.004 0.004 0.005 0.005 0.012 0.004 0.866 0.003 0.020 0.003 0.008 0.005 0.006 0.004 0.003 0.008 0.003 0.007 0.002 0.002 0.005 0.004 
229  H9563.7    (0)   12 :  0.004 0.002 0.003 0.003 0.006 0.003 0.003 0.006 0.004 0.002 0.897 0.003 0.008 0.003 0.006 0.005 0.005 0.009 0.003 0.006 0.002 0.004 0.002 0.002 0.004 0.004 
230  H9563.8    (0)   12 :  0.005 0.009 0.029 0.004 0.004 0.005 0.020 0.005 0.003 0.007 0.706 0.007 0.008 0.008 0.035 0.013 0.013 0.005 0.034 0.005 0.005 0.039 0.004 0.005 0.009 0.011 
231  H9563.9    (0)   12 :  0.003 0.003 0.010 0.004 0.003 0.004 0.007 0.004 0.004 0.006 0.845 0.006 0.009 0.004 0.021 0.007 0.011 0.003 0.004 0.007 0.004 0.010 0.005 0.004 0.005 0.006 
232  H9572.1    (0)   12 :  0.004 0.005 0.006 0.010 0.017 0.009 0.010 0.008 0.799 0.011 0.014 0.003 0.004 0.005 0.005 0.011 0.005 0.005 0.004 0.005 0.021 0.012 0.006 0.003 0.015 0.004 
233  H9572.2    (0)   12 :  0.011 0.006 0.011 0.006 0.009 0.017 0.019 0.019 0.732 0.006 0.042 0.005 0.010 0.003 0.020 0.010 0.004 0.002 0.005 0.006 0.005 0.012 0.019 0.006 0.006 0.008 
234  H9572.3    (0)   12 :  0.004 0.017 0.020 0.006 0.077 0.008 0.010 0.051 0.639 0.014 0.009 0.011 0.015 0.004 0.011 0.025 0.004 0.009 0.007 0.004 0.012 0.004 0.006 0.018 0.010 0.005 
235  H9572.4    (0)   12 :  0.003 0.003 0.002 0.004 0.004 0.003 0.003 0.004 0.916 0.004 0.003 0.004 0.003 0.002 0.002 0.003 0.003 0.004 0.003 0.003 0.004 0.002 0.003 0.006 0.002 0.006 
236  H9572.5    (0)   12 :  0.003 0.002 0.002 0.002 0.018 0.007 0.004 0.002 0.889 0.003 0.002 0.004 0.004 0.002 0.007 0.005 0.003 0.004 0.007 0.004 0.004 0.003 0.003 0.009 0.003 0.003 


Estimated Allele Frequencies in each cluster
First column gives estimated ancestral frequencies


Locus 1 : 
8 alleles
0.0% missing data
 156   (0.168) 0.012 0.263 0.027 0.330 0.017 0.024 0.138 0.156 0.576 0.266 0.210 0.038 0.483 0.021 0.037 0.168 0.293 0.696 0.025 0.015 0.082 0.167 0.015 0.361 0.043 0.033 
 152   (0.147) 0.302 0.013 0.022 0.014 0.329 0.020 0.121 0.308 0.025 0.194 0.010 0.270 0.351 0.018 0.075 0.147 0.147 0.257 0.022 0.688 0.007 0.124 0.013 0.012 0.025 0.448 
 168   (0.107) 0.008 0.010 0.016 0.189 0.206 0.015 0.088 0.011 0.020 0.331 0.007 0.024 0.102 0.163 0.023 0.107 0.517 0.007 0.015 0.010 0.051 0.051 0.313 0.007 0.657 0.021 
 164   (0.228) 0.016 0.021 0.212 0.429 0.142 0.302 0.267 0.025 0.044 0.140 0.124 0.572 0.026 0.506 0.393 0.229 0.019 0.016 0.462 0.250 0.195 0.239 0.153 0.298 0.138 0.052 
 160   (0.272) 0.656 0.683 0.520 0.030 0.297 0.193 0.314 0.491 0.321 0.054 0.643 0.080 0.031 0.283 0.455 0.271 0.019 0.018 0.466 0.030 0.170 0.199 0.500 0.318 0.103 0.240 
 148   (0.039) 0.003 0.007 0.198 0.004 0.004 0.005 0.040 0.004 0.007 0.007 0.003 0.008 0.004 0.005 0.009 0.039 0.003 0.003 0.005 0.003 0.492 0.216 0.003 0.003 0.029 0.008 
 144   (0.024) 0.002 0.002 0.003 0.002 0.002 0.198 0.019 0.002 0.004 0.004 0.002 0.005 0.003 0.003 0.005 0.024 0.002 0.002 0.003 0.002 0.001 0.003 0.002 0.002 0.004 0.195 
 172   (0.015) 0.001 0.001 0.002 0.001 0.001 0.243 0.013 0.001 0.002 0.003 0.001 0.003 0.001 0.002 0.003 0.015 0.001 0.001 0.002 0.001 0.001 0.002 0.001 0.001 0.002 0.003 

Locus 2 : 
7 alleles
0.0% missing data
 156   (0.283) 0.487 0.215 0.278 0.211 0.503 0.759 0.332 0.474 0.164 0.053 0.286 0.087 0.497 0.038 0.305 0.284 0.020 0.020 0.188 0.031 0.482 0.249 0.450 0.195 0.140 0.230 
 148   (0.054) 0.004 0.005 0.007 0.244 0.005 0.006 0.043 0.005 0.010 0.009 0.241 0.010 0.392 0.244 0.010 0.054 0.004 0.004 0.294 0.005 0.003 0.007 0.005 0.005 0.009 0.009 
 160   (0.158) 0.274 0.051 0.027 0.017 0.090 0.025 0.152 0.017 0.031 0.193 0.141 0.163 0.056 0.212 0.442 0.158 0.120 0.011 0.025 0.015 0.147 0.225 0.014 0.012 0.199 0.247 
 168   (0.117) 0.129 0.011 0.019 0.489 0.012 0.016 0.150 0.464 0.021 0.022 0.306 0.027 0.013 0.015 0.027 0.117 0.009 0.218 0.019 0.048 0.154 0.295 0.011 0.159 0.062 0.023 
 164   (0.214) 0.093 0.428 0.419 0.020 0.371 0.169 0.177 0.022 0.277 0.038 0.015 0.672 0.024 0.470 0.170 0.214 0.222 0.217 0.426 0.886 0.011 0.105 0.135 0.558 0.401 0.047 
 152   (0.151) 0.011 0.288 0.246 0.016 0.017 0.021 0.128 0.016 0.495 0.681 0.011 0.036 0.017 0.019 0.041 0.151 0.624 0.265 0.045 0.013 0.122 0.116 0.383 0.070 0.186 0.440 
 172   (0.023) 0.002 0.002 0.003 0.002 0.002 0.003 0.018 0.002 0.003 0.004 0.002 0.005 0.002 0.003 0.004 0.022 0.001 0.264 0.003 0.002 0.082 0.003 0.002 0.001 0.003 0.003 

Locus 3 : 
5 alleles
0.4% missing data
 193   (0.164) 0.012 0.245 0.025 0.187 0.276 0.259 0.135 0.269 0.658 0.504 0.375 0.037 0.473 0.184 0.036 0.164 0.012 0.155 0.142 0.164 0.024 0.018 0.014 0.011 0.031 0.031 
 189   (0.294) 0.588 0.327 0.366 0.035 0.261 0.044 0.304 0.498 0.102 0.055 0.250 0.301 0.248 0.292 0.267 0.295 0.441 0.021 0.047 0.609 0.175 0.522 0.372 0.090 0.535 0.140 
 181   (0.120) 0.009 0.386 0.018 0.735 0.012 0.016 0.143 0.013 0.022 0.021 0.161 0.138 0.231 0.015 0.027 0.120 0.377 0.316 0.289 0.011 0.007 0.120 0.010 0.368 0.064 0.022 
 185   (0.336) 0.168 0.034 0.577 0.035 0.047 0.477 0.348 0.211 0.064 0.404 0.208 0.506 0.038 0.498 0.486 0.337 0.103 0.502 0.510 0.208 0.733 0.331 0.596 0.279 0.354 0.790 
 197   (0.085) 0.223 0.008 0.013 0.008 0.405 0.205 0.070 0.009 0.155 0.016 0.006 0.018 0.009 0.010 0.185 0.084 0.067 0.006 0.012 0.008 0.061 0.010 0.008 0.251 0.016 0.016 

Locus 4 : 
7 alleles
0.0% missing data
 173   (0.272) 0.290 0.195 0.315 0.679 0.030 0.482 0.236 0.234 0.167 0.418 0.131 0.219 0.325 0.469 0.261 0.272 0.020 0.018 0.470 0.032 0.064 0.098 0.325 0.458 0.069 0.057 
 169   (0.082) 0.006 0.008 0.150 0.008 0.007 0.012 0.067 0.009 0.573 0.014 0.684 0.018 0.227 0.010 0.019 0.082 0.623 0.006 0.010 0.007 0.004 0.009 0.008 0.146 0.304 0.117 
 165   (0.240) 0.306 0.022 0.471 0.024 0.627 0.342 0.209 0.132 0.047 0.274 0.017 0.470 0.246 0.031 0.124 0.241 0.031 0.314 0.035 0.868 0.442 0.327 0.382 0.132 0.137 0.052 
 177   (0.270) 0.223 0.761 0.045 0.030 0.114 0.146 0.376 0.029 0.051 0.268 0.057 0.265 0.187 0.214 0.566 0.270 0.317 0.653 0.467 0.027 0.101 0.550 0.024 0.255 0.468 0.479 
 185   (0.024) 0.059 0.002 0.003 0.002 0.002 0.003 0.017 0.002 0.004 0.004 0.002 0.005 0.002 0.003 0.004 0.024 0.001 0.001 0.003 0.002 0.001 0.003 0.251 0.001 0.003 0.004 
 181   (0.084) 0.006 0.010 0.013 0.254 0.216 0.011 0.073 0.592 0.153 0.016 0.108 0.017 0.009 0.010 0.020 0.084 0.006 0.006 0.011 0.008 0.385 0.010 0.007 0.005 0.015 0.286 
 193   (0.028) 0.110 0.002 0.004 0.003 0.003 0.004 0.022 0.003 0.005 0.005 0.002 0.006 0.003 0.263 0.006 0.028 0.002 0.002 0.004 0.055 0.001 0.003 0.002 0.002 0.004 0.005 

Locus 5 : 
12 alleles
0.0% missing data
 215   (0.068) 0.005 0.007 0.010 0.007 0.307 0.160 0.056 0.007 0.067 0.048 0.005 0.015 0.162 0.009 0.403 0.068 0.005 0.004 0.257 0.006 0.003 0.008 0.027 0.004 0.011 0.013 
 207   (0.208) 0.402 0.557 0.033 0.107 0.020 0.407 0.174 0.361 0.696 0.132 0.243 0.099 0.358 0.122 0.044 0.208 0.187 0.015 0.219 0.532 0.010 0.024 0.019 0.257 0.117 0.458 
 195   (0.100) 0.007 0.010 0.016 0.128 0.010 0.014 0.093 0.010 0.017 0.330 0.007 0.441 0.411 0.012 0.027 0.101 0.077 0.007 0.015 0.010 0.012 0.278 0.010 0.137 0.035 0.021 
 203   (0.210) 0.015 0.078 0.127 0.715 0.496 0.029 0.332 0.216 0.143 0.410 0.245 0.051 0.024 0.803 0.064 0.210 0.618 0.014 0.034 0.021 0.499 0.382 0.021 0.282 0.749 0.142 
 199   (0.244) 0.085 0.067 0.553 0.026 0.153 0.272 0.207 0.389 0.047 0.049 0.184 0.359 0.027 0.035 0.429 0.244 0.102 0.499 0.139 0.331 0.453 0.079 0.289 0.309 0.055 0.334 
 211   (0.055) 0.478 0.005 0.008 0.005 0.005 0.007 0.044 0.005 0.010 0.010 0.308 0.011 0.006 0.007 0.010 0.055 0.004 0.151 0.321 0.089 0.003 0.006 0.005 0.004 0.008 0.010 
 271   (0.016) 0.001 0.002 0.002 0.002 0.002 0.002 0.013 0.002 0.003 0.003 0.001 0.003 0.002 0.002 0.003 0.016 0.001 0.001 0.002 0.001 0.002 0.045 0.001 0.001 0.011 0.003 
 191   (0.014) 0.001 0.001 0.002 0.001 0.001 0.002 0.011 0.001 0.002 0.002 0.001 0.003 0.001 0.001 0.002 0.014 0.001 0.001 0.002 0.001 0.001 0.001 0.621 0.001 0.002 0.002 
 284   (0.029) 0.002 0.267 0.241 0.003 0.003 0.004 0.025 0.003 0.005 0.005 0.002 0.005 0.003 0.004 0.006 0.029 0.002 0.002 0.004 0.002 0.001 0.086 0.003 0.002 0.004 0.006 
 275   (0.027) 0.002 0.002 0.004 0.003 0.002 0.098 0.022 0.003 0.005 0.005 0.002 0.006 0.003 0.003 0.005 0.026 0.002 0.002 0.003 0.002 0.001 0.088 0.002 0.002 0.004 0.005 
 279   (0.013) 0.001 0.001 0.002 0.001 0.001 0.002 0.012 0.001 0.002 0.002 0.001 0.003 0.001 0.002 0.002 0.013 0.001 0.303 0.002 0.001 0.001 0.002 0.001 0.001 0.002 0.003 
 280   (0.016) 0.001 0.003 0.002 0.002 0.001 0.003 0.011 0.002 0.005 0.003 0.001 0.004 0.003 0.002 0.004 0.016 0.001 0.001 0.003 0.002 0.014 0.002 0.002 0.001 0.002 0.003 

Locus 6 : 
9 alleles
0.0% missing data
 254   (0.075) 0.005 0.007 0.011 0.007 0.009 0.011 0.063 0.008 0.013 0.190 0.005 0.034 0.109 0.271 0.171 0.075 0.006 0.005 0.154 0.007 0.136 0.009 0.006 0.239 0.012 0.015 
 242   (0.174) 0.012 0.016 0.026 0.019 0.353 0.024 0.153 0.102 0.735 0.123 0.458 0.312 0.729 0.023 0.096 0.174 0.013 0.012 0.052 0.151 0.682 0.248 0.371 0.079 0.074 0.036 
 238   (0.331) 0.024 0.564 0.519 0.040 0.141 0.199 0.425 0.037 0.061 0.362 0.173 0.447 0.116 0.489 0.414 0.331 0.491 0.263 0.451 0.032 0.139 0.485 0.587 0.285 0.664 0.476 
 250   (0.130) 0.859 0.012 0.402 0.013 0.140 0.266 0.108 0.015 0.023 0.025 0.010 0.033 0.014 0.017 0.043 0.130 0.204 0.008 0.301 0.041 0.011 0.109 0.012 0.377 0.023 0.210 
 246   (0.163) 0.092 0.016 0.025 0.278 0.346 0.484 0.146 0.373 0.147 0.031 0.100 0.144 0.019 0.186 0.243 0.163 0.061 0.703 0.025 0.758 0.026 0.020 0.014 0.011 0.208 0.240 
 230   (0.060) 0.004 0.005 0.008 0.198 0.006 0.008 0.050 0.006 0.010 0.258 0.138 0.016 0.006 0.007 0.020 0.060 0.221 0.004 0.009 0.005 0.003 0.122 0.005 0.004 0.010 0.011 
 258   (0.017) 0.001 0.376 0.002 0.002 0.002 0.002 0.013 0.002 0.003 0.003 0.001 0.003 0.002 0.002 0.003 0.017 0.001 0.001 0.002 0.001 0.001 0.002 0.001 0.001 0.002 0.003 
 234   (0.025) 0.002 0.002 0.003 0.440 0.002 0.003 0.021 0.303 0.004 0.004 0.002 0.005 0.002 0.003 0.005 0.025 0.002 0.002 0.003 0.002 0.001 0.003 0.002 0.002 0.004 0.005 
 226   (0.025) 0.002 0.002 0.003 0.002 0.002 0.003 0.020 0.155 0.004 0.004 0.112 0.005 0.003 0.003 0.005 0.025 0.002 0.002 0.003 0.002 0.001 0.003 0.002 0.002 0.003 0.005 

Locus 7 : 
5 alleles
0.0% missing data
 149   (0.845) 0.755 0.986 0.978 0.562 0.985 0.980 0.869 0.984 0.800 0.973 0.989 0.968 0.984 0.517 0.970 0.846 0.989 0.570 0.979 0.805 0.569 0.628 0.987 0.990 0.945 0.972 
 153   (0.073) 0.046 0.007 0.011 0.041 0.007 0.010 0.068 0.008 0.187 0.013 0.005 0.016 0.008 0.283 0.016 0.073 0.005 0.005 0.011 0.189 0.347 0.243 0.006 0.005 0.043 0.014 
 155   (0.030) 0.195 0.003 0.004 0.392 0.003 0.004 0.023 0.003 0.005 0.005 0.002 0.005 0.003 0.003 0.005 0.030 0.002 0.209 0.004 0.003 0.001 0.004 0.003 0.002 0.004 0.005 
 157   (0.034) 0.002 0.003 0.005 0.003 0.003 0.004 0.026 0.003 0.006 0.005 0.002 0.006 0.003 0.195 0.006 0.033 0.002 0.214 0.004 0.003 0.082 0.004 0.003 0.002 0.005 0.006 
 151   (0.017) 0.001 0.001 0.002 0.002 0.001 0.002 0.014 0.002 0.003 0.003 0.001 0.003 0.002 0.002 0.003 0.017 0.001 0.001 0.002 0.002 0.001 0.122 0.001 0.001 0.002 0.003 

Locus 8 : 
15 alleles
0.4% missing data
 150   (0.088) 0.006 0.008 0.014 0.280 0.008 0.011 0.091 0.009 0.018 0.017 0.006 0.190 0.302 0.011 0.020 0.088 0.006 0.006 0.043 0.009 0.239 0.147 0.213 0.312 0.037 0.017 
 138   (0.123) 0.009 0.011 0.363 0.271 0.021 0.018 0.235 0.013 0.159 0.263 0.118 0.029 0.237 0.016 0.323 0.123 0.008 0.009 0.018 0.012 0.246 0.583 0.011 0.008 0.059 0.026 
 158   (0.032) 0.054 0.003 0.004 0.187 0.003 0.004 0.028 0.003 0.005 0.005 0.002 0.007 0.224 0.004 0.006 0.032 0.002 0.002 0.004 0.374 0.002 0.003 0.003 0.002 0.005 0.006 
 146   (0.198) 0.014 0.454 0.163 0.022 0.351 0.264 0.182 0.324 0.153 0.203 0.125 0.303 0.176 0.028 0.091 0.199 0.024 0.096 0.426 0.351 0.332 0.125 0.211 0.013 0.477 0.042 
 152   (0.123) 0.309 0.011 0.320 0.011 0.012 0.148 0.103 0.256 0.024 0.257 0.009 0.239 0.013 0.015 0.027 0.123 0.275 0.008 0.244 0.014 0.006 0.013 0.261 0.216 0.020 0.307 
 148   (0.081) 0.158 0.007 0.081 0.008 0.212 0.012 0.067 0.360 0.015 0.014 0.005 0.020 0.009 0.461 0.122 0.081 0.005 0.005 0.012 0.095 0.004 0.009 0.271 0.005 0.014 0.017 
 156   (0.028) 0.063 0.002 0.004 0.003 0.003 0.005 0.026 0.003 0.005 0.006 0.113 0.009 0.003 0.003 0.016 0.028 0.002 0.002 0.004 0.003 0.001 0.004 0.002 0.002 0.004 0.005 
 134   (0.058) 0.189 0.005 0.009 0.005 0.005 0.209 0.048 0.006 0.304 0.010 0.004 0.013 0.006 0.007 0.012 0.058 0.004 0.004 0.008 0.007 0.003 0.086 0.005 0.004 0.009 0.108 
 142   (0.030) 0.002 0.003 0.004 0.003 0.002 0.004 0.025 0.003 0.006 0.005 0.002 0.006 0.003 0.026 0.006 0.029 0.366 0.002 0.207 0.003 0.001 0.003 0.003 0.003 0.334 0.005 
 128   (0.104) 0.008 0.009 0.016 0.010 0.371 0.308 0.089 0.011 0.287 0.019 0.007 0.153 0.011 0.013 0.349 0.104 0.007 0.489 0.015 0.010 0.159 0.012 0.009 0.295 0.019 0.442 
 144   (0.039) 0.180 0.003 0.008 0.004 0.004 0.005 0.031 0.004 0.007 0.008 0.003 0.010 0.004 0.405 0.009 0.039 0.003 0.003 0.005 0.114 0.002 0.004 0.003 0.044 0.007 0.007 
 168   (0.017) 0.001 0.002 0.002 0.002 0.002 0.002 0.015 0.002 0.003 0.179 0.001 0.004 0.002 0.002 0.003 0.017 0.001 0.001 0.002 0.001 0.001 0.002 0.001 0.001 0.003 0.003 
 160   (0.025) 0.002 0.264 0.003 0.002 0.002 0.003 0.018 0.003 0.004 0.004 0.002 0.005 0.003 0.003 0.005 0.025 0.291 0.002 0.003 0.002 0.001 0.003 0.002 0.001 0.004 0.005 
 140   (0.020) 0.001 0.001 0.003 0.002 0.002 0.002 0.013 0.002 0.004 0.003 0.001 0.005 0.002 0.002 0.005 0.020 0.001 0.369 0.003 0.002 0.001 0.002 0.002 0.093 0.003 0.003 
 136   (0.034) 0.002 0.217 0.005 0.189 0.003 0.004 0.030 0.004 0.006 0.006 0.601 0.007 0.004 0.004 0.007 0.034 0.003 0.002 0.005 0.003 0.002 0.004 0.003 0.002 0.005 0.006 

Locus 9 : 
4 alleles
0.0% missing data
 184   (0.204) 0.218 0.493 0.396 0.022 0.020 0.245 0.170 0.208 0.039 0.206 0.126 0.049 0.839 0.200 0.246 0.204 0.561 0.326 0.032 0.382 0.085 0.024 0.018 0.020 0.059 0.078 
 186   (0.470) 0.430 0.231 0.221 0.786 0.949 0.712 0.554 0.164 0.570 0.258 0.509 0.220 0.125 0.356 0.678 0.470 0.377 0.654 0.170 0.190 0.756 0.489 0.669 0.112 0.854 0.394 
 180   (0.220) 0.123 0.021 0.367 0.181 0.020 0.029 0.185 0.339 0.371 0.262 0.357 0.706 0.024 0.029 0.048 0.220 0.016 0.014 0.782 0.308 0.011 0.459 0.304 0.861 0.059 0.382 
 182   (0.105) 0.229 0.256 0.016 0.011 0.011 0.014 0.092 0.289 0.020 0.275 0.008 0.025 0.011 0.415 0.027 0.105 0.046 0.007 0.016 0.120 0.148 0.028 0.009 0.007 0.028 0.146 

Locus 10 : 
7 alleles
0.0% missing data
 176   (0.017) 0.001 0.001 0.002 0.002 0.001 0.002 0.013 0.002 0.003 0.003 0.001 0.003 0.281 0.002 0.003 0.017 0.001 0.001 0.002 0.002 0.001 0.002 0.001 0.001 0.002 0.003 
 168   (0.178) 0.014 0.154 0.094 0.019 0.435 0.026 0.242 0.228 0.143 0.038 0.414 0.330 0.389 0.024 0.564 0.179 0.211 0.012 0.027 0.017 0.135 0.137 0.019 0.029 0.040 0.086 
 156   (0.134) 0.010 0.013 0.021 0.013 0.128 0.019 0.115 0.014 0.024 0.026 0.120 0.031 0.172 0.438 0.272 0.133 0.152 0.009 0.135 0.013 0.007 0.562 0.090 0.009 0.376 0.405 
 160   (0.234) 0.056 0.357 0.474 0.267 0.024 0.455 0.202 0.137 0.048 0.218 0.434 0.159 0.108 0.379 0.055 0.234 0.026 0.016 0.036 0.457 0.370 0.073 0.023 0.114 0.409 0.096 
 164   (0.201) 0.424 0.216 0.030 0.676 0.390 0.266 0.235 0.022 0.476 0.265 0.014 0.049 0.024 0.056 0.059 0.201 0.015 0.261 0.029 0.485 0.476 0.200 0.553 0.013 0.080 0.043 
 172   (0.215) 0.493 0.257 0.033 0.021 0.020 0.228 0.175 0.594 0.302 0.446 0.015 0.422 0.024 0.097 0.043 0.215 0.593 0.698 0.768 0.025 0.010 0.024 0.312 0.825 0.090 0.364 
 152   (0.022) 0.002 0.002 0.346 0.002 0.002 0.003 0.017 0.002 0.004 0.004 0.001 0.006 0.002 0.003 0.004 0.021 0.001 0.002 0.003 0.002 0.001 0.002 0.002 0.009 0.003 0.004 

Locus 11 : 
7 alleles
0.4% missing data
 177   (0.077) 0.005 0.193 0.336 0.008 0.008 0.011 0.064 0.487 0.039 0.014 0.005 0.018 0.350 0.010 0.053 0.077 0.011 0.577 0.010 0.007 0.004 0.009 0.007 0.005 0.134 0.016 
 173   (0.206) 0.572 0.026 0.033 0.022 0.656 0.028 0.180 0.023 0.038 0.394 0.448 0.046 0.238 0.028 0.346 0.206 0.289 0.375 0.149 0.199 0.043 0.156 0.022 0.013 0.062 0.229 
 165   (0.271) 0.020 0.561 0.113 0.703 0.037 0.493 0.310 0.335 0.049 0.052 0.103 0.451 0.362 0.872 0.495 0.273 0.023 0.018 0.040 0.047 0.768 0.291 0.029 0.019 0.289 0.487 
 169   (0.313) 0.183 0.207 0.499 0.214 0.031 0.303 0.333 0.142 0.498 0.517 0.296 0.457 0.035 0.040 0.079 0.312 0.668 0.021 0.782 0.735 0.030 0.185 0.294 0.955 0.433 0.243 
 161   (0.078) 0.125 0.007 0.012 0.047 0.008 0.011 0.069 0.008 0.366 0.013 0.005 0.017 0.008 0.044 0.017 0.078 0.005 0.006 0.011 0.007 0.153 0.354 0.367 0.005 0.074 0.015 
 157   (0.030) 0.093 0.003 0.004 0.003 0.003 0.152 0.025 0.003 0.005 0.005 0.141 0.007 0.003 0.004 0.006 0.030 0.002 0.002 0.004 0.003 0.001 0.003 0.003 0.002 0.005 0.006 
 153   (0.024) 0.002 0.002 0.003 0.002 0.257 0.003 0.018 0.002 0.004 0.004 0.002 0.005 0.003 0.003 0.005 0.024 0.001 0.001 0.003 0.002 0.001 0.003 0.278 0.001 0.003 0.005 

Values of parameters used in structure:
DATAFILE=/data/home/rchen/Hunting/blackgrouse-hunting/data_job_T26_3,	OUTFILE=data/structure/Results_stru_chicks_hunted/results_job_T26_3,	NUMINDS=236,	NUMLOCI=11,	MISSING=-9,	LABEL=1,	POPDATA=1,	POPFLAG=0,	PHENOTYPE=0,	EXTRACOLS=0,	MAXPOPS=26,	BURNIN=10000,	NUMREPS=10000,	USEPOPINFO=0,	INFERALPHA=1,	INFERLAMBDA=0,	POPSPECIFICLAMBDA=0,	POPALPHAS=0,	COMPUTEPROB=1,	NOADMIX=0,	ADMBURNIN=2500,	UPDATEFREQ=1,	PRINTLIKES=0,	INTERMEDSAVE=0,	PRINTKLD=0,	PRINTNET=0,	PRINTLAMBDA=0,	ANCESTDIST=0,	NUMBOXES=1000,	ANCESTPINT=0.90000,	GENSBACK=2,	MIGRPRIOR=0.05000,	PRINTQHAT=1,	PRINTQSUM=0,	ALPHA=1.0000,	FREQSCORR=1,	FPRIORMEAN=0.0100,	FPRIORSD=0.0500,	ONEFST=0,	LAMBDA=1.0000,	UNIFPRIORALPHA=1,	ALPHAMAX=10.0000,	ALPHAPRIORA=1.0000,	ALPHAPRIORB=2.0000,	ALPHAPROPSD=0.0250,	STARTATPOPINFO=0,	RANDOMIZE=1,	LINKAGE=0,	METROFREQ=10,	REPORTHITRATE=0,	MARKOVPHASE=-1,	PHASED=0,	PLOIDY=2,	PHASEINFO=0	LOCPRIOR=0, 	LOCPRIORINIT=1.000000, 	LOCDATA=0, 	LOCISPOP=0, 	LOCPRIORSTEP=0.100000, 	MAXLOCPRIOR=20.000000, 	SEED=1653047865,	
[STRAT parameters]:    NUMSIMSTATS=1000,	PHENOTYPECOL=-9,	POOLFREQ=10,	LOCUSxONLY=0,	EMERROR=0.00100,	MISSINGPHENO=-9,	