      H105.1  1 0.0063 0.0067 0.0042 0.0055 0.0065 0.0072 0.0081 0.0058 0.0061 0.0042 0.0047 0.0074 0.0078 0.0061 0.0057 0.0065 0.0051 0.0049 0.0072 0.0056 0.0072 0.0067 0.0062 0.0063 0.0055 0.0063 0.0056 0.0056 0.0062 0.6701 0.0061 0.0080 0.0072 0.0076 0.0052 0.0074 0.0066 0.0039 0.0060 0.0057 0.0069 0.0061 0.0071 0.0040 0.0075 0.0172 0.0036 0.0072 0.0056 0.0038 0.0058 0.0050 0.0049 0.0044 
      H105.2  1 0.0057 0.0070 0.0068 0.0064 0.0083 0.0060 0.0068 0.0077 0.0075 0.0063 0.0041 0.0083 0.0081 0.0083 0.0087 0.0082 0.0062 0.0078 0.0065 0.0068 0.0070 0.0075 0.0082 0.0078 0.0052 0.0074 0.0085 0.0074 0.0083 0.6194 0.0074 0.0085 0.0080 0.0077 0.0066 0.0074 0.0062 0.0071 0.0078 0.0047 0.0063 0.0060 0.0080 0.0075 0.0075 0.0116 0.0055 0.0077 0.0091 0.0048 0.0072 0.0082 0.0072 0.0037 
      H105.3  1 0.0062 0.0058 0.0050 0.0048 0.0047 0.0051 0.0059 0.0053 0.0056 0.0046 0.0047 0.0057 0.0077 0.0062 0.0050 0.0068 0.0057 0.0053 0.0055 0.0062 0.0053 0.0062 0.0054 0.0054 0.0047 0.0052 0.0050 0.0061 0.0057 0.7053 0.0072 0.0052 0.0052 0.0062 0.0058 0.0060 0.0053 0.0041 0.0046 0.0053 0.0053 0.0046 0.0052 0.0048 0.0050 0.0164 0.0042 0.0055 0.0047 0.0049 0.0051 0.0051 0.0036 0.0047 
      H105.4  1 0.0050 0.0071 0.0074 0.0060 0.0063 0.0055 0.0070 0.0073 0.0067 0.0067 0.0049 0.0058 0.0075 0.0093 0.0065 0.0073 0.0047 0.0050 0.0061 0.0061 0.0062 0.0083 0.0076 0.0065 0.0059 0.0068 0.0063 0.0072 0.0061 0.6397 0.0087 0.0063 0.0085 0.0070 0.0058 0.0084 0.0063 0.0044 0.0065 0.0061 0.0086 0.0050 0.0066 0.0074 0.0067 0.0143 0.0045 0.0077 0.0071 0.0056 0.0065 0.0147 0.0041 0.0044 
      H105.5  1 0.0071 0.0074 0.0054 0.0090 0.0106 0.0104 0.0151 0.0091 0.0099 0.0072 0.0052 0.0092 0.0093 0.0090 0.0097 0.0101 0.0064 0.0044 0.0122 0.0092 0.0114 0.0082 0.0087 0.0093 0.0078 0.0103 0.0106 0.0110 0.0073 0.5403 0.0091 0.0099 0.0088 0.0112 0.0097 0.0098 0.0095 0.0044 0.0105 0.0064 0.0099 0.0076 0.0081 0.0079 0.0102 0.0054 0.0060 0.0084 0.0110 0.0052 0.0099 0.0058 0.0096 0.0050 
      H105.6  1 0.0049 0.0089 0.0075 0.0045 0.0074 0.0076 0.0078 0.0077 0.0060 0.0059 0.0040 0.0083 0.0072 0.0081 0.0069 0.0077 0.0055 0.0048 0.0073 0.0076 0.0074 0.0074 0.0067 0.0087 0.0080 0.0060 0.0075 0.0074 0.0079 0.6135 0.0072 0.0094 0.0083 0.0071 0.0077 0.0076 0.0088 0.0039 0.0066 0.0070 0.0056 0.0055 0.0080 0.0126 0.0071 0.0091 0.0088 0.0070 0.0073 0.0075 0.0063 0.0160 0.0047 0.0048 
      H105.7  1 0.0120 0.0076 0.0063 0.0057 0.0082 0.0080 0.0086 0.0078 0.0087 0.0047 0.0042 0.0103 0.0071 0.0086 0.0090 0.0079 0.0066 0.0061 0.0086 0.0085 0.0087 0.0076 0.0075 0.0087 0.0095 0.0084 0.0082 0.0094 0.0088 0.5664 0.0116 0.0089 0.0083 0.0086 0.0080 0.0097 0.0108 0.0049 0.0071 0.0098 0.0088 0.0055 0.0089 0.0064 0.0108 0.0233 0.0060 0.0090 0.0078 0.0040 0.0079 0.0047 0.0064 0.0049 
      H105.8  1 0.0047 0.0049 0.0060 0.0058 0.0066 0.0044 0.0056 0.0055 0.0048 0.0044 0.0035 0.0057 0.0048 0.0048 0.0052 0.0068 0.0051 0.0100 0.0057 0.0051 0.0051 0.0048 0.0052 0.0057 0.0053 0.0057 0.0058 0.0053 0.0066 0.6996 0.0080 0.0066 0.0070 0.0047 0.0055 0.0068 0.0050 0.0046 0.0047 0.0052 0.0053 0.0046 0.0053 0.0050 0.0058 0.0153 0.0047 0.0052 0.0052 0.0048 0.0067 0.0068 0.0048 0.0036 
      H115.1  1 0.0058 0.0222 0.0612 0.0114 0.0278 0.0183 0.0158 0.0175 0.0241 0.0262 0.0093 0.0242 0.0273 0.0175 0.0169 0.0155 0.0070 0.0105 0.0183 0.0202 0.0244 0.0312 0.0225 0.0253 0.0068 0.0216 0.0237 0.0226 0.0183 0.0067 0.0264 0.0194 0.0195 0.0169 0.0423 0.0309 0.0167 0.0097 0.0274 0.0101 0.0067 0.0058 0.0202 0.0160 0.0271 0.0056 0.0084 0.0189 0.0247 0.0058 0.0224 0.0047 0.0091 0.0054 
      H115.2  1 0.0055 0.0172 0.0159 0.0063 0.0279 0.0247 0.0269 0.0245 0.0239 0.0799 0.0051 0.0220 0.0191 0.0202 0.0157 0.0185 0.0096 0.0043 0.0198 0.0329 0.0293 0.0189 0.0226 0.0291 0.0082 0.0185 0.0148 0.0213 0.0162 0.0058 0.0297 0.0197 0.0250 0.0175 0.0315 0.0221 0.0271 0.0102 0.0243 0.0066 0.0084 0.0052 0.0212 0.0067 0.0234 0.0065 0.0278 0.0215 0.0194 0.0043 0.0180 0.0048 0.0093 0.0051 
      H115.3  1 0.0060 0.0139 0.0050 0.0080 0.0139 0.0067 0.0151 0.0136 0.0380 0.3160 0.0068 0.0115 0.0154 0.0135 0.0139 0.0101 0.0119 0.0043 0.0090 0.0110 0.0103 0.0151 0.0099 0.0110 0.0063 0.0111 0.0115 0.0121 0.0098 0.0097 0.0128 0.0111 0.0141 0.0112 0.0340 0.0414 0.0142 0.0074 0.0103 0.0122 0.0063 0.0050 0.0134 0.0070 0.0123 0.0062 0.0673 0.0169 0.0130 0.0055 0.0124 0.0039 0.0052 0.0066 
      H115.4  1 0.0063 0.0131 0.0076 0.0116 0.0118 0.0095 0.0128 0.0132 0.0290 0.3475 0.0145 0.0127 0.0140 0.0156 0.0131 0.0133 0.0151 0.0204 0.0095 0.0106 0.0111 0.0145 0.0125 0.0087 0.0070 0.0143 0.0159 0.0145 0.0118 0.0047 0.0136 0.0166 0.0173 0.0100 0.0110 0.0385 0.0176 0.0077 0.0149 0.0060 0.0077 0.0044 0.0119 0.0058 0.0110 0.0056 0.0094 0.0155 0.0177 0.0067 0.0136 0.0052 0.0098 0.0065 
      H115.5  1 0.0081 0.0197 0.0153 0.0101 0.0205 0.0094 0.0188 0.0171 0.0285 0.0636 0.0271 0.0244 0.0192 0.0179 0.0205 0.0187 0.0118 0.0063 0.0205 0.0153 0.0165 0.0170 0.0277 0.0203 0.0059 0.0197 0.0158 0.0183 0.0144 0.0222 0.0209 0.0202 0.0133 0.0215 0.0438 0.0132 0.0228 0.0052 0.0154 0.0095 0.0065 0.0046 0.0193 0.0068 0.0211 0.0052 0.0903 0.0191 0.0161 0.0060 0.0253 0.0057 0.0092 0.0087 
      H115.6  1 0.0085 0.0141 0.0047 0.0152 0.0179 0.0139 0.0134 0.0209 0.0327 0.1468 0.0115 0.0170 0.0187 0.0117 0.0161 0.0208 0.0605 0.0048 0.0183 0.0128 0.0136 0.0128 0.0132 0.0159 0.0076 0.0133 0.0118 0.0214 0.0098 0.0054 0.0159 0.0189 0.0178 0.0184 0.0591 0.0275 0.0150 0.0207 0.0149 0.0090 0.0071 0.0061 0.0167 0.0053 0.0200 0.0054 0.0421 0.0178 0.0161 0.0036 0.0184 0.0063 0.0078 0.0050 
      H115.7  1 0.0053 0.0302 0.0451 0.0085 0.0171 0.0140 0.0171 0.0227 0.0260 0.0618 0.0084 0.0220 0.0208 0.0223 0.0201 0.0210 0.0113 0.0088 0.0175 0.0244 0.0263 0.0259 0.0292 0.0239 0.0077 0.0253 0.0197 0.0271 0.0128 0.0059 0.0194 0.0223 0.0258 0.0255 0.0180 0.0173 0.0241 0.0114 0.0161 0.0118 0.0123 0.0075 0.0263 0.0087 0.0189 0.0065 0.0070 0.0236 0.0232 0.0043 0.0178 0.0052 0.0116 0.0070 
      H115.8  1 0.0079 0.0188 0.0056 0.0091 0.0148 0.0148 0.0123 0.0163 0.0244 0.1366 0.0095 0.0234 0.0185 0.0171 0.0155 0.0238 0.0106 0.0056 0.0153 0.0208 0.0160 0.0188 0.0152 0.0171 0.0063 0.0184 0.0182 0.0130 0.0109 0.0098 0.0183 0.0162 0.0138 0.0182 0.0930 0.0172 0.0140 0.0099 0.0146 0.0118 0.0061 0.0042 0.0208 0.0051 0.0196 0.0060 0.0721 0.0184 0.0153 0.0033 0.0213 0.0037 0.0079 0.0050 
      H115.9  1 0.0062 0.0212 0.0147 0.0100 0.0185 0.0269 0.0200 0.0206 0.0166 0.0238 0.0068 0.0266 0.0190 0.0235 0.0184 0.0200 0.0102 0.0126 0.0165 0.0138 0.0150 0.0158 0.0195 0.0265 0.0071 0.0234 0.0267 0.0223 0.0124 0.0070 0.0229 0.0194 0.0188 0.0217 0.0755 0.0263 0.0180 0.0070 0.0140 0.0158 0.0115 0.0042 0.0175 0.0122 0.0162 0.0057 0.0859 0.0187 0.0248 0.0056 0.0206 0.0037 0.0073 0.0049 
      H145.1  1 0.0054 0.0068 0.0046 0.0071 0.0092 0.0085 0.0091 0.0120 0.0089 0.0063 0.0071 0.0065 0.0076 0.0100 0.0079 0.0106 0.0100 0.0044 0.0080 0.0078 0.0078 0.0090 0.0073 0.0084 0.0138 0.0082 0.0101 0.0077 0.0060 0.0046 0.0089 0.0081 0.0078 0.0095 0.0087 0.0107 0.0076 0.0195 0.0071 0.0073 0.0082 0.0078 0.0072 0.0059 0.0103 0.0068 0.0094 0.0085 0.0097 0.0058 0.0086 0.0052 0.0048 0.5660 
      H145.2  1 0.0065 0.0081 0.0040 0.0062 0.0104 0.0066 0.0080 0.0075 0.0096 0.0056 0.0086 0.0090 0.0071 0.0085 0.0103 0.0083 0.0102 0.0069 0.0092 0.0084 0.0072 0.0076 0.0093 0.0091 0.0077 0.0084 0.0087 0.0077 0.0068 0.0057 0.0084 0.0096 0.0092 0.0079 0.0084 0.0100 0.0087 0.0111 0.0068 0.0078 0.0059 0.0067 0.0067 0.0057 0.0072 0.0060 0.0074 0.0100 0.0078 0.0065 0.0106 0.0111 0.0035 0.5801 
      H145.3  1 0.0053 0.0050 0.0041 0.0047 0.0053 0.0045 0.0056 0.0043 0.0051 0.0046 0.0037 0.0047 0.0042 0.0050 0.0051 0.0046 0.0045 0.0039 0.0048 0.0046 0.0053 0.0048 0.0049 0.0042 0.0050 0.0046 0.0049 0.0045 0.0042 0.0041 0.0049 0.0047 0.0046 0.0044 0.0054 0.0049 0.0051 0.0337 0.0045 0.0044 0.0061 0.0043 0.0059 0.0050 0.0052 0.0049 0.0041 0.0045 0.0047 0.0051 0.0048 0.0037 0.0035 0.7212 
      H145.4  1 0.0044 0.0068 0.0038 0.0059 0.0065 0.0085 0.0066 0.0066 0.0063 0.0043 0.0059 0.0077 0.0069 0.0069 0.0073 0.0074 0.0070 0.0041 0.0055 0.0072 0.0069 0.0060 0.0068 0.0062 0.0233 0.0069 0.0061 0.0065 0.0056 0.0046 0.0071 0.0059 0.0064 0.0085 0.0056 0.0074 0.0066 0.0067 0.0072 0.0098 0.0072 0.0074 0.0079 0.0064 0.0071 0.0058 0.0043 0.0080 0.0067 0.0038 0.0081 0.0051 0.0055 0.6412 
      H145.5  1 0.0058 0.0049 0.0041 0.0050 0.0053 0.0046 0.0048 0.0052 0.0046 0.0041 0.0059 0.0054 0.0061 0.0053 0.0049 0.0053 0.0047 0.0043 0.0054 0.0064 0.0061 0.0051 0.0054 0.0054 0.0061 0.0051 0.0054 0.0052 0.0047 0.0046 0.0049 0.0060 0.0053 0.0055 0.0058 0.0055 0.0053 0.0524 0.0043 0.0052 0.0049 0.0063 0.0056 0.0047 0.0050 0.0040 0.0038 0.0054 0.0054 0.0033 0.0058 0.0044 0.0037 0.6826 
      H145.6  1 0.0051 0.0069 0.0052 0.0066 0.0078 0.0064 0.0069 0.0063 0.0069 0.0045 0.0087 0.0065 0.0061 0.0057 0.0063 0.0072 0.0085 0.0052 0.0081 0.0079 0.0062 0.0075 0.0066 0.0065 0.0095 0.0070 0.0069 0.0074 0.0057 0.0049 0.0056 0.0069 0.0087 0.0077 0.0065 0.0059 0.0065 0.0051 0.0058 0.0132 0.0062 0.0060 0.0070 0.0047 0.0070 0.0057 0.0050 0.0060 0.0056 0.0046 0.0073 0.0085 0.0034 0.6501 
      H145.7  1 0.0054 0.0056 0.0040 0.0098 0.0064 0.0045 0.0058 0.0061 0.0057 0.0050 0.0089 0.0053 0.0052 0.0048 0.0055 0.0048 0.0065 0.0049 0.0050 0.0072 0.0065 0.0058 0.0058 0.0049 0.0059 0.0059 0.0060 0.0048 0.0050 0.0040 0.0057 0.0067 0.0059 0.0066 0.0056 0.0060 0.0060 0.0060 0.0056 0.0072 0.0053 0.0061 0.0059 0.0050 0.0052 0.0041 0.0030 0.0054 0.0047 0.0038 0.0052 0.0067 0.0045 0.7029 
      H149.1  1 0.0053 0.0057 0.0051 0.1052 0.0082 0.0062 0.0075 0.0080 0.0069 0.0052 0.5514 0.0082 0.0076 0.0064 0.0065 0.0070 0.0077 0.0055 0.0076 0.0088 0.0078 0.0065 0.0063 0.0063 0.0081 0.0068 0.0090 0.0076 0.0082 0.0045 0.0082 0.0072 0.0061 0.0069 0.0059 0.0083 0.0074 0.0063 0.0079 0.0055 0.0041 0.0063 0.0066 0.0065 0.0075 0.0035 0.0040 0.0067 0.0074 0.0046 0.0066 0.0049 0.0048 0.0056 
      H149.2  1 0.0053 0.0074 0.0055 0.5560 0.0069 0.0062 0.0057 0.0073 0.0066 0.0045 0.1047 0.0073 0.0078 0.0067 0.0069 0.0070 0.0068 0.0051 0.0066 0.0080 0.0066 0.0058 0.0087 0.0061 0.0078 0.0070 0.0092 0.0074 0.0064 0.0050 0.0075 0.0080 0.0082 0.0064 0.0055 0.0062 0.0063 0.0068 0.0071 0.0094 0.0055 0.0049 0.0067 0.0056 0.0072 0.0042 0.0031 0.0082 0.0088 0.0039 0.0073 0.0035 0.0047 0.0066 
      H149.3  1 0.0064 0.0172 0.0063 0.3136 0.0142 0.0116 0.0146 0.0149 0.0167 0.0074 0.0531 0.0161 0.0142 0.0132 0.0118 0.0130 0.0058 0.0078 0.0189 0.0148 0.0158 0.0146 0.0124 0.0197 0.0094 0.0122 0.0184 0.0125 0.0114 0.0055 0.0114 0.0179 0.0129 0.0169 0.0124 0.0132 0.0123 0.0083 0.0153 0.0123 0.0069 0.0068 0.0178 0.0090 0.0101 0.0090 0.0036 0.0123 0.0164 0.0063 0.0132 0.0055 0.0096 0.0171 
      H149.4  1 0.0163 0.0084 0.0059 0.3950 0.0083 0.0095 0.0068 0.0078 0.0085 0.0064 0.1580 0.0075 0.0066 0.0080 0.0090 0.0102 0.0074 0.0217 0.0077 0.0096 0.0086 0.0095 0.0088 0.0091 0.0066 0.0076 0.0097 0.0083 0.0092 0.0124 0.0110 0.0095 0.0078 0.0091 0.0088 0.0079 0.0102 0.0118 0.0078 0.0070 0.0044 0.0061 0.0083 0.0082 0.0084 0.0084 0.0078 0.0114 0.0094 0.0058 0.0078 0.0050 0.0048 0.0050 
      H149.5  1 0.0064 0.0072 0.0040 0.6019 0.0061 0.0063 0.0084 0.0083 0.0073 0.0045 0.0313 0.0071 0.0073 0.0075 0.0074 0.0076 0.0069 0.0104 0.0074 0.0066 0.0074 0.0081 0.0055 0.0073 0.0078 0.0062 0.0087 0.0089 0.0102 0.0065 0.0064 0.0067 0.0086 0.0073 0.0065 0.0072 0.0088 0.0050 0.0066 0.0078 0.0065 0.0052 0.0081 0.0057 0.0081 0.0134 0.0027 0.0068 0.0077 0.0049 0.0065 0.0043 0.0044 0.0082 
      H149.6  1 0.0041 0.0060 0.0050 0.6333 0.0060 0.0058 0.0065 0.0055 0.0053 0.0046 0.0766 0.0055 0.0053 0.0062 0.0059 0.0058 0.0061 0.0060 0.0056 0.0058 0.0052 0.0062 0.0055 0.0055 0.0054 0.0065 0.0059 0.0059 0.0078 0.0046 0.0067 0.0057 0.0052 0.0047 0.0053 0.0061 0.0057 0.0054 0.0055 0.0058 0.0044 0.0049 0.0062 0.0054 0.0057 0.0058 0.0027 0.0066 0.0055 0.0037 0.0067 0.0044 0.0046 0.0079 
      H149.7  1 0.0091 0.0137 0.0056 0.4417 0.0124 0.0093 0.0101 0.0089 0.0117 0.0070 0.0293 0.0101 0.0130 0.0111 0.0152 0.0122 0.0110 0.0104 0.0141 0.0102 0.0121 0.0089 0.0108 0.0126 0.0105 0.0143 0.0109 0.0109 0.0087 0.0077 0.0097 0.0104 0.0106 0.0130 0.0090 0.0120 0.0118 0.0062 0.0125 0.0078 0.0060 0.0062 0.0111 0.0074 0.0130 0.0141 0.0040 0.0113 0.0117 0.0050 0.0111 0.0057 0.0112 0.0061 
      H150.1  1 0.0054 0.0092 0.0048 0.0066 0.0118 0.0116 0.0109 0.0120 0.0144 0.0429 0.0038 0.0135 0.0098 0.0121 0.0094 0.0155 0.0060 0.0035 0.0114 0.0124 0.0114 0.0109 0.0117 0.0097 0.0058 0.0110 0.0120 0.0132 0.0070 0.0077 0.0104 0.0122 0.0101 0.0095 0.2225 0.0106 0.0131 0.0074 0.0069 0.0073 0.0059 0.0044 0.0142 0.0065 0.0087 0.0047 0.2672 0.0120 0.0106 0.0034 0.0107 0.0045 0.0043 0.0058 
      H150.2  1 0.0075 0.0145 0.0102 0.0065 0.0203 0.0125 0.0108 0.0148 0.0364 0.2220 0.0081 0.0188 0.0164 0.0173 0.0220 0.0136 0.0081 0.0047 0.0192 0.0164 0.0234 0.0176 0.0148 0.0109 0.0064 0.0131 0.0125 0.0167 0.0086 0.0061 0.0167 0.0202 0.0156 0.0111 0.0613 0.0217 0.0129 0.0141 0.0174 0.0071 0.0064 0.0056 0.0114 0.0058 0.0139 0.0038 0.0420 0.0146 0.0246 0.0048 0.0161 0.0063 0.0118 0.0046 
      H150.3  1 0.0075 0.0164 0.0297 0.0070 0.0198 0.0186 0.0188 0.0172 0.0170 0.0180 0.0072 0.0212 0.0189 0.0127 0.0186 0.0146 0.0091 0.0047 0.0178 0.0189 0.0177 0.0216 0.0228 0.0145 0.0092 0.0133 0.0167 0.0177 0.0157 0.0064 0.0193 0.0182 0.0148 0.0221 0.1342 0.0140 0.0180 0.0284 0.0134 0.0116 0.0105 0.0073 0.0157 0.0070 0.0182 0.0076 0.0744 0.0180 0.0264 0.0032 0.0239 0.0059 0.0125 0.0062 
      H150.4  1 0.0060 0.0085 0.0089 0.0042 0.0094 0.0098 0.0074 0.0073 0.0086 0.0095 0.0043 0.0085 0.0094 0.0070 0.0074 0.0081 0.0084 0.0039 0.0087 0.0077 0.0078 0.0090 0.0084 0.0084 0.0079 0.0077 0.0078 0.0073 0.0069 0.0056 0.0076 0.0072 0.0076 0.0079 0.2476 0.0081 0.0075 0.0097 0.0060 0.0068 0.0059 0.0054 0.0073 0.0053 0.0065 0.0040 0.3718 0.0082 0.0078 0.0029 0.0082 0.0046 0.0083 0.0080 
      H150.5  1 0.0061 0.0223 0.0071 0.0074 0.0196 0.0228 0.0197 0.0193 0.0228 0.1392 0.0051 0.0247 0.0232 0.0238 0.0183 0.0198 0.0080 0.0044 0.0269 0.0186 0.0193 0.0209 0.0226 0.0223 0.0088 0.0159 0.0179 0.0285 0.0111 0.0072 0.0168 0.0232 0.0204 0.0183 0.0254 0.0275 0.0182 0.0069 0.0121 0.0123 0.0084 0.0068 0.0258 0.0070 0.0157 0.0094 0.0235 0.0162 0.0257 0.0038 0.0203 0.0052 0.0116 0.0062 
      H150.6  1 0.0064 0.0161 0.0069 0.0059 0.0174 0.0128 0.0152 0.0240 0.0378 0.2827 0.0059 0.0156 0.0183 0.0168 0.0210 0.0189 0.0071 0.0044 0.0171 0.0143 0.0219 0.0159 0.0161 0.0147 0.0047 0.0168 0.0164 0.0140 0.0092 0.0097 0.0239 0.0167 0.0212 0.0200 0.0157 0.0207 0.0124 0.0082 0.0109 0.0065 0.0070 0.0072 0.0164 0.0073 0.0163 0.0061 0.0063 0.0168 0.0136 0.0040 0.0187 0.0067 0.0073 0.0062 
      H150.7  1 0.0052 0.0099 0.0054 0.0047 0.0089 0.0131 0.0069 0.0113 0.0084 0.0112 0.0043 0.0068 0.0077 0.0073 0.0094 0.0083 0.0058 0.0035 0.0074 0.0074 0.0104 0.0073 0.0069 0.0085 0.0055 0.0069 0.0083 0.0089 0.0077 0.0069 0.0066 0.0071 0.0076 0.0089 0.2621 0.0083 0.0074 0.0149 0.0054 0.0077 0.0065 0.0049 0.0079 0.0066 0.0086 0.0046 0.3537 0.0069 0.0086 0.0029 0.0083 0.0041 0.0043 0.0058 
   H169607.1  1 0.0055 0.0240 0.0094 0.0077 0.0187 0.0176 0.0183 0.0248 0.0217 0.0072 0.0062 0.0236 0.0259 0.0276 0.0149 0.0172 0.0110 0.0114 0.0141 0.0193 0.0212 0.0176 0.0235 0.0231 0.0080 0.0180 0.0179 0.0220 0.0099 0.0052 0.0230 0.0223 0.0196 0.0193 0.0302 0.0270 0.0274 0.0242 0.0130 0.0075 0.0761 0.0171 0.0264 0.0064 0.0228 0.0084 0.0134 0.0246 0.0212 0.0045 0.0216 0.0109 0.0127 0.0280 
   H169607.2  1 0.0055 0.0062 0.0057 0.0046 0.0052 0.0066 0.0054 0.0055 0.0061 0.0048 0.0039 0.0061 0.0058 0.0057 0.0054 0.0051 0.0046 0.0039 0.0059 0.0052 0.0049 0.0044 0.0051 0.0055 0.0051 0.0064 0.0050 0.0056 0.0054 0.0058 0.0054 0.0054 0.0060 0.0049 0.0070 0.0064 0.0062 0.0064 0.0049 0.0064 0.7083 0.0048 0.0054 0.0048 0.0051 0.0054 0.0079 0.0067 0.0056 0.0048 0.0059 0.0072 0.0045 0.0046 
   H169607.3  1 0.0062 0.0184 0.0062 0.0083 0.0158 0.0121 0.0280 0.0212 0.0290 0.0062 0.0050 0.0227 0.0223 0.0241 0.0200 0.0208 0.0102 0.0092 0.0232 0.0187 0.0233 0.0206 0.0209 0.0250 0.0100 0.0222 0.0248 0.0200 0.0160 0.0070 0.0248 0.0171 0.0190 0.0311 0.0231 0.0289 0.0247 0.0167 0.0157 0.0060 0.0902 0.0079 0.0253 0.0059 0.0261 0.0076 0.0067 0.0257 0.0198 0.0050 0.0178 0.0057 0.0063 0.0258 
   H169607.4  1 0.0061 0.0088 0.0062 0.0060 0.0085 0.0081 0.0065 0.0076 0.0080 0.0052 0.0041 0.0068 0.0061 0.0081 0.0075 0.0086 0.0064 0.0039 0.0083 0.0052 0.0095 0.0057 0.0071 0.0074 0.0056 0.0086 0.0070 0.0084 0.0062 0.0057 0.0076 0.0069 0.0064 0.0070 0.0067 0.0075 0.0085 0.0169 0.0060 0.0060 0.5883 0.0321 0.0075 0.0057 0.0079 0.0069 0.0103 0.0071 0.0074 0.0048 0.0074 0.0129 0.0054 0.0092 
   H169607.5  1 0.0060 0.0086 0.0089 0.0059 0.0076 0.0132 0.0152 0.0100 0.0093 0.0052 0.0053 0.0095 0.0088 0.0088 0.0089 0.0146 0.0059 0.0042 0.0072 0.0082 0.0090 0.0102 0.0074 0.0095 0.0090 0.0119 0.0075 0.0100 0.0068 0.0044 0.0086 0.0097 0.0087 0.0080 0.0073 0.0096 0.0091 0.0053 0.0092 0.0066 0.5706 0.0056 0.0103 0.0046 0.0073 0.0055 0.0063 0.0084 0.0120 0.0053 0.0068 0.0039 0.0064 0.0077 
   H169607.6  1 0.0057 0.0052 0.0077 0.0044 0.0056 0.0055 0.0049 0.0073 0.0070 0.0048 0.0036 0.0068 0.0052 0.0062 0.0057 0.0053 0.0051 0.0063 0.0059 0.0055 0.0063 0.0052 0.0057 0.0049 0.0065 0.0049 0.0058 0.0056 0.0071 0.0050 0.0055 0.0065 0.0058 0.0066 0.0059 0.0055 0.0057 0.0109 0.0059 0.0043 0.6987 0.0045 0.0059 0.0040 0.0049 0.0041 0.0060 0.0055 0.0060 0.0047 0.0056 0.0080 0.0043 0.0047 
   H169607.7  1 0.0072 0.0080 0.0066 0.0063 0.0111 0.0056 0.0082 0.0088 0.0095 0.0185 0.0053 0.0082 0.0085 0.0090 0.0095 0.0088 0.0072 0.0174 0.0124 0.0081 0.0102 0.0106 0.0097 0.0100 0.0066 0.0099 0.0082 0.0091 0.0071 0.0064 0.0087 0.0101 0.0105 0.0108 0.0071 0.0110 0.0070 0.0095 0.0094 0.0053 0.5369 0.0047 0.0084 0.0047 0.0100 0.0060 0.0058 0.0093 0.0101 0.0045 0.0100 0.0069 0.0120 0.0094 
   H169607.8  1 0.0068 0.0073 0.0073 0.0067 0.0079 0.0063 0.0078 0.0075 0.0090 0.0051 0.0041 0.0071 0.0065 0.0069 0.0056 0.0089 0.0045 0.0039 0.0076 0.0062 0.0071 0.0070 0.0069 0.0068 0.0055 0.0074 0.0068 0.0074 0.0057 0.0057 0.0063 0.0061 0.0076 0.0070 0.0078 0.0065 0.0079 0.0086 0.0050 0.0077 0.6377 0.0124 0.0075 0.0063 0.0072 0.0046 0.0063 0.0077 0.0073 0.0049 0.0078 0.0058 0.0073 0.0077 
   H169633.1  1 0.0065 0.0126 0.0143 0.0280 0.0113 0.0114 0.0134 0.0113 0.0151 0.0064 0.4111 0.0168 0.0113 0.0127 0.0137 0.0101 0.0107 0.0041 0.0103 0.0098 0.0132 0.0096 0.0130 0.0104 0.0087 0.0110 0.0104 0.0101 0.0095 0.0064 0.0105 0.0144 0.0109 0.0126 0.0092 0.0176 0.0124 0.0053 0.0141 0.0092 0.0052 0.0059 0.0144 0.0053 0.0121 0.0068 0.0043 0.0132 0.0118 0.0060 0.0146 0.0067 0.0215 0.0128 
   H169633.2  1 0.0057 0.0105 0.0090 0.0431 0.0105 0.0099 0.0119 0.0104 0.0122 0.0079 0.3123 0.0117 0.0122 0.0169 0.0124 0.0134 0.0568 0.0086 0.0139 0.0128 0.0121 0.0149 0.0169 0.0138 0.0081 0.0131 0.0133 0.0168 0.0121 0.0147 0.0151 0.0155 0.0145 0.0163 0.0112 0.0111 0.0147 0.0046 0.0153 0.0059 0.0039 0.0053 0.0147 0.0096 0.0136 0.0054 0.0031 0.0157 0.0142 0.0070 0.0090 0.0083 0.0141 0.0141 
   H169633.3  1 0.0112 0.0108 0.0078 0.0448 0.0162 0.0130 0.0184 0.0159 0.0135 0.0073 0.3251 0.0134 0.0142 0.0119 0.0168 0.0126 0.0079 0.0066 0.0099 0.0130 0.0139 0.0182 0.0108 0.0121 0.0194 0.0126 0.0215 0.0122 0.0152 0.0058 0.0136 0.0111 0.0121 0.0116 0.0090 0.0222 0.0133 0.0068 0.0221 0.0099 0.0050 0.0069 0.0140 0.0106 0.0168 0.0056 0.0046 0.0144 0.0107 0.0083 0.0176 0.0084 0.0068 0.0067 
   H169633.4  1 0.0061 0.0096 0.0098 0.0093 0.0130 0.0134 0.0106 0.0083 0.0105 0.0069 0.4931 0.0106 0.0077 0.0106 0.0128 0.0131 0.0102 0.0057 0.0129 0.0096 0.0103 0.0099 0.0138 0.0129 0.0141 0.0098 0.0119 0.0094 0.0094 0.0070 0.0098 0.0109 0.0122 0.0085 0.0109 0.0123 0.0114 0.0054 0.0082 0.0097 0.0061 0.0095 0.0122 0.0067 0.0102 0.0051 0.0048 0.0080 0.0115 0.0083 0.0085 0.0038 0.0050 0.0091 
   H169633.5  1 0.0072 0.0101 0.0094 0.0126 0.0133 0.0136 0.0095 0.0096 0.0081 0.0062 0.4708 0.0114 0.0128 0.0124 0.0113 0.0139 0.0096 0.0051 0.0090 0.0119 0.0094 0.0120 0.0126 0.0132 0.0127 0.0115 0.0118 0.0135 0.0111 0.0059 0.0107 0.0118 0.0117 0.0126 0.0097 0.0105 0.0088 0.0066 0.0097 0.0099 0.0070 0.0072 0.0143 0.0073 0.0093 0.0060 0.0041 0.0125 0.0137 0.0084 0.0100 0.0046 0.0047 0.0076 
   H169688.1  1 0.0097 0.0087 0.0294 0.0086 0.0077 0.0087 0.0105 0.0126 0.0095 0.0051 0.0065 0.0090 0.0090 0.0078 0.0080 0.0105 0.0051 0.0089 0.0117 0.0115 0.0095 0.0100 0.0086 0.0087 0.0123 0.0097 0.0072 0.0089 0.0120 0.0060 0.0089 0.0090 0.0096 0.0087 0.0081 0.0101 0.0101 0.0179 0.0093 0.0055 0.0114 0.0101 0.0100 0.0060 0.0089 0.0060 0.0059 0.0091 0.0091 0.0082 0.0087 0.0067 0.5045 0.0070 
   H169688.2  1 0.0067 0.0062 0.0059 0.0077 0.0072 0.0068 0.0068 0.0063 0.0077 0.0051 0.0055 0.0069 0.0066 0.0081 0.0078 0.0078 0.0057 0.0084 0.0085 0.0075 0.0089 0.0078 0.0068 0.0060 0.0102 0.0087 0.0076 0.0071 0.0084 0.0101 0.0063 0.0076 0.0076 0.0082 0.0071 0.0081 0.0091 0.0046 0.0067 0.0048 0.0049 0.0061 0.0073 0.0144 0.0081 0.0061 0.0041 0.0075 0.0067 0.0056 0.0078 0.0119 0.6137 0.0048 
   H169688.3  1 0.0036 0.0055 0.0048 0.0058 0.0066 0.0065 0.0063 0.0056 0.0062 0.0049 0.0050 0.0058 0.0056 0.0058 0.0055 0.0053 0.0071 0.0057 0.0059 0.0065 0.0059 0.0053 0.0053 0.0052 0.0049 0.0064 0.0056 0.0065 0.0059 0.0078 0.0057 0.0059 0.0051 0.0059 0.0048 0.0061 0.0057 0.0056 0.0052 0.0051 0.0040 0.0049 0.0061 0.0097 0.0055 0.0062 0.0037 0.0055 0.0067 0.0034 0.0057 0.0046 0.7009 0.0054 
   H169688.4  1 0.0039 0.0058 0.0048 0.0049 0.0053 0.0050 0.0058 0.0056 0.0052 0.0065 0.0043 0.0065 0.0057 0.0059 0.0060 0.0047 0.0043 0.0038 0.0059 0.0054 0.0064 0.0057 0.0056 0.0054 0.0042 0.0057 0.0056 0.0062 0.0055 0.0041 0.0054 0.0057 0.0056 0.0054 0.0055 0.0064 0.0056 0.0043 0.0057 0.0049 0.0043 0.0042 0.0053 0.0066 0.0061 0.0033 0.0054 0.0053 0.0066 0.0040 0.0053 0.0031 0.7214 0.0046 
   H169688.5  1 0.0036 0.0053 0.0045 0.0051 0.0059 0.0067 0.0055 0.0056 0.0060 0.0055 0.0043 0.0059 0.0056 0.0059 0.0052 0.0063 0.0054 0.0042 0.0054 0.0056 0.0056 0.0053 0.0068 0.0054 0.0049 0.0055 0.0058 0.0056 0.0043 0.0040 0.0059 0.0056 0.0060 0.0057 0.0060 0.0061 0.0059 0.0049 0.0053 0.0052 0.0042 0.0042 0.0060 0.0056 0.0048 0.0036 0.0056 0.0064 0.0057 0.0042 0.0054 0.0034 0.7179 0.0054 
   H169688.6  1 0.0054 0.0071 0.0077 0.0169 0.0063 0.0056 0.0069 0.0058 0.0063 0.0052 0.0044 0.0077 0.0076 0.0067 0.0069 0.0066 0.0043 0.0453 0.0065 0.0075 0.0068 0.0067 0.0068 0.0055 0.0062 0.0055 0.0062 0.0061 0.0079 0.0052 0.0062 0.0065 0.0067 0.0070 0.0051 0.0073 0.0064 0.0042 0.0051 0.0045 0.0055 0.0062 0.0058 0.0052 0.0064 0.0047 0.0046 0.0060 0.0071 0.0077 0.0053 0.0048 0.6289 0.0034 
   H169688.7  1 0.0093 0.0095 0.0041 0.0056 0.0094 0.0083 0.0084 0.0081 0.0081 0.0098 0.0055 0.0073 0.0089 0.0114 0.0111 0.0067 0.0087 0.0053 0.0077 0.0068 0.0101 0.0080 0.0093 0.0082 0.0062 0.0083 0.0087 0.0094 0.0063 0.0062 0.0082 0.0072 0.0074 0.0097 0.0101 0.0083 0.0100 0.0102 0.0066 0.0061 0.0042 0.0069 0.0077 0.0110 0.0082 0.0045 0.0054 0.0095 0.0069 0.0033 0.0081 0.0081 0.5784 0.0134 
   H171901.1  1 0.0058 0.0235 0.0137 0.0083 0.0279 0.0152 0.0278 0.0340 0.0187 0.0146 0.0047 0.0306 0.0210 0.0271 0.0285 0.0137 0.0096 0.0062 0.0220 0.0196 0.0297 0.0249 0.0223 0.0187 0.0279 0.0222 0.0253 0.0410 0.0172 0.0128 0.0289 0.0212 0.0319 0.0276 0.0276 0.0155 0.0223 0.0054 0.0138 0.0104 0.0076 0.0057 0.0287 0.0057 0.0236 0.0054 0.0092 0.0207 0.0190 0.0032 0.0248 0.0055 0.0080 0.0137 
   H171901.2  1 0.0101 0.0172 0.0048 0.0201 0.0138 0.0239 0.0172 0.0194 0.0154 0.0068 0.2121 0.0153 0.0115 0.0185 0.0160 0.0125 0.0084 0.0037 0.0226 0.0254 0.0229 0.0153 0.0144 0.0151 0.0142 0.0194 0.0148 0.0136 0.0139 0.0285 0.0165 0.0160 0.0156 0.0192 0.0153 0.0181 0.0198 0.0096 0.0270 0.0113 0.0146 0.0097 0.0210 0.0051 0.0179 0.0043 0.0106 0.0181 0.0165 0.0055 0.0167 0.0116 0.0065 0.0066 
   H171901.3  1 0.0054 0.0185 0.0104 0.0633 0.0228 0.0176 0.0147 0.0216 0.0172 0.0087 0.1777 0.0198 0.0202 0.0175 0.0187 0.0186 0.0107 0.0059 0.0154 0.0171 0.0199 0.0184 0.0195 0.0166 0.0117 0.0180 0.0191 0.0217 0.0091 0.0077 0.0150 0.0196 0.0181 0.0188 0.0170 0.0125 0.0221 0.0067 0.0259 0.0094 0.0065 0.0076 0.0164 0.0082 0.0158 0.0036 0.0070 0.0137 0.0197 0.0065 0.0212 0.0134 0.0080 0.0041 
   H171901.4  1 0.0069 0.0130 0.0060 0.0137 0.0143 0.0143 0.0148 0.0097 0.0106 0.0108 0.3670 0.0113 0.0115 0.0139 0.0125 0.0123 0.0077 0.0059 0.0141 0.0099 0.0128 0.0111 0.0151 0.0129 0.0064 0.0109 0.0114 0.0112 0.0111 0.0277 0.0150 0.0131 0.0128 0.0133 0.0142 0.0166 0.0106 0.0074 0.0262 0.0077 0.0129 0.0095 0.0137 0.0061 0.0151 0.0047 0.0070 0.0124 0.0193 0.0054 0.0135 0.0225 0.0051 0.0048 
   H171901.5  1 0.0075 0.0217 0.0054 0.0593 0.0212 0.0187 0.0271 0.0172 0.0194 0.0168 0.0852 0.0150 0.0227 0.0206 0.0192 0.0193 0.0199 0.0076 0.0189 0.0199 0.0186 0.0208 0.0216 0.0165 0.0089 0.0221 0.0197 0.0120 0.0163 0.0110 0.0152 0.0183 0.0156 0.0173 0.0195 0.0211 0.0286 0.0080 0.0291 0.0084 0.0077 0.0139 0.0178 0.0078 0.0177 0.0051 0.0058 0.0148 0.0286 0.0062 0.0150 0.0377 0.0054 0.0054 
   H171901.6  1 0.0067 0.0200 0.0048 0.0432 0.0165 0.0180 0.0157 0.0219 0.0274 0.0127 0.0403 0.0247 0.0206 0.0283 0.0187 0.0226 0.0192 0.0077 0.0194 0.0151 0.0216 0.0243 0.0209 0.0242 0.0086 0.0208 0.0197 0.0182 0.0138 0.0086 0.0199 0.0251 0.0284 0.0274 0.0158 0.0219 0.0179 0.0126 0.0223 0.0069 0.0082 0.0102 0.0254 0.0097 0.0194 0.0044 0.0100 0.0206 0.0183 0.0064 0.0192 0.0541 0.0064 0.0052 
   H171901.7  1 0.0063 0.0245 0.0061 0.0320 0.0277 0.0153 0.0244 0.0337 0.0242 0.0076 0.0460 0.0187 0.0218 0.0156 0.0144 0.0165 0.0102 0.0060 0.0229 0.0184 0.0188 0.0181 0.0232 0.0193 0.0275 0.0216 0.0283 0.0251 0.0141 0.0054 0.0283 0.0218 0.0257 0.0141 0.0146 0.0172 0.0137 0.0069 0.0538 0.0062 0.0071 0.0066 0.0234 0.0068 0.0231 0.0036 0.0053 0.0187 0.0340 0.0096 0.0266 0.0204 0.0126 0.0060 
   H171902.1  1 0.0072 0.0058 0.0041 0.0056 0.0067 0.0045 0.0061 0.0058 0.0058 0.0052 0.0069 0.0064 0.0056 0.0059 0.0064 0.0072 0.0078 0.0066 0.0065 0.0066 0.0059 0.0072 0.0065 0.0060 0.0059 0.0060 0.0062 0.0060 0.0059 0.0042 0.0067 0.0064 0.0065 0.0055 0.0062 0.0059 0.0058 0.6809 0.0057 0.0045 0.0063 0.0047 0.0051 0.0052 0.0066 0.0041 0.0074 0.0060 0.0064 0.0042 0.0063 0.0111 0.0044 0.0059 
  H171902.10  1 0.0060 0.0066 0.0044 0.0058 0.0062 0.0051 0.0058 0.0065 0.0063 0.0096 0.0074 0.0058 0.0061 0.0066 0.0072 0.0060 0.0051 0.0060 0.0067 0.0063 0.0065 0.0057 0.0060 0.0070 0.0046 0.0073 0.0053 0.0060 0.0062 0.0049 0.0064 0.0062 0.0063 0.0061 0.0057 0.0062 0.0067 0.6832 0.0075 0.0051 0.0052 0.0062 0.0079 0.0042 0.0052 0.0040 0.0055 0.0061 0.0060 0.0036 0.0055 0.0036 0.0071 0.0053 
   H171902.2  1 0.0067 0.0076 0.0070 0.0073 0.0075 0.0069 0.0061 0.0073 0.0069 0.0055 0.0128 0.0088 0.0072 0.0076 0.0088 0.0088 0.0082 0.0092 0.0082 0.0071 0.0073 0.0080 0.0076 0.0068 0.0062 0.0074 0.0075 0.0077 0.0077 0.0052 0.0083 0.0076 0.0072 0.0085 0.0080 0.0088 0.0095 0.6055 0.0075 0.0046 0.0048 0.0041 0.0071 0.0055 0.0069 0.0047 0.0070 0.0072 0.0083 0.0034 0.0094 0.0174 0.0064 0.0054 
   H171902.3  1 0.0072 0.0091 0.0062 0.0112 0.0083 0.0065 0.0066 0.0066 0.0075 0.0070 0.0197 0.0065 0.0091 0.0079 0.0097 0.0070 0.0097 0.0057 0.0077 0.0075 0.0076 0.0071 0.0073 0.0076 0.0053 0.0062 0.0078 0.0077 0.0074 0.0048 0.0085 0.0080 0.0065 0.0063 0.0083 0.0097 0.0073 0.6043 0.0073 0.0049 0.0072 0.0059 0.0080 0.0060 0.0086 0.0037 0.0093 0.0062 0.0084 0.0041 0.0065 0.0098 0.0051 0.0043 
   H171902.4  1 0.0054 0.0063 0.0050 0.0121 0.0056 0.0052 0.0062 0.0073 0.0054 0.0058 0.0200 0.0064 0.0068 0.0071 0.0057 0.0077 0.0064 0.0046 0.0061 0.0066 0.0063 0.0060 0.0056 0.0055 0.0062 0.0057 0.0061 0.0072 0.0054 0.0050 0.0062 0.0068 0.0063 0.0065 0.0063 0.0068 0.0061 0.6688 0.0062 0.0058 0.0044 0.0053 0.0063 0.0049 0.0056 0.0037 0.0043 0.0063 0.0080 0.0034 0.0056 0.0043 0.0049 0.0064 
   H171902.6  1 0.0056 0.0065 0.0042 0.0075 0.0057 0.0059 0.0055 0.0058 0.0058 0.0057 0.0085 0.0055 0.0069 0.0051 0.0055 0.0061 0.0062 0.0050 0.0059 0.0059 0.0060 0.0060 0.0055 0.0057 0.0052 0.0058 0.0049 0.0055 0.0057 0.0046 0.0055 0.0055 0.0062 0.0057 0.0047 0.0061 0.0055 0.7056 0.0049 0.0058 0.0053 0.0059 0.0054 0.0050 0.0066 0.0032 0.0070 0.0046 0.0059 0.0041 0.0048 0.0040 0.0043 0.0046 
   H171902.7  1 0.0053 0.0098 0.0047 0.0212 0.0092 0.0063 0.0069 0.0082 0.0093 0.0087 0.0058 0.0074 0.0091 0.0088 0.0084 0.0084 0.0064 0.0044 0.0075 0.0081 0.0082 0.0077 0.0086 0.0064 0.0075 0.0089 0.0083 0.0083 0.0055 0.0055 0.0076 0.0073 0.0084 0.0079 0.0074 0.0097 0.0084 0.5847 0.0078 0.0060 0.0199 0.0081 0.0077 0.0050 0.0082 0.0036 0.0050 0.0099 0.0076 0.0037 0.0101 0.0036 0.0053 0.0084 
   H171902.8  1 0.0055 0.0069 0.0051 0.0098 0.0073 0.0057 0.0060 0.0073 0.0072 0.0071 0.0084 0.0073 0.0075 0.0083 0.0064 0.0061 0.0067 0.0052 0.0078 0.0072 0.0059 0.0066 0.0087 0.0068 0.0069 0.0067 0.0067 0.0068 0.0064 0.0048 0.0077 0.0064 0.0067 0.0073 0.0076 0.0072 0.0072 0.6490 0.0064 0.0050 0.0061 0.0056 0.0064 0.0051 0.0087 0.0034 0.0078 0.0078 0.0071 0.0041 0.0068 0.0057 0.0045 0.0054 
   H171902.9  1 0.0050 0.0054 0.0049 0.0054 0.0063 0.0060 0.0069 0.0055 0.0068 0.0044 0.0050 0.0060 0.0057 0.0067 0.0062 0.0061 0.0070 0.0041 0.0064 0.0057 0.0057 0.0061 0.0063 0.0058 0.0058 0.0071 0.0055 0.0051 0.0054 0.0055 0.0055 0.0062 0.0055 0.0050 0.0062 0.0061 0.0059 0.6875 0.0057 0.0055 0.0078 0.0057 0.0056 0.0048 0.0058 0.0054 0.0133 0.0070 0.0053 0.0040 0.0055 0.0052 0.0042 0.0076 
   H171903.1  1 0.0060 0.0132 0.0068 0.0066 0.0120 0.0099 0.0147 0.0122 0.0108 0.0147 0.0044 0.0112 0.0122 0.0107 0.0134 0.0103 0.0070 0.0037 0.0143 0.0129 0.0125 0.0146 0.0121 0.0122 0.0084 0.0096 0.0115 0.0134 0.0078 0.0075 0.0122 0.0104 0.0101 0.0135 0.0116 0.0164 0.0143 0.0054 0.0130 0.0069 0.4539 0.0051 0.0101 0.0069 0.0133 0.0064 0.0109 0.0115 0.0129 0.0066 0.0132 0.0050 0.0085 0.0052 
   H171903.2  1 0.0065 0.0242 0.0048 0.0084 0.0131 0.0195 0.0591 0.0196 0.0256 0.0096 0.0046 0.0189 0.0255 0.0267 0.0207 0.0215 0.0086 0.0048 0.0185 0.0259 0.0196 0.0203 0.0150 0.0189 0.0149 0.0390 0.0144 0.0260 0.0179 0.0288 0.0184 0.0220 0.0203 0.0208 0.0172 0.0171 0.0197 0.0053 0.0266 0.0102 0.0683 0.0071 0.0208 0.0091 0.0182 0.0134 0.0101 0.0188 0.0193 0.0137 0.0233 0.0073 0.0047 0.0073 
   H171903.3  1 0.0055 0.0186 0.0053 0.0108 0.0182 0.0140 0.0482 0.0282 0.0183 0.0063 0.0067 0.0203 0.0262 0.0236 0.0191 0.0279 0.0173 0.0045 0.0169 0.0234 0.0291 0.0184 0.0197 0.0307 0.0393 0.0365 0.0210 0.0194 0.0165 0.0163 0.0222 0.0208 0.0236 0.0225 0.0245 0.0198 0.0145 0.0047 0.0164 0.0064 0.0451 0.0108 0.0224 0.0090 0.0172 0.0060 0.0074 0.0250 0.0223 0.0170 0.0186 0.0044 0.0064 0.0066 
   H171903.4  1 0.0051 0.0198 0.0058 0.0097 0.0294 0.0121 0.0295 0.0270 0.0230 0.0110 0.0048 0.0194 0.0323 0.0196 0.0261 0.0176 0.0078 0.0043 0.0209 0.0182 0.0165 0.0201 0.0243 0.0217 0.0134 0.0224 0.0203 0.0385 0.0099 0.0070 0.0266 0.0330 0.0263 0.0279 0.0153 0.0322 0.0277 0.0123 0.0221 0.0084 0.0370 0.0095 0.0222 0.0063 0.0195 0.0093 0.0064 0.0274 0.0206 0.0063 0.0187 0.0073 0.0329 0.0073 
   H171903.5  1 0.0054 0.0212 0.0048 0.0133 0.0230 0.0196 0.0697 0.0277 0.0356 0.0075 0.0107 0.0167 0.0207 0.0226 0.0373 0.0253 0.0127 0.0057 0.0262 0.0243 0.0343 0.0185 0.0249 0.0294 0.0092 0.0398 0.0136 0.0229 0.0091 0.0098 0.0234 0.0230 0.0199 0.0248 0.0138 0.0231 0.0208 0.0049 0.0125 0.0091 0.0157 0.0056 0.0194 0.0081 0.0181 0.0102 0.0053 0.0288 0.0239 0.0060 0.0191 0.0056 0.0112 0.0059 
   H171903.6  1 0.0054 0.0166 0.0056 0.0120 0.0226 0.0193 0.0589 0.0174 0.0143 0.0090 0.0118 0.0188 0.0256 0.0209 0.0230 0.0194 0.0068 0.0046 0.0206 0.0215 0.0148 0.0137 0.0206 0.0333 0.0125 0.0282 0.0194 0.0331 0.0102 0.0042 0.0179 0.0178 0.0195 0.0162 0.0139 0.0246 0.0172 0.0080 0.0459 0.0060 0.0668 0.0053 0.0129 0.0068 0.0172 0.0053 0.0050 0.0169 0.0270 0.0067 0.0168 0.0034 0.0710 0.0078 
      H177.1  1 0.0085 0.0129 0.0057 0.0080 0.0125 0.0162 0.0176 0.0155 0.0129 0.0088 0.0071 0.0144 0.0138 0.0163 0.0116 0.0129 0.0052 0.0091 0.0155 0.0091 0.0139 0.0207 0.0131 0.0132 0.0622 0.0234 0.0139 0.0160 0.0122 0.0053 0.0179 0.0121 0.0129 0.0125 0.0085 0.0137 0.0151 0.0071 0.2789 0.0062 0.0088 0.0250 0.0164 0.0063 0.0190 0.0036 0.0071 0.0179 0.0368 0.0093 0.0184 0.0057 0.0082 0.0052 
      H177.2  1 0.0228 0.0218 0.0043 0.0143 0.0194 0.0163 0.0159 0.0172 0.0202 0.0111 0.0142 0.0206 0.0169 0.0240 0.0202 0.0205 0.0090 0.0184 0.0188 0.0232 0.0178 0.0219 0.0209 0.0213 0.0098 0.0254 0.0258 0.0164 0.0185 0.0051 0.0227 0.0178 0.0207 0.0188 0.0120 0.0149 0.0174 0.0061 0.0976 0.0105 0.0100 0.0225 0.0165 0.0088 0.0197 0.0048 0.0041 0.0214 0.0134 0.0057 0.0167 0.0071 0.0061 0.0727 
      H177.3  1 0.0070 0.0198 0.0043 0.0181 0.0194 0.0188 0.0177 0.0156 0.0207 0.0084 0.0106 0.0155 0.0156 0.0156 0.0149 0.0139 0.0086 0.0092 0.0142 0.0120 0.0135 0.0229 0.0209 0.0157 0.0091 0.0225 0.0168 0.0171 0.0164 0.0061 0.0183 0.0132 0.0185 0.0203 0.0080 0.0150 0.0203 0.0079 0.2487 0.0080 0.0083 0.0162 0.0147 0.0066 0.0194 0.0049 0.0061 0.0160 0.0238 0.0111 0.0206 0.0048 0.0064 0.0220 
      H177.4  1 0.0115 0.0139 0.0035 0.0082 0.0205 0.0088 0.0157 0.0176 0.0160 0.0066 0.0097 0.0141 0.0148 0.0146 0.0116 0.0110 0.0092 0.0648 0.0113 0.0145 0.0162 0.0096 0.0116 0.0150 0.0658 0.0206 0.0124 0.0158 0.0142 0.0090 0.0111 0.0114 0.0188 0.0152 0.0087 0.0133 0.0158 0.0083 0.2224 0.0064 0.0084 0.0082 0.0132 0.0069 0.0114 0.0146 0.0042 0.0178 0.0348 0.0266 0.0115 0.0106 0.0047 0.0078 
      H177.5  1 0.0265 0.0175 0.0047 0.0085 0.0198 0.0111 0.0168 0.0131 0.0186 0.0189 0.0065 0.0132 0.0149 0.0134 0.0164 0.0150 0.0066 0.0111 0.0135 0.0136 0.0135 0.0165 0.0129 0.0138 0.1063 0.0236 0.0157 0.0151 0.0088 0.0070 0.0203 0.0171 0.0175 0.0193 0.0126 0.0187 0.0156 0.0059 0.1872 0.0085 0.0055 0.0114 0.0153 0.0097 0.0187 0.0094 0.0048 0.0135 0.0237 0.0066 0.0125 0.0126 0.0123 0.0084 
      H177.6  1 0.0106 0.0169 0.0043 0.0230 0.0161 0.0138 0.0211 0.0179 0.0179 0.0086 0.0209 0.0176 0.0143 0.0165 0.0201 0.0116 0.0112 0.0111 0.0171 0.0131 0.0176 0.0164 0.0134 0.0141 0.0117 0.0225 0.0147 0.0146 0.0127 0.0053 0.0155 0.0184 0.0174 0.0165 0.0083 0.0213 0.0185 0.0088 0.2624 0.0071 0.0062 0.0147 0.0178 0.0067 0.0155 0.0041 0.0058 0.0139 0.0229 0.0081 0.0192 0.0054 0.0056 0.0130 
      H179.1  1 0.0069 0.0088 0.0078 0.0064 0.0098 0.0102 0.0103 0.0084 0.0085 0.0064 0.0053 0.0080 0.0163 0.0098 0.0090 0.0105 0.0067 0.5377 0.0082 0.0105 0.0105 0.0108 0.0101 0.0093 0.0079 0.0105 0.0090 0.0094 0.0074 0.0060 0.0087 0.0093 0.0076 0.0093 0.0088 0.0125 0.0096 0.0058 0.0091 0.0083 0.0053 0.0044 0.0084 0.0199 0.0086 0.0069 0.0057 0.0089 0.0103 0.0032 0.0103 0.0066 0.0128 0.0036 
      H179.2  1 0.0049 0.0103 0.0068 0.0101 0.0117 0.0078 0.0193 0.0157 0.0121 0.0089 0.0050 0.0131 0.0387 0.0131 0.0135 0.0129 0.0151 0.3464 0.0107 0.0108 0.0160 0.0097 0.0151 0.0163 0.0064 0.0089 0.0129 0.0132 0.0125 0.0069 0.0114 0.0101 0.0128 0.0151 0.0115 0.0553 0.0161 0.0068 0.0136 0.0061 0.0070 0.0070 0.0118 0.0175 0.0128 0.0042 0.0051 0.0097 0.0197 0.0114 0.0117 0.0056 0.0099 0.0032 
      H179.3  1 0.0049 0.0123 0.0100 0.0072 0.0150 0.0214 0.0137 0.0114 0.0149 0.0069 0.0045 0.0145 0.0392 0.0111 0.0165 0.0125 0.0081 0.3060 0.0112 0.0142 0.0171 0.0103 0.0167 0.0151 0.0100 0.0132 0.0141 0.0150 0.0095 0.0043 0.0124 0.0191 0.0167 0.0118 0.0112 0.0426 0.0181 0.0054 0.0132 0.0081 0.0083 0.0055 0.0119 0.0080 0.0126 0.0066 0.0092 0.0194 0.0144 0.0047 0.0133 0.0098 0.0331 0.0038 
      H179.4  1 0.0068 0.0177 0.0058 0.0187 0.0122 0.0157 0.0141 0.0148 0.0134 0.0048 0.0086 0.0119 0.0283 0.0147 0.0122 0.0147 0.0101 0.2806 0.0121 0.0081 0.0094 0.0132 0.0140 0.0148 0.0097 0.0101 0.0127 0.0094 0.0105 0.0072 0.0134 0.0156 0.0140 0.0127 0.0106 0.0257 0.0124 0.0058 0.0140 0.0071 0.0076 0.0218 0.0151 0.0111 0.0155 0.0056 0.0044 0.0176 0.0238 0.0451 0.0164 0.0346 0.0079 0.0057 
      H180.1  1 0.0052 0.0082 0.0070 0.0047 0.0093 0.0087 0.0081 0.0074 0.0104 0.5824 0.0038 0.0093 0.0084 0.0085 0.0095 0.0090 0.0086 0.0164 0.0078 0.0082 0.0080 0.0079 0.0082 0.0096 0.0052 0.0076 0.0087 0.0075 0.0111 0.0057 0.0072 0.0083 0.0105 0.0106 0.0100 0.0095 0.0088 0.0080 0.0125 0.0056 0.0061 0.0049 0.0079 0.0065 0.0079 0.0045 0.0071 0.0100 0.0067 0.0041 0.0086 0.0044 0.0063 0.0035 
      H180.2  1 0.0075 0.0073 0.0146 0.0064 0.0080 0.0083 0.0072 0.0115 0.0103 0.5854 0.0050 0.0092 0.0095 0.0086 0.0081 0.0080 0.0062 0.0058 0.0084 0.0104 0.0076 0.0081 0.0082 0.0073 0.0061 0.0087 0.0088 0.0083 0.0084 0.0062 0.0087 0.0088 0.0098 0.0112 0.0088 0.0076 0.0076 0.0042 0.0068 0.0072 0.0050 0.0041 0.0098 0.0108 0.0080 0.0034 0.0060 0.0087 0.0067 0.0049 0.0105 0.0046 0.0083 0.0048 
      H180.3  1 0.0106 0.0141 0.0071 0.0086 0.0191 0.0106 0.0079 0.0145 0.0165 0.2884 0.0058 0.0103 0.0144 0.0193 0.0163 0.0098 0.0143 0.0055 0.0112 0.0155 0.0114 0.0108 0.0107 0.0128 0.0079 0.0162 0.0144 0.0106 0.0089 0.0066 0.0153 0.0101 0.0125 0.0129 0.0653 0.0169 0.0135 0.0060 0.0099 0.0063 0.0074 0.0047 0.0124 0.0135 0.0109 0.0039 0.0879 0.0104 0.0150 0.0054 0.0097 0.0044 0.0079 0.0075 
      H180.4  1 0.0075 0.0121 0.0137 0.0166 0.0121 0.0112 0.0109 0.0142 0.0135 0.4274 0.0079 0.0142 0.0151 0.0128 0.0135 0.0131 0.0063 0.0067 0.0118 0.0102 0.0110 0.0165 0.0146 0.0106 0.0062 0.0119 0.0149 0.0124 0.0144 0.0082 0.0128 0.0126 0.0135 0.0134 0.0126 0.0135 0.0141 0.0084 0.0116 0.0067 0.0060 0.0051 0.0128 0.0061 0.0143 0.0051 0.0058 0.0106 0.0112 0.0040 0.0116 0.0077 0.0041 0.0046 
      H180.5  1 0.0092 0.0087 0.0051 0.0097 0.0098 0.0090 0.0105 0.0089 0.0090 0.5705 0.0054 0.0081 0.0103 0.0075 0.0079 0.0078 0.0057 0.0084 0.0069 0.0099 0.0092 0.0084 0.0113 0.0076 0.0086 0.0091 0.0069 0.0089 0.0083 0.0049 0.0104 0.0109 0.0097 0.0083 0.0091 0.0110 0.0096 0.0059 0.0114 0.0056 0.0051 0.0048 0.0082 0.0052 0.0092 0.0042 0.0065 0.0092 0.0105 0.0038 0.0100 0.0060 0.0083 0.0055 
      H180.6  1 0.0326 0.0122 0.0048 0.0126 0.0166 0.0089 0.0153 0.0235 0.0220 0.1565 0.0113 0.0173 0.0152 0.0152 0.0168 0.0206 0.0074 0.0087 0.0181 0.0143 0.0228 0.0217 0.0167 0.0144 0.0174 0.0135 0.0184 0.0161 0.0108 0.0083 0.0173 0.0205 0.0135 0.0139 0.0776 0.0138 0.0214 0.0080 0.0089 0.0077 0.0062 0.0044 0.0154 0.0060 0.0170 0.0044 0.0371 0.0228 0.0161 0.0045 0.0236 0.0064 0.0056 0.0177 
      H181.1  1 0.0114 0.0157 0.0052 0.0243 0.0149 0.0161 0.0189 0.0138 0.0193 0.0087 0.0134 0.0238 0.0214 0.0145 0.0154 0.0197 0.0078 0.0137 0.0123 0.0164 0.0174 0.0157 0.0211 0.0211 0.0064 0.0164 0.0199 0.0180 0.2255 0.0076 0.0174 0.0160 0.0200 0.0171 0.0146 0.0263 0.0189 0.0113 0.0251 0.0068 0.0067 0.0062 0.0227 0.0063 0.0234 0.0046 0.0037 0.0146 0.0144 0.0061 0.0229 0.0040 0.0080 0.0067 
      H181.2  1 0.0130 0.0120 0.0074 0.0107 0.0112 0.0136 0.0099 0.0155 0.0130 0.0132 0.0087 0.0166 0.0110 0.0120 0.0164 0.0140 0.0080 0.0277 0.0161 0.0169 0.0137 0.0152 0.0113 0.0094 0.0079 0.0173 0.0124 0.0120 0.3327 0.0063 0.0124 0.0093 0.0133 0.0137 0.0124 0.0121 0.0120 0.0129 0.0591 0.0056 0.0076 0.0098 0.0122 0.0065 0.0124 0.0043 0.0051 0.0103 0.0142 0.0046 0.0141 0.0155 0.0058 0.0098 
      H181.3  1 0.0156 0.0139 0.0080 0.0138 0.0137 0.0112 0.0133 0.0232 0.0149 0.0072 0.0101 0.0133 0.0122 0.0137 0.0113 0.0141 0.0057 0.0114 0.0151 0.0116 0.0090 0.0133 0.0119 0.0099 0.0085 0.0104 0.0137 0.0107 0.3748 0.0088 0.0163 0.0114 0.0093 0.0117 0.0084 0.0125 0.0119 0.0101 0.0562 0.0087 0.0069 0.0067 0.0124 0.0050 0.0122 0.0048 0.0048 0.0147 0.0120 0.0042 0.0151 0.0064 0.0067 0.0076 
      H181.4  1 0.0424 0.0315 0.0064 0.0179 0.0192 0.0223 0.0274 0.0160 0.0238 0.0079 0.0135 0.0221 0.0145 0.0195 0.0168 0.0163 0.0072 0.0073 0.0250 0.0273 0.0199 0.0203 0.0254 0.0206 0.0091 0.0256 0.0205 0.0212 0.0588 0.0093 0.0226 0.0240 0.0217 0.0234 0.0140 0.0206 0.0254 0.0071 0.0163 0.0097 0.0080 0.0075 0.0207 0.0097 0.0377 0.0053 0.0083 0.0273 0.0203 0.0077 0.0227 0.0081 0.0090 0.0078 
      H181.5  1 0.0088 0.0104 0.0095 0.0082 0.0093 0.0118 0.0109 0.0123 0.0095 0.0057 0.0061 0.0108 0.0123 0.0092 0.0127 0.0120 0.0080 0.0483 0.0108 0.0107 0.0114 0.0123 0.0153 0.0085 0.0070 0.0118 0.0093 0.0106 0.4015 0.0103 0.0141 0.0103 0.0103 0.0105 0.0118 0.0106 0.0112 0.0074 0.0636 0.0066 0.0051 0.0057 0.0097 0.0086 0.0128 0.0066 0.0036 0.0108 0.0114 0.0067 0.0136 0.0046 0.0053 0.0037 
      H181.6  1 0.0072 0.0094 0.0059 0.0081 0.0112 0.0137 0.0097 0.0138 0.0162 0.0111 0.0058 0.0115 0.0099 0.0114 0.0100 0.0136 0.0092 0.0821 0.0129 0.0167 0.0137 0.0144 0.0100 0.0142 0.0077 0.0107 0.0114 0.0128 0.3285 0.0104 0.0097 0.0163 0.0112 0.0155 0.0141 0.0098 0.0096 0.0067 0.0580 0.0059 0.0078 0.0054 0.0120 0.0089 0.0105 0.0049 0.0061 0.0135 0.0116 0.0064 0.0123 0.0111 0.0046 0.0048 
      H181.7  1 0.0079 0.0163 0.0047 0.0077 0.0129 0.0130 0.0192 0.0149 0.0140 0.0052 0.0093 0.0142 0.0122 0.0156 0.0140 0.0140 0.0091 0.0450 0.0139 0.0114 0.0162 0.0136 0.0151 0.0169 0.0084 0.0154 0.0204 0.0124 0.3383 0.0116 0.0108 0.0105 0.0148 0.0110 0.0088 0.0149 0.0135 0.0072 0.0462 0.0076 0.0061 0.0060 0.0102 0.0091 0.0135 0.0056 0.0038 0.0104 0.0097 0.0079 0.0114 0.0047 0.0076 0.0059 
 H194.1_2004  1 0.0057 0.0101 0.0045 0.0083 0.0094 0.0094 0.0094 0.0095 0.0077 0.0049 0.0078 0.0105 0.0106 0.0091 0.0097 0.0114 0.0082 0.0038 0.0086 0.0088 0.0111 0.0096 0.0093 0.0088 0.5452 0.0103 0.0099 0.0120 0.0083 0.0057 0.0102 0.0088 0.0101 0.0098 0.0118 0.0066 0.0102 0.0063 0.0089 0.0069 0.0183 0.0051 0.0076 0.0073 0.0110 0.0039 0.0051 0.0107 0.0100 0.0052 0.0083 0.0058 0.0064 0.0081 
 H194.2_2004  1 0.0053 0.0104 0.0067 0.0069 0.0097 0.0082 0.0121 0.0081 0.0071 0.0050 0.0048 0.0083 0.0103 0.0083 0.0065 0.0084 0.0063 0.0036 0.0070 0.0090 0.0073 0.0076 0.0095 0.0103 0.5581 0.0073 0.0082 0.0144 0.0077 0.0054 0.0106 0.0092 0.0079 0.0093 0.0074 0.0101 0.0080 0.0064 0.0083 0.0072 0.0263 0.0049 0.0078 0.0050 0.0080 0.0035 0.0050 0.0076 0.0242 0.0036 0.0078 0.0061 0.0047 0.0134 
 H194.3_2004  1 0.0066 0.0142 0.0049 0.0275 0.0138 0.0118 0.0107 0.0120 0.0165 0.0045 0.0226 0.0123 0.0138 0.0082 0.0131 0.0145 0.0125 0.0082 0.0130 0.0096 0.0172 0.0133 0.0127 0.0094 0.3234 0.0140 0.0119 0.0143 0.0132 0.0065 0.0127 0.0146 0.0130 0.0155 0.0112 0.0109 0.0155 0.0077 0.0133 0.0075 0.0086 0.0106 0.0121 0.0478 0.0180 0.0041 0.0035 0.0131 0.0183 0.0060 0.0162 0.0118 0.0067 0.0148 
 H194.4_2004  1 0.0078 0.0081 0.0057 0.0145 0.0090 0.0096 0.0089 0.0077 0.0066 0.0044 0.0095 0.0089 0.0120 0.0081 0.0083 0.0093 0.0085 0.0058 0.0088 0.0074 0.0094 0.0087 0.0128 0.0087 0.5116 0.0089 0.0108 0.0095 0.0093 0.0063 0.0094 0.0090 0.0114 0.0086 0.0070 0.0076 0.0113 0.0073 0.0110 0.0054 0.0065 0.0070 0.0087 0.0054 0.0105 0.0034 0.0055 0.0103 0.0459 0.0054 0.0086 0.0086 0.0049 0.0166 
 H194.5_2004  1 0.0081 0.0125 0.0046 0.0110 0.0113 0.0097 0.0119 0.0163 0.0103 0.0037 0.0158 0.0149 0.0087 0.0115 0.0097 0.0128 0.0159 0.0061 0.0125 0.0099 0.0094 0.0114 0.0134 0.0133 0.4232 0.0094 0.0114 0.0135 0.0089 0.0072 0.0097 0.0113 0.0106 0.0085 0.0087 0.0135 0.0107 0.0060 0.0091 0.0084 0.0119 0.0123 0.0126 0.0228 0.0163 0.0042 0.0049 0.0127 0.0135 0.0077 0.0122 0.0219 0.0055 0.0067 
 H194.6_2004  1 0.0066 0.0134 0.0049 0.0210 0.0120 0.0082 0.0212 0.0126 0.0120 0.0043 0.0112 0.0151 0.0131 0.0142 0.0142 0.0119 0.0133 0.0062 0.0123 0.0137 0.0145 0.0133 0.0132 0.0124 0.2538 0.0115 0.0122 0.0282 0.0093 0.0061 0.0158 0.0149 0.0118 0.0144 0.0078 0.0145 0.0108 0.0114 0.0700 0.0068 0.0084 0.0079 0.0155 0.0257 0.0116 0.0038 0.0075 0.0160 0.0531 0.0149 0.0131 0.0147 0.0068 0.0068 
 H194.7_2004  1 0.0073 0.0076 0.0053 0.0088 0.0104 0.0085 0.0077 0.0106 0.0093 0.0046 0.0043 0.0104 0.0069 0.0076 0.0083 0.0062 0.0062 0.0034 0.0093 0.0097 0.0080 0.0069 0.0076 0.0074 0.6134 0.0077 0.0101 0.0073 0.0079 0.0061 0.0065 0.0106 0.0069 0.0079 0.0064 0.0083 0.0074 0.0043 0.0067 0.0073 0.0077 0.0052 0.0087 0.0062 0.0066 0.0038 0.0039 0.0077 0.0128 0.0049 0.0077 0.0044 0.0057 0.0076 
 H194.8_2004  1 0.0093 0.0084 0.0066 0.0097 0.0102 0.0100 0.0095 0.0091 0.0106 0.0041 0.0095 0.0070 0.0087 0.0083 0.0089 0.0126 0.0080 0.0053 0.0093 0.0094 0.0095 0.0094 0.0099 0.0099 0.4879 0.0093 0.0082 0.0165 0.0104 0.0063 0.0087 0.0108 0.0099 0.0079 0.0066 0.0092 0.0089 0.0065 0.0123 0.0049 0.0095 0.0070 0.0094 0.0067 0.0092 0.0039 0.0086 0.0108 0.0552 0.0073 0.0083 0.0144 0.0043 0.0079 
      H194.9  1 0.0109 0.0122 0.0056 0.0059 0.0078 0.0080 0.0064 0.0066 0.0080 0.0040 0.0065 0.0096 0.0064 0.0078 0.0070 0.0083 0.0075 0.0036 0.0095 0.0088 0.0085 0.0078 0.0075 0.0076 0.5935 0.0097 0.0073 0.0068 0.0080 0.0061 0.0080 0.0082 0.0087 0.0063 0.0087 0.0087 0.0083 0.0057 0.0062 0.0065 0.0089 0.0049 0.0138 0.0051 0.0097 0.0040 0.0087 0.0071 0.0164 0.0048 0.0085 0.0082 0.0051 0.0062 
 H195.1_2003  1 0.0042 0.0053 0.0047 0.0053 0.0049 0.0040 0.0057 0.0048 0.0044 0.0042 0.0063 0.0047 0.0056 0.0050 0.0051 0.0049 0.0051 0.0046 0.0042 0.0056 0.0036 0.0051 0.0050 0.0046 0.0045 0.0046 0.0043 0.0055 0.0046 0.0041 0.0047 0.0044 0.0048 0.0046 0.0054 0.0043 0.0051 0.0042 0.0053 0.0037 0.0039 0.0044 0.0044 0.0041 0.0053 0.0036 0.0036 0.0048 0.0053 0.0035 0.0048 0.7538 0.0037 0.0041 
 H195.1_2004  1 0.0055 0.0073 0.0048 0.0089 0.0057 0.0055 0.0067 0.0069 0.0075 0.0073 0.0101 0.0083 0.0069 0.0061 0.0084 0.0077 0.0069 0.0037 0.0055 0.0083 0.0075 0.0063 0.0071 0.0063 0.0064 0.0071 0.0076 0.0068 0.0086 0.0053 0.0058 0.0065 0.0077 0.0067 0.0060 0.0068 0.0062 0.0070 0.0075 0.0071 0.0051 0.0099 0.0078 0.0044 0.0065 0.0051 0.0034 0.0068 0.0085 0.0039 0.0076 0.0101 0.0051 0.6413 
 H195.2_2003  1 0.0135 0.0079 0.0037 0.0044 0.0108 0.0079 0.0084 0.0107 0.0085 0.0048 0.0044 0.0102 0.0087 0.0079 0.0081 0.0080 0.0069 0.0036 0.0094 0.0085 0.0088 0.0094 0.0104 0.0091 0.0078 0.0090 0.0107 0.0084 0.0066 0.0071 0.0080 0.0078 0.0094 0.0074 0.0101 0.0071 0.0109 0.0087 0.0093 0.0074 0.0125 0.0086 0.0090 0.0052 0.0084 0.0055 0.0211 0.0105 0.0071 0.0050 0.0081 0.5090 0.0522 0.0082 
 H195.2_2004  1 0.0095 0.0078 0.0045 0.0103 0.0075 0.0050 0.0067 0.0069 0.0068 0.0066 0.0089 0.0071 0.0063 0.0065 0.0064 0.0089 0.0059 0.0045 0.0058 0.0073 0.0064 0.0070 0.0061 0.0060 0.0081 0.0074 0.0059 0.0060 0.0056 0.0049 0.0063 0.0062 0.0062 0.0068 0.0064 0.0075 0.0072 0.0052 0.0065 0.0048 0.0054 0.0067 0.0073 0.0057 0.0087 0.0052 0.0050 0.0078 0.0070 0.0049 0.0065 0.1476 0.0171 0.4996 
 H195.3_2003  1 0.0117 0.0112 0.0071 0.0056 0.0112 0.0119 0.0104 0.0094 0.0082 0.0057 0.0043 0.0109 0.0114 0.0095 0.0120 0.0103 0.0054 0.0038 0.0115 0.0096 0.0133 0.0098 0.0110 0.0125 0.0093 0.0128 0.0087 0.0105 0.0076 0.0099 0.0121 0.0119 0.0139 0.0063 0.0116 0.0114 0.0128 0.0060 0.0070 0.0076 0.0176 0.0079 0.0102 0.0083 0.0120 0.0064 0.0385 0.0077 0.0099 0.0050 0.0101 0.4535 0.0195 0.0060 
 H195.3_2004  1 0.0055 0.0066 0.0053 0.0245 0.0086 0.0077 0.0070 0.0062 0.0058 0.0047 0.0147 0.0073 0.0068 0.0084 0.0065 0.0063 0.0087 0.0052 0.0068 0.0085 0.0083 0.0084 0.0062 0.0091 0.0088 0.0075 0.0074 0.0066 0.0072 0.0053 0.0081 0.0078 0.0065 0.0074 0.0070 0.0072 0.0084 0.0069 0.0079 0.0055 0.0061 0.0122 0.0073 0.0049 0.0074 0.0047 0.0038 0.0092 0.0067 0.0050 0.0070 0.2409 0.0049 0.3714 
 H195.4_2003  1 0.0041 0.0060 0.0037 0.0260 0.0062 0.0041 0.0065 0.0068 0.0059 0.0039 0.0088 0.0065 0.0058 0.0061 0.0065 0.0061 0.0116 0.0049 0.0059 0.0063 0.0068 0.0048 0.0053 0.0055 0.0065 0.0062 0.0053 0.0060 0.0056 0.0041 0.0055 0.0054 0.0061 0.0062 0.0053 0.0055 0.0063 0.0040 0.0055 0.0058 0.0043 0.0042 0.0051 0.0050 0.0059 0.0073 0.0039 0.0058 0.0056 0.0044 0.0055 0.6489 0.0039 0.0370 
 H195.4_2004  1 0.0073 0.0057 0.0056 0.0083 0.0066 0.0054 0.0080 0.0073 0.0057 0.0042 0.0082 0.0079 0.0081 0.0068 0.0074 0.0068 0.0055 0.0057 0.0070 0.0064 0.0068 0.0073 0.0060 0.0072 0.0079 0.0082 0.0078 0.0062 0.0059 0.0039 0.0068 0.0064 0.0080 0.0064 0.0056 0.0057 0.0081 0.0051 0.0065 0.0050 0.0071 0.0068 0.0080 0.0062 0.0080 0.0038 0.0036 0.0070 0.0066 0.0068 0.0091 0.0443 0.0178 0.6003 
 H195.5_2003  1 0.0042 0.0059 0.0078 0.0057 0.0068 0.0046 0.0048 0.0052 0.0055 0.0068 0.0063 0.0060 0.0059 0.0058 0.0058 0.0066 0.0074 0.0037 0.0067 0.0061 0.0067 0.0063 0.0048 0.0063 0.0057 0.0059 0.0063 0.0056 0.0049 0.0041 0.0060 0.0066 0.0064 0.0063 0.0058 0.0055 0.0067 0.0044 0.0053 0.0059 0.0045 0.0085 0.0061 0.0042 0.0064 0.0058 0.0040 0.0063 0.0060 0.0051 0.0055 0.6962 0.0042 0.0040 
 H195.5_2004  1 0.0048 0.0065 0.0104 0.0070 0.0065 0.0069 0.0066 0.0078 0.0071 0.0060 0.0056 0.0071 0.0058 0.0072 0.0071 0.0071 0.0050 0.0049 0.0055 0.0068 0.0070 0.0081 0.0077 0.0067 0.0064 0.0056 0.0074 0.0067 0.0060 0.0077 0.0075 0.0063 0.0093 0.0062 0.0052 0.0071 0.0067 0.0050 0.0064 0.0051 0.0041 0.0074 0.0062 0.0054 0.0066 0.0041 0.0034 0.0066 0.0069 0.0060 0.0065 0.0467 0.0059 0.6183 
 H195.6_2003  1 0.0064 0.0077 0.0041 0.0061 0.0088 0.0101 0.0099 0.0107 0.0063 0.0052 0.0040 0.0092 0.0080 0.0111 0.0096 0.0083 0.0048 0.0042 0.0082 0.0090 0.0076 0.0105 0.0075 0.0105 0.0050 0.0073 0.0082 0.0081 0.0079 0.0059 0.0099 0.0087 0.0115 0.0125 0.0112 0.0093 0.0111 0.0110 0.0056 0.0092 0.0131 0.0076 0.0082 0.0050 0.0112 0.0117 0.0144 0.0080 0.0095 0.0054 0.0083 0.4915 0.0265 0.0490 
 H195.6_2004  1 0.0045 0.0080 0.0059 0.0076 0.0062 0.0056 0.0057 0.0074 0.0061 0.0040 0.0064 0.0054 0.0062 0.0067 0.0057 0.0070 0.0055 0.0061 0.0072 0.0061 0.0055 0.0054 0.0059 0.0066 0.0093 0.0056 0.0078 0.0076 0.0055 0.0079 0.0062 0.0067 0.0053 0.0061 0.0075 0.0062 0.0064 0.0069 0.0062 0.0044 0.0071 0.0073 0.0055 0.0058 0.0063 0.0049 0.0030 0.0058 0.0055 0.0053 0.0061 0.2170 0.0066 0.4613 
 H195.7_2003  1 0.0068 0.0074 0.0044 0.0060 0.0100 0.0057 0.0087 0.0092 0.0066 0.0044 0.0059 0.0092 0.0070 0.0088 0.0084 0.0083 0.0075 0.0039 0.0095 0.0078 0.0073 0.0072 0.0083 0.0074 0.0068 0.0073 0.0069 0.0069 0.0075 0.0068 0.0081 0.0087 0.0101 0.0073 0.0072 0.0066 0.0084 0.0045 0.0048 0.0058 0.0069 0.0058 0.0064 0.0052 0.0095 0.0059 0.0033 0.0072 0.0084 0.0054 0.0079 0.5685 0.0434 0.0268 
 H195.7_2004  1 0.0053 0.0060 0.0048 0.0055 0.0050 0.0059 0.0061 0.0059 0.0060 0.0067 0.0052 0.0056 0.0058 0.0057 0.0058 0.0068 0.0047 0.0038 0.0060 0.0073 0.0068 0.0064 0.0067 0.0072 0.0053 0.0071 0.0056 0.0055 0.0058 0.0040 0.0067 0.0058 0.0065 0.0076 0.0077 0.0058 0.0056 0.0049 0.0053 0.0045 0.0055 0.0067 0.0060 0.0047 0.0064 0.0048 0.0064 0.0062 0.0063 0.0037 0.0067 0.0086 0.0102 0.6832 
      H195.8  1 0.0043 0.0052 0.0052 0.0055 0.0057 0.0064 0.0058 0.0054 0.0058 0.0054 0.0049 0.0061 0.0058 0.0064 0.0054 0.0059 0.0048 0.0034 0.0054 0.0057 0.0059 0.0065 0.0061 0.0057 0.0061 0.0058 0.0053 0.0054 0.0059 0.0038 0.0063 0.0057 0.0051 0.0059 0.0057 0.0052 0.0052 0.0050 0.0054 0.0051 0.0051 0.0057 0.0051 0.0036 0.0057 0.0046 0.0040 0.0055 0.0055 0.0050 0.0055 0.0061 0.0051 0.7139 
      H195.9  1 0.0091 0.0082 0.0035 0.0099 0.0065 0.0066 0.0083 0.0073 0.0070 0.0062 0.0115 0.0079 0.0109 0.0094 0.0093 0.0069 0.0074 0.0044 0.0082 0.0090 0.0086 0.0101 0.0072 0.0088 0.0103 0.0097 0.0085 0.0106 0.0068 0.0056 0.0122 0.0081 0.0097 0.0101 0.0068 0.0092 0.0079 0.0063 0.0117 0.0059 0.0093 0.0107 0.0085 0.0082 0.0077 0.0042 0.0041 0.0100 0.0089 0.0079 0.0121 0.0727 0.0065 0.4975 
      H415.1  1 0.0052 0.0093 0.0060 0.0081 0.0089 0.0110 0.0089 0.0092 0.0074 0.0067 0.0086 0.0086 0.0083 0.0082 0.0107 0.0074 0.5712 0.0059 0.0089 0.0110 0.0079 0.0078 0.0087 0.0082 0.0070 0.0084 0.0106 0.0097 0.0078 0.0073 0.0079 0.0094 0.0082 0.0080 0.0096 0.0096 0.0090 0.0070 0.0080 0.0073 0.0053 0.0052 0.0095 0.0072 0.0098 0.0036 0.0120 0.0083 0.0086 0.0035 0.0088 0.0063 0.0092 0.0058 
      H415.2  1 0.0081 0.0318 0.0050 0.0068 0.0232 0.0187 0.0148 0.0265 0.0189 0.0073 0.0069 0.0170 0.0159 0.0225 0.0244 0.0219 0.1083 0.0132 0.0222 0.0230 0.0226 0.0263 0.0199 0.0186 0.0118 0.0237 0.0162 0.0216 0.0126 0.0062 0.0144 0.0228 0.0144 0.0126 0.0209 0.0169 0.0174 0.0626 0.0162 0.0123 0.0085 0.0102 0.0207 0.0130 0.0179 0.0172 0.0095 0.0225 0.0114 0.0046 0.0183 0.0046 0.0086 0.0066 
      H415.3  1 0.0093 0.0073 0.0044 0.0077 0.0076 0.0082 0.0091 0.0102 0.0075 0.0083 0.0158 0.0079 0.0081 0.0088 0.0078 0.0097 0.5568 0.0224 0.0088 0.0077 0.0097 0.0096 0.0092 0.0090 0.0071 0.0093 0.0084 0.0080 0.0087 0.0060 0.0101 0.0087 0.0069 0.0081 0.0072 0.0079 0.0083 0.0072 0.0095 0.0083 0.0059 0.0053 0.0099 0.0063 0.0084 0.0108 0.0041 0.0096 0.0061 0.0048 0.0104 0.0063 0.0063 0.0054 
      H415.4  1 0.0045 0.0067 0.0042 0.0078 0.0066 0.0070 0.0064 0.0080 0.0063 0.0056 0.0074 0.0065 0.0075 0.0059 0.0064 0.0070 0.6659 0.0043 0.0074 0.0060 0.0053 0.0089 0.0079 0.0068 0.0066 0.0062 0.0052 0.0069 0.0053 0.0056 0.0057 0.0060 0.0062 0.0076 0.0078 0.0071 0.0067 0.0069 0.0068 0.0057 0.0048 0.0055 0.0061 0.0085 0.0063 0.0035 0.0073 0.0072 0.0068 0.0039 0.0069 0.0059 0.0040 0.0046 
      H415.5  1 0.0057 0.0069 0.0044 0.0106 0.0067 0.0081 0.0060 0.0072 0.0066 0.0063 0.0087 0.0075 0.0074 0.0065 0.0074 0.0072 0.6521 0.0056 0.0069 0.0058 0.0071 0.0070 0.0075 0.0068 0.0072 0.0064 0.0072 0.0078 0.0072 0.0045 0.0065 0.0059 0.0062 0.0070 0.0057 0.0069 0.0070 0.0081 0.0063 0.0045 0.0049 0.0050 0.0075 0.0091 0.0067 0.0039 0.0035 0.0081 0.0059 0.0047 0.0076 0.0063 0.0054 0.0048 
      H415.6  1 0.0049 0.0078 0.0046 0.0070 0.0059 0.0077 0.0071 0.0062 0.0070 0.0057 0.0068 0.0058 0.0077 0.0063 0.0063 0.0063 0.6644 0.0041 0.0077 0.0074 0.0059 0.0066 0.0070 0.0066 0.0063 0.0055 0.0066 0.0074 0.0061 0.0047 0.0075 0.0061 0.0079 0.0078 0.0076 0.0064 0.0064 0.0066 0.0056 0.0059 0.0048 0.0067 0.0066 0.0085 0.0074 0.0036 0.0060 0.0064 0.0060 0.0041 0.0065 0.0061 0.0044 0.0059 
      H415.7  1 0.0088 0.0188 0.0046 0.0102 0.0142 0.0161 0.0150 0.0219 0.0154 0.0059 0.0147 0.0161 0.0205 0.0232 0.0172 0.0200 0.1755 0.0117 0.0220 0.0216 0.0146 0.0212 0.0169 0.0193 0.0125 0.0294 0.0221 0.0232 0.0096 0.0067 0.0150 0.0193 0.0186 0.0202 0.0122 0.0154 0.0281 0.0306 0.0131 0.0076 0.0078 0.0137 0.0189 0.0066 0.0173 0.0141 0.0050 0.0155 0.0186 0.0099 0.0200 0.0059 0.0106 0.0072 
      H506.1  1 0.0057 0.0046 0.0044 0.0046 0.0054 0.0038 0.0046 0.0048 0.0047 0.0038 0.0064 0.0058 0.0053 0.0051 0.0043 0.0039 0.0037 0.7484 0.0053 0.0043 0.0047 0.0050 0.0049 0.0043 0.0044 0.0051 0.0041 0.0043 0.0051 0.0050 0.0046 0.0044 0.0050 0.0049 0.0042 0.0048 0.0045 0.0042 0.0050 0.0050 0.0044 0.0043 0.0054 0.0062 0.0050 0.0073 0.0026 0.0045 0.0049 0.0052 0.0044 0.0061 0.0034 0.0042 
      H506.2  1 0.0059 0.0056 0.0036 0.0053 0.0054 0.0045 0.0051 0.0047 0.0044 0.0048 0.0052 0.0047 0.0061 0.0055 0.0050 0.0052 0.0057 0.7219 0.0054 0.0049 0.0050 0.0052 0.0051 0.0052 0.0049 0.0045 0.0049 0.0053 0.0075 0.0053 0.0052 0.0053 0.0056 0.0052 0.0042 0.0051 0.0053 0.0043 0.0062 0.0042 0.0054 0.0055 0.0053 0.0057 0.0049 0.0051 0.0028 0.0059 0.0050 0.0041 0.0059 0.0059 0.0032 0.0129 
      H506.3  1 0.0074 0.0119 0.0052 0.0064 0.0090 0.0089 0.0120 0.0114 0.0095 0.0096 0.0060 0.0121 0.0095 0.0071 0.0074 0.0128 0.0063 0.5052 0.0128 0.0097 0.0087 0.0119 0.0113 0.0096 0.0065 0.0114 0.0134 0.0111 0.0145 0.0064 0.0115 0.0118 0.0106 0.0105 0.0077 0.0113 0.0105 0.0061 0.0108 0.0058 0.0059 0.0062 0.0106 0.0130 0.0120 0.0109 0.0037 0.0093 0.0112 0.0046 0.0100 0.0053 0.0086 0.0068 
      H506.4  1 0.0060 0.0085 0.0046 0.0079 0.0080 0.0061 0.0094 0.0079 0.0084 0.0072 0.0065 0.0069 0.0087 0.0078 0.0075 0.0100 0.0064 0.6033 0.0087 0.0084 0.0077 0.0076 0.0062 0.0066 0.0055 0.0090 0.0081 0.0084 0.0066 0.0048 0.0077 0.0074 0.0086 0.0079 0.0065 0.0109 0.0091 0.0056 0.0099 0.0054 0.0054 0.0048 0.0099 0.0058 0.0083 0.0131 0.0053 0.0084 0.0084 0.0114 0.0072 0.0047 0.0055 0.0043 
      H506.5  1 0.0050 0.0066 0.0047 0.0051 0.0058 0.0048 0.0052 0.0053 0.0056 0.0050 0.0100 0.0065 0.0059 0.0062 0.0054 0.0052 0.0065 0.6915 0.0079 0.0054 0.0059 0.0059 0.0051 0.0060 0.0049 0.0056 0.0052 0.0058 0.0088 0.0056 0.0052 0.0059 0.0060 0.0071 0.0053 0.0052 0.0045 0.0057 0.0056 0.0046 0.0055 0.0075 0.0048 0.0052 0.0059 0.0062 0.0038 0.0059 0.0058 0.0070 0.0055 0.0094 0.0039 0.0063 
      H506.6  1 0.0055 0.0158 0.0041 0.0054 0.0131 0.0081 0.0127 0.0101 0.0106 0.0072 0.0064 0.0133 0.0128 0.0119 0.0095 0.0140 0.0079 0.4139 0.0146 0.0141 0.0127 0.0087 0.0118 0.0130 0.0078 0.0107 0.0143 0.0131 0.0147 0.0062 0.0143 0.0130 0.0111 0.0145 0.0089 0.0139 0.0129 0.0055 0.0276 0.0085 0.0115 0.0103 0.0095 0.0057 0.0141 0.0119 0.0046 0.0114 0.0135 0.0077 0.0121 0.0098 0.0075 0.0158 
      H506.7  1 0.0059 0.0057 0.0044 0.0047 0.0051 0.0044 0.0048 0.0046 0.0053 0.0047 0.0071 0.0056 0.0046 0.0058 0.0051 0.0051 0.0041 0.7192 0.0048 0.0056 0.0055 0.0054 0.0046 0.0054 0.0047 0.0056 0.0046 0.0046 0.0068 0.0050 0.0052 0.0058 0.0057 0.0054 0.0057 0.0047 0.0056 0.0040 0.0057 0.0042 0.0061 0.0060 0.0050 0.0060 0.0048 0.0055 0.0027 0.0059 0.0048 0.0052 0.0050 0.0109 0.0038 0.0075 
      H533.1  1 0.0048 0.0051 0.0054 0.0069 0.0069 0.0046 0.0054 0.0065 0.0061 0.0068 0.0060 0.0061 0.0059 0.0071 0.0059 0.0060 0.0051 0.6908 0.0053 0.0058 0.0063 0.0064 0.0060 0.0058 0.0050 0.0059 0.0062 0.0054 0.0097 0.0136 0.0059 0.0063 0.0049 0.0066 0.0052 0.0053 0.0056 0.0040 0.0067 0.0050 0.0038 0.0042 0.0068 0.0067 0.0058 0.0043 0.0030 0.0057 0.0061 0.0063 0.0064 0.0041 0.0033 0.0051 
      H533.2  1 0.0047 0.0064 0.0052 0.0067 0.0069 0.0063 0.0058 0.0069 0.0067 0.0057 0.0094 0.0060 0.0051 0.0062 0.0060 0.0071 0.0055 0.6757 0.0073 0.0064 0.0068 0.0069 0.0060 0.0062 0.0046 0.0058 0.0058 0.0054 0.0118 0.0098 0.0062 0.0064 0.0065 0.0072 0.0067 0.0069 0.0055 0.0041 0.0067 0.0041 0.0040 0.0042 0.0057 0.0074 0.0067 0.0038 0.0026 0.0081 0.0074 0.0061 0.0052 0.0045 0.0037 0.0054 
      H533.3  1 0.0057 0.0058 0.0051 0.0057 0.0061 0.0068 0.0061 0.0053 0.0056 0.0038 0.0111 0.0057 0.0058 0.0064 0.0063 0.0055 0.0042 0.6958 0.0063 0.0065 0.0060 0.0057 0.0048 0.0058 0.0047 0.0060 0.0054 0.0059 0.0059 0.0061 0.0060 0.0056 0.0064 0.0058 0.0048 0.0070 0.0068 0.0042 0.0055 0.0059 0.0086 0.0038 0.0059 0.0061 0.0055 0.0052 0.0031 0.0063 0.0054 0.0053 0.0064 0.0035 0.0047 0.0064 
      H533.4  1 0.0064 0.0068 0.0054 0.0052 0.0084 0.0069 0.0069 0.0083 0.0079 0.0056 0.0129 0.0075 0.0067 0.0089 0.0076 0.0066 0.0081 0.5915 0.0092 0.0067 0.0073 0.0087 0.0088 0.0088 0.0091 0.0090 0.0077 0.0080 0.0068 0.0057 0.0086 0.0066 0.0080 0.0105 0.0070 0.0076 0.0071 0.0042 0.0074 0.0048 0.0161 0.0055 0.0075 0.0047 0.0078 0.0048 0.0039 0.0088 0.0082 0.0080 0.0075 0.0107 0.0057 0.0154 
      H535.1  1 0.0052 0.0050 0.0048 0.0047 0.0051 0.0050 0.0050 0.0057 0.0047 0.0047 0.0042 0.0054 0.0053 0.0059 0.0057 0.0054 0.0050 0.0048 0.0058 0.0055 0.0053 0.0047 0.0059 0.0049 0.0054 0.0054 0.0057 0.0055 0.0057 0.0045 0.0046 0.0051 0.0050 0.0056 0.0052 0.0056 0.0061 0.0063 0.0073 0.0040 0.0052 0.0048 0.0051 0.0050 0.0055 0.0029 0.0050 0.0052 0.0051 0.7265 0.0052 0.0061 0.0031 0.0043 
      H535.2  1 0.0060 0.0061 0.0047 0.0057 0.0046 0.0049 0.0061 0.0045 0.0054 0.0046 0.0043 0.0055 0.0056 0.0058 0.0051 0.0047 0.0042 0.0054 0.0057 0.0058 0.0054 0.0059 0.0049 0.0054 0.0046 0.0052 0.0051 0.0051 0.0067 0.0050 0.0052 0.0061 0.0062 0.0054 0.0050 0.0058 0.0051 0.0042 0.0060 0.0050 0.0053 0.0058 0.0054 0.0057 0.0050 0.0076 0.0029 0.0054 0.0053 0.7183 0.0051 0.0042 0.0043 0.0077 
      H535.3  1 0.0057 0.0042 0.0056 0.0053 0.0048 0.0046 0.0045 0.0048 0.0058 0.0048 0.0033 0.0046 0.0048 0.0051 0.0045 0.0052 0.0047 0.0054 0.0046 0.0048 0.0056 0.0040 0.0055 0.0045 0.0039 0.0047 0.0050 0.0047 0.0062 0.0047 0.0048 0.0048 0.0049 0.0045 0.0050 0.0054 0.0051 0.0038 0.0058 0.0053 0.0050 0.0046 0.0052 0.0054 0.0051 0.0072 0.0035 0.0047 0.0045 0.7390 0.0052 0.0044 0.0034 0.0080 
      H535.4  1 0.0042 0.0049 0.0042 0.0058 0.0049 0.0048 0.0046 0.0040 0.0045 0.0041 0.0066 0.0054 0.0046 0.0051 0.0053 0.0046 0.0049 0.0049 0.0044 0.0042 0.0046 0.0039 0.0043 0.0049 0.0051 0.0044 0.0043 0.0046 0.0042 0.0045 0.0047 0.0052 0.0051 0.0051 0.0044 0.0051 0.0057 0.0040 0.0043 0.0047 0.0054 0.0050 0.0042 0.0050 0.0048 0.0054 0.0028 0.0047 0.0052 0.7485 0.0045 0.0057 0.0036 0.0060 
      H535.5  1 0.0049 0.0040 0.0035 0.0042 0.0046 0.0044 0.0044 0.0047 0.0040 0.0037 0.0053 0.0045 0.0044 0.0045 0.0046 0.0045 0.0047 0.0049 0.0049 0.0045 0.0044 0.0037 0.0048 0.0041 0.0051 0.0045 0.0051 0.0047 0.0040 0.0044 0.0039 0.0040 0.0048 0.0040 0.0042 0.0043 0.0046 0.0044 0.0047 0.0039 0.0055 0.0044 0.0042 0.0044 0.0043 0.0041 0.0036 0.0048 0.0042 0.7655 0.0043 0.0063 0.0035 0.0038 
      H535.6  1 0.0055 0.0053 0.0053 0.0053 0.0074 0.0074 0.0068 0.0071 0.0073 0.0050 0.0037 0.0065 0.0065 0.0064 0.0070 0.0054 0.0053 0.0040 0.0059 0.0056 0.0069 0.0065 0.0073 0.0059 0.0070 0.0052 0.0054 0.0077 0.0059 0.0043 0.0058 0.0058 0.0058 0.0055 0.0075 0.0058 0.0058 0.0080 0.0059 0.0052 0.0091 0.0049 0.0054 0.0052 0.0060 0.0032 0.0080 0.0064 0.0072 0.6774 0.0064 0.0090 0.0040 0.0055 
      H535.7  1 0.0037 0.0041 0.0035 0.0038 0.0035 0.0037 0.0047 0.0038 0.0041 0.0034 0.0053 0.0044 0.0039 0.0040 0.0037 0.0035 0.0038 0.0039 0.0039 0.0038 0.0044 0.0039 0.0039 0.0038 0.0040 0.0038 0.0037 0.0042 0.0038 0.0037 0.0038 0.0039 0.0041 0.0033 0.0032 0.0041 0.0042 0.0034 0.0036 0.0036 0.0039 0.0038 0.0038 0.0051 0.0043 0.0032 0.0030 0.0041 0.0035 0.7952 0.0043 0.0042 0.0034 0.0033 
      H535.8  1 0.0050 0.0050 0.0039 0.0055 0.0046 0.0042 0.0046 0.0051 0.0056 0.0037 0.0042 0.0047 0.0045 0.0043 0.0049 0.0048 0.0048 0.0038 0.0041 0.0047 0.0047 0.0051 0.0055 0.0044 0.0051 0.0045 0.0048 0.0046 0.0049 0.0050 0.0052 0.0056 0.0051 0.0048 0.0044 0.0047 0.0045 0.0036 0.0046 0.0039 0.0054 0.0053 0.0042 0.0052 0.0050 0.0035 0.0040 0.0051 0.0041 0.7508 0.0044 0.0076 0.0038 0.0041 
      H535.9  1 0.0044 0.0058 0.0046 0.0043 0.0049 0.0053 0.0052 0.0052 0.0050 0.0053 0.0044 0.0061 0.0055 0.0048 0.0051 0.0062 0.0038 0.0047 0.0050 0.0054 0.0052 0.0062 0.0059 0.0054 0.0044 0.0052 0.0049 0.0059 0.0053 0.0041 0.0053 0.0049 0.0051 0.0043 0.0049 0.0051 0.0051 0.0055 0.0055 0.0036 0.0058 0.0046 0.0059 0.0045 0.0054 0.0035 0.0041 0.0051 0.0049 0.7339 0.0063 0.0054 0.0034 0.0045 
      H539.1  1 0.0052 0.0049 0.0042 0.0040 0.0059 0.0069 0.0055 0.0042 0.0057 0.0046 0.0038 0.0050 0.0044 0.0043 0.0045 0.0051 0.0049 0.0030 0.0054 0.0047 0.0046 0.0046 0.0053 0.0054 0.0046 0.0057 0.0043 0.0047 0.0048 0.0041 0.0054 0.0053 0.0054 0.0056 0.0822 0.0049 0.0050 0.0075 0.0047 0.0042 0.0044 0.0046 0.0053 0.0036 0.0056 0.0032 0.6685 0.0057 0.0050 0.0030 0.0050 0.0037 0.0037 0.0040 
      H539.2  1 0.0075 0.0151 0.0351 0.0061 0.0209 0.0253 0.0271 0.0273 0.0243 0.0310 0.0050 0.0175 0.0210 0.0214 0.0196 0.0193 0.0056 0.0046 0.0244 0.0222 0.0257 0.0237 0.0206 0.0233 0.0101 0.0216 0.0223 0.0205 0.0106 0.0056 0.0206 0.0226 0.0220 0.0313 0.0267 0.0241 0.0258 0.0075 0.0307 0.0075 0.0162 0.0141 0.0292 0.0056 0.0247 0.0043 0.0223 0.0207 0.0172 0.0068 0.0289 0.0054 0.0163 0.0057 
      H539.3  1 0.0049 0.0097 0.0097 0.0062 0.0104 0.0099 0.0101 0.0100 0.0075 0.0066 0.0042 0.0107 0.0099 0.0095 0.0074 0.0093 0.0056 0.0046 0.0122 0.0111 0.0081 0.0088 0.0074 0.0087 0.0133 0.0095 0.0096 0.0087 0.0072 0.0051 0.0089 0.0082 0.0076 0.0089 0.1005 0.0084 0.0102 0.0056 0.0093 0.0045 0.0107 0.0069 0.0095 0.0057 0.0104 0.0051 0.4603 0.0086 0.0090 0.0080 0.0093 0.0145 0.0085 0.0053 
      H539.4  1 0.0051 0.0113 0.0058 0.0075 0.0163 0.0155 0.0151 0.0155 0.0159 0.0381 0.0044 0.0102 0.0157 0.0167 0.0119 0.0127 0.0072 0.0034 0.0157 0.0154 0.0113 0.0137 0.0142 0.0215 0.0059 0.0140 0.0186 0.0120 0.0086 0.0054 0.0152 0.0130 0.0119 0.0095 0.0332 0.0175 0.0110 0.0066 0.0167 0.0072 0.0049 0.0080 0.0095 0.0063 0.0135 0.0061 0.3632 0.0136 0.0134 0.0041 0.0120 0.0042 0.0101 0.0043 
      H539.5  1 0.0057 0.0050 0.0051 0.0046 0.0071 0.0275 0.0062 0.0053 0.0055 0.0054 0.0043 0.0051 0.0060 0.0063 0.0069 0.0078 0.0036 0.0036 0.0051 0.0068 0.0055 0.0071 0.0052 0.0047 0.0057 0.0052 0.0056 0.0063 0.0047 0.0036 0.0054 0.0055 0.0062 0.0058 0.1779 0.0073 0.0056 0.0041 0.0057 0.0046 0.0124 0.0045 0.0053 0.0045 0.0054 0.0031 0.5153 0.0057 0.0055 0.0057 0.0061 0.0032 0.0047 0.0040 
      H539.6  1 0.0064 0.0060 0.0043 0.0048 0.0057 0.0094 0.0061 0.0061 0.0063 0.0056 0.0049 0.0062 0.0055 0.0050 0.0063 0.0066 0.0046 0.0045 0.0065 0.0052 0.0057 0.0058 0.0051 0.0049 0.0072 0.0066 0.0072 0.0072 0.0043 0.0042 0.0050 0.0054 0.0052 0.0049 0.2529 0.0053 0.0061 0.0066 0.0053 0.0050 0.0151 0.0042 0.0052 0.0046 0.0057 0.0034 0.4482 0.0062 0.0055 0.0055 0.0062 0.0044 0.0044 0.0053 
      H539.7  1 0.0041 0.0094 0.0102 0.0049 0.0084 0.0341 0.0081 0.0082 0.0093 0.0133 0.0050 0.0090 0.0084 0.0105 0.0093 0.0111 0.0068 0.0034 0.0077 0.0115 0.0081 0.0089 0.0102 0.0075 0.0074 0.0105 0.0075 0.0112 0.0086 0.0048 0.0065 0.0094 0.0089 0.0078 0.0657 0.0085 0.0097 0.0060 0.0121 0.0056 0.0057 0.0057 0.0102 0.0048 0.0099 0.0050 0.4905 0.0104 0.0110 0.0045 0.0081 0.0046 0.0083 0.0039 
      H539.8  1 0.0068 0.0142 0.0282 0.0064 0.0176 0.0177 0.0161 0.0166 0.0185 0.0216 0.0043 0.0187 0.0163 0.0142 0.0165 0.0101 0.0067 0.0037 0.0132 0.0182 0.0181 0.0153 0.0133 0.0149 0.0108 0.0169 0.0180 0.0190 0.0084 0.0054 0.0190 0.0199 0.0155 0.0141 0.0556 0.0173 0.0118 0.0073 0.0122 0.0073 0.0082 0.0079 0.0168 0.0057 0.0161 0.0060 0.2427 0.0151 0.0177 0.0121 0.0145 0.0129 0.0147 0.0038 
      H539.9  1 0.0045 0.0106 0.0050 0.0047 0.0088 0.0164 0.0103 0.0087 0.0109 0.0079 0.0036 0.0089 0.0089 0.0102 0.0081 0.0083 0.0059 0.0040 0.0088 0.0088 0.0095 0.0075 0.0081 0.0092 0.0048 0.0083 0.0083 0.0077 0.0061 0.0053 0.0087 0.0077 0.0092 0.0076 0.0471 0.0075 0.0075 0.0037 0.0085 0.0062 0.0061 0.0075 0.0071 0.0085 0.0100 0.0049 0.5576 0.0102 0.0058 0.0032 0.0077 0.0039 0.0106 0.0048 
      H540.1  1 0.0080 0.0121 0.0050 0.0051 0.0127 0.3044 0.0105 0.0112 0.0088 0.0054 0.0050 0.0104 0.0138 0.0129 0.0117 0.0134 0.0056 0.0041 0.0085 0.0086 0.0132 0.0100 0.0110 0.0174 0.0066 0.0149 0.0091 0.0104 0.0081 0.0057 0.0116 0.0083 0.0091 0.0118 0.0110 0.0085 0.0120 0.0065 0.0073 0.0064 0.0719 0.0075 0.0102 0.0064 0.0094 0.0057 0.1518 0.0089 0.0125 0.0053 0.0128 0.0046 0.0088 0.0083 
      H540.2  1 0.0073 0.0082 0.0057 0.0058 0.0097 0.3712 0.0077 0.0113 0.0082 0.0047 0.0052 0.0066 0.0070 0.0096 0.0081 0.0120 0.0087 0.0045 0.0106 0.0133 0.0104 0.0087 0.0094 0.0091 0.0088 0.0101 0.0109 0.0097 0.0077 0.0063 0.0137 0.0077 0.0093 0.0105 0.0162 0.0111 0.0093 0.0053 0.0071 0.0070 0.0171 0.0050 0.0116 0.0057 0.0090 0.0045 0.1854 0.0089 0.0096 0.0036 0.0082 0.0042 0.0082 0.0053 
      H540.3  1 0.0068 0.0201 0.0137 0.0092 0.0269 0.0251 0.0207 0.0323 0.0191 0.0090 0.0077 0.0147 0.0187 0.0160 0.0189 0.0185 0.0116 0.0035 0.0217 0.0197 0.0197 0.0167 0.0165 0.0297 0.0139 0.0145 0.0226 0.0210 0.0197 0.0053 0.0195 0.0184 0.0199 0.0222 0.0143 0.0164 0.0199 0.0073 0.0179 0.0069 0.0053 0.0241 0.0200 0.0067 0.0120 0.0046 0.1550 0.0179 0.0287 0.0053 0.0169 0.0040 0.0149 0.0083 
      H540.4  1 0.0058 0.0153 0.0159 0.0070 0.0234 0.2215 0.0136 0.0156 0.0165 0.0162 0.0046 0.0238 0.0242 0.0118 0.0164 0.0133 0.0072 0.0057 0.0229 0.0204 0.0123 0.0167 0.0146 0.0190 0.0076 0.0150 0.0141 0.0140 0.0118 0.0049 0.0236 0.0150 0.0131 0.0168 0.0155 0.0193 0.0228 0.0078 0.0109 0.0092 0.0103 0.0071 0.0149 0.0059 0.0210 0.0059 0.0608 0.0197 0.0177 0.0048 0.0185 0.0044 0.0197 0.0045 
      H540.5  1 0.0070 0.0116 0.0054 0.0072 0.0110 0.3169 0.0089 0.0103 0.0100 0.0050 0.0062 0.0136 0.0094 0.0109 0.0099 0.0156 0.0080 0.0040 0.0129 0.0106 0.0143 0.0127 0.0097 0.0204 0.0073 0.0105 0.0117 0.0118 0.0089 0.0052 0.0124 0.0090 0.0073 0.0101 0.0092 0.0108 0.0085 0.0063 0.0088 0.0090 0.0078 0.0086 0.0092 0.0074 0.0107 0.0036 0.1909 0.0107 0.0093 0.0040 0.0105 0.0033 0.0211 0.0045 
      H540.6  1 0.0071 0.0101 0.0071 0.0055 0.0113 0.3107 0.0146 0.0129 0.0134 0.0053 0.0065 0.0124 0.0128 0.0125 0.0076 0.0175 0.0056 0.0044 0.0133 0.0137 0.0116 0.0142 0.0136 0.0154 0.0088 0.0147 0.0152 0.0151 0.0125 0.0051 0.0139 0.0189 0.0150 0.0131 0.0123 0.0126 0.0127 0.0080 0.0195 0.0096 0.0199 0.0076 0.0156 0.0083 0.0154 0.0045 0.0965 0.0128 0.0116 0.0042 0.0134 0.0035 0.0138 0.0068 
      H540.7  1 0.0084 0.0121 0.0109 0.0057 0.0098 0.3487 0.0089 0.0116 0.0111 0.0077 0.0114 0.0091 0.0128 0.0120 0.0119 0.0177 0.0118 0.0053 0.0108 0.0131 0.0101 0.0147 0.0143 0.0092 0.0085 0.0123 0.0118 0.0124 0.0119 0.0044 0.0162 0.0105 0.0169 0.0120 0.0177 0.0113 0.0126 0.0059 0.0074 0.0099 0.0208 0.0072 0.0139 0.0050 0.0183 0.0055 0.0931 0.0098 0.0124 0.0047 0.0100 0.0051 0.0082 0.0051 
      H540.8  1 0.0066 0.0120 0.0075 0.0071 0.0200 0.2646 0.0198 0.0129 0.0195 0.0063 0.0094 0.0109 0.0174 0.0147 0.0158 0.0158 0.0176 0.0039 0.0190 0.0096 0.0170 0.0141 0.0137 0.0168 0.0466 0.0188 0.0126 0.0172 0.0084 0.0056 0.0211 0.0165 0.0153 0.0161 0.0176 0.0138 0.0125 0.0140 0.0142 0.0079 0.0206 0.0055 0.0186 0.0062 0.0095 0.0050 0.0282 0.0167 0.0188 0.0061 0.0139 0.0057 0.0091 0.0058 
     H9558.1  1 0.0049 0.0051 0.0048 0.0044 0.0051 0.0054 0.0061 0.0052 0.0052 0.0044 0.0041 0.0054 0.0047 0.0058 0.0047 0.0051 0.0061 0.0069 0.0046 0.0048 0.0050 0.0054 0.0051 0.0043 0.0052 0.0052 0.0061 0.0050 0.0057 0.0073 0.0050 0.0053 0.0051 0.0057 0.0077 0.0054 0.0052 0.0087 0.0063 0.0044 0.0060 0.0041 0.0053 0.0050 0.0045 0.0034 0.6870 0.0045 0.0054 0.0403 0.0050 0.0055 0.0050 0.0038 
     H9558.2  1 0.0078 0.0068 0.0063 0.0047 0.0058 0.0061 0.0078 0.0073 0.0061 0.0041 0.0047 0.0063 0.0082 0.0079 0.0065 0.0065 0.0061 0.0068 0.0064 0.0072 0.0074 0.0070 0.0064 0.0067 0.0055 0.0069 0.0069 0.0078 0.0086 0.0079 0.0064 0.0059 0.0062 0.0064 0.0072 0.0073 0.0062 0.0071 0.0077 0.0073 0.0058 0.0064 0.0062 0.0061 0.0074 0.0047 0.6227 0.0060 0.0056 0.0356 0.0070 0.0080 0.0064 0.0041 
     H9558.3  1 0.0133 0.0068 0.0089 0.0043 0.0081 0.0071 0.0067 0.0072 0.0069 0.0043 0.0040 0.0070 0.0069 0.0091 0.0071 0.0065 0.0068 0.0046 0.0065 0.0066 0.0079 0.0078 0.0065 0.0085 0.0063 0.0065 0.0068 0.0070 0.0083 0.0186 0.0083 0.0063 0.0071 0.0068 0.0101 0.0079 0.0061 0.0039 0.0050 0.0086 0.0058 0.0055 0.0091 0.0070 0.0065 0.0056 0.6292 0.0063 0.0062 0.0062 0.0062 0.0042 0.0053 0.0037 
     H9558.4  1 0.0053 0.0079 0.0075 0.0041 0.0055 0.0083 0.0073 0.0066 0.0071 0.0058 0.0046 0.0072 0.0078 0.0069 0.0064 0.0066 0.0049 0.0052 0.0067 0.0064 0.0054 0.0067 0.0071 0.0076 0.0073 0.0070 0.0072 0.0070 0.0049 0.0053 0.0059 0.0058 0.0061 0.0066 0.0064 0.0066 0.0055 0.0061 0.0059 0.0047 0.0051 0.0059 0.0066 0.0038 0.0063 0.0037 0.6367 0.0057 0.0058 0.0426 0.0070 0.0043 0.0103 0.0031 
     H9558.5  1 0.0056 0.0105 0.0164 0.0053 0.0117 0.0141 0.0094 0.0122 0.0114 0.0117 0.0051 0.0095 0.0089 0.0130 0.0099 0.0087 0.0058 0.0037 0.0091 0.0102 0.0089 0.0104 0.0082 0.0226 0.0059 0.0136 0.0097 0.0095 0.0070 0.0059 0.0095 0.0094 0.0120 0.0117 0.0093 0.0108 0.0103 0.0045 0.0123 0.0085 0.0043 0.0114 0.0139 0.0053 0.0118 0.0063 0.4489 0.0097 0.0100 0.0334 0.0127 0.0031 0.0337 0.0034 
     H9558.6  1 0.0060 0.0109 0.0050 0.0059 0.0116 0.0065 0.0099 0.0074 0.0088 0.0043 0.0046 0.0080 0.0074 0.0091 0.0091 0.0075 0.0059 0.0041 0.0099 0.0087 0.0095 0.0081 0.0073 0.0071 0.0078 0.0070 0.0097 0.0080 0.0065 0.0171 0.0106 0.0077 0.0081 0.0081 0.0131 0.0082 0.0109 0.0048 0.0081 0.0054 0.0048 0.0064 0.0102 0.0070 0.0091 0.0047 0.5869 0.0092 0.0081 0.0062 0.0096 0.0048 0.0048 0.0043 
    kos339.1  1 0.0170 0.0103 0.0050 0.0157 0.0077 0.0088 0.0074 0.0079 0.0097 0.0047 0.5250 0.0080 0.0102 0.0084 0.0087 0.0077 0.0091 0.0233 0.0116 0.0093 0.0095 0.0089 0.0084 0.0087 0.0055 0.0082 0.0084 0.0083 0.0093 0.0079 0.0097 0.0068 0.0090 0.0082 0.0074 0.0123 0.0097 0.0108 0.0073 0.0156 0.0088 0.0056 0.0099 0.0061 0.0096 0.0113 0.0039 0.0098 0.0098 0.0085 0.0076 0.0045 0.0044 0.0049 
    kos339.2  1 0.0106 0.0082 0.0047 0.0105 0.0079 0.0064 0.0076 0.0084 0.0076 0.0057 0.5975 0.0091 0.0065 0.0075 0.0093 0.0074 0.0083 0.0109 0.0070 0.0079 0.0085 0.0085 0.0066 0.0080 0.0074 0.0087 0.0079 0.0087 0.0059 0.0077 0.0085 0.0082 0.0079 0.0072 0.0089 0.0085 0.0081 0.0073 0.0070 0.0093 0.0048 0.0065 0.0078 0.0054 0.0076 0.0064 0.0040 0.0063 0.0080 0.0083 0.0067 0.0059 0.0060 0.0083 
    kos339.3  1 0.0050 0.0057 0.0049 0.0089 0.0054 0.0046 0.0053 0.0059 0.0056 0.0052 0.7043 0.0066 0.0053 0.0062 0.0059 0.0061 0.0060 0.0065 0.0056 0.0063 0.0061 0.0045 0.0067 0.0056 0.0047 0.0057 0.0054 0.0068 0.0059 0.0043 0.0075 0.0060 0.0052 0.0055 0.0055 0.0052 0.0063 0.0043 0.0057 0.0043 0.0065 0.0047 0.0055 0.0054 0.0056 0.0030 0.0033 0.0073 0.0053 0.0064 0.0059 0.0060 0.0043 0.0045 
    kos339.4  1 0.0053 0.0054 0.0048 0.0070 0.0061 0.0055 0.0069 0.0069 0.0058 0.0049 0.7028 0.0055 0.0055 0.0055 0.0060 0.0058 0.0076 0.0060 0.0060 0.0055 0.0055 0.0056 0.0055 0.0054 0.0053 0.0056 0.0062 0.0069 0.0056 0.0044 0.0055 0.0062 0.0054 0.0057 0.0053 0.0055 0.0056 0.0054 0.0064 0.0049 0.0049 0.0041 0.0062 0.0043 0.0063 0.0030 0.0038 0.0063 0.0066 0.0061 0.0059 0.0067 0.0053 0.0037 
    kos339.5  1 0.0458 0.0067 0.0062 0.0120 0.0067 0.0078 0.0074 0.0076 0.0070 0.0050 0.6006 0.0069 0.0072 0.0065 0.0072 0.0057 0.0055 0.0159 0.0070 0.0067 0.0068 0.0078 0.0081 0.0067 0.0053 0.0056 0.0072 0.0062 0.0086 0.0065 0.0068 0.0063 0.0069 0.0072 0.0056 0.0064 0.0054 0.0089 0.0062 0.0098 0.0071 0.0047 0.0071 0.0081 0.0067 0.0063 0.0037 0.0073 0.0066 0.0042 0.0055 0.0040 0.0049 0.0042 
    kos339.6  1 0.0097 0.0082 0.0048 0.0161 0.0069 0.0076 0.0058 0.0063 0.0063 0.0046 0.6451 0.0070 0.0054 0.0084 0.0063 0.0073 0.0076 0.0086 0.0060 0.0073 0.0055 0.0070 0.0071 0.0054 0.0078 0.0062 0.0061 0.0061 0.0063 0.0047 0.0068 0.0067 0.0058 0.0077 0.0079 0.0067 0.0083 0.0063 0.0079 0.0082 0.0061 0.0064 0.0071 0.0054 0.0068 0.0053 0.0036 0.0060 0.0063 0.0036 0.0072 0.0042 0.0046 0.0081 
    kos339.7  1 0.0044 0.0057 0.0054 0.0103 0.0068 0.0048 0.0059 0.0060 0.0054 0.0058 0.6930 0.0056 0.0057 0.0062 0.0051 0.0062 0.0071 0.0054 0.0062 0.0052 0.0062 0.0061 0.0063 0.0062 0.0045 0.0057 0.0062 0.0056 0.0051 0.0046 0.0059 0.0056 0.0065 0.0065 0.0054 0.0076 0.0051 0.0053 0.0059 0.0045 0.0054 0.0043 0.0059 0.0051 0.0067 0.0030 0.0031 0.0055 0.0045 0.0147 0.0055 0.0060 0.0040 0.0052 
    kos339.8  1 0.0064 0.0051 0.0049 0.0074 0.0053 0.0042 0.0057 0.0059 0.0060 0.0054 0.6921 0.0052 0.0061 0.0062 0.0054 0.0060 0.0064 0.0166 0.0055 0.0056 0.0057 0.0058 0.0061 0.0046 0.0046 0.0056 0.0058 0.0057 0.0056 0.0044 0.0062 0.0066 0.0063 0.0064 0.0056 0.0060 0.0055 0.0052 0.0058 0.0058 0.0042 0.0055 0.0061 0.0049 0.0055 0.0058 0.0025 0.0064 0.0068 0.0055 0.0063 0.0054 0.0053 0.0051 
    kos339.9  1 0.0266 0.0111 0.0043 0.0306 0.0141 0.0254 0.0140 0.0177 0.0093 0.0073 0.2872 0.0137 0.0122 0.0166 0.0193 0.0101 0.0096 0.0094 0.0165 0.0150 0.0113 0.0121 0.0110 0.0115 0.0088 0.0111 0.0175 0.0133 0.0150 0.0069 0.0130 0.0143 0.0128 0.0103 0.0146 0.0188 0.0143 0.0299 0.0273 0.0099 0.0083 0.0106 0.0192 0.0072 0.0204 0.0057 0.0070 0.0110 0.0153 0.0060 0.0121 0.0087 0.0061 0.0088 
      H409.1 12 0.0061 0.0055 0.0059 0.0076 0.0062 0.0055 0.0063 0.0054 0.0054 0.0047 0.0073 0.0061 0.0062 0.0053 0.0057 0.0056 0.0067 0.0080 0.0060 0.0059 0.0071 0.0059 0.0062 0.0062 0.0064 0.0059 0.0056 0.0048 0.0072 0.0055 0.0064 0.0060 0.0048 0.0056 0.0052 0.0054 0.0051 0.0052 0.0054 0.0067 0.0042 0.0060 0.0050 0.6965 0.0055 0.0051 0.0026 0.0049 0.0058 0.0039 0.0053 0.0054 0.0072 0.0044 
     H409.10 12 0.0046 0.0084 0.0078 0.0066 0.0088 0.0099 0.0085 0.0074 0.0082 0.0063 0.0059 0.0082 0.0093 0.0081 0.0093 0.0072 0.0115 0.0189 0.0082 0.0096 0.0079 0.0096 0.0079 0.0097 0.0049 0.0072 0.0106 0.0082 0.0081 0.0058 0.0096 0.0084 0.0077 0.0084 0.0098 0.0116 0.0085 0.0055 0.0070 0.0076 0.0063 0.0069 0.0093 0.5670 0.0071 0.0063 0.0048 0.0070 0.0087 0.0048 0.0078 0.0103 0.0114 0.0055 
      H409.2 12 0.0048 0.0065 0.0049 0.0061 0.0067 0.0065 0.0064 0.0062 0.0068 0.0045 0.0079 0.0056 0.0063 0.0063 0.0075 0.0065 0.0145 0.0064 0.0069 0.0066 0.0069 0.0057 0.0063 0.0057 0.0058 0.0053 0.0065 0.0065 0.0055 0.0054 0.0069 0.0068 0.0064 0.0059 0.0047 0.0055 0.0065 0.0061 0.0046 0.0048 0.0046 0.0118 0.0070 0.6668 0.0073 0.0042 0.0038 0.0072 0.0052 0.0083 0.0061 0.0049 0.0059 0.0051 
      H409.3 12 0.0058 0.0057 0.0058 0.0057 0.0067 0.0067 0.0061 0.0074 0.0067 0.0045 0.0055 0.0063 0.0070 0.0068 0.0078 0.0073 0.0056 0.0074 0.0070 0.0056 0.0064 0.0071 0.0064 0.0060 0.0091 0.0063 0.0065 0.0062 0.0076 0.0067 0.0068 0.0071 0.0066 0.0061 0.0066 0.0065 0.0059 0.0056 0.0059 0.0063 0.0055 0.0063 0.0073 0.6645 0.0061 0.0043 0.0043 0.0058 0.0072 0.0064 0.0076 0.0043 0.0059 0.0052 
      H409.4 12 0.0064 0.0050 0.0051 0.0051 0.0063 0.0053 0.0055 0.0053 0.0063 0.0041 0.0060 0.0054 0.0055 0.0059 0.0054 0.0059 0.0056 0.0042 0.0061 0.0056 0.0062 0.0056 0.0061 0.0047 0.0057 0.0053 0.0060 0.0057 0.0063 0.0088 0.0057 0.0055 0.0066 0.0065 0.0055 0.0049 0.0058 0.0043 0.0050 0.0065 0.0050 0.0062 0.0055 0.7085 0.0051 0.0034 0.0036 0.0066 0.0052 0.0053 0.0055 0.0041 0.0049 0.0043 
      H409.5 12 0.0064 0.0075 0.0053 0.0047 0.0056 0.0075 0.0066 0.0064 0.0065 0.0048 0.0041 0.0052 0.0072 0.0065 0.0067 0.0075 0.0080 0.0061 0.0071 0.0068 0.0064 0.0063 0.0068 0.0075 0.0054 0.0064 0.0062 0.0073 0.0058 0.0069 0.0078 0.0079 0.0072 0.0068 0.0076 0.0062 0.0068 0.0069 0.0053 0.0057 0.0065 0.0066 0.0077 0.6612 0.0063 0.0043 0.0040 0.0073 0.0087 0.0067 0.0066 0.0054 0.0044 0.0044 
      H409.6 12 0.0153 0.0100 0.0104 0.0058 0.0124 0.0079 0.0158 0.0143 0.0193 0.0049 0.0050 0.0104 0.0129 0.0122 0.0113 0.0115 0.0062 0.0129 0.0123 0.0137 0.0149 0.0141 0.0123 0.0138 0.0084 0.0098 0.0129 0.0109 0.0111 0.0487 0.0100 0.0163 0.0101 0.0102 0.0098 0.0114 0.0121 0.0054 0.0102 0.0102 0.0074 0.0073 0.0105 0.3943 0.0119 0.0057 0.0055 0.0154 0.0129 0.0118 0.0134 0.0050 0.0057 0.0061 
      H409.7 12 0.0092 0.0076 0.0057 0.0086 0.0064 0.0055 0.0069 0.0070 0.0086 0.0043 0.0095 0.0078 0.0074 0.0065 0.0076 0.0070 0.0073 0.0053 0.0075 0.0085 0.0091 0.0080 0.0066 0.0073 0.0080 0.0078 0.0073 0.0072 0.0082 0.0081 0.0083 0.0070 0.0073 0.0082 0.0070 0.0075 0.0062 0.0051 0.0068 0.0093 0.0043 0.0099 0.0073 0.6214 0.0073 0.0072 0.0032 0.0072 0.0075 0.0042 0.0071 0.0079 0.0061 0.0052 
      H409.8 12 0.0075 0.0078 0.0072 0.0053 0.0055 0.0055 0.0076 0.0074 0.0055 0.0049 0.0044 0.0062 0.0076 0.0066 0.0074 0.0077 0.0052 0.0084 0.0063 0.0067 0.0065 0.0074 0.0073 0.0078 0.0067 0.0075 0.0065 0.0058 0.0068 0.0053 0.0057 0.0066 0.0071 0.0084 0.0062 0.0068 0.0076 0.0058 0.0070 0.0084 0.0074 0.0044 0.0078 0.6552 0.0064 0.0097 0.0039 0.0061 0.0063 0.0045 0.0063 0.0053 0.0040 0.0047 
      H409.9 12 0.0074 0.0260 0.0178 0.0065 0.0138 0.0235 0.0195 0.0176 0.0139 0.0080 0.0051 0.0194 0.0193 0.0145 0.0118 0.0122 0.0094 0.0753 0.0128 0.0158 0.0189 0.0201 0.0130 0.0195 0.0074 0.0161 0.0156 0.0132 0.0124 0.0056 0.0229 0.0203 0.0149 0.0224 0.0141 0.0149 0.0150 0.0057 0.0154 0.0142 0.0058 0.0060 0.0158 0.1456 0.0197 0.0172 0.0569 0.0174 0.0152 0.0114 0.0207 0.0054 0.0060 0.0057 
      H413.1 12 0.0060 0.0063 0.6826 0.0054 0.0065 0.0047 0.0059 0.0059 0.0066 0.0087 0.0059 0.0068 0.0067 0.0061 0.0065 0.0055 0.0048 0.0035 0.0065 0.0062 0.0053 0.0052 0.0075 0.0055 0.0058 0.0047 0.0063 0.0064 0.0080 0.0082 0.0064 0.0062 0.0062 0.0063 0.0050 0.0071 0.0063 0.0038 0.0065 0.0086 0.0046 0.0057 0.0064 0.0046 0.0058 0.0095 0.0043 0.0053 0.0060 0.0054 0.0064 0.0041 0.0049 0.0048 
      H413.2 12 0.0046 0.0058 0.7168 0.0049 0.0049 0.0050 0.0052 0.0052 0.0046 0.0053 0.0058 0.0060 0.0052 0.0043 0.0054 0.0059 0.0045 0.0044 0.0051 0.0052 0.0053 0.0053 0.0059 0.0053 0.0050 0.0058 0.0054 0.0062 0.0053 0.0078 0.0050 0.0053 0.0049 0.0052 0.0052 0.0055 0.0054 0.0042 0.0057 0.0057 0.0051 0.0048 0.0054 0.0040 0.0046 0.0046 0.0036 0.0051 0.0058 0.0073 0.0062 0.0106 0.0046 0.0045 
      H413.3 12 0.0051 0.0060 0.6910 0.0047 0.0055 0.0067 0.0058 0.0053 0.0053 0.0050 0.0038 0.0061 0.0058 0.0065 0.0049 0.0054 0.0041 0.0056 0.0059 0.0058 0.0054 0.0056 0.0057 0.0059 0.0082 0.0054 0.0049 0.0061 0.0073 0.0060 0.0064 0.0058 0.0063 0.0057 0.0048 0.0070 0.0059 0.0050 0.0075 0.0102 0.0057 0.0060 0.0061 0.0045 0.0061 0.0085 0.0046 0.0062 0.0057 0.0037 0.0062 0.0061 0.0062 0.0047 
      H413.4 12 0.0076 0.0069 0.6314 0.0079 0.0064 0.0054 0.0075 0.0075 0.0076 0.0058 0.0079 0.0077 0.0062 0.0067 0.0059 0.0062 0.0064 0.0092 0.0080 0.0076 0.0075 0.0070 0.0083 0.0070 0.0070 0.0083 0.0062 0.0053 0.0073 0.0053 0.0067 0.0068 0.0067 0.0066 0.0060 0.0061 0.0062 0.0052 0.0081 0.0152 0.0052 0.0090 0.0072 0.0074 0.0070 0.0087 0.0056 0.0075 0.0079 0.0039 0.0063 0.0062 0.0040 0.0057 
      H413.5 12 0.0062 0.0053 0.6562 0.0046 0.0052 0.0064 0.0070 0.0074 0.0068 0.0132 0.0038 0.0066 0.0054 0.0070 0.0065 0.0067 0.0048 0.0070 0.0074 0.0062 0.0061 0.0069 0.0058 0.0065 0.0061 0.0070 0.0066 0.0064 0.0063 0.0053 0.0061 0.0072 0.0063 0.0064 0.0110 0.0073 0.0071 0.0101 0.0059 0.0058 0.0052 0.0062 0.0061 0.0044 0.0069 0.0039 0.0163 0.0067 0.0061 0.0036 0.0056 0.0033 0.0048 0.0054 
      H413.6 12 0.0194 0.0079 0.5790 0.0059 0.0081 0.0081 0.0078 0.0072 0.0080 0.0101 0.0066 0.0075 0.0088 0.0088 0.0094 0.0068 0.0057 0.0032 0.0074 0.0079 0.0075 0.0088 0.0077 0.0072 0.0072 0.0059 0.0085 0.0064 0.0075 0.0091 0.0095 0.0074 0.0073 0.0079 0.0079 0.0079 0.0058 0.0039 0.0062 0.0114 0.0049 0.0143 0.0090 0.0065 0.0076 0.0067 0.0137 0.0080 0.0066 0.0042 0.0076 0.0082 0.0141 0.0042 
      H413.7 12 0.0048 0.0059 0.7199 0.0048 0.0049 0.0052 0.0051 0.0057 0.0049 0.0043 0.0050 0.0056 0.0051 0.0050 0.0051 0.0046 0.0045 0.0053 0.0057 0.0056 0.0053 0.0053 0.0053 0.0049 0.0062 0.0057 0.0051 0.0052 0.0049 0.0060 0.0051 0.0051 0.0060 0.0051 0.0055 0.0051 0.0050 0.0041 0.0054 0.0055 0.0043 0.0057 0.0050 0.0052 0.0051 0.0057 0.0051 0.0047 0.0066 0.0055 0.0059 0.0088 0.0057 0.0039 
      H563.1 12 0.0054 0.0064 0.0093 0.0052 0.0050 0.0054 0.0062 0.0044 0.0055 0.0044 0.0046 0.0053 0.0060 0.0058 0.0056 0.0060 0.0044 0.0042 0.0063 0.0062 0.0057 0.0048 0.0057 0.0058 0.0043 0.0061 0.0057 0.0045 0.0051 0.0048 0.0048 0.0056 0.0058 0.0055 0.0059 0.0053 0.0054 0.0039 0.0054 0.6248 0.0054 0.0066 0.0050 0.0045 0.0070 0.0937 0.0077 0.0053 0.0058 0.0035 0.0056 0.0034 0.0045 0.0052 
      H563.2 12 0.0086 0.0125 0.0085 0.0073 0.0076 0.0080 0.0092 0.0134 0.0119 0.0061 0.0064 0.0094 0.0089 0.0101 0.0116 0.0116 0.0080 0.0067 0.0096 0.0103 0.0102 0.0102 0.0106 0.0102 0.0090 0.0107 0.0082 0.0096 0.0096 0.0067 0.0098 0.0130 0.0110 0.0132 0.0081 0.0123 0.0090 0.0060 0.0100 0.5010 0.0060 0.0069 0.0082 0.0090 0.0085 0.0317 0.0053 0.0102 0.0114 0.0048 0.0091 0.0040 0.0055 0.0052 
      H563.3 12 0.0075 0.0065 0.0057 0.0051 0.0050 0.0055 0.0054 0.0055 0.0054 0.0039 0.0040 0.0056 0.0062 0.0061 0.0062 0.0055 0.0042 0.0042 0.0048 0.0058 0.0054 0.0066 0.0056 0.0054 0.0058 0.0052 0.0065 0.0049 0.0052 0.0048 0.0054 0.0064 0.0056 0.0058 0.0061 0.0054 0.0057 0.0048 0.0056 0.6185 0.0066 0.0060 0.0053 0.0046 0.0049 0.1014 0.0058 0.0050 0.0055 0.0035 0.0065 0.0032 0.0039 0.0051 
      H563.4 12 0.0060 0.0067 0.0093 0.0063 0.0076 0.0071 0.0095 0.0077 0.0083 0.0044 0.0067 0.0076 0.0066 0.0088 0.0058 0.0095 0.0058 0.0053 0.0077 0.0069 0.0086 0.0077 0.0081 0.0070 0.0074 0.0089 0.0079 0.0088 0.0069 0.0080 0.0081 0.0066 0.0067 0.0098 0.0074 0.0080 0.0068 0.0061 0.0067 0.5634 0.0054 0.0058 0.0091 0.0074 0.0073 0.0679 0.0045 0.0084 0.0059 0.0045 0.0068 0.0029 0.0057 0.0060 
      H563.5 12 0.0049 0.0050 0.0049 0.0052 0.0049 0.0057 0.0058 0.0048 0.0057 0.0044 0.0036 0.0052 0.0047 0.0043 0.0050 0.0057 0.0043 0.0033 0.0053 0.0054 0.0050 0.0050 0.0053 0.0050 0.0047 0.0048 0.0048 0.0039 0.0051 0.0046 0.0050 0.0055 0.0054 0.0046 0.0051 0.0049 0.0050 0.0039 0.0050 0.6328 0.0055 0.0071 0.0058 0.0047 0.0044 0.1108 0.0056 0.0067 0.0047 0.0031 0.0052 0.0032 0.0048 0.0046 
      H563.6 12 0.0090 0.0086 0.0092 0.0088 0.0070 0.0067 0.0092 0.0107 0.0067 0.0045 0.0080 0.0094 0.0085 0.0063 0.0091 0.0082 0.0059 0.0060 0.0072 0.0073 0.0075 0.0078 0.0088 0.0080 0.0090 0.0083 0.0090 0.0076 0.0068 0.0058 0.0089 0.0084 0.0088 0.0068 0.0075 0.0076 0.0077 0.0057 0.0071 0.5686 0.0050 0.0078 0.0088 0.0062 0.0074 0.0489 0.0045 0.0084 0.0068 0.0040 0.0070 0.0040 0.0045 0.0046 
      H563.7 12 0.0095 0.0063 0.0089 0.0070 0.0070 0.0063 0.0067 0.0061 0.0071 0.0048 0.0111 0.0060 0.0070 0.0058 0.0078 0.0051 0.0058 0.0054 0.0078 0.0066 0.0066 0.0073 0.0067 0.0065 0.0053 0.0080 0.0076 0.0054 0.0064 0.0088 0.0063 0.0068 0.0073 0.0067 0.0060 0.0056 0.0066 0.0038 0.0060 0.6124 0.0046 0.0091 0.0067 0.0061 0.0068 0.0534 0.0033 0.0074 0.0054 0.0039 0.0065 0.0048 0.0036 0.0042 
      H563.8 12 0.0082 0.0065 0.0052 0.0074 0.0075 0.0087 0.0077 0.0061 0.0054 0.0044 0.0047 0.0068 0.0070 0.0058 0.0057 0.0087 0.0048 0.0044 0.0064 0.0064 0.0083 0.0079 0.0077 0.0067 0.0064 0.0055 0.0057 0.0067 0.0063 0.0054 0.0068 0.0063 0.0069 0.0075 0.0073 0.0067 0.0078 0.0045 0.0074 0.5802 0.0049 0.0066 0.0060 0.0050 0.0060 0.0880 0.0083 0.0081 0.0066 0.0038 0.0077 0.0040 0.0053 0.0038 
      H563.9 12 0.0066 0.0079 0.0066 0.0078 0.0070 0.0074 0.0104 0.0076 0.0075 0.0043 0.0075 0.0080 0.0064 0.0083 0.0081 0.0104 0.0075 0.0075 0.0090 0.0063 0.0067 0.0109 0.0087 0.0069 0.0106 0.0081 0.0079 0.0088 0.0098 0.0062 0.0073 0.0070 0.0072 0.0080 0.0076 0.0089 0.0086 0.0053 0.0067 0.5753 0.0050 0.0053 0.0093 0.0089 0.0077 0.0399 0.0048 0.0075 0.0069 0.0033 0.0076 0.0052 0.0046 0.0050 
     H7374.1 12 0.0063 0.0070 0.0060 0.0070 0.0088 0.0076 0.0081 0.0094 0.0092 0.0051 0.0057 0.0083 0.0090 0.0102 0.0087 0.0072 0.0108 0.0040 0.0083 0.0086 0.0067 0.0092 0.0102 0.0075 0.0107 0.0094 0.0076 0.0074 0.0076 0.0130 0.0110 0.0066 0.0084 0.0086 0.0078 0.0076 0.0078 0.0055 0.0076 0.0079 0.0098 0.5713 0.0081 0.0123 0.0093 0.0054 0.0048 0.0056 0.0080 0.0067 0.0079 0.0166 0.0046 0.0061 
     H7374.2 12 0.0054 0.0093 0.0089 0.0044 0.0080 0.0082 0.0083 0.0079 0.0072 0.0043 0.0037 0.0081 0.0078 0.0103 0.0066 0.0077 0.0083 0.0054 0.0079 0.0072 0.0074 0.0085 0.0074 0.0087 0.0084 0.0069 0.0093 0.0070 0.0068 0.0082 0.0090 0.0082 0.0073 0.0074 0.0064 0.0078 0.0074 0.0048 0.0069 0.0078 0.0099 0.6061 0.0083 0.0065 0.0082 0.0079 0.0057 0.0078 0.0078 0.0060 0.0073 0.0100 0.0076 0.0043 
     H7374.3 12 0.0063 0.0115 0.0057 0.0062 0.0096 0.0093 0.0113 0.0115 0.0103 0.0068 0.0051 0.0085 0.0134 0.0089 0.0114 0.0073 0.0113 0.0043 0.0103 0.0116 0.0085 0.0105 0.0104 0.0117 0.0142 0.0097 0.0105 0.0090 0.0067 0.0098 0.0114 0.0086 0.0095 0.0095 0.0114 0.0081 0.0102 0.0064 0.0085 0.0074 0.0110 0.4625 0.0085 0.0096 0.0100 0.0068 0.0071 0.0094 0.0105 0.0063 0.0083 0.0640 0.0055 0.0074 
     H7374.4 12 0.0059 0.0070 0.0082 0.0079 0.0072 0.0074 0.0072 0.0070 0.0071 0.0054 0.0072 0.0083 0.0084 0.0077 0.0071 0.0072 0.0060 0.0045 0.0069 0.0071 0.0075 0.0078 0.0080 0.0079 0.0060 0.0071 0.0070 0.0055 0.0062 0.0054 0.0075 0.0074 0.0067 0.0067 0.0062 0.0065 0.0089 0.0057 0.0067 0.0085 0.0055 0.6339 0.0099 0.0054 0.0068 0.0042 0.0061 0.0075 0.0072 0.0088 0.0063 0.0041 0.0093 0.0052 
     H7374.5 12 0.0065 0.0053 0.0056 0.0060 0.0057 0.0081 0.0062 0.0056 0.0058 0.0053 0.0052 0.0053 0.0057 0.0055 0.0061 0.0060 0.0048 0.0043 0.0071 0.0054 0.0060 0.0070 0.0063 0.0070 0.0057 0.0053 0.0068 0.0068 0.0060 0.0076 0.0070 0.0059 0.0058 0.0067 0.0066 0.0052 0.0069 0.0062 0.0067 0.0120 0.0056 0.6785 0.0063 0.0052 0.0060 0.0043 0.0090 0.0059 0.0057 0.0042 0.0058 0.0041 0.0056 0.0047 
     H7374.6 12 0.0071 0.0118 0.0059 0.0063 0.0121 0.0083 0.0109 0.0087 0.0095 0.0049 0.0069 0.0129 0.0102 0.0092 0.0099 0.0098 0.0086 0.0058 0.0095 0.0093 0.0100 0.0102 0.0122 0.0116 0.0118 0.0095 0.0093 0.0103 0.0081 0.0061 0.0091 0.0071 0.0101 0.0121 0.0070 0.0111 0.0089 0.0080 0.0109 0.0090 0.0053 0.5228 0.0074 0.0068 0.0091 0.0060 0.0071 0.0108 0.0096 0.0093 0.0101 0.0130 0.0056 0.0067 
     H7374.7 12 0.0089 0.0070 0.0066 0.0065 0.0051 0.0054 0.0076 0.0060 0.0056 0.0045 0.0073 0.0055 0.0054 0.0060 0.0064 0.0061 0.0056 0.0037 0.0064 0.0060 0.0056 0.0066 0.0056 0.0055 0.0074 0.0065 0.0058 0.0062 0.0066 0.0072 0.0056 0.0056 0.0055 0.0058 0.0056 0.0057 0.0059 0.0051 0.0054 0.0054 0.0041 0.6925 0.0057 0.0062 0.0052 0.0036 0.0034 0.0062 0.0056 0.0071 0.0059 0.0039 0.0053 0.0050 
     H7374.8 12 0.0059 0.0077 0.0062 0.0078 0.0073 0.0051 0.0077 0.0055 0.0073 0.0048 0.0076 0.0090 0.0058 0.0079 0.0071 0.0078 0.0082 0.0048 0.0087 0.0073 0.0067 0.0079 0.0085 0.0068 0.0071 0.0067 0.0083 0.0063 0.0084 0.0090 0.0067 0.0063 0.0072 0.0073 0.0060 0.0074 0.0063 0.0059 0.0071 0.0096 0.0054 0.6262 0.0078 0.0081 0.0076 0.0059 0.0032 0.0082 0.0070 0.0056 0.0068 0.0141 0.0044 0.0048 
     H7374.9 12 0.0067 0.0058 0.0045 0.0061 0.0066 0.0077 0.0065 0.0071 0.0069 0.0054 0.0064 0.0058 0.0063 0.0062 0.0069 0.0057 0.0052 0.0045 0.0061 0.0052 0.0063 0.0061 0.0070 0.0066 0.0064 0.0062 0.0067 0.0060 0.0053 0.0064 0.0062 0.0057 0.0073 0.0073 0.0077 0.0063 0.0065 0.0069 0.0071 0.0084 0.0061 0.6698 0.0071 0.0050 0.0054 0.0040 0.0080 0.0069 0.0072 0.0035 0.0067 0.0043 0.0065 0.0053 
     H9563.1 12 0.0066 0.0058 0.0049 0.0049 0.0065 0.0063 0.0052 0.0063 0.0061 0.0043 0.0049 0.0073 0.0060 0.0066 0.0063 0.0063 0.0056 0.0059 0.0064 0.0076 0.0059 0.0058 0.0054 0.0060 0.0063 0.0057 0.0058 0.0063 0.0054 0.0052 0.0067 0.0063 0.0053 0.0064 0.0061 0.0057 0.0058 0.0045 0.0064 0.0087 0.0038 0.0055 0.0065 0.0047 0.0059 0.6931 0.0051 0.0068 0.0056 0.0036 0.0062 0.0052 0.0042 0.0041 
     H9563.2 12 0.0045 0.0050 0.0062 0.0052 0.0057 0.0048 0.0062 0.0047 0.0056 0.0053 0.0037 0.0065 0.0059 0.0048 0.0056 0.0059 0.0062 0.0043 0.0053 0.0062 0.0047 0.0058 0.0056 0.0052 0.0042 0.0061 0.0063 0.0053 0.0055 0.0054 0.0053 0.0063 0.0052 0.0049 0.0062 0.0060 0.0058 0.0040 0.0051 0.0069 0.0051 0.0042 0.0061 0.0039 0.0051 0.7198 0.0064 0.0057 0.0056 0.0038 0.0053 0.0032 0.0040 0.0046 
     H9563.3 12 0.0084 0.0067 0.0043 0.0083 0.0076 0.0054 0.0061 0.0073 0.0072 0.0058 0.0067 0.0072 0.0066 0.0065 0.0074 0.0071 0.0075 0.0052 0.0064 0.0070 0.0075 0.0062 0.0070 0.0074 0.0058 0.0067 0.0063 0.0068 0.0074 0.0094 0.0059 0.0064 0.0079 0.0077 0.0055 0.0073 0.0074 0.0051 0.0067 0.0142 0.0046 0.0054 0.0059 0.0071 0.0077 0.6409 0.0031 0.0069 0.0058 0.0050 0.0070 0.0105 0.0048 0.0058 
     H9563.4 12 0.0080 0.0169 0.0054 0.0101 0.0147 0.0100 0.0136 0.0151 0.0148 0.0088 0.0062 0.0093 0.0120 0.0115 0.0151 0.0141 0.0104 0.0046 0.0135 0.0137 0.0114 0.0114 0.0105 0.0099 0.0133 0.0102 0.0127 0.0132 0.0081 0.0077 0.0109 0.0128 0.0095 0.0104 0.0096 0.0110 0.0124 0.0061 0.0140 0.0129 0.0059 0.0080 0.0115 0.0100 0.0140 0.4352 0.0055 0.0101 0.0114 0.0084 0.0140 0.0082 0.0056 0.0065 
     H9563.5 12 0.0051 0.0083 0.0046 0.0074 0.0082 0.0077 0.0069 0.0066 0.0090 0.0060 0.0049 0.0088 0.0078 0.0086 0.0083 0.0060 0.0068 0.0061 0.0071 0.0083 0.0076 0.0073 0.0083 0.0083 0.0072 0.0081 0.0093 0.0085 0.0085 0.0062 0.0071 0.0084 0.0078 0.0075 0.0067 0.0080 0.0072 0.0057 0.0076 0.0076 0.0062 0.0045 0.0072 0.0080 0.0085 0.6240 0.0044 0.0084 0.0093 0.0046 0.0059 0.0038 0.0051 0.0044 
     H9563.6 12 0.0138 0.0060 0.0053 0.0048 0.0058 0.0047 0.0063 0.0061 0.0053 0.0056 0.0038 0.0049 0.0074 0.0067 0.0063 0.0057 0.0051 0.0061 0.0063 0.0067 0.0060 0.0064 0.0068 0.0068 0.0053 0.0065 0.0064 0.0056 0.0056 0.0139 0.0072 0.0053 0.0062 0.0058 0.0055 0.0060 0.0067 0.0045 0.0062 0.0090 0.0052 0.0067 0.0058 0.0056 0.0055 0.6721 0.0039 0.0065 0.0052 0.0052 0.0067 0.0086 0.0043 0.0044 
     H9563.7 12 0.0064 0.0048 0.0037 0.0043 0.0057 0.0046 0.0046 0.0045 0.0052 0.0042 0.0034 0.0051 0.0051 0.0045 0.0048 0.0049 0.0047 0.0046 0.0050 0.0050 0.0048 0.0052 0.0050 0.0048 0.0039 0.0054 0.0050 0.0049 0.0050 0.0094 0.0051 0.0048 0.0059 0.0050 0.0053 0.0047 0.0052 0.0037 0.0047 0.0095 0.0058 0.0065 0.0047 0.0040 0.0048 0.7327 0.0036 0.0050 0.0049 0.0073 0.0053 0.0056 0.0038 0.0039 
     H9563.8 12 0.0054 0.0113 0.0052 0.0174 0.0105 0.0082 0.0092 0.0100 0.0099 0.0194 0.0073 0.0094 0.0110 0.0083 0.0114 0.0101 0.0181 0.0073 0.0094 0.0099 0.0116 0.0097 0.0083 0.0098 0.0069 0.0092 0.0143 0.0108 0.0095 0.0062 0.0084 0.0090 0.0081 0.0146 0.0096 0.0084 0.0119 0.0062 0.0110 0.0085 0.0045 0.0055 0.0099 0.0072 0.0088 0.5054 0.0052 0.0108 0.0091 0.0048 0.0102 0.0062 0.0061 0.0055 
     H9563.9 12 0.0061 0.0079 0.0055 0.0051 0.0071 0.0058 0.0066 0.0071 0.0065 0.0079 0.0042 0.0076 0.0058 0.0082 0.0067 0.0057 0.0068 0.0072 0.0080 0.0061 0.0076 0.0064 0.0057 0.0061 0.0054 0.0078 0.0063 0.0061 0.0068 0.0080 0.0058 0.0070 0.0078 0.0071 0.0056 0.0067 0.0079 0.0047 0.0074 0.0058 0.0045 0.0054 0.0074 0.0056 0.0057 0.6667 0.0055 0.0064 0.0055 0.0034 0.0053 0.0063 0.0044 0.0039 
     H9572.1 12 0.4680 0.0128 0.0080 0.0064 0.0099 0.0108 0.0088 0.0099 0.0103 0.0095 0.0049 0.0129 0.0118 0.0121 0.0085 0.0090 0.0069 0.0119 0.0083 0.0105 0.0098 0.0113 0.0126 0.0096 0.0111 0.0097 0.0095 0.0102 0.0091 0.0078 0.0087 0.0106 0.0128 0.0116 0.0171 0.0079 0.0107 0.0087 0.0081 0.0107 0.0121 0.0092 0.0089 0.0065 0.0093 0.0173 0.0203 0.0082 0.0135 0.0066 0.0109 0.0066 0.0064 0.0053 
     H9572.2 12 0.3727 0.0114 0.0067 0.0076 0.0135 0.0082 0.0112 0.0126 0.0160 0.0095 0.0058 0.0117 0.0113 0.0116 0.0124 0.0137 0.0121 0.0047 0.0105 0.0145 0.0128 0.0147 0.0136 0.0230 0.0150 0.0123 0.0114 0.0113 0.0116 0.0082 0.0123 0.0117 0.0145 0.0132 0.0134 0.0103 0.0139 0.0164 0.0125 0.0223 0.0102 0.0127 0.0140 0.0065 0.0126 0.0180 0.0066 0.0112 0.0118 0.0043 0.0133 0.0104 0.0052 0.0111 
     H9572.3 12 0.2222 0.0135 0.0087 0.0097 0.0169 0.0214 0.0160 0.0185 0.0124 0.0043 0.0176 0.0127 0.0135 0.0147 0.0195 0.0122 0.0107 0.0061 0.0142 0.0157 0.0127 0.0126 0.0216 0.0130 0.0105 0.0118 0.0188 0.0121 0.0132 0.0168 0.0161 0.0121 0.0178 0.0149 0.0103 0.0108 0.0188 0.0074 0.0087 0.0258 0.0755 0.0299 0.0182 0.0140 0.0120 0.0070 0.0080 0.0151 0.0112 0.0095 0.0160 0.0074 0.0049 0.0047 
     H9572.4 12 0.6699 0.0056 0.0046 0.0065 0.0066 0.0067 0.0052 0.0080 0.0068 0.0041 0.0119 0.0060 0.0076 0.0073 0.0061 0.0059 0.0050 0.0059 0.0065 0.0064 0.0058 0.0071 0.0062 0.0067 0.0057 0.0059 0.0068 0.0056 0.0059 0.0057 0.0058 0.0054 0.0055 0.0053 0.0056 0.0070 0.0058 0.0050 0.0071 0.0080 0.0072 0.0091 0.0054 0.0046 0.0058 0.0077 0.0079 0.0058 0.0054 0.0061 0.0064 0.0061 0.0040 0.0039 
     H9572.5 12 0.6164 0.0059 0.0046 0.0105 0.0065 0.0079 0.0071 0.0061 0.0078 0.0053 0.0136 0.0075 0.0083 0.0075 0.0068 0.0063 0.0047 0.0072 0.0065 0.0067 0.0064 0.0075 0.0081 0.0063 0.0089 0.0074 0.0070 0.0072 0.0059 0.0053 0.0061 0.0062 0.0050 0.0065 0.0064 0.0075 0.0072 0.0049 0.0063 0.0056 0.0356 0.0038 0.0072 0.0043 0.0067 0.0085 0.0075 0.0066 0.0058 0.0053 0.0069 0.0056 0.0043 0.0067 
