      H105.1  1 0.0022 0.0034 0.0030 0.0042 0.0025 0.0039 0.0020 0.0032 0.0037 0.0022 0.0035 0.0038 0.0022 0.0031 0.9213 0.0021 0.0098 0.0026 0.0021 0.0031 0.0027 0.0036 0.0025 0.0024 0.0024 0.0026 
      H105.2  1 0.0041 0.0055 0.0066 0.0039 0.0052 0.0035 0.0053 0.0047 0.0100 0.0026 0.0040 0.0032 0.0030 0.0026 0.8897 0.0034 0.0035 0.0030 0.0047 0.0019 0.0041 0.0046 0.0091 0.0038 0.0042 0.0040 
      H105.3  1 0.0027 0.0028 0.0033 0.0048 0.0026 0.0022 0.0020 0.0017 0.0031 0.0020 0.0028 0.0033 0.0022 0.0027 0.9351 0.0020 0.0025 0.0023 0.0028 0.0028 0.0029 0.0025 0.0025 0.0020 0.0020 0.0026 
      H105.4  1 0.0020 0.0056 0.0030 0.0026 0.0026 0.0031 0.0021 0.0028 0.0040 0.0040 0.0031 0.0027 0.0037 0.0026 0.9103 0.0043 0.0046 0.0050 0.0024 0.0026 0.0060 0.0030 0.0068 0.0038 0.0028 0.0042 
      H105.5  1 0.0036 0.0077 0.0037 0.0046 0.0061 0.0040 0.0023 0.0074 0.0095 0.0073 0.0043 0.0039 0.0029 0.0029 0.8441 0.0064 0.0348 0.0032 0.0036 0.0042 0.0047 0.0074 0.0088 0.0036 0.0050 0.0041 
      H105.6  1 0.0041 0.0042 0.0037 0.0056 0.0060 0.0025 0.0036 0.0037 0.0034 0.0145 0.0036 0.0038 0.0045 0.0032 0.8690 0.0039 0.0061 0.0073 0.0083 0.0029 0.0093 0.0054 0.0045 0.0057 0.0064 0.0051 
      H105.7  1 0.0042 0.0080 0.0055 0.0200 0.0035 0.0035 0.0033 0.0055 0.0084 0.0058 0.0036 0.0088 0.0037 0.0033 0.8399 0.0058 0.0127 0.0046 0.0057 0.0032 0.0067 0.0084 0.0062 0.0104 0.0054 0.0039 
      H105.8  1 0.0021 0.0030 0.0088 0.0033 0.0029 0.0019 0.0028 0.0028 0.0040 0.0029 0.0024 0.0027 0.0024 0.0023 0.9279 0.0026 0.0027 0.0021 0.0026 0.0017 0.0031 0.0027 0.0027 0.0018 0.0021 0.0038 
      H115.1  1 0.0071 0.0079 0.0125 0.0090 0.0190 0.0086 0.0091 0.0062 0.0049 0.0904 0.0052 0.0038 0.0040 0.0110 0.0051 0.0048 0.0670 0.0027 0.0992 0.0041 0.0271 0.0348 0.3078 0.0055 0.0072 0.2360 
      H115.2  1 0.0096 0.0054 0.0043 0.0058 0.0201 0.0055 0.0108 0.0072 0.0079 0.0960 0.0039 0.0053 0.0030 0.0056 0.0035 0.0058 0.0466 0.0050 0.0119 0.0034 0.0056 0.0267 0.4112 0.0068 0.0698 0.2135 
      H115.3  1 0.0062 0.0038 0.0032 0.0078 0.0128 0.0072 0.0057 0.0027 0.0044 0.1482 0.0027 0.0032 0.0045 0.0058 0.0049 0.0112 0.0124 0.0029 0.0033 0.0033 0.0033 0.0053 0.6699 0.0021 0.0127 0.0504 
      H115.4  1 0.0140 0.0135 0.0353 0.0046 0.0085 0.0112 0.0054 0.0120 0.0219 0.0037 0.0025 0.0039 0.0051 0.0183 0.0040 0.0103 0.0080 0.0047 0.0043 0.0059 0.0037 0.0122 0.6035 0.0036 0.0050 0.1748 
      H115.5  1 0.0098 0.0071 0.0124 0.0062 0.0410 0.0191 0.0049 0.0059 0.0093 0.2424 0.0029 0.0068 0.0085 0.0617 0.0237 0.0131 0.0230 0.0074 0.0208 0.0119 0.0070 0.0708 0.2881 0.0056 0.0193 0.0714 
      H115.6  1 0.0353 0.0034 0.0040 0.0109 0.0156 0.0217 0.0252 0.0042 0.0078 0.1498 0.0059 0.0072 0.0021 0.0092 0.0044 0.0167 0.0104 0.0055 0.0030 0.0039 0.0033 0.0116 0.6078 0.0050 0.0084 0.0179 
      H115.7  1 0.0050 0.0156 0.0040 0.0108 0.0058 0.0092 0.0102 0.0076 0.0058 0.0245 0.0059 0.0039 0.0036 0.0067 0.0048 0.0035 0.0113 0.0039 0.0685 0.0061 0.0090 0.0138 0.7142 0.0073 0.0094 0.0297 
      H115.8  1 0.0070 0.0047 0.0069 0.0083 0.0238 0.0136 0.0141 0.0067 0.0066 0.3481 0.0036 0.0091 0.0023 0.0158 0.0072 0.0095 0.0176 0.0023 0.0055 0.0047 0.0045 0.0254 0.3693 0.0054 0.0073 0.0706 
      H115.9  1 0.0113 0.0065 0.0149 0.0180 0.0111 0.0144 0.0077 0.0075 0.0067 0.5562 0.0031 0.0064 0.0044 0.0145 0.0067 0.0099 0.0593 0.0024 0.0175 0.0034 0.0311 0.0166 0.0718 0.0051 0.0201 0.0734 
      H145.1  1 0.0164 0.0122 0.0032 0.0058 0.0033 0.0035 0.0135 0.0049 0.0031 0.0178 0.0066 0.0040 0.0037 0.0063 0.0023 0.0048 0.0067 0.0039 0.0024 0.8309 0.0053 0.0069 0.0067 0.0152 0.0074 0.0031 
      H145.2  1 0.0059 0.0048 0.0051 0.0055 0.0060 0.0050 0.0069 0.0025 0.0045 0.0071 0.0045 0.0030 0.0053 0.0075 0.0026 0.0055 0.0100 0.0068 0.0023 0.8696 0.0037 0.0063 0.0039 0.0073 0.0040 0.0042 
      H145.3  1 0.0022 0.0028 0.0022 0.0024 0.0018 0.0022 0.0156 0.0023 0.0022 0.0036 0.0027 0.0034 0.0030 0.0020 0.0020 0.0020 0.0032 0.0022 0.0024 0.9232 0.0032 0.0027 0.0031 0.0032 0.0018 0.0026 
      H145.4  1 0.0071 0.0056 0.0030 0.0074 0.0032 0.0036 0.0038 0.0041 0.0036 0.0048 0.0054 0.0027 0.0031 0.0044 0.0033 0.0034 0.0064 0.0042 0.0026 0.8766 0.0059 0.0048 0.0029 0.0212 0.0041 0.0030 
      H145.5  1 0.0029 0.0041 0.0024 0.0023 0.0022 0.0030 0.0221 0.0022 0.0022 0.0023 0.0033 0.0034 0.0018 0.0026 0.0034 0.0031 0.0025 0.0021 0.0028 0.9089 0.0028 0.0049 0.0031 0.0054 0.0023 0.0020 
      H145.6  1 0.0067 0.0043 0.0040 0.0061 0.0035 0.0031 0.0036 0.0022 0.0036 0.0036 0.0034 0.0030 0.0038 0.0053 0.0026 0.0039 0.0060 0.0059 0.0028 0.8984 0.0029 0.0045 0.0022 0.0086 0.0035 0.0025 
      H145.7  1 0.0046 0.0029 0.0031 0.0034 0.0037 0.0071 0.0036 0.0022 0.0033 0.0029 0.0039 0.0036 0.0026 0.0062 0.0022 0.0032 0.0032 0.0045 0.0018 0.9118 0.0033 0.0042 0.0032 0.0045 0.0018 0.0031 
      H149.1  1 0.0055 0.0023 0.0029 0.0026 0.0095 0.1660 0.0075 0.0033 0.0033 0.0028 0.0035 0.0028 0.0028 0.7374 0.0032 0.0064 0.0054 0.0028 0.0028 0.0032 0.0047 0.0046 0.0036 0.0049 0.0029 0.0033 
      H149.2  1 0.0050 0.0024 0.0027 0.0032 0.0054 0.8821 0.0048 0.0029 0.0049 0.0022 0.0033 0.0022 0.0024 0.0363 0.0031 0.0035 0.0035 0.0029 0.0022 0.0033 0.0041 0.0041 0.0031 0.0043 0.0036 0.0025 
      H149.3  1 0.0045 0.0077 0.0071 0.0102 0.0058 0.7945 0.0079 0.0081 0.0073 0.0031 0.0039 0.0043 0.0051 0.0244 0.0041 0.0183 0.0189 0.0038 0.0034 0.0112 0.0066 0.0103 0.0121 0.0075 0.0033 0.0066 
      H149.4  1 0.0060 0.0026 0.0110 0.0058 0.0218 0.6588 0.0199 0.0025 0.0102 0.0060 0.0036 0.0193 0.0044 0.1550 0.0108 0.0095 0.0038 0.0037 0.0041 0.0034 0.0053 0.0088 0.0034 0.0041 0.0117 0.0045 
      H149.5  1 0.0027 0.0066 0.0043 0.0066 0.0039 0.9045 0.0026 0.0029 0.0072 0.0017 0.0031 0.0031 0.0038 0.0046 0.0037 0.0031 0.0046 0.0027 0.0020 0.0061 0.0030 0.0046 0.0033 0.0047 0.0020 0.0026 
      H149.6  1 0.0036 0.0023 0.0036 0.0029 0.0060 0.9166 0.0028 0.0020 0.0033 0.0017 0.0027 0.0022 0.0028 0.0142 0.0020 0.0033 0.0029 0.0026 0.0026 0.0043 0.0030 0.0039 0.0021 0.0027 0.0018 0.0021 
      H149.7  1 0.0062 0.0056 0.0086 0.0079 0.0064 0.8229 0.0064 0.0103 0.0056 0.0030 0.0045 0.0093 0.0047 0.0137 0.0044 0.0112 0.0106 0.0046 0.0038 0.0038 0.0085 0.0099 0.0058 0.0136 0.0034 0.0053 
      H150.1  1 0.0041 0.0030 0.0024 0.0037 0.0065 0.0022 0.0044 0.0031 0.0037 0.8390 0.0032 0.0042 0.0019 0.0022 0.0081 0.0031 0.0050 0.0030 0.0024 0.0036 0.0043 0.0107 0.0606 0.0039 0.0054 0.0062 
      H150.2  1 0.0038 0.0036 0.0034 0.0047 0.0073 0.0030 0.0073 0.0069 0.0042 0.0802 0.0038 0.0046 0.0036 0.0057 0.0035 0.0027 0.0031 0.0034 0.0074 0.0023 0.0029 0.0076 0.7512 0.0042 0.0270 0.0424 
      H150.3  1 0.0091 0.0104 0.0034 0.0110 0.0087 0.0053 0.0310 0.0193 0.0041 0.4772 0.0088 0.0055 0.0022 0.0068 0.0047 0.0032 0.0080 0.0049 0.0361 0.0049 0.0093 0.0140 0.2562 0.0113 0.0294 0.0152 
      H150.4  1 0.0067 0.0041 0.0019 0.0051 0.0037 0.0040 0.0057 0.0080 0.0043 0.8788 0.0050 0.0039 0.0018 0.0030 0.0038 0.0029 0.0049 0.0034 0.0066 0.0053 0.0053 0.0057 0.0097 0.0063 0.0063 0.0038 
      H150.5  1 0.0068 0.0056 0.0027 0.0089 0.0149 0.0057 0.0040 0.0097 0.0051 0.0864 0.0044 0.0041 0.0027 0.0033 0.0064 0.0050 0.0106 0.0040 0.0047 0.0033 0.0064 0.0119 0.7261 0.0073 0.0337 0.0164 
      H150.6  1 0.0042 0.0038 0.0032 0.0031 0.0134 0.0032 0.0045 0.0052 0.0112 0.0204 0.0077 0.0031 0.0032 0.0031 0.0072 0.0044 0.0042 0.0040 0.0023 0.0053 0.0046 0.0122 0.8307 0.0028 0.0051 0.0279 
      H150.7  1 0.0052 0.0041 0.0023 0.0037 0.0070 0.0021 0.0095 0.0029 0.0060 0.8837 0.0027 0.0040 0.0021 0.0027 0.0043 0.0027 0.0036 0.0033 0.0035 0.0034 0.0030 0.0038 0.0188 0.0033 0.0083 0.0038 
   H169607.1  1 0.0078 0.8233 0.0068 0.0039 0.0094 0.0047 0.0132 0.0084 0.0038 0.0062 0.0057 0.0025 0.0032 0.0067 0.0027 0.0043 0.0266 0.0075 0.0033 0.0069 0.0039 0.0087 0.0089 0.0053 0.0093 0.0070 
   H169607.2  1 0.0033 0.9254 0.0022 0.0029 0.0033 0.0024 0.0030 0.0023 0.0027 0.0037 0.0032 0.0049 0.0023 0.0027 0.0030 0.0025 0.0027 0.0047 0.0025 0.0025 0.0028 0.0035 0.0030 0.0033 0.0028 0.0022 
   H169607.3  1 0.0070 0.7019 0.0111 0.0039 0.0092 0.0061 0.0076 0.0085 0.0121 0.0092 0.0039 0.0035 0.0044 0.0037 0.0041 0.0064 0.1240 0.0056 0.0025 0.0172 0.0051 0.0184 0.0076 0.0081 0.0031 0.0058 
   H169607.4  1 0.0041 0.9036 0.0021 0.0029 0.0042 0.0024 0.0041 0.0023 0.0019 0.0045 0.0102 0.0032 0.0030 0.0024 0.0028 0.0030 0.0076 0.0098 0.0020 0.0031 0.0028 0.0032 0.0027 0.0035 0.0063 0.0023 
   H169607.5  1 0.0035 0.8264 0.0036 0.0044 0.0046 0.0031 0.0035 0.0051 0.0030 0.0051 0.0026 0.0039 0.0025 0.0029 0.0024 0.0076 0.0747 0.0028 0.0044 0.0045 0.0028 0.0052 0.0065 0.0073 0.0050 0.0028 
   H169607.6  1 0.0019 0.9336 0.0030 0.0023 0.0025 0.0022 0.0031 0.0019 0.0028 0.0033 0.0025 0.0036 0.0028 0.0021 0.0028 0.0019 0.0032 0.0044 0.0024 0.0023 0.0021 0.0028 0.0028 0.0030 0.0026 0.0021 
   H169607.7  1 0.0030 0.8818 0.0076 0.0026 0.0035 0.0027 0.0037 0.0069 0.0028 0.0039 0.0024 0.0028 0.0027 0.0027 0.0043 0.0112 0.0052 0.0033 0.0019 0.0045 0.0021 0.0041 0.0168 0.0036 0.0026 0.0112 
   H169607.8  1 0.0022 0.9051 0.0023 0.0032 0.0036 0.0040 0.0030 0.0035 0.0034 0.0050 0.0046 0.0054 0.0037 0.0021 0.0040 0.0034 0.0094 0.0033 0.0032 0.0034 0.0042 0.0041 0.0033 0.0044 0.0028 0.0032 
   H169633.1  1 0.0078 0.0027 0.0027 0.0067 0.0093 0.0066 0.0046 0.0226 0.0067 0.0042 0.0037 0.0035 0.0035 0.8420 0.0031 0.0031 0.0041 0.0066 0.0129 0.0108 0.0038 0.0053 0.0049 0.0085 0.0057 0.0044 
   H169633.2  1 0.0893 0.0021 0.0068 0.0049 0.0175 0.0147 0.0020 0.0148 0.0061 0.0019 0.0042 0.0028 0.0048 0.7271 0.0099 0.0047 0.0042 0.0102 0.0052 0.0122 0.0100 0.0250 0.0067 0.0048 0.0026 0.0055 
   H169633.3  1 0.0090 0.0030 0.0041 0.0057 0.0161 0.0197 0.0044 0.0060 0.0077 0.0047 0.0042 0.0049 0.0070 0.8099 0.0024 0.0144 0.0052 0.0056 0.0063 0.0051 0.0052 0.0065 0.0060 0.0238 0.0066 0.0065 
   H169633.4  1 0.0051 0.0045 0.0038 0.0063 0.0068 0.0074 0.0035 0.0033 0.0060 0.0057 0.0060 0.0039 0.0035 0.8644 0.0035 0.0046 0.0078 0.0024 0.0069 0.0058 0.0048 0.0058 0.0064 0.0118 0.0051 0.0050 
   H169633.5  1 0.0082 0.0054 0.0039 0.0056 0.0064 0.0073 0.0030 0.0029 0.0072 0.0042 0.0061 0.0039 0.0058 0.8541 0.0035 0.0061 0.0076 0.0028 0.0102 0.0061 0.0049 0.0085 0.0047 0.0111 0.0058 0.0049 
   H169688.1  1 0.0032 0.0156 0.0081 0.0034 0.0042 0.0069 0.0226 0.7901 0.0150 0.0065 0.0059 0.0080 0.0104 0.0049 0.0031 0.0050 0.0070 0.0082 0.0225 0.0064 0.0054 0.0072 0.0039 0.0170 0.0056 0.0036 
   H169688.2  1 0.0031 0.0027 0.0067 0.0039 0.0036 0.0033 0.0026 0.8815 0.0070 0.0021 0.0047 0.0042 0.0034 0.0029 0.0072 0.0047 0.0042 0.0087 0.0044 0.0032 0.0110 0.0054 0.0037 0.0098 0.0025 0.0035 
   H169688.3  1 0.0058 0.0028 0.0035 0.0038 0.0032 0.0042 0.0030 0.9177 0.0029 0.0028 0.0034 0.0020 0.0017 0.0031 0.0042 0.0033 0.0038 0.0032 0.0028 0.0037 0.0042 0.0035 0.0031 0.0031 0.0025 0.0026 
   H169688.4  1 0.0030 0.0024 0.0025 0.0023 0.0036 0.0025 0.0031 0.9228 0.0032 0.0047 0.0019 0.0019 0.0024 0.0025 0.0018 0.0032 0.0056 0.0026 0.0022 0.0034 0.0035 0.0034 0.0046 0.0026 0.0044 0.0039 
   H169688.5  1 0.0028 0.0022 0.0027 0.0023 0.0027 0.0028 0.0024 0.9271 0.0026 0.0044 0.0023 0.0018 0.0023 0.0029 0.0019 0.0036 0.0059 0.0022 0.0023 0.0027 0.0032 0.0029 0.0039 0.0026 0.0035 0.0037 
   H169688.6  1 0.0018 0.0033 0.0474 0.0019 0.0034 0.0256 0.0027 0.8472 0.0045 0.0024 0.0037 0.0040 0.0067 0.0034 0.0028 0.0038 0.0031 0.0032 0.0051 0.0023 0.0029 0.0064 0.0023 0.0042 0.0032 0.0029 
   H169688.7  1 0.0060 0.0025 0.0039 0.0037 0.0048 0.0039 0.0088 0.8402 0.0045 0.0124 0.0068 0.0087 0.0021 0.0040 0.0053 0.0052 0.0058 0.0076 0.0028 0.0102 0.0093 0.0099 0.0159 0.0054 0.0038 0.0066 
   H171901.1  1 0.0101 0.0214 0.0052 0.0161 0.0659 0.0079 0.0052 0.0111 0.0278 0.0175 0.0040 0.0028 0.0025 0.0043 0.0217 0.0055 0.1750 0.0057 0.0243 0.0327 0.0066 0.3824 0.0207 0.0677 0.0144 0.0415 
   H171901.2  1 0.0055 0.0084 0.0027 0.0061 0.4409 0.0288 0.0103 0.0062 0.0098 0.0068 0.0120 0.0083 0.0036 0.2765 0.0440 0.0199 0.0208 0.0104 0.0034 0.0074 0.0055 0.0169 0.0046 0.0111 0.0253 0.0047 
   H171901.3  1 0.0046 0.0043 0.0048 0.0023 0.7629 0.0260 0.0046 0.0047 0.0052 0.0052 0.0049 0.0027 0.0056 0.0539 0.0051 0.0074 0.0220 0.0084 0.0148 0.0035 0.0047 0.0086 0.0148 0.0103 0.0049 0.0039 
   H171901.4  1 0.0041 0.0058 0.0040 0.0031 0.7697 0.0072 0.0045 0.0029 0.0036 0.0037 0.0036 0.0044 0.0038 0.1108 0.0113 0.0054 0.0065 0.0089 0.0043 0.0026 0.0050 0.0058 0.0047 0.0033 0.0043 0.0067 
   H171901.5  1 0.0075 0.0052 0.0062 0.0027 0.8326 0.0227 0.0050 0.0031 0.0072 0.0048 0.0062 0.0028 0.0044 0.0123 0.0058 0.0116 0.0097 0.0108 0.0017 0.0027 0.0045 0.0081 0.0095 0.0032 0.0034 0.0063 
   H171901.6  1 0.0154 0.0046 0.0059 0.0041 0.7854 0.0105 0.0081 0.0044 0.0091 0.0099 0.0049 0.0036 0.0046 0.0132 0.0037 0.0119 0.0059 0.0189 0.0033 0.0043 0.0084 0.0205 0.0153 0.0089 0.0087 0.0066 
   H171901.7  1 0.0073 0.0038 0.0077 0.0041 0.5931 0.0153 0.0037 0.0108 0.0106 0.0068 0.0042 0.0049 0.0094 0.0431 0.0028 0.0619 0.0213 0.0147 0.0043 0.0057 0.0073 0.0168 0.0106 0.1189 0.0052 0.0057 
   H171902.1  1 0.0061 0.0041 0.0051 0.0023 0.0045 0.0030 0.9096 0.0027 0.0041 0.0040 0.0030 0.0042 0.0029 0.0042 0.0020 0.0029 0.0024 0.0080 0.0022 0.0032 0.0033 0.0037 0.0027 0.0032 0.0033 0.0032 
  H171902.10  1 0.0039 0.0035 0.0038 0.0025 0.0045 0.0045 0.9076 0.0045 0.0040 0.0034 0.0038 0.0026 0.0020 0.0032 0.0027 0.0083 0.0037 0.0019 0.0021 0.0028 0.0018 0.0035 0.0089 0.0025 0.0026 0.0053 
   H171902.2  1 0.0065 0.0042 0.0065 0.0033 0.0097 0.0051 0.8733 0.0045 0.0048 0.0038 0.0026 0.0051 0.0027 0.0082 0.0024 0.0028 0.0044 0.0156 0.0043 0.0033 0.0028 0.0069 0.0043 0.0039 0.0028 0.0062 
   H171902.3  1 0.0068 0.0063 0.0035 0.0022 0.0183 0.0095 0.8710 0.0036 0.0045 0.0054 0.0026 0.0035 0.0042 0.0069 0.0028 0.0036 0.0043 0.0091 0.0031 0.0026 0.0034 0.0049 0.0054 0.0047 0.0042 0.0036 
   H171902.4  1 0.0042 0.0024 0.0027 0.0024 0.0040 0.0133 0.9044 0.0025 0.0038 0.0030 0.0030 0.0033 0.0024 0.0118 0.0025 0.0031 0.0036 0.0026 0.0025 0.0034 0.0033 0.0033 0.0035 0.0036 0.0029 0.0027 
   H171902.6  1 0.0042 0.0037 0.0028 0.0022 0.0032 0.0041 0.9262 0.0021 0.0046 0.0030 0.0030 0.0033 0.0019 0.0032 0.0025 0.0028 0.0023 0.0022 0.0021 0.0029 0.0025 0.0032 0.0039 0.0028 0.0030 0.0022 
   H171902.7  1 0.0055 0.0257 0.0041 0.0030 0.0048 0.0256 0.8195 0.0035 0.0032 0.0039 0.0060 0.0038 0.0022 0.0035 0.0050 0.0062 0.0169 0.0026 0.0016 0.0043 0.0029 0.0069 0.0235 0.0084 0.0025 0.0050 
   H171902.8  1 0.0064 0.0043 0.0041 0.0024 0.0105 0.0072 0.8924 0.0026 0.0046 0.0059 0.0033 0.0031 0.0026 0.0047 0.0024 0.0036 0.0039 0.0033 0.0026 0.0039 0.0027 0.0036 0.0067 0.0050 0.0047 0.0036 
   H171902.9  1 0.0039 0.0047 0.0026 0.0026 0.0036 0.0020 0.9175 0.0024 0.0028 0.0073 0.0029 0.0033 0.0024 0.0030 0.0023 0.0030 0.0037 0.0031 0.0025 0.0038 0.0028 0.0035 0.0040 0.0028 0.0048 0.0027 
   H171903.1  1 0.0074 0.5150 0.0026 0.0064 0.0086 0.0037 0.0042 0.0099 0.0049 0.0182 0.0047 0.0065 0.0051 0.0034 0.0079 0.0232 0.2719 0.0056 0.0044 0.0038 0.0042 0.0077 0.0237 0.0088 0.0162 0.0221 
   H171903.2  1 0.0043 0.0594 0.0034 0.0075 0.0125 0.0028 0.0042 0.0032 0.0040 0.0155 0.0074 0.0048 0.0084 0.0022 0.0298 0.0161 0.7549 0.0094 0.0024 0.0078 0.0040 0.0102 0.0049 0.0067 0.0065 0.0077 
   H171903.3  1 0.0115 0.0136 0.0024 0.0039 0.0050 0.0028 0.0032 0.0042 0.0030 0.0037 0.0140 0.0031 0.0143 0.0044 0.0143 0.0064 0.8317 0.0028 0.0040 0.0041 0.0085 0.0089 0.0040 0.0183 0.0040 0.0038 
   H171903.4  1 0.0102 0.1525 0.0037 0.0047 0.0113 0.0058 0.0252 0.0428 0.0036 0.0103 0.0106 0.0023 0.0034 0.0026 0.0042 0.0154 0.5304 0.0092 0.0031 0.0081 0.0053 0.0438 0.0567 0.0224 0.0071 0.0052 
   H171903.5  1 0.0078 0.0072 0.0039 0.0037 0.0077 0.0055 0.0034 0.0084 0.0047 0.0026 0.0031 0.0025 0.0038 0.0058 0.0062 0.0041 0.8779 0.0044 0.0023 0.0037 0.0059 0.0068 0.0050 0.0047 0.0047 0.0041 
   H171903.6  1 0.0037 0.0559 0.0030 0.0027 0.0060 0.0082 0.0041 0.0591 0.0036 0.0030 0.0033 0.0028 0.0035 0.0052 0.0023 0.0177 0.7705 0.0027 0.0021 0.0043 0.0037 0.0080 0.0083 0.0058 0.0049 0.0055 
      H177.1  1 0.0027 0.0053 0.0064 0.0031 0.0042 0.0036 0.0035 0.0063 0.0049 0.0052 0.0093 0.0033 0.0044 0.0046 0.0026 0.8834 0.0038 0.0026 0.0046 0.0021 0.0034 0.0046 0.0054 0.0098 0.0057 0.0052 
      H177.2  1 0.0073 0.0123 0.0223 0.0089 0.0086 0.0077 0.0038 0.0066 0.0122 0.0059 0.0180 0.0231 0.0028 0.0120 0.0055 0.6846 0.0169 0.0035 0.0026 0.0665 0.0088 0.0258 0.0084 0.0035 0.0040 0.0187 
      H177.3  1 0.0042 0.0042 0.0047 0.0039 0.0045 0.0078 0.0034 0.0032 0.0043 0.0035 0.0058 0.0027 0.0035 0.0056 0.0021 0.8879 0.0097 0.0026 0.0021 0.0109 0.0029 0.0055 0.0033 0.0040 0.0042 0.0038 
      H177.4  1 0.0106 0.0060 0.0493 0.0095 0.0046 0.0049 0.0048 0.0026 0.0056 0.0023 0.0068 0.0057 0.0155 0.0067 0.0069 0.7866 0.0099 0.0073 0.0023 0.0090 0.0052 0.0071 0.0036 0.0199 0.0039 0.0035 
      H177.5  1 0.0083 0.0030 0.0078 0.0116 0.0119 0.0029 0.0032 0.0130 0.0047 0.0048 0.0097 0.0126 0.0026 0.0040 0.0041 0.7842 0.0067 0.0119 0.0026 0.0082 0.0111 0.0093 0.0052 0.0398 0.0066 0.0101 
      H177.6  1 0.0051 0.0032 0.0053 0.0034 0.0059 0.0082 0.0048 0.0034 0.0033 0.0037 0.0051 0.0042 0.0035 0.0088 0.0023 0.8870 0.0069 0.0025 0.0024 0.0075 0.0037 0.0037 0.0034 0.0055 0.0035 0.0036 
      H179.1  1 0.0072 0.0050 0.7918 0.0088 0.0087 0.0044 0.0039 0.0189 0.0046 0.0086 0.0042 0.0054 0.0022 0.0038 0.0057 0.0072 0.0045 0.0080 0.0078 0.0026 0.0431 0.0079 0.0101 0.0118 0.0098 0.0040 
      H179.2  1 0.0424 0.0051 0.7284 0.0048 0.0079 0.0072 0.0064 0.0172 0.0078 0.0080 0.0091 0.0028 0.0149 0.0031 0.0071 0.0103 0.0107 0.0074 0.0038 0.0022 0.0398 0.0135 0.0138 0.0067 0.0070 0.0129 
      H179.3  1 0.0076 0.0110 0.6717 0.0056 0.0160 0.0055 0.0037 0.0852 0.0056 0.0188 0.0049 0.0033 0.0051 0.0032 0.0038 0.0193 0.0242 0.0128 0.0075 0.0028 0.0139 0.0128 0.0114 0.0225 0.0144 0.0076 
      H179.4  1 0.0145 0.0067 0.5980 0.0053 0.0211 0.0204 0.0042 0.0225 0.0071 0.0043 0.0414 0.0076 0.0642 0.0078 0.0063 0.0157 0.0294 0.0385 0.0049 0.0044 0.0116 0.0242 0.0053 0.0272 0.0037 0.0035 
      H180.1  1 0.0061 0.0058 0.0116 0.0026 0.0064 0.0026 0.0090 0.0043 0.0156 0.0051 0.0032 0.0028 0.0028 0.0028 0.0034 0.0047 0.0041 0.0035 0.0042 0.0021 0.0024 0.0081 0.0232 0.0019 0.0073 0.8545 
      H180.2  1 0.0031 0.0024 0.0035 0.0022 0.0108 0.0033 0.0023 0.0034 0.0035 0.0044 0.0024 0.0024 0.0035 0.0033 0.0036 0.0045 0.0036 0.0033 0.0084 0.0022 0.0043 0.0043 0.0106 0.0029 0.0043 0.8976 
      H180.3  1 0.0113 0.0060 0.0070 0.0032 0.0048 0.0048 0.0027 0.0059 0.0042 0.3493 0.0021 0.0109 0.0050 0.0088 0.0033 0.0055 0.0063 0.0039 0.0049 0.0076 0.0096 0.0100 0.0339 0.0042 0.0081 0.4767 
      H180.4  1 0.0028 0.0030 0.0047 0.0038 0.0147 0.0036 0.0073 0.0021 0.0072 0.0078 0.0023 0.0034 0.0022 0.0059 0.0042 0.0034 0.0054 0.0047 0.0091 0.0029 0.0041 0.0048 0.0106 0.0028 0.0048 0.8724 
      H180.5  1 0.0031 0.0026 0.0064 0.0032 0.0053 0.0042 0.0048 0.0055 0.0062 0.0056 0.0026 0.0044 0.0027 0.0033 0.0021 0.0043 0.0038 0.0037 0.0038 0.0025 0.0025 0.0038 0.0163 0.0025 0.0036 0.8915 
      H180.6  1 0.0064 0.0050 0.0115 0.0032 0.0138 0.0058 0.0051 0.0032 0.0054 0.2939 0.0020 0.0203 0.0047 0.0202 0.0067 0.0078 0.0060 0.0052 0.0040 0.0132 0.0055 0.0398 0.0792 0.0160 0.0047 0.4113 
      H181.1  1 0.0036 0.0051 0.0063 0.0025 0.0056 0.0255 0.0055 0.0034 0.8445 0.0032 0.0028 0.0055 0.0040 0.0073 0.0070 0.0070 0.0207 0.0026 0.0033 0.0047 0.0035 0.0094 0.0056 0.0040 0.0028 0.0044 
      H181.2  1 0.0033 0.0037 0.0076 0.0033 0.0045 0.0056 0.0041 0.0035 0.8761 0.0028 0.0048 0.0060 0.0029 0.0062 0.0036 0.0140 0.0028 0.0087 0.0039 0.0061 0.0040 0.0054 0.0054 0.0043 0.0027 0.0048 
      H181.3  1 0.0038 0.0036 0.0033 0.0039 0.0174 0.0060 0.0064 0.0040 0.8793 0.0040 0.0036 0.0065 0.0025 0.0049 0.0055 0.0047 0.0031 0.0056 0.0040 0.0039 0.0022 0.0051 0.0050 0.0035 0.0046 0.0037 
      H181.4  1 0.0037 0.0075 0.0032 0.0056 0.0166 0.0161 0.0053 0.0064 0.7634 0.0163 0.0037 0.0216 0.0040 0.0156 0.0070 0.0081 0.0081 0.0133 0.0040 0.0050 0.0058 0.0215 0.0153 0.0044 0.0135 0.0048 
      H181.5  1 0.0054 0.0025 0.0099 0.0040 0.0038 0.0037 0.0037 0.0037 0.8982 0.0033 0.0035 0.0044 0.0040 0.0035 0.0050 0.0032 0.0031 0.0029 0.0041 0.0026 0.0055 0.0047 0.0039 0.0044 0.0037 0.0033 
      H181.6  1 0.0080 0.0040 0.0266 0.0037 0.0062 0.0045 0.0044 0.0025 0.8491 0.0050 0.0038 0.0044 0.0054 0.0038 0.0073 0.0055 0.0039 0.0095 0.0034 0.0030 0.0052 0.0061 0.0053 0.0060 0.0056 0.0081 
      H181.7  1 0.0041 0.0050 0.0099 0.0035 0.0053 0.0041 0.0041 0.0044 0.8881 0.0046 0.0032 0.0040 0.0053 0.0039 0.0059 0.0037 0.0047 0.0031 0.0031 0.0037 0.0054 0.0054 0.0047 0.0038 0.0032 0.0037 
 H194.1_2004  1 0.0085 0.0066 0.0024 0.0035 0.0037 0.0028 0.0052 0.0046 0.0023 0.0035 0.0026 0.0043 0.0045 0.0043 0.0018 0.0039 0.0093 0.0042 0.0026 0.0034 0.0048 0.0056 0.0032 0.8930 0.0054 0.0039 
 H194.2_2004  1 0.0040 0.0078 0.0023 0.0028 0.0037 0.0033 0.0031 0.0026 0.0035 0.0032 0.0029 0.0030 0.0026 0.0028 0.0035 0.0028 0.0039 0.0033 0.0027 0.0050 0.0028 0.0039 0.0025 0.9139 0.0047 0.0034 
 H194.3_2004  1 0.0134 0.0035 0.0088 0.0035 0.0123 0.0297 0.0049 0.0054 0.0056 0.0028 0.0053 0.0038 0.0039 0.0135 0.0034 0.0106 0.0092 0.0061 0.0024 0.0085 0.0488 0.0118 0.0035 0.7729 0.0035 0.0027 
 H194.4_2004  1 0.0059 0.0040 0.0041 0.0025 0.0065 0.0107 0.0056 0.0033 0.0049 0.0028 0.0037 0.0037 0.0029 0.0057 0.0032 0.0081 0.0044 0.0045 0.0031 0.0097 0.0027 0.0034 0.0028 0.8858 0.0035 0.0027 
 H194.5_2004  1 0.0138 0.0076 0.0047 0.0033 0.0101 0.0084 0.0059 0.0043 0.0042 0.0023 0.0055 0.0090 0.0052 0.0128 0.0036 0.0054 0.0061 0.0118 0.0022 0.0049 0.0172 0.0066 0.0039 0.8336 0.0051 0.0024 
 H194.6_2004  1 0.0105 0.0067 0.0046 0.0042 0.0158 0.0277 0.0104 0.0070 0.0049 0.0046 0.0086 0.0059 0.0158 0.0149 0.0031 0.0560 0.0151 0.0092 0.0034 0.0068 0.0326 0.0132 0.0051 0.7023 0.0073 0.0043 
 H194.7_2004  1 0.0030 0.0046 0.0023 0.0027 0.0025 0.0050 0.0018 0.0027 0.0026 0.0027 0.0024 0.0035 0.0041 0.0027 0.0031 0.0043 0.0080 0.0025 0.0034 0.0037 0.0035 0.0040 0.0029 0.9153 0.0028 0.0039 
 H194.8_2004  1 0.0057 0.0051 0.0026 0.0029 0.0052 0.0060 0.0042 0.0023 0.0052 0.0032 0.0055 0.0052 0.0044 0.0043 0.0033 0.0050 0.0035 0.0084 0.0029 0.0049 0.0042 0.0036 0.0033 0.8912 0.0053 0.0026 
      H194.9  1 0.0040 0.0053 0.0020 0.0032 0.0036 0.0031 0.0034 0.0027 0.0026 0.0032 0.0031 0.0058 0.0029 0.0045 0.0023 0.0036 0.0034 0.0052 0.0035 0.0046 0.0025 0.0040 0.0026 0.9124 0.0040 0.0026 
 H195.1_2003  1 0.0039 0.0025 0.0024 0.0025 0.0047 0.0033 0.0028 0.0022 0.0024 0.0020 0.0025 0.0031 0.0022 0.0028 0.0026 0.0025 0.0024 0.9334 0.0024 0.0027 0.0023 0.0022 0.0025 0.0028 0.0024 0.0025 
 H195.1_2004  1 0.0038 0.0032 0.0024 0.0036 0.0053 0.0064 0.0038 0.0048 0.0061 0.0025 0.0079 0.0032 0.0025 0.0067 0.0020 0.0081 0.0032 0.0078 0.0025 0.8898 0.0022 0.0070 0.0060 0.0033 0.0027 0.0034 
 H195.2_2003  1 0.0059 0.0106 0.0026 0.0038 0.0051 0.0030 0.0126 0.0404 0.0042 0.0098 0.0072 0.0106 0.0040 0.0033 0.0041 0.0042 0.0040 0.8253 0.0024 0.0064 0.0022 0.0064 0.0025 0.0066 0.0102 0.0026 
 H195.2_2004  1 0.0037 0.0028 0.0032 0.0030 0.0042 0.0076 0.0031 0.0090 0.0027 0.0024 0.0045 0.0049 0.0034 0.0081 0.0024 0.0033 0.0027 0.1761 0.0028 0.7232 0.0032 0.0053 0.0056 0.0059 0.0024 0.0045 
 H195.3_2003  1 0.0031 0.0120 0.0026 0.0069 0.0099 0.0026 0.0033 0.0170 0.0080 0.0194 0.0059 0.0089 0.0037 0.0027 0.0080 0.0049 0.0056 0.7745 0.0051 0.0043 0.0090 0.0087 0.0038 0.0098 0.0545 0.0057 
 H195.3_2004  1 0.0069 0.0038 0.0029 0.0033 0.0067 0.0169 0.0089 0.0033 0.0073 0.0022 0.0079 0.0038 0.0043 0.0113 0.0030 0.0114 0.0033 0.2225 0.0044 0.6341 0.0037 0.0097 0.0043 0.0089 0.0028 0.0025 
 H195.4_2003  1 0.0121 0.0031 0.0040 0.0044 0.0053 0.0240 0.0031 0.0020 0.0031 0.0025 0.0030 0.0028 0.0035 0.0079 0.0022 0.0058 0.0026 0.8422 0.0016 0.0410 0.0029 0.0052 0.0030 0.0069 0.0029 0.0031 
 H195.4_2004  1 0.0039 0.0035 0.0033 0.0030 0.0063 0.0066 0.0035 0.0143 0.0041 0.0025 0.0045 0.0044 0.0071 0.0050 0.0019 0.0070 0.0038 0.0710 0.0033 0.8200 0.0031 0.0044 0.0021 0.0060 0.0025 0.0031 
 H195.5_2003  1 0.0037 0.0024 0.0021 0.0057 0.0041 0.0028 0.0025 0.0021 0.0035 0.0039 0.0124 0.0028 0.0040 0.0058 0.0026 0.0025 0.0025 0.8942 0.0073 0.0036 0.0030 0.0054 0.0070 0.0038 0.0041 0.0061 
 H195.5_2004  1 0.0033 0.0025 0.0023 0.0031 0.0034 0.0054 0.0028 0.0038 0.0039 0.0025 0.0057 0.0023 0.0055 0.0040 0.0045 0.0054 0.0034 0.0413 0.0066 0.8647 0.0030 0.0068 0.0031 0.0033 0.0033 0.0041 
 H195.6_2003  1 0.0035 0.0122 0.0027 0.0078 0.0040 0.0043 0.0072 0.0210 0.0042 0.0091 0.0076 0.0061 0.0056 0.0019 0.0035 0.0037 0.0046 0.7885 0.0022 0.0694 0.0026 0.0057 0.0042 0.0037 0.0115 0.0034 
 H195.6_2004  1 0.0045 0.0075 0.0046 0.0027 0.0028 0.0040 0.0042 0.0037 0.0030 0.0027 0.0091 0.0033 0.0042 0.0040 0.0066 0.0047 0.0037 0.1694 0.0032 0.7310 0.0034 0.0051 0.0022 0.0060 0.0021 0.0023 
 H195.7_2003  1 0.0032 0.0046 0.0025 0.0042 0.0041 0.0045 0.0028 0.0311 0.0042 0.0019 0.0038 0.0043 0.0035 0.0029 0.0036 0.0037 0.0027 0.8625 0.0028 0.0245 0.0033 0.0073 0.0031 0.0043 0.0021 0.0024 
 H195.7_2004  1 0.0026 0.0035 0.0027 0.0025 0.0028 0.0021 0.0024 0.0063 0.0033 0.0077 0.0049 0.0036 0.0021 0.0029 0.0021 0.0034 0.0026 0.0085 0.0036 0.9063 0.0022 0.0040 0.0067 0.0023 0.0047 0.0042 
      H195.8  1 0.0023 0.0031 0.0021 0.0026 0.0029 0.0027 0.0029 0.0032 0.0035 0.0035 0.0040 0.0020 0.0039 0.0026 0.0024 0.0036 0.0034 0.0037 0.0029 0.9247 0.0022 0.0031 0.0030 0.0040 0.0026 0.0029 
      H195.9  1 0.0040 0.0081 0.0046 0.0034 0.0126 0.0133 0.0036 0.0077 0.0046 0.0029 0.0080 0.0056 0.0065 0.0075 0.0028 0.0170 0.0061 0.0846 0.0023 0.7621 0.0050 0.0060 0.0045 0.0102 0.0027 0.0042 
      H415.1  1 0.8658 0.0035 0.0036 0.0035 0.0057 0.0045 0.0032 0.0070 0.0047 0.0122 0.0054 0.0033 0.0019 0.0068 0.0042 0.0049 0.0048 0.0042 0.0068 0.0035 0.0049 0.0065 0.0073 0.0066 0.0113 0.0039 
      H415.2  1 0.6281 0.0091 0.0095 0.0246 0.0101 0.0041 0.0916 0.0092 0.0044 0.0066 0.0109 0.0077 0.0027 0.0060 0.0046 0.0215 0.0407 0.0030 0.0033 0.0035 0.0168 0.0315 0.0042 0.0139 0.0215 0.0111 
      H415.3  1 0.8807 0.0033 0.0150 0.0061 0.0048 0.0036 0.0033 0.0055 0.0064 0.0034 0.0036 0.0041 0.0027 0.0095 0.0025 0.0048 0.0036 0.0040 0.0027 0.0032 0.0032 0.0058 0.0066 0.0038 0.0031 0.0046 
      H415.4  1 0.9114 0.0032 0.0025 0.0028 0.0048 0.0051 0.0044 0.0026 0.0027 0.0036 0.0044 0.0026 0.0023 0.0037 0.0035 0.0023 0.0030 0.0048 0.0019 0.0030 0.0051 0.0041 0.0047 0.0038 0.0048 0.0030 
      H415.5  1 0.9156 0.0019 0.0031 0.0029 0.0060 0.0050 0.0042 0.0028 0.0028 0.0023 0.0027 0.0031 0.0026 0.0055 0.0022 0.0032 0.0034 0.0045 0.0021 0.0033 0.0045 0.0030 0.0037 0.0033 0.0023 0.0040 
      H415.6  1 0.9059 0.0029 0.0025 0.0032 0.0043 0.0062 0.0036 0.0019 0.0031 0.0041 0.0041 0.0026 0.0022 0.0030 0.0036 0.0027 0.0032 0.0049 0.0020 0.0035 0.0060 0.0050 0.0068 0.0061 0.0038 0.0029 
      H415.7  1 0.7764 0.0151 0.0127 0.0122 0.0095 0.0052 0.0329 0.0070 0.0049 0.0029 0.0091 0.0093 0.0047 0.0056 0.0036 0.0073 0.0245 0.0053 0.0021 0.0046 0.0036 0.0141 0.0050 0.0082 0.0080 0.0061 
      H506.1  1 0.0021 0.0027 0.9297 0.0026 0.0027 0.0025 0.0025 0.0022 0.0045 0.0016 0.0025 0.0046 0.0027 0.0048 0.0029 0.0029 0.0019 0.0030 0.0028 0.0032 0.0042 0.0030 0.0022 0.0023 0.0017 0.0022 
      H506.2  1 0.0028 0.0030 0.9183 0.0028 0.0032 0.0035 0.0027 0.0020 0.0048 0.0016 0.0031 0.0035 0.0037 0.0042 0.0029 0.0062 0.0019 0.0044 0.0023 0.0077 0.0029 0.0031 0.0027 0.0025 0.0016 0.0024 
      H506.3  1 0.0038 0.0045 0.8360 0.0051 0.0076 0.0048 0.0034 0.0141 0.0177 0.0022 0.0066 0.0044 0.0037 0.0044 0.0035 0.0180 0.0065 0.0063 0.0024 0.0055 0.0126 0.0076 0.0048 0.0027 0.0050 0.0070 
      H506.4  1 0.0053 0.0048 0.8694 0.0052 0.0050 0.0050 0.0052 0.0041 0.0066 0.0038 0.0031 0.0034 0.0149 0.0056 0.0023 0.0091 0.0119 0.0037 0.0023 0.0026 0.0031 0.0044 0.0050 0.0035 0.0051 0.0054 
      H506.5  1 0.0055 0.0045 0.8994 0.0037 0.0057 0.0037 0.0040 0.0020 0.0053 0.0020 0.0044 0.0031 0.0058 0.0054 0.0028 0.0070 0.0038 0.0078 0.0021 0.0045 0.0032 0.0035 0.0021 0.0031 0.0023 0.0033 
      H506.6  1 0.0071 0.0090 0.7219 0.0071 0.0057 0.0031 0.0029 0.0081 0.0120 0.0037 0.0134 0.0030 0.0062 0.0028 0.0033 0.1030 0.0181 0.0136 0.0025 0.0196 0.0032 0.0099 0.0040 0.0057 0.0064 0.0045 
      H506.7  1 0.0025 0.0036 0.9187 0.0034 0.0036 0.0028 0.0026 0.0026 0.0046 0.0019 0.0033 0.0036 0.0040 0.0035 0.0041 0.0035 0.0022 0.0061 0.0024 0.0041 0.0035 0.0031 0.0024 0.0028 0.0018 0.0029 
      H533.1  1 0.0031 0.0023 0.8992 0.0021 0.0068 0.0040 0.0023 0.0023 0.0107 0.0029 0.0023 0.0030 0.0042 0.0067 0.0090 0.0039 0.0034 0.0020 0.0025 0.0031 0.0042 0.0034 0.0045 0.0020 0.0020 0.0080 
      H533.2  1 0.0038 0.0020 0.8907 0.0023 0.0075 0.0043 0.0025 0.0020 0.0131 0.0025 0.0027 0.0028 0.0035 0.0077 0.0106 0.0036 0.0038 0.0022 0.0031 0.0044 0.0050 0.0047 0.0040 0.0020 0.0018 0.0077 
      H533.3  1 0.0027 0.0054 0.9139 0.0026 0.0036 0.0026 0.0019 0.0024 0.0033 0.0025 0.0021 0.0043 0.0027 0.0073 0.0027 0.0026 0.0080 0.0016 0.0024 0.0040 0.0059 0.0045 0.0028 0.0032 0.0023 0.0026 
      H533.4  1 0.0066 0.0176 0.8284 0.0029 0.0045 0.0036 0.0035 0.0036 0.0084 0.0041 0.0048 0.0062 0.0083 0.0126 0.0050 0.0055 0.0049 0.0093 0.0032 0.0166 0.0023 0.0086 0.0065 0.0157 0.0041 0.0033 
      H535.1  1 0.0036 0.0039 0.0029 0.0019 0.0031 0.0025 0.0045 0.0022 0.0036 0.0030 0.0023 0.0029 0.9246 0.0029 0.0022 0.0049 0.0038 0.0026 0.0024 0.0025 0.0030 0.0028 0.0026 0.0032 0.0029 0.0032 
      H535.2  1 0.0031 0.0027 0.0035 0.0028 0.0024 0.0027 0.0024 0.0019 0.0044 0.0019 0.0034 0.0028 0.9280 0.0026 0.0028 0.0050 0.0035 0.0027 0.0022 0.0033 0.0030 0.0029 0.0025 0.0028 0.0019 0.0026 
      H535.3  1 0.0019 0.0030 0.0026 0.0028 0.0019 0.0024 0.0018 0.0020 0.0035 0.0019 0.0024 0.0031 0.9338 0.0018 0.0032 0.0032 0.0024 0.0033 0.0034 0.0037 0.0035 0.0027 0.0025 0.0022 0.0019 0.0030 
      H535.4  1 0.0025 0.0030 0.0027 0.0027 0.0033 0.0036 0.0019 0.0021 0.0022 0.0021 0.0029 0.0026 0.9307 0.0043 0.0029 0.0024 0.0033 0.0040 0.0024 0.0030 0.0030 0.0026 0.0025 0.0035 0.0017 0.0022 
      H535.5  1 0.0023 0.0031 0.0031 0.0020 0.0032 0.0027 0.0020 0.0023 0.0023 0.0019 0.0025 0.0024 0.9340 0.0038 0.0023 0.0029 0.0033 0.0042 0.0018 0.0023 0.0029 0.0029 0.0022 0.0030 0.0024 0.0024 
      H535.6  1 0.0033 0.0072 0.0028 0.0024 0.0035 0.0028 0.0072 0.0022 0.0046 0.0064 0.0027 0.0029 0.8983 0.0019 0.0026 0.0041 0.0033 0.0064 0.0033 0.0036 0.0046 0.0050 0.0043 0.0041 0.0073 0.0031 
      H535.7  1 0.0022 0.0027 0.0032 0.0018 0.0026 0.0030 0.0018 0.0023 0.0021 0.0017 0.0024 0.0018 0.9424 0.0033 0.0026 0.0026 0.0023 0.0027 0.0018 0.0021 0.0025 0.0022 0.0017 0.0023 0.0021 0.0018 
      H535.8  1 0.0026 0.0054 0.0022 0.0028 0.0034 0.0032 0.0025 0.0020 0.0041 0.0024 0.0037 0.0030 0.9243 0.0022 0.0030 0.0020 0.0025 0.0064 0.0019 0.0020 0.0041 0.0029 0.0022 0.0043 0.0026 0.0021 
      H535.9  1 0.0023 0.0037 0.0035 0.0021 0.0026 0.0024 0.0035 0.0025 0.0027 0.0030 0.0035 0.0026 0.9273 0.0026 0.0023 0.0038 0.0034 0.0029 0.0027 0.0032 0.0024 0.0029 0.0027 0.0024 0.0032 0.0037 
      H539.1  1 0.0034 0.0032 0.0018 0.0035 0.0047 0.0018 0.0057 0.0018 0.0027 0.7222 0.0040 0.0035 0.0027 0.0022 0.0024 0.0041 0.0057 0.0030 0.0036 0.0021 0.0020 0.0037 0.0056 0.0036 0.1973 0.0034 
      H539.2  1 0.0043 0.0495 0.0047 0.0065 0.0111 0.0026 0.0067 0.0373 0.0058 0.1196 0.0290 0.0127 0.0077 0.0044 0.0030 0.0459 0.1144 0.0063 0.0419 0.0040 0.0057 0.0330 0.2143 0.0120 0.1305 0.0872 
      H539.3  1 0.0048 0.0158 0.0031 0.0038 0.0126 0.0030 0.0051 0.0105 0.0023 0.6720 0.0059 0.0038 0.0094 0.0031 0.0026 0.0060 0.0209 0.0183 0.0127 0.0042 0.0038 0.0066 0.0124 0.0369 0.1121 0.0082 
      H539.4  1 0.0060 0.0028 0.0035 0.0065 0.0172 0.0033 0.0050 0.0095 0.0043 0.3165 0.0161 0.0041 0.0028 0.0037 0.0037 0.0093 0.0335 0.0034 0.0050 0.0052 0.0068 0.0091 0.0820 0.0022 0.3943 0.0442 
      H539.5  1 0.0020 0.0120 0.0020 0.0023 0.0028 0.0022 0.0036 0.0024 0.0026 0.7350 0.0034 0.0067 0.0038 0.0022 0.0024 0.0061 0.0049 0.0019 0.0041 0.0021 0.0026 0.0032 0.0051 0.0042 0.1770 0.0035 
      H539.6  1 0.0033 0.0129 0.0022 0.0025 0.0040 0.0023 0.0045 0.0024 0.0029 0.8745 0.0025 0.0060 0.0046 0.0035 0.0023 0.0049 0.0062 0.0028 0.0028 0.0024 0.0020 0.0034 0.0052 0.0065 0.0306 0.0030 
      H539.7  1 0.0053 0.0037 0.0025 0.0036 0.0098 0.0031 0.0055 0.0061 0.0038 0.3098 0.0031 0.0019 0.0035 0.0030 0.0022 0.0034 0.0080 0.0042 0.0048 0.0028 0.0029 0.0063 0.0222 0.0036 0.5686 0.0063 
      H539.8  1 0.0054 0.0085 0.0052 0.0063 0.0121 0.0033 0.0050 0.0189 0.0039 0.2555 0.0101 0.0047 0.0312 0.0053 0.0043 0.0065 0.0186 0.0147 0.0287 0.0033 0.0063 0.0258 0.1125 0.0133 0.3561 0.0345 
      H539.9  1 0.0036 0.0035 0.0029 0.0043 0.0038 0.0020 0.0023 0.0076 0.0030 0.5485 0.0102 0.0032 0.0019 0.0017 0.0036 0.0061 0.0148 0.0030 0.0032 0.0039 0.0072 0.0071 0.0077 0.0026 0.3353 0.0071 
      H540.1  1 0.0029 0.0569 0.0035 0.0036 0.0037 0.0028 0.0043 0.0038 0.0068 0.0122 0.0038 0.0054 0.0041 0.0034 0.0037 0.0049 0.0187 0.0045 0.0022 0.0073 0.0034 0.0099 0.0051 0.0054 0.8142 0.0041 
      H540.2  1 0.0050 0.0074 0.0031 0.0039 0.0030 0.0025 0.0039 0.0034 0.0045 0.0153 0.0036 0.0051 0.0022 0.0041 0.0025 0.0030 0.0054 0.0025 0.0034 0.0028 0.0026 0.0045 0.0057 0.0045 0.8927 0.0032 
      H540.3  1 0.0159 0.0075 0.0039 0.0055 0.0090 0.0134 0.0066 0.0075 0.0054 0.0050 0.0110 0.0042 0.0042 0.0166 0.0059 0.0095 0.0155 0.0029 0.0106 0.0110 0.0055 0.0300 0.0197 0.0239 0.7434 0.0066 
      H540.4  1 0.0080 0.0115 0.0042 0.0064 0.0033 0.0041 0.0049 0.0084 0.0119 0.0136 0.0042 0.0032 0.0043 0.0029 0.0023 0.0050 0.0099 0.0035 0.0064 0.0043 0.0030 0.0077 0.0598 0.0036 0.7948 0.0088 
      H540.5  1 0.0049 0.0043 0.0023 0.0037 0.0042 0.0040 0.0052 0.0091 0.0050 0.0070 0.0064 0.0044 0.0023 0.0036 0.0035 0.0050 0.0095 0.0020 0.0041 0.0025 0.0038 0.0048 0.0039 0.0057 0.8862 0.0027 
      H540.6  1 0.0051 0.0244 0.0045 0.0072 0.0037 0.0049 0.0074 0.0097 0.0202 0.0319 0.0056 0.0061 0.0034 0.0045 0.0050 0.0127 0.0264 0.0021 0.0054 0.0065 0.0066 0.0105 0.0081 0.0070 0.7680 0.0030 
      H540.7  1 0.0087 0.0085 0.0063 0.0078 0.0042 0.0053 0.0060 0.0037 0.0079 0.0126 0.0040 0.0112 0.0033 0.0148 0.0022 0.0065 0.0055 0.0035 0.0064 0.0030 0.0037 0.0075 0.0066 0.0079 0.8379 0.0049 
      H540.8  1 0.0095 0.0108 0.0036 0.0032 0.0071 0.0033 0.0086 0.0038 0.0053 0.0060 0.0027 0.0055 0.0044 0.0048 0.0024 0.0059 0.0519 0.0033 0.0028 0.0035 0.0045 0.0073 0.0094 0.0169 0.8084 0.0051 
     H9558.1  1 0.0036 0.0052 0.0034 0.0020 0.0037 0.0019 0.0059 0.0035 0.0035 0.0126 0.0023 0.0022 0.0058 0.0017 0.0049 0.0023 0.0032 0.0036 0.0032 0.0023 0.0023 0.0035 0.0025 0.0043 0.9085 0.0023 
     H9558.2  1 0.0038 0.0054 0.0047 0.0051 0.0043 0.0043 0.0068 0.0045 0.0143 0.0082 0.0051 0.0091 0.0058 0.0038 0.0093 0.0026 0.0026 0.0148 0.0064 0.0025 0.0048 0.0065 0.0023 0.0081 0.8525 0.0022 
     H9558.3  1 0.0049 0.0055 0.0025 0.0061 0.0031 0.0021 0.0032 0.0042 0.0083 0.1417 0.0062 0.0132 0.0044 0.0023 0.0347 0.0023 0.0037 0.0043 0.0088 0.0020 0.0057 0.0057 0.0047 0.0070 0.7105 0.0028 
     H9558.4  1 0.0031 0.0042 0.0027 0.0019 0.0027 0.0019 0.0030 0.0043 0.0030 0.0057 0.0022 0.0025 0.0042 0.0018 0.0027 0.0031 0.0044 0.0028 0.0042 0.0018 0.0022 0.0035 0.0026 0.0027 0.9241 0.0027 
     H9558.5  1 0.0025 0.0027 0.0024 0.0034 0.0034 0.0019 0.0022 0.0066 0.0031 0.0068 0.0036 0.0037 0.0060 0.0029 0.0029 0.0027 0.0041 0.0018 0.0061 0.0016 0.0031 0.0044 0.0107 0.0020 0.9020 0.0073 
     H9558.6  1 0.0053 0.0047 0.0027 0.0039 0.0057 0.0025 0.0037 0.0030 0.0058 0.0757 0.0060 0.0046 0.0054 0.0033 0.0153 0.0031 0.0051 0.0034 0.0045 0.0020 0.0040 0.0113 0.0062 0.0079 0.8011 0.0036 
    kos339.1  1 0.0133 0.0095 0.0202 0.0198 0.0277 0.0162 0.0100 0.0029 0.0099 0.0036 0.0041 0.0502 0.0063 0.7368 0.0078 0.0087 0.0108 0.0026 0.0030 0.0024 0.0040 0.0102 0.0048 0.0029 0.0076 0.0046 
    kos339.2  1 0.0059 0.0032 0.0051 0.0068 0.0042 0.0048 0.0051 0.0042 0.0032 0.0037 0.0063 0.0066 0.0035 0.8896 0.0050 0.0044 0.0037 0.0044 0.0027 0.0066 0.0042 0.0043 0.0038 0.0031 0.0025 0.0034 
    kos339.3  1 0.0045 0.0041 0.0034 0.0018 0.0094 0.0068 0.0038 0.0022 0.0032 0.0028 0.0022 0.0022 0.0055 0.9105 0.0025 0.0029 0.0029 0.0037 0.0029 0.0025 0.0032 0.0035 0.0039 0.0035 0.0031 0.0031 
    kos339.4  1 0.0057 0.0044 0.0038 0.0021 0.0181 0.0054 0.0042 0.0031 0.0039 0.0028 0.0023 0.0032 0.0032 0.8973 0.0026 0.0032 0.0034 0.0052 0.0022 0.0031 0.0025 0.0040 0.0045 0.0043 0.0028 0.0027 
    kos339.5  1 0.0056 0.0044 0.0100 0.0063 0.0098 0.0172 0.0086 0.0030 0.0117 0.0035 0.0028 0.0649 0.0027 0.7992 0.0054 0.0068 0.0032 0.0029 0.0032 0.0022 0.0053 0.0065 0.0035 0.0031 0.0044 0.0037 
    kos339.6  1 0.0040 0.0036 0.0058 0.0043 0.0032 0.0058 0.0033 0.0024 0.0037 0.0021 0.0031 0.0054 0.0022 0.9132 0.0024 0.0061 0.0034 0.0024 0.0021 0.0043 0.0024 0.0030 0.0024 0.0047 0.0028 0.0020 
    kos339.7  1 0.0060 0.0040 0.0036 0.0020 0.0072 0.0083 0.0029 0.0024 0.0031 0.0022 0.0025 0.0026 0.0072 0.9092 0.0027 0.0028 0.0031 0.0038 0.0024 0.0035 0.0024 0.0036 0.0038 0.0029 0.0025 0.0034 
    kos339.8  1 0.0082 0.0029 0.0137 0.0043 0.0098 0.0129 0.0041 0.0031 0.0032 0.0031 0.0044 0.0053 0.0020 0.8838 0.0026 0.0050 0.0034 0.0034 0.0028 0.0032 0.0033 0.0042 0.0034 0.0030 0.0020 0.0031 
    kos339.9  1 0.0132 0.0072 0.0061 0.0072 0.0166 0.0232 0.0462 0.0033 0.0187 0.0150 0.0084 0.0293 0.0031 0.6728 0.0075 0.0306 0.0064 0.0052 0.0026 0.0122 0.0106 0.0137 0.0127 0.0050 0.0153 0.0079 
      H409.1 12 0.0040 0.0018 0.0037 0.0037 0.0029 0.0057 0.0030 0.0039 0.0067 0.0015 0.0036 0.0042 0.0023 0.0049 0.0027 0.0025 0.0023 0.0027 0.0032 0.0030 0.9190 0.0028 0.0019 0.0038 0.0020 0.0020 
     H409.10 12 0.0081 0.0079 0.0289 0.0057 0.0032 0.0040 0.0027 0.0117 0.0121 0.0166 0.0096 0.0045 0.0033 0.0041 0.0024 0.0037 0.0027 0.0062 0.0066 0.0037 0.8254 0.0052 0.0085 0.0027 0.0055 0.0052 
      H409.2 12 0.0129 0.0021 0.0044 0.0027 0.0050 0.0063 0.0055 0.0035 0.0036 0.0026 0.0115 0.0031 0.0065 0.0053 0.0030 0.0052 0.0046 0.0041 0.0025 0.0034 0.8819 0.0059 0.0025 0.0046 0.0045 0.0028 
      H409.3 12 0.0032 0.0032 0.0042 0.0033 0.0035 0.0041 0.0028 0.0030 0.0025 0.0041 0.0048 0.0043 0.0034 0.0041 0.0039 0.0039 0.0037 0.0030 0.0033 0.0037 0.9113 0.0035 0.0032 0.0046 0.0027 0.0028 
      H409.4 12 0.0030 0.0024 0.0030 0.0028 0.0032 0.0043 0.0023 0.0035 0.0037 0.0021 0.0038 0.0035 0.0028 0.0029 0.0054 0.0027 0.0027 0.0029 0.0032 0.0026 0.9232 0.0028 0.0032 0.0039 0.0020 0.0021 
      H409.5 12 0.0050 0.0045 0.0039 0.0033 0.0036 0.0027 0.0046 0.0021 0.0028 0.0040 0.0056 0.0041 0.0052 0.0020 0.0052 0.0032 0.0067 0.0031 0.0026 0.0031 0.9037 0.0040 0.0032 0.0033 0.0034 0.0051 
      H409.6 12 0.0047 0.0057 0.0183 0.0058 0.0070 0.0033 0.0038 0.0043 0.0071 0.0089 0.0069 0.0170 0.0079 0.0030 0.0699 0.0072 0.0247 0.0031 0.0093 0.0049 0.7349 0.0145 0.0075 0.0117 0.0043 0.0041 
      H409.7 12 0.0041 0.0021 0.0046 0.0041 0.0031 0.0059 0.0026 0.0040 0.0048 0.0022 0.0076 0.0050 0.0028 0.0068 0.0057 0.0036 0.0026 0.0041 0.0038 0.0048 0.8951 0.0047 0.0036 0.0076 0.0026 0.0023 
      H409.8 12 0.0043 0.0037 0.0063 0.0059 0.0038 0.0041 0.0032 0.0023 0.0043 0.0033 0.0023 0.0066 0.0030 0.0027 0.0039 0.0037 0.0044 0.0040 0.0042 0.0026 0.9039 0.0043 0.0026 0.0036 0.0029 0.0044 
      H409.9 12 0.0086 0.0103 0.0969 0.0328 0.0045 0.0027 0.0035 0.0071 0.0138 0.1108 0.0048 0.0040 0.0124 0.0030 0.0053 0.0280 0.0182 0.0047 0.0173 0.0065 0.4227 0.0292 0.0213 0.0034 0.1242 0.0043 
      H413.1 12 0.0021 0.0024 0.0018 0.0056 0.0040 0.0034 0.0021 0.0034 0.0035 0.0022 0.0035 0.0035 0.0026 0.0033 0.0052 0.0023 0.0029 0.0023 0.9221 0.0021 0.0023 0.0037 0.0046 0.0036 0.0022 0.0034 
      H413.2 12 0.0021 0.0023 0.0024 0.0021 0.0038 0.0031 0.0023 0.0023 0.0031 0.0026 0.0021 0.0026 0.0025 0.0043 0.0046 0.0018 0.0020 0.0033 0.9315 0.0024 0.0022 0.0030 0.0028 0.0029 0.0025 0.0034 
      H413.3 12 0.0022 0.0033 0.0028 0.0046 0.0023 0.0020 0.0025 0.0042 0.0034 0.0033 0.0025 0.0029 0.0017 0.0018 0.0027 0.0020 0.0024 0.0020 0.9312 0.0024 0.0025 0.0035 0.0025 0.0041 0.0034 0.0020 
      H413.4 12 0.0034 0.0024 0.0045 0.0087 0.0032 0.0038 0.0048 0.0018 0.0062 0.0032 0.0055 0.0073 0.0022 0.0065 0.0031 0.0046 0.0028 0.0042 0.8938 0.0035 0.0046 0.0051 0.0037 0.0044 0.0030 0.0036 
      H413.5 12 0.0023 0.0032 0.0031 0.0031 0.0024 0.0019 0.0098 0.0031 0.0029 0.0164 0.0029 0.0057 0.0018 0.0021 0.0023 0.0022 0.0027 0.0019 0.8891 0.0027 0.0023 0.0043 0.0127 0.0029 0.0051 0.0111 
      H413.6 12 0.0030 0.0024 0.0019 0.0051 0.0032 0.0043 0.0020 0.0129 0.0040 0.0070 0.0079 0.0251 0.0030 0.0043 0.0056 0.0051 0.0022 0.0118 0.8431 0.0026 0.0042 0.0053 0.0120 0.0047 0.0103 0.0068 
      H413.7 12 0.0024 0.0020 0.0026 0.0030 0.0024 0.0026 0.0024 0.0025 0.0024 0.0028 0.0029 0.0026 0.0027 0.0035 0.0028 0.0025 0.0020 0.0045 0.9341 0.0019 0.0017 0.0030 0.0021 0.0030 0.0034 0.0023 
      H563.1 12 0.0022 0.0033 0.0025 0.8980 0.0037 0.0032 0.0021 0.0037 0.0031 0.0080 0.0065 0.0047 0.0019 0.0027 0.0035 0.0052 0.0033 0.0018 0.0110 0.0029 0.0034 0.0044 0.0040 0.0031 0.0092 0.0029 
      H563.2 12 0.0073 0.0050 0.0054 0.8317 0.0069 0.0106 0.0066 0.0044 0.0060 0.0049 0.0064 0.0051 0.0033 0.0091 0.0050 0.0058 0.0045 0.0030 0.0086 0.0039 0.0119 0.0084 0.0098 0.0169 0.0062 0.0034 
      H563.3 12 0.0027 0.0102 0.0032 0.8964 0.0033 0.0035 0.0023 0.0027 0.0040 0.0087 0.0071 0.0105 0.0020 0.0025 0.0030 0.0034 0.0035 0.0028 0.0043 0.0024 0.0035 0.0045 0.0027 0.0029 0.0054 0.0023 
      H563.4 12 0.0040 0.0044 0.0033 0.8630 0.0053 0.0054 0.0046 0.0063 0.0038 0.0045 0.0065 0.0041 0.0023 0.0063 0.0094 0.0040 0.0092 0.0019 0.0150 0.0035 0.0066 0.0056 0.0062 0.0061 0.0048 0.0039 
      H563.5 12 0.0024 0.0034 0.0020 0.9044 0.0045 0.0028 0.0018 0.0036 0.0027 0.0059 0.0112 0.0051 0.0017 0.0026 0.0032 0.0051 0.0038 0.0024 0.0040 0.0029 0.0033 0.0039 0.0040 0.0029 0.0077 0.0027 
      H563.6 12 0.0037 0.0034 0.0039 0.8628 0.0073 0.0091 0.0043 0.0031 0.0041 0.0042 0.0099 0.0094 0.0025 0.0112 0.0047 0.0032 0.0032 0.0030 0.0101 0.0031 0.0059 0.0068 0.0060 0.0070 0.0052 0.0031 
      H563.7 12 0.0041 0.0028 0.0025 0.8700 0.0039 0.0095 0.0037 0.0024 0.0062 0.0031 0.0110 0.0098 0.0021 0.0122 0.0067 0.0028 0.0022 0.0029 0.0080 0.0033 0.0070 0.0061 0.0066 0.0053 0.0033 0.0027 
      H563.8 12 0.0033 0.0050 0.0034 0.8632 0.0062 0.0039 0.0030 0.0060 0.0030 0.0106 0.0129 0.0082 0.0017 0.0033 0.0044 0.0095 0.0052 0.0027 0.0055 0.0034 0.0039 0.0058 0.0038 0.0038 0.0140 0.0041 
      H563.9 12 0.0063 0.0034 0.0057 0.8337 0.0047 0.0104 0.0055 0.0047 0.0075 0.0057 0.0039 0.0075 0.0021 0.0079 0.0049 0.0037 0.0045 0.0040 0.0069 0.0043 0.0203 0.0164 0.0081 0.0108 0.0043 0.0027 
     H7374.1 12 0.0076 0.0059 0.0026 0.0044 0.0079 0.0047 0.0040 0.0025 0.0038 0.0033 0.8676 0.0029 0.0054 0.0030 0.0143 0.0033 0.0045 0.0143 0.0040 0.0039 0.0068 0.0051 0.0040 0.0079 0.0036 0.0029 
     H7374.2 12 0.0075 0.0074 0.0042 0.0063 0.0041 0.0023 0.0024 0.0069 0.0034 0.0060 0.8784 0.0032 0.0034 0.0022 0.0059 0.0043 0.0051 0.0045 0.0064 0.0043 0.0050 0.0055 0.0033 0.0067 0.0087 0.0026 
     H7374.3 12 0.0121 0.0086 0.0040 0.0054 0.0055 0.0036 0.0045 0.0029 0.0040 0.0059 0.7707 0.0056 0.0041 0.0039 0.0075 0.0050 0.0059 0.0712 0.0046 0.0053 0.0072 0.0123 0.0054 0.0241 0.0078 0.0032 
     H7374.4 12 0.0054 0.0030 0.0029 0.0032 0.0046 0.0050 0.0036 0.0044 0.0042 0.0031 0.8995 0.0033 0.0055 0.0049 0.0037 0.0047 0.0030 0.0027 0.0041 0.0028 0.0038 0.0043 0.0050 0.0050 0.0057 0.0024 
     H7374.5 12 0.0031 0.0048 0.0029 0.0038 0.0048 0.0032 0.0039 0.0034 0.0036 0.0066 0.9070 0.0055 0.0021 0.0038 0.0048 0.0043 0.0023 0.0036 0.0025 0.0023 0.0030 0.0035 0.0032 0.0029 0.0064 0.0028 
     H7374.6 12 0.0180 0.0056 0.0046 0.0085 0.0061 0.0048 0.0121 0.0039 0.0075 0.0058 0.8120 0.0063 0.0086 0.0096 0.0035 0.0051 0.0037 0.0142 0.0041 0.0062 0.0052 0.0107 0.0046 0.0166 0.0098 0.0030 
     H7374.7 12 0.0026 0.0019 0.0023 0.0028 0.0035 0.0038 0.0029 0.0030 0.0037 0.0020 0.9184 0.0050 0.0042 0.0060 0.0031 0.0034 0.0024 0.0027 0.0053 0.0030 0.0036 0.0032 0.0028 0.0041 0.0024 0.0019 
     H7374.8 12 0.0042 0.0036 0.0038 0.0064 0.0040 0.0060 0.0032 0.0026 0.0051 0.0019 0.8991 0.0044 0.0031 0.0045 0.0049 0.0030 0.0043 0.0089 0.0023 0.0033 0.0041 0.0043 0.0029 0.0053 0.0025 0.0025 
     H7374.9 12 0.0032 0.0038 0.0024 0.0043 0.0063 0.0034 0.0045 0.0038 0.0034 0.0068 0.8991 0.0057 0.0019 0.0034 0.0038 0.0068 0.0028 0.0032 0.0029 0.0044 0.0028 0.0041 0.0051 0.0026 0.0068 0.0026 
     H9563.1 12 0.0048 0.0040 0.0036 0.9000 0.0051 0.0038 0.0039 0.0036 0.0027 0.0036 0.0036 0.0046 0.0025 0.0040 0.0027 0.0030 0.0058 0.0052 0.0034 0.0031 0.0029 0.0051 0.0047 0.0050 0.0052 0.0041 
     H9563.2 12 0.0062 0.0054 0.0028 0.8968 0.0042 0.0038 0.0038 0.0027 0.0044 0.0041 0.0029 0.0033 0.0029 0.0028 0.0030 0.0027 0.0103 0.0030 0.0041 0.0038 0.0022 0.0035 0.0054 0.0028 0.0058 0.0073 
     H9563.3 12 0.0036 0.0028 0.0064 0.8928 0.0034 0.0051 0.0026 0.0053 0.0031 0.0020 0.0047 0.0038 0.0038 0.0036 0.0088 0.0054 0.0043 0.0076 0.0026 0.0037 0.0057 0.0045 0.0052 0.0041 0.0018 0.0032 
     H9563.4 12 0.0171 0.0063 0.0081 0.7494 0.0075 0.0066 0.0046 0.0057 0.0061 0.0075 0.0058 0.0064 0.0112 0.0059 0.0075 0.0178 0.0318 0.0085 0.0043 0.0063 0.0100 0.0218 0.0172 0.0116 0.0046 0.0103 
     H9563.5 12 0.0055 0.0072 0.0074 0.8457 0.0062 0.0102 0.0038 0.0041 0.0054 0.0042 0.0028 0.0029 0.0055 0.0053 0.0041 0.0050 0.0222 0.0038 0.0038 0.0049 0.0078 0.0066 0.0057 0.0055 0.0034 0.0109 
     H9563.6 12 0.0043 0.0037 0.0074 0.8682 0.0026 0.0027 0.0022 0.0038 0.0038 0.0035 0.0055 0.0113 0.0060 0.0028 0.0155 0.0042 0.0061 0.0072 0.0044 0.0048 0.0042 0.0060 0.0068 0.0045 0.0027 0.0057 
     H9563.7 12 0.0027 0.0063 0.0061 0.8976 0.0023 0.0023 0.0017 0.0033 0.0026 0.0024 0.0050 0.0034 0.0083 0.0020 0.0103 0.0040 0.0078 0.0052 0.0025 0.0037 0.0030 0.0036 0.0040 0.0039 0.0023 0.0036 
     H9563.8 12 0.0315 0.0037 0.0095 0.7020 0.0104 0.0221 0.0053 0.0071 0.0083 0.0039 0.0037 0.0025 0.0042 0.0074 0.0071 0.0105 0.0449 0.0040 0.0047 0.0054 0.0088 0.0162 0.0307 0.0052 0.0039 0.0373 
     H9563.9 12 0.0108 0.0038 0.0069 0.8475 0.0048 0.0044 0.0039 0.0047 0.0040 0.0039 0.0042 0.0037 0.0027 0.0039 0.0097 0.0059 0.0158 0.0053 0.0037 0.0027 0.0031 0.0097 0.0115 0.0046 0.0048 0.0141 
     H9572.1 12 0.0035 0.0113 0.0065 0.0102 0.0032 0.0042 0.0050 0.0038 0.0075 0.0332 0.0088 0.8162 0.0055 0.0036 0.0051 0.0044 0.0041 0.0064 0.0070 0.0040 0.0054 0.0067 0.0105 0.0087 0.0094 0.0058 
     H9572.2 12 0.0083 0.0074 0.0054 0.0268 0.0058 0.0059 0.0111 0.0032 0.0055 0.0116 0.0248 0.7605 0.0024 0.0043 0.0099 0.0071 0.0166 0.0076 0.0060 0.0129 0.0070 0.0171 0.0124 0.0092 0.0036 0.0075 
     H9572.3 12 0.0100 0.0435 0.0055 0.0071 0.0095 0.0063 0.0050 0.0035 0.0111 0.0054 0.0491 0.7104 0.0105 0.0203 0.0141 0.0049 0.0094 0.0042 0.0065 0.0037 0.0192 0.0136 0.0043 0.0052 0.0142 0.0034 
     H9572.4 12 0.0024 0.0045 0.0033 0.0034 0.0033 0.0035 0.0027 0.0018 0.0031 0.0031 0.0058 0.9154 0.0041 0.0076 0.0024 0.0054 0.0025 0.0033 0.0022 0.0028 0.0029 0.0035 0.0024 0.0031 0.0030 0.0023 
     H9572.5 12 0.0021 0.0116 0.0035 0.0024 0.0029 0.0081 0.0034 0.0027 0.0035 0.0037 0.0020 0.8927 0.0035 0.0118 0.0039 0.0031 0.0079 0.0034 0.0020 0.0032 0.0022 0.0048 0.0027 0.0067 0.0031 0.0032 
