

----------------------------------------------------
STRUCTURE by Pritchard, Stephens and Donnelly (2000)
     and Falush, Stephens and Pritchard (2003)
       Code by Pritchard, Falush and Hubisz
             Version 2.3.4 (Jul 2012)
----------------------------------------------------



Command line arguments:   /usr/local/bin/structure -m parameter_job_T35_9 
Input File:    /data/home/rchen/Hunting/blackgrouse-hunting/data_job_T35_9

Run parameters:
   236 individuals
   11 loci
   35 populations assumed
   10000 Burn-in period
   10000 Reps


--------------------------------------------
Proportion of membership of each pre-defined
 population in each of the 35 clusters

Given    Inferred Clusters                                                                                                                                                                                                                                       Number of
 Pop       1      2      3      4      5      6      7      8      9     10     11     12     13     14     15     16     17     18     19     20     21     22     23     24     25     26     27     28     29     30     31     32     33     34     35      Individuals

  1:     0.046  0.038  0.032  0.005  0.009  0.039  0.009  0.031  0.005  0.005  0.009  0.026  0.034  0.009  0.016  0.009  0.005  0.044  0.023  0.045  0.031  0.042  0.038  0.025  0.048  0.073  0.009  0.009  0.050  0.034  0.009  0.005  0.041  0.080  0.065      187
 12:     0.004  0.006  0.006  0.079  0.006  0.007  0.007  0.005  0.166  0.294  0.007  0.007  0.005  0.007  0.007  0.006  0.129  0.006  0.005  0.006  0.005  0.006  0.004  0.006  0.004  0.004  0.007  0.007  0.006  0.006  0.007  0.156  0.006  0.005  0.007       49
--------------------------------------------

Allele-freq. divergence among pops (Net nucleotide distance),
computed using point estimates of P.

      1       2       3       4       5       6       7       8       9      10      11      12      13      14      15      16      17      18      19      20      21      22      23      24      25      26      27      28      29      30      31      32      33      34      35      
 1      -    0.2593  0.1529  0.1867  0.0834  0.1664  0.0827  0.1495  0.2032  0.1944  0.0833  0.1606  0.1400  0.0834  0.1071  0.0835  0.2534  0.1463  0.1126  0.1766  0.1834  0.1677  0.2278  0.1123  0.2400  0.1754  0.0836  0.0834  0.2100  0.1316  0.0834  0.1804  0.2441  0.1970  0.2021  
 2   0.2593     -    0.2584  0.2554  0.1511  0.2997  0.1518  0.2470  0.2481  0.2764  0.1504  0.2638  0.2349  0.1511  0.2196  0.1512  0.3353  0.2015  0.1460  0.3113  0.2561  0.2143  0.2915  0.1952  0.2743  0.2360  0.1517  0.1512  0.3280  0.1831  0.1511  0.2248  0.2648  0.2476  0.2762  
 3   0.1529  0.2584     -    0.2413  0.0823  0.1728  0.0820  0.1517  0.2137  0.1804  0.0819  0.1453  0.1540  0.0823  0.0809  0.0822  0.2372  0.1949  0.0994  0.1794  0.0802  0.1872  0.1758  0.1218  0.2580  0.2132  0.0823  0.0822  0.2409  0.1327  0.0823  0.1922  0.2168  0.2061  0.2139  
 4   0.1867  0.2554  0.2413     -    0.1225  0.2184  0.1258  0.1921  0.2024  0.1412  0.1236  0.2296  0.1503  0.1225  0.1719  0.1227  0.2528  0.1814  0.1765  0.2266  0.2236  0.2002  0.2913  0.1678  0.2381  0.2282  0.1244  0.1225  0.2694  0.2316  0.1226  0.2044  0.1817  0.1994  0.1990  
 5   0.0834  0.1511  0.0823  0.1225     -    0.0864  0.0002  0.0696  0.0908  0.0902  0.0000  0.0540  0.0705  0.0000  0.0224  0.0000  0.1416  0.0606  0.0346  0.1299  0.0814  0.0955  0.1108  0.0410  0.1386  0.1007  0.0000  0.0000  0.1407  0.0675  0.0000  0.0891  0.1182  0.1199  0.1201  
 6   0.1664  0.2997  0.1728  0.2184  0.0864     -    0.0869  0.1421  0.2060  0.1781  0.0867  0.1309  0.1590  0.0864  0.0885  0.0864  0.1905  0.1285  0.1440  0.1219  0.1859  0.1382  0.1509  0.1732  0.2506  0.2322  0.0860  0.0864  0.1114  0.1624  0.0864  0.1855  0.2393  0.2722  0.2493  
 7   0.0827  0.1518  0.0820  0.1258  0.0002  0.0869     -    0.0714  0.0931  0.0911  0.0001  0.0523  0.0724  0.0002  0.0216  0.0002  0.1432  0.0608  0.0342  0.1294  0.0822  0.0928  0.1122  0.0416  0.1405  0.1005  0.0001  0.0002  0.1407  0.0677  0.0002  0.0903  0.1205  0.1225  0.1209  
 8   0.1495  0.2470  0.1517  0.1921  0.0696  0.1421  0.0714     -    0.1569  0.1849  0.0693  0.0968  0.1228  0.0696  0.0934  0.0696  0.2615  0.1165  0.0892  0.2497  0.1244  0.1934  0.1754  0.0936  0.1657  0.1710  0.0694  0.0696  0.2094  0.1418  0.0696  0.1396  0.2209  0.1681  0.1687  
 9   0.2032  0.2481  0.2137  0.2024  0.0908  0.2060  0.0931  0.1569     -    0.1778  0.0911  0.1464  0.1624  0.0908  0.1116  0.0908  0.2495  0.1622  0.1301  0.2695  0.1779  0.2391  0.1888  0.1250  0.2197  0.1983  0.0914  0.0908  0.2898  0.1550  0.0908  0.1630  0.1775  0.2084  0.1765  
10   0.1944  0.2764  0.1804  0.1412  0.0902  0.1781  0.0911  0.1849  0.1778     -    0.0913  0.1521  0.1706  0.0902  0.1200  0.0903  0.2222  0.1752  0.1500  0.2331  0.1989  0.1727  0.2353  0.1356  0.2646  0.1857  0.0911  0.0902  0.2590  0.1685  0.0903  0.1641  0.1635  0.2196  0.1923  
11   0.0833  0.1504  0.0819  0.1236  0.0000  0.0867  0.0001  0.0693  0.0911  0.0913     -    0.0535  0.0710  0.0000  0.0222  0.0000  0.1427  0.0608  0.0329  0.1299  0.0811  0.0960  0.1108  0.0403  0.1392  0.1020  0.0000  0.0000  0.1404  0.0671  0.0000  0.0899  0.1192  0.1192  0.1209  
12   0.1606  0.2638  0.1453  0.2296  0.0540  0.1309  0.0523  0.0968  0.1464  0.1521  0.0535     -    0.1593  0.0540  0.0509  0.0539  0.2291  0.1115  0.0907  0.1937  0.1208  0.1246  0.1560  0.1033  0.1782  0.1778  0.0528  0.0540  0.1977  0.1372  0.0540  0.1707  0.1780  0.2198  0.2034  
13   0.1400  0.2349  0.1540  0.1503  0.0705  0.1590  0.0724  0.1228  0.1624  0.1706  0.0710  0.1593     -    0.0705  0.1028  0.0706  0.2090  0.1543  0.0979  0.2384  0.1462  0.1856  0.1873  0.0925  0.1913  0.1843  0.0714  0.0705  0.2641  0.1384  0.0706  0.1692  0.1734  0.1498  0.1110  
14   0.0834  0.1511  0.0823  0.1225  0.0000  0.0864  0.0002  0.0696  0.0908  0.0902  0.0000  0.0540  0.0705     -    0.0224  0.0000  0.1416  0.0606  0.0346  0.1300  0.0814  0.0954  0.1108  0.0410  0.1386  0.1007  0.0000  0.0000  0.1407  0.0675  0.0000  0.0891  0.1182  0.1199  0.1201  
15   0.1071  0.2196  0.0809  0.1719  0.0224  0.0885  0.0216  0.0934  0.1116  0.1200  0.0222  0.0509  0.1028  0.0224     -    0.0224  0.1364  0.0916  0.0561  0.1261  0.0705  0.1164  0.1167  0.0696  0.1752  0.1498  0.0218  0.0224  0.1582  0.1000  0.0224  0.1348  0.1658  0.1625  0.1395  
16   0.0835  0.1512  0.0822  0.1227  0.0000  0.0864  0.0002  0.0696  0.0908  0.0903  0.0000  0.0539  0.0706  0.0000  0.0224     -    0.1417  0.0606  0.0345  0.1300  0.0814  0.0955  0.1108  0.0409  0.1387  0.1008  0.0000  0.0000  0.1407  0.0675  0.0000  0.0891  0.1182  0.1199  0.1201  
17   0.2534  0.3353  0.2372  0.2528  0.1416  0.1905  0.1432  0.2615  0.2495  0.2222  0.1427  0.2291  0.2090  0.1416  0.1364  0.1417     -    0.1865  0.2016  0.2301  0.2006  0.2387  0.1891  0.2120  0.2713  0.2812  0.1422  0.1416  0.2328  0.2769  0.1416  0.2294  0.2523  0.2708  0.2672  
18   0.1463  0.2015  0.1949  0.1814  0.0606  0.1285  0.0608  0.1165  0.1622  0.1752  0.0608  0.1115  0.1543  0.0606  0.0916  0.0606  0.1865     -    0.1139  0.2038  0.1983  0.1371  0.1823  0.1083  0.1978  0.1534  0.0598  0.0606  0.1792  0.1319  0.0606  0.1508  0.1906  0.1954  0.2340  
19   0.1126  0.1460  0.0994  0.1765  0.0346  0.1440  0.0342  0.0892  0.1301  0.1500  0.0329  0.0907  0.0979  0.0346  0.0561  0.0345  0.2016  0.1139     -    0.1861  0.1001  0.1459  0.1336  0.0404  0.1858  0.1816  0.0340  0.0346  0.1901  0.0831  0.0346  0.1371  0.1723  0.0937  0.1337  
20   0.1766  0.3113  0.1794  0.2266  0.1299  0.1219  0.1294  0.2497  0.2695  0.2331  0.1299  0.1937  0.2384  0.1300  0.1261  0.1300  0.2301  0.2038  0.1861     -    0.1933  0.1686  0.2397  0.2378  0.3125  0.2418  0.1300  0.1300  0.1431  0.2397  0.1299  0.2642  0.2446  0.3540  0.2974  
21   0.1834  0.2561  0.0802  0.2236  0.0814  0.1859  0.0822  0.1244  0.1779  0.1989  0.0811  0.1208  0.1462  0.0814  0.0705  0.0814  0.2006  0.1983  0.1001  0.1933     -    0.2152  0.1654  0.1312  0.2224  0.2106  0.0817  0.0814  0.2337  0.1641  0.0814  0.2010  0.2161  0.2191  0.1841  
22   0.1677  0.2143  0.1872  0.2002  0.0955  0.1382  0.0928  0.1934  0.2391  0.1727  0.0960  0.1246  0.1856  0.0954  0.1164  0.0955  0.2387  0.1371  0.1459  0.1686  0.2152     -    0.2406  0.1786  0.2167  0.1755  0.0958  0.0954  0.2440  0.2139  0.0955  0.1937  0.2078  0.2805  0.2304  
23   0.2278  0.2915  0.1758  0.2913  0.1108  0.1509  0.1122  0.1754  0.1888  0.2353  0.1108  0.1560  0.1873  0.1108  0.1167  0.1108  0.1891  0.1823  0.1336  0.2397  0.1654  0.2406     -    0.1663  0.2893  0.2527  0.1105  0.1108  0.2236  0.1976  0.1108  0.2144  0.2585  0.2610  0.2322  
24   0.1123  0.1952  0.1218  0.1678  0.0410  0.1732  0.0416  0.0936  0.1250  0.1356  0.0403  0.1033  0.0925  0.0410  0.0696  0.0409  0.2120  0.1083  0.0404  0.2378  0.1312  0.1786  0.1663     -    0.1844  0.1305  0.0409  0.0409  0.2410  0.0855  0.0409  0.1293  0.1944  0.0543  0.1435  
25   0.2400  0.2743  0.2580  0.2381  0.1386  0.2506  0.1405  0.1657  0.2197  0.2646  0.1392  0.1782  0.1913  0.1386  0.1752  0.1387  0.2713  0.1978  0.1858  0.3125  0.2224  0.2167  0.2893  0.1844     -    0.2382  0.1395  0.1386  0.2708  0.2354  0.1386  0.2044  0.2502  0.2438  0.2286  
26   0.1754  0.2360  0.2132  0.2282  0.1007  0.2322  0.1005  0.1710  0.1983  0.1857  0.1020  0.1778  0.1843  0.1007  0.1498  0.1008  0.2812  0.1534  0.1816  0.2418  0.2106  0.1755  0.2527  0.1305  0.2382     -    0.1018  0.1007  0.3086  0.1702  0.1008  0.1583  0.2373  0.2083  0.2243  
27   0.0836  0.1517  0.0823  0.1244  0.0000  0.0860  0.0001  0.0694  0.0914  0.0911  0.0000  0.0528  0.0714  0.0000  0.0218  0.0000  0.1422  0.0598  0.0340  0.1300  0.0817  0.0958  0.1105  0.0409  0.1395  0.1018     -    0.0000  0.1399  0.0673  0.0000  0.0900  0.1195  0.1210  0.1214  
28   0.0834  0.1512  0.0822  0.1225  0.0000  0.0864  0.0002  0.0696  0.0908  0.0902  0.0000  0.0540  0.0705  0.0000  0.0224  0.0000  0.1416  0.0606  0.0346  0.1300  0.0814  0.0954  0.1108  0.0409  0.1386  0.1007  0.0000     -    0.1408  0.0675  0.0000  0.0891  0.1182  0.1199  0.1201  
29   0.2100  0.3280  0.2409  0.2694  0.1407  0.1114  0.1407  0.2094  0.2898  0.2590  0.1404  0.1977  0.2641  0.1407  0.1582  0.1407  0.2328  0.1792  0.1901  0.1431  0.2337  0.2440  0.2236  0.2410  0.2708  0.3086  0.1399  0.1408     -    0.2233  0.1407  0.2370  0.2404  0.3513  0.3560  
30   0.1316  0.1831  0.1327  0.2316  0.0675  0.1624  0.0677  0.1418  0.1550  0.1685  0.0671  0.1372  0.1384  0.0675  0.1000  0.0675  0.2769  0.1319  0.0831  0.2397  0.1641  0.2139  0.1976  0.0855  0.2354  0.1702  0.0673  0.0675  0.2233     -    0.0675  0.1536  0.2091  0.1448  0.1866  
31   0.0834  0.1511  0.0823  0.1226  0.0000  0.0864  0.0002  0.0696  0.0908  0.0903  0.0000  0.0540  0.0706  0.0000  0.0224  0.0000  0.1416  0.0606  0.0346  0.1299  0.0814  0.0955  0.1108  0.0409  0.1386  0.1008  0.0000  0.0000  0.1407  0.0675     -    0.0891  0.1182  0.1199  0.1201  
32   0.1804  0.2248  0.1922  0.2044  0.0891  0.1855  0.0903  0.1396  0.1630  0.1641  0.0899  0.1707  0.1692  0.0891  0.1348  0.0891  0.2294  0.1508  0.1371  0.2642  0.2010  0.1937  0.2144  0.1293  0.2044  0.1583  0.0900  0.0891  0.2370  0.1536  0.0891     -    0.1810  0.1918  0.2255  
33   0.2441  0.2648  0.2168  0.1817  0.1182  0.2393  0.1205  0.2209  0.1775  0.1635  0.1192  0.1780  0.1734  0.1182  0.1658  0.1182  0.2523  0.1906  0.1723  0.2446  0.2161  0.2078  0.2585  0.1944  0.2502  0.2373  0.1195  0.1182  0.2404  0.2091  0.1182  0.1810     -    0.2759  0.2270  
34   0.1970  0.2476  0.2061  0.1994  0.1199  0.2722  0.1225  0.1681  0.2084  0.2196  0.1192  0.2198  0.1498  0.1199  0.1625  0.1199  0.2708  0.1954  0.0937  0.3540  0.2191  0.2805  0.2610  0.0543  0.2438  0.2083  0.1210  0.1199  0.3513  0.1448  0.1199  0.1918  0.2759     -    0.1810  
35   0.2021  0.2762  0.2139  0.1990  0.1201  0.2493  0.1209  0.1687  0.1765  0.1923  0.1209  0.2034  0.1110  0.1201  0.1395  0.1201  0.2672  0.2340  0.1337  0.2974  0.1841  0.2304  0.2322  0.1435  0.2286  0.2243  0.1214  0.1201  0.3560  0.1866  0.1201  0.2255  0.2270  0.1810     -    

Average distances (expected heterozygosity) between individuals in same cluster:
cluster  1  : 0.5469 
cluster  2  : 0.4378 
cluster  3  : 0.5672 
cluster  4  : 0.5397 
cluster  5  : 0.7410 
cluster  6  : 0.5476 
cluster  7  : 0.7359 
cluster  8  : 0.5787 
cluster  9  : 0.5472 
cluster 10  : 0.5778 
cluster 11  : 0.7385 
cluster 12  : 0.5858 
cluster 13  : 0.6146 
cluster 14  : 0.7411 
cluster 15  : 0.6516 
cluster 16  : 0.7408 
cluster 17  : 0.5325 
cluster 18  : 0.5767 
cluster 19  : 0.6334 
cluster 20  : 0.4617 
cluster 21  : 0.6424 
cluster 22  : 0.5286 
cluster 23  : 0.5758 
cluster 24  : 0.6337 
cluster 25  : 0.5454 
cluster 26  : 0.5768 
cluster 27  : 0.7376 
cluster 28  : 0.7410 
cluster 29  : 0.5008 
cluster 30  : 0.5780 
cluster 31  : 0.7409 
cluster 32  : 0.5844 
cluster 33  : 0.5606 
cluster 34  : 0.4918 
cluster 35  : 0.5213 

--------------------------------------------
Estimated Ln Prob of Data   = -6598.6
Mean value of ln likelihood = -5652.5
Variance of ln likelihood   = 1892.2
Mean value of alpha         = 0.0310

Mean value of Fst_1         = 0.3979
Mean value of Fst_2         = 0.4773
Mean value of Fst_3         = 0.3385
Mean value of Fst_4         = 0.4078
Mean value of Fst_5         = 0.0003
Mean value of Fst_6         = 0.3750
Mean value of Fst_7         = 0.0313
Mean value of Fst_8         = 0.3177
Mean value of Fst_9         = 0.3800
Mean value of Fst_10         = 0.3121
Mean value of Fst_11         = 0.0204
Mean value of Fst_12         = 0.3195
Mean value of Fst_13         = 0.2960
Mean value of Fst_14         = 0.0003
Mean value of Fst_15         = 0.2645
Mean value of Fst_16         = 0.0021
Mean value of Fst_17         = 0.4235
Mean value of Fst_18         = 0.2964
Mean value of Fst_19         = 0.3481
Mean value of Fst_20         = 0.4745
Mean value of Fst_21         = 0.3006
Mean value of Fst_22         = 0.4018
Mean value of Fst_23         = 0.3687
Mean value of Fst_24         = 0.3102
Mean value of Fst_25         = 0.4587
Mean value of Fst_26         = 0.3312
Mean value of Fst_27         = 0.0262
Mean value of Fst_28         = 0.0007
Mean value of Fst_29         = 0.4194
Mean value of Fst_30         = 0.3433
Mean value of Fst_31         = 0.0015
Mean value of Fst_32         = 0.3511
Mean value of Fst_33         = 0.3814
Mean value of Fst_34         = 0.3656
Mean value of Fst_35         = 0.4164


Inferred ancestry of individuals:
        Label (%Miss) Pop:  Inferred clusters
  1   H105.1    (0)    1 :  0.002 0.003 0.003 0.003 0.003 0.004 0.004 0.003 0.003 0.004 0.004 0.009 0.004 0.004 0.003 0.004 0.002 0.003 0.003 0.002 0.002 0.004 0.003 0.003 0.002 0.003 0.003 0.004 0.002 0.003 0.005 0.004 0.885 0.003 0.003 
  2   H105.2    (0)    1 :  0.005 0.003 0.008 0.003 0.005 0.003 0.005 0.003 0.006 0.003 0.006 0.004 0.013 0.005 0.004 0.006 0.004 0.003 0.009 0.004 0.004 0.004 0.006 0.004 0.003 0.002 0.006 0.005 0.004 0.004 0.007 0.003 0.838 0.002 0.006 
  3   H105.3    (0)    1 :  0.002 0.004 0.003 0.003 0.003 0.002 0.003 0.002 0.003 0.005 0.002 0.003 0.003 0.003 0.003 0.002 0.003 0.002 0.003 0.003 0.003 0.003 0.002 0.002 0.003 0.003 0.004 0.003 0.002 0.003 0.003 0.003 0.902 0.003 0.004 
  4   H105.4    (0)    1 :  0.002 0.005 0.005 0.003 0.004 0.003 0.004 0.004 0.006 0.004 0.004 0.004 0.003 0.004 0.004 0.004 0.003 0.003 0.005 0.004 0.004 0.005 0.003 0.004 0.004 0.003 0.004 0.004 0.003 0.002 0.004 0.003 0.873 0.002 0.003 
  5   H105.5    (0)    1 :  0.002 0.004 0.008 0.004 0.007 0.008 0.008 0.004 0.006 0.004 0.011 0.033 0.008 0.008 0.007 0.007 0.003 0.005 0.005 0.006 0.004 0.008 0.008 0.005 0.003 0.004 0.006 0.008 0.004 0.003 0.007 0.004 0.781 0.004 0.003 
  6   H105.6    (0)    1 :  0.003 0.010 0.004 0.004 0.005 0.006 0.006 0.003 0.008 0.005 0.005 0.005 0.004 0.005 0.006 0.004 0.007 0.007 0.006 0.014 0.006 0.004 0.004 0.004 0.004 0.004 0.006 0.008 0.008 0.005 0.007 0.003 0.816 0.003 0.004 
  7   H105.7    (0)    1 :  0.004 0.003 0.006 0.008 0.007 0.006 0.007 0.005 0.008 0.014 0.008 0.009 0.008 0.006 0.008 0.007 0.006 0.010 0.003 0.004 0.004 0.007 0.006 0.005 0.004 0.003 0.005 0.008 0.008 0.006 0.005 0.002 0.793 0.003 0.004 
  8   H105.8    (0)    1 :  0.004 0.002 0.002 0.003 0.003 0.002 0.003 0.003 0.004 0.003 0.004 0.003 0.004 0.003 0.004 0.004 0.003 0.002 0.004 0.004 0.003 0.003 0.003 0.003 0.003 0.002 0.003 0.003 0.004 0.002 0.003 0.003 0.893 0.002 0.008 
  9   H115.1    (0)    1 :  0.007 0.003 0.055 0.004 0.014 0.010 0.011 0.004 0.019 0.007 0.021 0.025 0.006 0.016 0.376 0.020 0.067 0.004 0.016 0.046 0.154 0.008 0.007 0.012 0.003 0.004 0.010 0.015 0.009 0.005 0.016 0.004 0.005 0.011 0.009 
 10   H115.2    (0)    1 :  0.007 0.004 0.149 0.003 0.013 0.047 0.015 0.005 0.004 0.004 0.015 0.022 0.007 0.014 0.321 0.010 0.008 0.007 0.011 0.039 0.155 0.006 0.007 0.026 0.003 0.004 0.014 0.010 0.033 0.006 0.014 0.003 0.005 0.004 0.003 
 11   H115.3    (0)    1 :  0.005 0.003 0.579 0.004 0.012 0.009 0.007 0.009 0.004 0.006 0.012 0.014 0.005 0.008 0.009 0.011 0.005 0.002 0.014 0.115 0.065 0.004 0.003 0.009 0.005 0.004 0.011 0.012 0.022 0.008 0.006 0.003 0.006 0.008 0.004 
 12   H115.4    (0)    1 :  0.006 0.004 0.608 0.004 0.012 0.003 0.008 0.008 0.004 0.003 0.008 0.006 0.017 0.011 0.012 0.009 0.004 0.003 0.023 0.005 0.110 0.010 0.009 0.013 0.005 0.005 0.009 0.011 0.004 0.012 0.007 0.003 0.003 0.011 0.032 
 13   H115.5    (0)    1 :  0.005 0.006 0.107 0.007 0.047 0.007 0.038 0.008 0.005 0.006 0.062 0.015 0.007 0.030 0.024 0.032 0.021 0.004 0.025 0.177 0.070 0.006 0.007 0.018 0.005 0.011 0.038 0.030 0.049 0.009 0.046 0.003 0.018 0.050 0.007 
 14   H115.6    (0)    1 :  0.019 0.005 0.529 0.006 0.010 0.011 0.008 0.012 0.003 0.008 0.018 0.010 0.009 0.011 0.013 0.008 0.003 0.005 0.014 0.120 0.015 0.005 0.005 0.020 0.002 0.005 0.015 0.015 0.014 0.045 0.016 0.006 0.004 0.010 0.003 
 15   H115.7    (0)    1 :  0.010 0.005 0.443 0.004 0.015 0.022 0.023 0.005 0.010 0.008 0.021 0.014 0.007 0.027 0.087 0.024 0.059 0.006 0.011 0.016 0.046 0.013 0.009 0.015 0.003 0.005 0.022 0.015 0.005 0.007 0.020 0.005 0.005 0.007 0.004 
 16   H115.8    (0)    1 :  0.012 0.002 0.172 0.006 0.017 0.008 0.017 0.006 0.003 0.010 0.023 0.022 0.010 0.025 0.047 0.020 0.005 0.003 0.024 0.347 0.092 0.004 0.007 0.018 0.002 0.003 0.013 0.014 0.011 0.010 0.014 0.004 0.008 0.017 0.005 
 17   H115.9    (0)    1 :  0.003 0.002 0.028 0.004 0.013 0.042 0.016 0.006 0.018 0.007 0.014 0.034 0.004 0.016 0.262 0.019 0.013 0.005 0.011 0.342 0.028 0.007 0.003 0.009 0.003 0.003 0.012 0.013 0.013 0.007 0.011 0.003 0.005 0.008 0.017 
 18   H145.1    (0)    1 :  0.013 0.006 0.006 0.004 0.007 0.009 0.009 0.004 0.005 0.007 0.008 0.008 0.003 0.012 0.008 0.008 0.002 0.014 0.005 0.011 0.003 0.011 0.004 0.008 0.004 0.757 0.010 0.008 0.005 0.013 0.007 0.007 0.003 0.005 0.003 
 19   H145.2    (0)    1 :  0.008 0.009 0.004 0.004 0.006 0.004 0.012 0.007 0.004 0.005 0.008 0.009 0.004 0.006 0.005 0.009 0.002 0.005 0.005 0.006 0.004 0.004 0.002 0.006 0.005 0.800 0.011 0.009 0.004 0.007 0.007 0.004 0.003 0.007 0.004 
 20   H145.3    (0)    1 :  0.019 0.002 0.003 0.004 0.004 0.002 0.003 0.002 0.003 0.002 0.004 0.003 0.002 0.004 0.003 0.003 0.002 0.003 0.002 0.004 0.003 0.003 0.002 0.003 0.003 0.885 0.003 0.003 0.002 0.002 0.003 0.003 0.003 0.002 0.002 
 21   H145.4    (0)    1 :  0.005 0.005 0.003 0.003 0.005 0.006 0.006 0.005 0.006 0.006 0.005 0.004 0.004 0.007 0.005 0.006 0.003 0.020 0.003 0.005 0.002 0.006 0.004 0.006 0.003 0.826 0.006 0.008 0.003 0.004 0.006 0.005 0.003 0.004 0.003 
 22   H145.5    (0)    1 :  0.035 0.002 0.003 0.005 0.005 0.002 0.003 0.002 0.004 0.002 0.003 0.003 0.002 0.004 0.003 0.005 0.002 0.004 0.002 0.004 0.002 0.004 0.002 0.003 0.002 0.858 0.003 0.004 0.002 0.003 0.004 0.005 0.003 0.004 0.003 
 23   H145.6    (0)    1 :  0.004 0.006 0.003 0.003 0.005 0.003 0.007 0.005 0.002 0.006 0.006 0.008 0.004 0.006 0.005 0.007 0.003 0.007 0.005 0.004 0.002 0.004 0.002 0.005 0.004 0.844 0.006 0.006 0.004 0.007 0.005 0.004 0.003 0.005 0.003 
 24   H145.7    (0)    1 :  0.004 0.005 0.003 0.004 0.004 0.002 0.003 0.003 0.003 0.004 0.004 0.003 0.003 0.003 0.003 0.004 0.002 0.005 0.004 0.003 0.004 0.003 0.002 0.005 0.003 0.881 0.003 0.004 0.002 0.004 0.004 0.005 0.002 0.006 0.003 
 25   H149.1    (0)    1 :  0.005 0.003 0.004 0.003 0.004 0.003 0.004 0.005 0.005 0.003 0.004 0.005 0.003 0.005 0.006 0.005 0.002 0.005 0.007 0.002 0.003 0.002 0.003 0.092 0.003 0.003 0.004 0.004 0.003 0.004 0.004 0.004 0.003 0.782 0.003 
 26   H149.2    (0)    1 :  0.005 0.003 0.004 0.002 0.004 0.005 0.005 0.004 0.005 0.004 0.005 0.008 0.005 0.004 0.006 0.004 0.002 0.006 0.007 0.003 0.002 0.003 0.004 0.527 0.003 0.005 0.007 0.005 0.002 0.006 0.005 0.003 0.004 0.331 0.003 
 27   H149.3    (0)    1 :  0.007 0.006 0.017 0.005 0.016 0.006 0.016 0.021 0.008 0.017 0.016 0.018 0.007 0.015 0.018 0.018 0.003 0.009 0.011 0.003 0.008 0.007 0.008 0.426 0.006 0.018 0.016 0.024 0.003 0.006 0.017 0.004 0.006 0.208 0.008 
 28   H149.4    (0)    1 :  0.016 0.003 0.003 0.016 0.007 0.005 0.007 0.013 0.005 0.006 0.010 0.004 0.008 0.006 0.007 0.010 0.005 0.003 0.010 0.004 0.004 0.002 0.003 0.372 0.004 0.003 0.006 0.007 0.006 0.006 0.013 0.003 0.011 0.394 0.016 
 29   H149.5    (0)    1 :  0.004 0.004 0.004 0.005 0.011 0.003 0.011 0.006 0.005 0.019 0.007 0.010 0.014 0.007 0.006 0.012 0.003 0.005 0.009 0.002 0.003 0.009 0.006 0.541 0.004 0.009 0.011 0.010 0.002 0.005 0.012 0.003 0.008 0.220 0.009 
 30   H149.6    (0)    1 :  0.004 0.003 0.004 0.002 0.006 0.002 0.005 0.003 0.005 0.005 0.004 0.007 0.003 0.004 0.005 0.004 0.003 0.004 0.007 0.002 0.002 0.003 0.003 0.561 0.003 0.005 0.004 0.003 0.002 0.004 0.004 0.003 0.004 0.314 0.003 
 31   H149.7    (0)    1 :  0.010 0.007 0.009 0.009 0.032 0.004 0.017 0.019 0.010 0.016 0.020 0.010 0.006 0.015 0.012 0.025 0.003 0.012 0.019 0.003 0.007 0.006 0.013 0.453 0.004 0.006 0.022 0.019 0.004 0.008 0.023 0.006 0.008 0.143 0.018 
 32   H150.1    (0)    1 :  0.003 0.003 0.043 0.003 0.009 0.007 0.010 0.003 0.005 0.004 0.008 0.005 0.004 0.008 0.008 0.009 0.003 0.004 0.004 0.791 0.005 0.003 0.003 0.004 0.002 0.003 0.007 0.010 0.009 0.003 0.007 0.002 0.004 0.002 0.002 
 33   H150.2    (0)    1 :  0.008 0.004 0.653 0.004 0.010 0.007 0.009 0.004 0.004 0.004 0.007 0.003 0.003 0.012 0.020 0.008 0.009 0.005 0.010 0.087 0.027 0.004 0.009 0.004 0.003 0.002 0.009 0.011 0.032 0.006 0.008 0.003 0.004 0.006 0.003 
 34   H150.3    (0)    1 :  0.030 0.005 0.131 0.004 0.019 0.026 0.025 0.004 0.007 0.007 0.017 0.008 0.004 0.019 0.057 0.012 0.043 0.009 0.014 0.397 0.016 0.006 0.014 0.009 0.002 0.005 0.018 0.015 0.024 0.011 0.019 0.006 0.005 0.008 0.003 
 35   H150.4    (0)    1 :  0.004 0.003 0.011 0.004 0.005 0.012 0.006 0.002 0.004 0.004 0.005 0.005 0.004 0.005 0.006 0.004 0.008 0.005 0.004 0.831 0.004 0.004 0.007 0.004 0.002 0.003 0.005 0.005 0.008 0.007 0.005 0.004 0.004 0.003 0.002 
 36   H150.5    (0)    1 :  0.006 0.005 0.474 0.004 0.015 0.047 0.019 0.006 0.005 0.009 0.015 0.011 0.006 0.017 0.031 0.021 0.006 0.006 0.013 0.077 0.066 0.006 0.012 0.008 0.002 0.004 0.023 0.019 0.023 0.008 0.020 0.004 0.007 0.004 0.003 
 37   H150.6    (0)    1 :  0.003 0.005 0.770 0.003 0.008 0.003 0.010 0.003 0.005 0.004 0.009 0.004 0.010 0.007 0.008 0.010 0.003 0.003 0.005 0.013 0.029 0.004 0.005 0.004 0.002 0.005 0.013 0.014 0.004 0.003 0.010 0.008 0.006 0.004 0.004 
 38   H150.7    (0)    1 :  0.009 0.003 0.008 0.003 0.005 0.008 0.005 0.002 0.003 0.004 0.005 0.004 0.004 0.004 0.007 0.005 0.003 0.004 0.007 0.849 0.004 0.005 0.002 0.003 0.002 0.003 0.005 0.004 0.009 0.004 0.005 0.003 0.004 0.003 0.002 
 39 H169607.1    (0)    1 :  0.021 0.007 0.010 0.002 0.016 0.008 0.053 0.005 0.004 0.004 0.015 0.011 0.003 0.020 0.022 0.015 0.005 0.005 0.022 0.006 0.005 0.582 0.009 0.054 0.003 0.011 0.010 0.015 0.008 0.009 0.010 0.012 0.003 0.005 0.008 
 40 H169607.2    (0)    1 :  0.003 0.005 0.003 0.006 0.003 0.005 0.003 0.002 0.003 0.003 0.003 0.003 0.003 0.003 0.003 0.003 0.002 0.004 0.003 0.006 0.002 0.894 0.003 0.003 0.003 0.002 0.003 0.003 0.003 0.003 0.003 0.003 0.003 0.002 0.002 
 41 H169607.3    (0)    1 :  0.011 0.005 0.010 0.003 0.021 0.004 0.059 0.006 0.005 0.004 0.016 0.086 0.010 0.024 0.025 0.016 0.003 0.007 0.014 0.008 0.006 0.490 0.006 0.070 0.004 0.013 0.011 0.016 0.005 0.007 0.016 0.004 0.004 0.004 0.007 
 42 H169607.4    (0)    1 :  0.009 0.010 0.003 0.003 0.005 0.006 0.008 0.004 0.003 0.004 0.005 0.008 0.002 0.005 0.004 0.004 0.002 0.004 0.004 0.005 0.003 0.836 0.002 0.006 0.003 0.006 0.004 0.004 0.006 0.004 0.005 0.015 0.003 0.003 0.002 
 43 H169607.5    (0)    1 :  0.003 0.003 0.006 0.004 0.005 0.013 0.008 0.006 0.003 0.004 0.006 0.058 0.005 0.006 0.012 0.008 0.004 0.005 0.005 0.006 0.003 0.766 0.006 0.009 0.003 0.005 0.009 0.008 0.004 0.003 0.004 0.003 0.002 0.003 0.003 
 44 H169607.6    (0)    1 :  0.003 0.005 0.003 0.004 0.003 0.004 0.003 0.002 0.002 0.003 0.003 0.004 0.004 0.003 0.003 0.004 0.003 0.004 0.003 0.004 0.002 0.901 0.002 0.002 0.002 0.002 0.003 0.003 0.003 0.002 0.003 0.003 0.003 0.002 0.003 
 45 H169607.7    (0)    1 :  0.005 0.005 0.017 0.003 0.007 0.004 0.005 0.013 0.002 0.003 0.006 0.004 0.003 0.004 0.004 0.007 0.002 0.005 0.011 0.006 0.012 0.803 0.008 0.004 0.003 0.006 0.005 0.005 0.003 0.004 0.007 0.003 0.005 0.003 0.014 
 46 H169607.8    (0)    1 :  0.005 0.004 0.003 0.004 0.004 0.004 0.005 0.004 0.005 0.003 0.004 0.008 0.004 0.004 0.005 0.005 0.003 0.004 0.003 0.006 0.004 0.858 0.004 0.005 0.004 0.004 0.005 0.004 0.003 0.003 0.004 0.006 0.004 0.002 0.003 
 47 H169633.1    (0)    1 :  0.004 0.007 0.005 0.005 0.017 0.006 0.011 0.004 0.004 0.006 0.012 0.005 0.009 0.016 0.013 0.015 0.013 0.008 0.010 0.004 0.004 0.002 0.024 0.015 0.005 0.012 0.011 0.011 0.007 0.008 0.011 0.005 0.004 0.704 0.003 
 48 H169633.2    (0)    1 :  0.002 0.009 0.008 0.003 0.016 0.002 0.011 0.005 0.009 0.003 0.023 0.004 0.007 0.019 0.009 0.018 0.007 0.004 0.018 0.002 0.008 0.002 0.015 0.023 0.006 0.010 0.015 0.017 0.003 0.083 0.018 0.005 0.009 0.599 0.008 
 49 H169633.3    (0)    1 :  0.005 0.005 0.007 0.008 0.011 0.007 0.010 0.015 0.009 0.007 0.010 0.008 0.005 0.012 0.018 0.011 0.011 0.026 0.028 0.004 0.007 0.003 0.007 0.032 0.007 0.004 0.009 0.013 0.007 0.009 0.014 0.005 0.003 0.659 0.004 
 50 H169633.4    (0)    1 :  0.004 0.003 0.006 0.004 0.013 0.014 0.013 0.006 0.006 0.008 0.010 0.006 0.006 0.014 0.011 0.010 0.007 0.011 0.007 0.005 0.007 0.005 0.003 0.009 0.007 0.009 0.010 0.008 0.005 0.007 0.008 0.006 0.005 0.742 0.004 
 51 H169633.5    (0)    1 :  0.004 0.003 0.007 0.004 0.010 0.011 0.010 0.006 0.003 0.009 0.012 0.007 0.006 0.010 0.007 0.010 0.013 0.014 0.009 0.004 0.006 0.005 0.003 0.009 0.007 0.008 0.010 0.008 0.004 0.007 0.009 0.007 0.005 0.749 0.003 
 52 H169688.1    (0)    1 :  0.021 0.007 0.003 0.009 0.010 0.005 0.008 0.005 0.005 0.003 0.007 0.005 0.015 0.007 0.007 0.006 0.033 0.015 0.009 0.005 0.003 0.009 0.724 0.007 0.009 0.006 0.007 0.008 0.007 0.003 0.008 0.007 0.004 0.006 0.009 
 53 H169688.2    (0)    1 :  0.003 0.010 0.003 0.005 0.004 0.003 0.005 0.008 0.010 0.003 0.006 0.006 0.007 0.005 0.006 0.005 0.004 0.008 0.006 0.002 0.004 0.004 0.827 0.004 0.004 0.004 0.006 0.005 0.003 0.003 0.005 0.004 0.010 0.003 0.005 
 54 H169688.3    (0)    1 :  0.003 0.004 0.004 0.002 0.005 0.004 0.005 0.003 0.005 0.003 0.004 0.004 0.003 0.003 0.005 0.004 0.003 0.004 0.004 0.003 0.003 0.003 0.879 0.004 0.002 0.004 0.004 0.004 0.002 0.005 0.003 0.004 0.004 0.003 0.003 
 55 H169688.4    (0)    1 :  0.003 0.002 0.003 0.002 0.004 0.005 0.003 0.003 0.004 0.002 0.004 0.006 0.002 0.003 0.005 0.003 0.002 0.003 0.004 0.005 0.004 0.002 0.889 0.003 0.002 0.003 0.004 0.004 0.003 0.003 0.003 0.002 0.002 0.003 0.003 
 56 H169688.5    (0)    1 :  0.003 0.002 0.003 0.002 0.004 0.005 0.004 0.003 0.004 0.002 0.004 0.007 0.003 0.004 0.005 0.004 0.002 0.003 0.003 0.005 0.004 0.003 0.888 0.003 0.002 0.003 0.003 0.004 0.003 0.003 0.004 0.002 0.002 0.003 0.003 
 57 H169688.6    (0)    1 :  0.003 0.003 0.003 0.005 0.004 0.003 0.006 0.004 0.003 0.002 0.004 0.004 0.007 0.004 0.004 0.006 0.005 0.004 0.010 0.002 0.002 0.003 0.810 0.016 0.006 0.002 0.006 0.004 0.004 0.002 0.005 0.004 0.003 0.004 0.043 
 58 H169688.7    (0)    1 :  0.008 0.008 0.013 0.009 0.006 0.004 0.009 0.006 0.010 0.004 0.009 0.008 0.005 0.007 0.006 0.009 0.003 0.005 0.004 0.009 0.005 0.003 0.776 0.005 0.002 0.015 0.007 0.009 0.003 0.005 0.010 0.006 0.005 0.004 0.005 
 59 H171901.1    (0)    1 :  0.005 0.005 0.009 0.003 0.080 0.007 0.076 0.004 0.005 0.012 0.072 0.114 0.013 0.057 0.027 0.056 0.016 0.037 0.041 0.016 0.016 0.011 0.006 0.043 0.003 0.016 0.082 0.063 0.011 0.011 0.057 0.004 0.013 0.004 0.005 
 60 H171901.2    (0)    1 :  0.008 0.009 0.006 0.011 0.014 0.025 0.016 0.021 0.004 0.005 0.023 0.016 0.007 0.020 0.010 0.017 0.003 0.009 0.229 0.007 0.007 0.010 0.006 0.031 0.004 0.007 0.014 0.014 0.011 0.005 0.016 0.011 0.053 0.349 0.003 
 61 H171901.3    (0)    1 :  0.006 0.012 0.008 0.002 0.010 0.004 0.014 0.011 0.005 0.004 0.025 0.040 0.006 0.013 0.014 0.012 0.010 0.011 0.490 0.004 0.009 0.006 0.006 0.034 0.006 0.003 0.015 0.015 0.009 0.005 0.018 0.007 0.008 0.155 0.004 
 62 H171901.4    (0)    1 :  0.005 0.011 0.005 0.004 0.012 0.005 0.010 0.009 0.005 0.004 0.014 0.012 0.004 0.008 0.006 0.010 0.006 0.005 0.495 0.005 0.008 0.008 0.004 0.009 0.005 0.003 0.010 0.008 0.007 0.005 0.009 0.006 0.023 0.256 0.005 
 63 H171901.5    (0)    1 :  0.006 0.022 0.011 0.003 0.020 0.005 0.016 0.018 0.005 0.004 0.025 0.012 0.008 0.023 0.012 0.015 0.002 0.005 0.530 0.007 0.018 0.008 0.004 0.059 0.004 0.004 0.009 0.012 0.005 0.011 0.018 0.009 0.010 0.075 0.005 
 64 H171901.6    (0)    1 :  0.012 0.041 0.010 0.004 0.028 0.005 0.028 0.014 0.007 0.003 0.037 0.008 0.012 0.024 0.020 0.021 0.004 0.009 0.469 0.012 0.014 0.007 0.005 0.023 0.006 0.004 0.027 0.026 0.012 0.021 0.023 0.007 0.005 0.044 0.007 
 65 H171901.7    (0)    1 :  0.005 0.022 0.009 0.006 0.026 0.007 0.024 0.117 0.007 0.004 0.030 0.043 0.025 0.019 0.023 0.021 0.006 0.063 0.282 0.005 0.009 0.007 0.013 0.039 0.010 0.005 0.024 0.019 0.005 0.009 0.028 0.005 0.003 0.072 0.006 
 66 H171902.1    (0)    1 :  0.866 0.007 0.003 0.005 0.003 0.004 0.004 0.003 0.003 0.002 0.004 0.003 0.004 0.004 0.004 0.005 0.002 0.003 0.005 0.004 0.004 0.004 0.004 0.005 0.003 0.004 0.004 0.004 0.004 0.008 0.004 0.003 0.002 0.005 0.006 
 67 H171902.10    (0)    1 :  0.862 0.002 0.013 0.003 0.004 0.003 0.004 0.009 0.002 0.003 0.004 0.003 0.005 0.004 0.003 0.004 0.002 0.003 0.004 0.004 0.005 0.005 0.006 0.005 0.002 0.003 0.006 0.004 0.003 0.005 0.003 0.003 0.003 0.003 0.004 
 68 H171902.2    (0)    1 :  0.821 0.013 0.003 0.005 0.007 0.003 0.006 0.002 0.003 0.003 0.005 0.004 0.004 0.006 0.006 0.005 0.006 0.004 0.010 0.005 0.005 0.005 0.005 0.008 0.003 0.003 0.005 0.006 0.004 0.007 0.006 0.003 0.002 0.011 0.008 
 69 H171902.3    (0)    1 :  0.819 0.007 0.005 0.004 0.005 0.004 0.006 0.003 0.004 0.003 0.005 0.004 0.004 0.007 0.005 0.005 0.003 0.005 0.022 0.006 0.004 0.006 0.005 0.007 0.003 0.002 0.006 0.006 0.005 0.005 0.005 0.003 0.003 0.010 0.004 
 70 H171902.4    (0)    1 :  0.864 0.002 0.003 0.004 0.003 0.003 0.003 0.004 0.003 0.003 0.003 0.003 0.004 0.004 0.005 0.004 0.003 0.005 0.004 0.003 0.003 0.003 0.003 0.011 0.002 0.003 0.004 0.004 0.003 0.005 0.003 0.004 0.002 0.015 0.003 
 71 H171902.6    (0)    1 :  0.887 0.002 0.004 0.003 0.003 0.004 0.004 0.004 0.003 0.002 0.004 0.002 0.006 0.003 0.003 0.003 0.002 0.003 0.005 0.004 0.003 0.003 0.002 0.004 0.002 0.003 0.003 0.003 0.004 0.004 0.004 0.003 0.002 0.004 0.003 
 72 H171902.7    (0)    1 :  0.763 0.003 0.029 0.004 0.006 0.003 0.007 0.011 0.004 0.003 0.008 0.014 0.004 0.007 0.007 0.008 0.002 0.008 0.005 0.004 0.005 0.021 0.003 0.017 0.002 0.005 0.008 0.008 0.003 0.006 0.004 0.005 0.005 0.004 0.003 
 73 H171902.8    (0)    1 :  0.852 0.005 0.005 0.004 0.005 0.004 0.005 0.004 0.002 0.003 0.005 0.003 0.005 0.004 0.004 0.005 0.003 0.004 0.008 0.005 0.003 0.004 0.003 0.007 0.003 0.003 0.004 0.005 0.005 0.006 0.004 0.004 0.002 0.004 0.003 
 74 H171902.9    (9)    1 :  0.873 0.003 0.004 0.004 0.003 0.005 0.004 0.003 0.003 0.003 0.004 0.004 0.003 0.004 0.005 0.003 0.003 0.004 0.004 0.007 0.003 0.006 0.003 0.004 0.003 0.004 0.004 0.003 0.007 0.004 0.004 0.003 0.003 0.003 0.003 
 75 H171903.1    (0)    1 :  0.004 0.005 0.015 0.004 0.012 0.029 0.010 0.022 0.004 0.005 0.008 0.180 0.005 0.011 0.026 0.012 0.004 0.009 0.007 0.015 0.019 0.511 0.008 0.008 0.006 0.003 0.010 0.007 0.007 0.005 0.011 0.004 0.007 0.003 0.003 
 76 H171903.2    (0)    1 :  0.003 0.008 0.005 0.004 0.010 0.006 0.012 0.018 0.003 0.006 0.007 0.685 0.004 0.009 0.016 0.009 0.003 0.007 0.007 0.013 0.008 0.038 0.003 0.007 0.009 0.007 0.012 0.019 0.010 0.004 0.009 0.010 0.024 0.003 0.003 
 77 H171903.3    (0)    1 :  0.003 0.003 0.005 0.003 0.009 0.006 0.010 0.005 0.011 0.003 0.014 0.706 0.003 0.013 0.012 0.010 0.003 0.020 0.005 0.003 0.004 0.015 0.004 0.017 0.013 0.004 0.014 0.014 0.004 0.016 0.013 0.012 0.015 0.004 0.003 
 78 H171903.4    (0)    1 :  0.019 0.006 0.059 0.003 0.018 0.008 0.047 0.020 0.005 0.005 0.028 0.338 0.004 0.026 0.014 0.029 0.003 0.016 0.015 0.009 0.006 0.084 0.033 0.075 0.004 0.006 0.031 0.025 0.006 0.008 0.029 0.010 0.004 0.003 0.003 
 79 H171903.5    (0)    1 :  0.005 0.004 0.005 0.003 0.008 0.012 0.011 0.006 0.007 0.004 0.011 0.757 0.006 0.008 0.009 0.009 0.003 0.006 0.009 0.003 0.004 0.007 0.017 0.022 0.004 0.004 0.009 0.010 0.003 0.010 0.010 0.002 0.005 0.007 0.003 
 80 H171903.6    (0)    1 :  0.005 0.003 0.007 0.003 0.009 0.017 0.009 0.027 0.004 0.004 0.016 0.566 0.004 0.012 0.009 0.009 0.002 0.008 0.008 0.003 0.009 0.075 0.091 0.027 0.006 0.004 0.015 0.012 0.003 0.004 0.014 0.004 0.002 0.009 0.003 
 81   H177.1    (0)    1 :  0.004 0.003 0.004 0.004 0.004 0.007 0.005 0.840 0.003 0.003 0.004 0.006 0.005 0.006 0.006 0.006 0.006 0.010 0.005 0.005 0.005 0.005 0.005 0.004 0.004 0.003 0.004 0.004 0.004 0.003 0.004 0.009 0.003 0.004 0.005 
 82   H177.2    (0)    1 :  0.004 0.005 0.007 0.018 0.018 0.015 0.021 0.490 0.007 0.008 0.014 0.015 0.019 0.025 0.027 0.029 0.002 0.006 0.012 0.005 0.018 0.010 0.007 0.013 0.004 0.083 0.018 0.027 0.003 0.006 0.019 0.016 0.003 0.009 0.018 
 83   H177.3    (0)    1 :  0.004 0.002 0.003 0.004 0.006 0.005 0.008 0.826 0.004 0.005 0.005 0.011 0.006 0.005 0.004 0.006 0.002 0.004 0.004 0.003 0.004 0.004 0.003 0.009 0.005 0.014 0.007 0.006 0.003 0.005 0.006 0.005 0.002 0.007 0.005 
 84   H177.4    (0)    1 :  0.004 0.008 0.004 0.011 0.009 0.004 0.008 0.707 0.003 0.011 0.009 0.010 0.008 0.008 0.006 0.008 0.002 0.017 0.006 0.002 0.003 0.005 0.002 0.008 0.017 0.006 0.017 0.007 0.004 0.009 0.008 0.007 0.010 0.006 0.048 
 85   H177.5    (0)    1 :  0.003 0.010 0.006 0.024 0.009 0.006 0.011 0.664 0.010 0.008 0.017 0.007 0.005 0.012 0.006 0.016 0.003 0.036 0.007 0.004 0.016 0.004 0.011 0.006 0.004 0.010 0.016 0.013 0.005 0.008 0.014 0.012 0.006 0.005 0.008 
 86   H177.6    (0)    1 :  0.004 0.003 0.004 0.004 0.005 0.004 0.007 0.821 0.003 0.004 0.005 0.006 0.005 0.005 0.006 0.006 0.003 0.005 0.007 0.003 0.004 0.004 0.003 0.009 0.003 0.009 0.005 0.005 0.005 0.009 0.005 0.007 0.002 0.015 0.005 
 87   H179.1    (0)    1 :  0.004 0.008 0.006 0.006 0.008 0.012 0.006 0.006 0.029 0.007 0.006 0.005 0.005 0.007 0.008 0.007 0.009 0.011 0.119 0.006 0.005 0.003 0.014 0.006 0.003 0.003 0.010 0.008 0.006 0.007 0.008 0.004 0.005 0.004 0.640 
 88   H179.2    (0)    1 :  0.006 0.005 0.011 0.003 0.011 0.008 0.009 0.008 0.037 0.003 0.009 0.008 0.008 0.008 0.012 0.012 0.003 0.007 0.176 0.009 0.008 0.005 0.015 0.009 0.015 0.002 0.011 0.009 0.004 0.024 0.008 0.007 0.007 0.003 0.518 
 89   H179.3    (0)    1 :  0.004 0.011 0.009 0.003 0.009 0.010 0.012 0.012 0.008 0.006 0.012 0.015 0.006 0.015 0.015 0.012 0.007 0.015 0.182 0.021 0.006 0.007 0.057 0.009 0.005 0.003 0.015 0.016 0.008 0.007 0.011 0.004 0.003 0.003 0.459 
 90   H179.4    (0)    1 :  0.003 0.041 0.005 0.007 0.016 0.003 0.015 0.012 0.011 0.006 0.017 0.028 0.008 0.014 0.012 0.019 0.004 0.018 0.062 0.005 0.004 0.007 0.012 0.016 0.067 0.006 0.018 0.022 0.004 0.010 0.023 0.033 0.006 0.006 0.459 
 91   H180.1    (0)    1 :  0.009 0.003 0.035 0.003 0.006 0.005 0.006 0.007 0.003 0.004 0.005 0.004 0.014 0.007 0.010 0.004 0.004 0.003 0.009 0.005 0.785 0.006 0.006 0.003 0.002 0.002 0.005 0.005 0.005 0.007 0.005 0.004 0.003 0.003 0.014 
 92   H180.2    (0)    1 :  0.003 0.003 0.019 0.003 0.005 0.005 0.005 0.005 0.005 0.002 0.004 0.003 0.004 0.004 0.006 0.005 0.009 0.004 0.006 0.004 0.842 0.002 0.005 0.003 0.004 0.002 0.005 0.005 0.005 0.003 0.004 0.002 0.005 0.004 0.004 
 93   H180.3    (0)    1 :  0.004 0.004 0.023 0.007 0.010 0.007 0.018 0.005 0.010 0.003 0.009 0.009 0.004 0.011 0.015 0.012 0.005 0.004 0.007 0.290 0.434 0.006 0.006 0.008 0.007 0.007 0.011 0.010 0.014 0.011 0.010 0.002 0.004 0.007 0.006 
 94   H180.4    (0)    1 :  0.006 0.005 0.007 0.004 0.007 0.003 0.006 0.004 0.003 0.003 0.005 0.005 0.010 0.007 0.028 0.007 0.011 0.003 0.013 0.007 0.789 0.004 0.002 0.006 0.003 0.004 0.008 0.006 0.006 0.003 0.005 0.003 0.005 0.007 0.005 
 95   H180.5    (0)    1 :  0.005 0.004 0.016 0.007 0.005 0.004 0.005 0.007 0.002 0.002 0.004 0.003 0.008 0.004 0.010 0.005 0.003 0.004 0.005 0.006 0.838 0.003 0.005 0.004 0.003 0.003 0.004 0.005 0.003 0.004 0.004 0.002 0.002 0.004 0.007 
 96   H180.6    (0)    1 :  0.006 0.006 0.020 0.029 0.022 0.003 0.026 0.009 0.005 0.004 0.041 0.006 0.006 0.024 0.022 0.016 0.003 0.012 0.010 0.273 0.285 0.006 0.003 0.009 0.005 0.018 0.036 0.019 0.006 0.005 0.027 0.003 0.009 0.016 0.013 
 97   H181.1    (0)    1 :  0.004 0.003 0.005 0.006 0.009 0.004 0.012 0.007 0.004 0.003 0.013 0.022 0.767 0.006 0.006 0.007 0.003 0.004 0.006 0.003 0.005 0.005 0.005 0.017 0.005 0.005 0.013 0.008 0.002 0.004 0.008 0.003 0.008 0.011 0.006 
 98   H181.2    (0)    1 :  0.006 0.012 0.006 0.007 0.011 0.004 0.009 0.016 0.004 0.003 0.009 0.003 0.789 0.006 0.004 0.009 0.005 0.005 0.005 0.003 0.005 0.004 0.003 0.006 0.004 0.007 0.009 0.006 0.003 0.005 0.007 0.006 0.004 0.007 0.009 
 99   H181.3    (0)    1 :  0.007 0.005 0.004 0.009 0.008 0.005 0.009 0.007 0.003 0.005 0.006 0.003 0.812 0.006 0.005 0.010 0.003 0.003 0.015 0.005 0.005 0.006 0.004 0.006 0.002 0.003 0.005 0.005 0.005 0.003 0.007 0.006 0.005 0.006 0.003 
100   H181.4    (0)    1 :  0.006 0.011 0.019 0.040 0.031 0.022 0.019 0.008 0.008 0.007 0.020 0.010 0.538 0.024 0.019 0.028 0.004 0.004 0.009 0.017 0.007 0.006 0.008 0.017 0.006 0.005 0.017 0.019 0.007 0.004 0.026 0.006 0.007 0.017 0.006 
101   H181.5    (0)    1 :  0.004 0.004 0.005 0.003 0.005 0.006 0.006 0.003 0.005 0.003 0.007 0.003 0.841 0.005 0.004 0.005 0.004 0.005 0.005 0.003 0.003 0.003 0.005 0.004 0.004 0.003 0.005 0.006 0.003 0.005 0.005 0.003 0.006 0.003 0.014 
102   H181.6    (0)    1 :  0.004 0.011 0.007 0.004 0.007 0.007 0.005 0.006 0.006 0.003 0.010 0.005 0.750 0.007 0.006 0.008 0.003 0.006 0.012 0.005 0.012 0.005 0.003 0.007 0.004 0.003 0.009 0.011 0.004 0.009 0.008 0.004 0.007 0.004 0.039 
103   H181.7    (0)    1 :  0.004 0.004 0.005 0.004 0.006 0.006 0.005 0.005 0.004 0.004 0.005 0.007 0.819 0.006 0.005 0.005 0.003 0.003 0.005 0.004 0.004 0.004 0.007 0.004 0.004 0.005 0.007 0.010 0.003 0.005 0.006 0.002 0.006 0.005 0.018 
104 H194.1_2004    (0)    1 :  0.005 0.005 0.004 0.004 0.006 0.006 0.005 0.005 0.004 0.004 0.007 0.006 0.003 0.005 0.005 0.007 0.002 0.835 0.006 0.004 0.004 0.007 0.004 0.005 0.005 0.004 0.007 0.007 0.004 0.007 0.006 0.003 0.002 0.005 0.003 
105 H194.2_2004    (0)    1 :  0.003 0.003 0.002 0.003 0.005 0.005 0.003 0.003 0.002 0.003 0.004 0.004 0.004 0.006 0.005 0.004 0.003 0.872 0.003 0.003 0.003 0.010 0.003 0.004 0.002 0.005 0.005 0.004 0.003 0.003 0.005 0.003 0.003 0.003 0.002 
106 H194.3_2004    (0)    1 :  0.007 0.007 0.003 0.005 0.014 0.004 0.008 0.013 0.041 0.004 0.015 0.008 0.006 0.022 0.009 0.007 0.002 0.651 0.011 0.003 0.003 0.005 0.007 0.022 0.006 0.010 0.023 0.010 0.003 0.011 0.014 0.009 0.004 0.025 0.011 
107 H194.4_2004    (0)    1 :  0.004 0.004 0.003 0.004 0.010 0.003 0.006 0.011 0.003 0.002 0.005 0.006 0.005 0.006 0.004 0.009 0.003 0.808 0.007 0.003 0.003 0.005 0.003 0.010 0.003 0.021 0.007 0.006 0.004 0.006 0.009 0.004 0.003 0.007 0.005 
108 H194.5_2004    (0)    1 :  0.007 0.011 0.002 0.008 0.008 0.008 0.008 0.007 0.018 0.003 0.007 0.010 0.005 0.009 0.009 0.015 0.004 0.729 0.012 0.003 0.002 0.009 0.006 0.014 0.006 0.005 0.010 0.015 0.003 0.008 0.009 0.006 0.004 0.017 0.005 
109 H194.6_2004    (0)    1 :  0.009 0.010 0.004 0.006 0.018 0.006 0.018 0.094 0.034 0.003 0.012 0.014 0.006 0.020 0.014 0.015 0.003 0.522 0.018 0.004 0.004 0.005 0.007 0.014 0.016 0.005 0.020 0.018 0.007 0.014 0.027 0.007 0.003 0.018 0.005 
110 H194.7_2004    (0)    1 :  0.002 0.003 0.002 0.004 0.003 0.003 0.005 0.004 0.004 0.003 0.004 0.009 0.004 0.005 0.004 0.005 0.003 0.879 0.003 0.003 0.002 0.004 0.004 0.004 0.004 0.004 0.004 0.004 0.003 0.003 0.005 0.002 0.002 0.003 0.002 
111 H194.8_2004    (0)    1 :  0.004 0.008 0.002 0.005 0.005 0.003 0.007 0.010 0.004 0.003 0.009 0.005 0.005 0.005 0.004 0.005 0.005 0.818 0.006 0.004 0.002 0.004 0.003 0.007 0.006 0.006 0.006 0.006 0.005 0.006 0.005 0.007 0.005 0.009 0.004 
112   H194.9    (0)    1 :  0.004 0.006 0.003 0.006 0.003 0.005 0.004 0.004 0.002 0.002 0.004 0.004 0.004 0.004 0.004 0.004 0.004 0.868 0.004 0.003 0.002 0.005 0.003 0.004 0.003 0.006 0.003 0.006 0.005 0.004 0.004 0.003 0.002 0.004 0.002 
113 H195.1_2003    (0)    1 :  0.003 0.904 0.003 0.002 0.003 0.002 0.003 0.003 0.002 0.003 0.003 0.002 0.002 0.003 0.002 0.004 0.002 0.003 0.004 0.002 0.002 0.003 0.003 0.004 0.003 0.003 0.003 0.003 0.003 0.005 0.003 0.003 0.002 0.004 0.002 
114 H195.1_2004    (0)    1 :  0.004 0.008 0.005 0.003 0.004 0.003 0.005 0.009 0.003 0.003 0.007 0.003 0.007 0.005 0.004 0.005 0.003 0.004 0.005 0.003 0.004 0.003 0.004 0.006 0.003 0.839 0.004 0.006 0.002 0.005 0.005 0.013 0.003 0.007 0.003 
115 H195.2_2003    (0)    1 :  0.010 0.731 0.002 0.011 0.008 0.006 0.008 0.003 0.002 0.004 0.009 0.004 0.004 0.006 0.005 0.009 0.003 0.006 0.005 0.008 0.003 0.012 0.049 0.005 0.004 0.008 0.007 0.009 0.023 0.005 0.011 0.008 0.005 0.003 0.002 
116 H195.2_2004    (0)    1 :  0.003 0.159 0.004 0.010 0.006 0.002 0.005 0.005 0.003 0.004 0.006 0.003 0.003 0.006 0.004 0.005 0.003 0.006 0.005 0.004 0.004 0.004 0.012 0.008 0.003 0.675 0.007 0.008 0.002 0.005 0.006 0.004 0.003 0.008 0.004 
117 H195.3_2003    (0)    1 :  0.003 0.678 0.005 0.008 0.007 0.021 0.011 0.004 0.006 0.006 0.013 0.006 0.008 0.015 0.008 0.013 0.006 0.008 0.007 0.020 0.003 0.015 0.017 0.005 0.004 0.004 0.012 0.008 0.044 0.003 0.010 0.008 0.007 0.003 0.003 
118 H195.3_2004    (0)    1 :  0.007 0.220 0.003 0.004 0.007 0.003 0.013 0.009 0.004 0.004 0.006 0.004 0.008 0.005 0.005 0.007 0.003 0.008 0.010 0.002 0.002 0.006 0.003 0.020 0.003 0.572 0.007 0.004 0.003 0.008 0.007 0.009 0.003 0.015 0.004 
119 H195.4_2003    (0)    1 :  0.003 0.809 0.003 0.003 0.004 0.002 0.005 0.006 0.003 0.005 0.005 0.003 0.004 0.004 0.004 0.004 0.002 0.005 0.004 0.002 0.003 0.004 0.003 0.020 0.004 0.039 0.005 0.005 0.002 0.012 0.004 0.003 0.003 0.009 0.003 
120 H195.4_2004    (0)    1 :  0.004 0.046 0.003 0.006 0.005 0.003 0.005 0.007 0.003 0.003 0.006 0.005 0.003 0.004 0.004 0.006 0.004 0.008 0.006 0.003 0.002 0.004 0.015 0.006 0.007 0.792 0.006 0.005 0.003 0.003 0.006 0.004 0.002 0.005 0.004 
121 H195.5_2003    (0)    1 :  0.003 0.857 0.008 0.002 0.005 0.003 0.004 0.003 0.002 0.006 0.005 0.003 0.003 0.005 0.005 0.005 0.006 0.003 0.006 0.002 0.006 0.003 0.002 0.004 0.004 0.004 0.004 0.004 0.003 0.005 0.005 0.009 0.002 0.006 0.002 
122 H195.5_2004    (0)    1 :  0.004 0.034 0.003 0.002 0.005 0.003 0.004 0.007 0.003 0.004 0.004 0.003 0.004 0.005 0.006 0.005 0.008 0.004 0.004 0.003 0.005 0.003 0.003 0.005 0.005 0.825 0.007 0.005 0.003 0.003 0.007 0.005 0.005 0.004 0.003 
123 H195.6_2003    (0)    1 :  0.009 0.704 0.004 0.005 0.007 0.010 0.012 0.004 0.003 0.012 0.007 0.004 0.005 0.007 0.005 0.008 0.002 0.003 0.004 0.011 0.003 0.017 0.019 0.007 0.006 0.059 0.008 0.009 0.014 0.003 0.011 0.007 0.004 0.002 0.003 
124 H195.6_2004    (0)    1 :  0.003 0.162 0.003 0.004 0.004 0.002 0.005 0.006 0.004 0.003 0.005 0.004 0.004 0.004 0.003 0.005 0.004 0.006 0.005 0.003 0.002 0.006 0.004 0.004 0.005 0.698 0.005 0.005 0.002 0.003 0.006 0.007 0.006 0.005 0.004 
125 H195.7_2003    (0)    1 :  0.002 0.787 0.003 0.005 0.007 0.002 0.006 0.003 0.005 0.006 0.008 0.004 0.006 0.007 0.004 0.007 0.003 0.005 0.006 0.002 0.003 0.006 0.045 0.005 0.003 0.018 0.007 0.007 0.003 0.004 0.007 0.005 0.004 0.004 0.003 
126 H195.7_2004    (0)    1 :  0.003 0.008 0.006 0.005 0.004 0.005 0.004 0.004 0.002 0.002 0.004 0.002 0.003 0.004 0.003 0.005 0.003 0.003 0.003 0.007 0.005 0.003 0.006 0.003 0.003 0.868 0.005 0.003 0.005 0.002 0.005 0.004 0.003 0.002 0.002 
127   H195.8    (0)    1 :  0.004 0.004 0.004 0.003 0.004 0.003 0.004 0.004 0.002 0.003 0.003 0.003 0.003 0.004 0.004 0.004 0.004 0.003 0.003 0.003 0.003 0.002 0.003 0.003 0.003 0.891 0.004 0.004 0.003 0.003 0.003 0.004 0.002 0.003 0.002 
128   H195.9    (0)    1 :  0.004 0.089 0.005 0.007 0.007 0.003 0.007 0.017 0.006 0.004 0.009 0.003 0.005 0.009 0.007 0.008 0.002 0.010 0.008 0.003 0.005 0.007 0.006 0.011 0.007 0.699 0.010 0.008 0.002 0.005 0.008 0.006 0.003 0.009 0.003 
129   H415.1    (0)    1 :  0.004 0.004 0.008 0.002 0.007 0.013 0.007 0.006 0.005 0.004 0.007 0.006 0.004 0.005 0.007 0.009 0.005 0.006 0.006 0.011 0.004 0.003 0.009 0.006 0.002 0.005 0.006 0.008 0.007 0.790 0.008 0.005 0.003 0.010 0.005 
130   H415.2    (0)    1 :  0.068 0.003 0.004 0.006 0.032 0.034 0.020 0.026 0.016 0.016 0.017 0.026 0.004 0.029 0.028 0.016 0.003 0.009 0.015 0.007 0.009 0.008 0.006 0.035 0.003 0.004 0.026 0.027 0.008 0.440 0.023 0.013 0.004 0.003 0.011 
131   H415.3    (0)    1 :  0.004 0.005 0.007 0.006 0.004 0.004 0.006 0.004 0.003 0.006 0.005 0.003 0.005 0.005 0.006 0.004 0.002 0.003 0.006 0.003 0.004 0.003 0.004 0.007 0.003 0.003 0.005 0.005 0.003 0.835 0.005 0.004 0.003 0.011 0.014 
132   H415.4    (0)    1 :  0.004 0.005 0.005 0.003 0.004 0.004 0.004 0.003 0.005 0.003 0.003 0.003 0.003 0.005 0.003 0.004 0.002 0.005 0.006 0.005 0.003 0.003 0.002 0.006 0.003 0.003 0.004 0.005 0.004 0.870 0.004 0.004 0.004 0.004 0.002 
133   H415.5    (0)    1 :  0.005 0.005 0.004 0.003 0.004 0.003 0.004 0.004 0.004 0.002 0.004 0.003 0.005 0.005 0.004 0.004 0.003 0.004 0.005 0.002 0.005 0.002 0.003 0.005 0.002 0.003 0.004 0.004 0.002 0.876 0.004 0.003 0.003 0.004 0.004 
134   H415.6    (0)    1 :  0.003 0.005 0.008 0.002 0.004 0.004 0.006 0.003 0.006 0.003 0.006 0.003 0.003 0.004 0.004 0.004 0.002 0.005 0.003 0.004 0.003 0.003 0.002 0.005 0.002 0.004 0.005 0.004 0.004 0.866 0.005 0.004 0.003 0.005 0.002 
135   H415.7    (0)    1 :  0.035 0.005 0.004 0.007 0.016 0.009 0.019 0.016 0.004 0.010 0.017 0.013 0.005 0.013 0.014 0.014 0.003 0.010 0.009 0.003 0.004 0.011 0.011 0.036 0.005 0.007 0.024 0.017 0.006 0.601 0.014 0.008 0.004 0.010 0.016 
136   H506.1    (0)    1 :  0.002 0.003 0.003 0.004 0.003 0.002 0.003 0.003 0.003 0.003 0.003 0.002 0.003 0.003 0.002 0.003 0.003 0.002 0.004 0.002 0.002 0.002 0.002 0.003 0.003 0.002 0.002 0.003 0.002 0.002 0.003 0.002 0.003 0.005 0.907 
137   H506.2    (0)    1 :  0.003 0.004 0.002 0.003 0.004 0.002 0.004 0.009 0.003 0.003 0.003 0.002 0.005 0.004 0.003 0.003 0.002 0.003 0.003 0.002 0.003 0.003 0.002 0.003 0.003 0.008 0.003 0.004 0.002 0.003 0.004 0.004 0.003 0.004 0.886 
138   H506.3    (0)    1 :  0.004 0.006 0.007 0.005 0.008 0.005 0.007 0.017 0.015 0.007 0.009 0.008 0.020 0.011 0.009 0.010 0.002 0.004 0.009 0.003 0.008 0.004 0.012 0.006 0.004 0.005 0.008 0.008 0.004 0.004 0.008 0.005 0.004 0.004 0.753 
139   H506.4    (0)    1 :  0.006 0.004 0.005 0.004 0.005 0.004 0.007 0.012 0.004 0.004 0.005 0.009 0.006 0.005 0.005 0.005 0.002 0.004 0.017 0.003 0.006 0.004 0.005 0.006 0.008 0.003 0.006 0.007 0.005 0.007 0.007 0.004 0.002 0.005 0.811 
140   H506.5    (0)    1 :  0.004 0.008 0.003 0.002 0.004 0.003 0.004 0.006 0.003 0.003 0.005 0.004 0.004 0.004 0.004 0.004 0.002 0.003 0.005 0.002 0.003 0.005 0.002 0.004 0.007 0.004 0.004 0.004 0.003 0.005 0.003 0.005 0.003 0.004 0.865 
141   H506.6    (0)    1 :  0.004 0.013 0.005 0.004 0.012 0.006 0.010 0.085 0.004 0.009 0.017 0.018 0.011 0.008 0.011 0.009 0.002 0.006 0.010 0.003 0.005 0.015 0.011 0.010 0.008 0.015 0.012 0.011 0.005 0.007 0.014 0.010 0.003 0.003 0.626 
142   H506.7    (0)    1 :  0.002 0.006 0.003 0.003 0.003 0.002 0.003 0.005 0.004 0.003 0.004 0.003 0.006 0.003 0.003 0.003 0.002 0.002 0.005 0.002 0.003 0.003 0.002 0.003 0.003 0.005 0.003 0.003 0.002 0.003 0.004 0.003 0.004 0.004 0.888 
143   H533.1    (0)    1 :  0.002 0.002 0.004 0.002 0.003 0.002 0.003 0.004 0.006 0.002 0.005 0.003 0.010 0.004 0.005 0.004 0.003 0.002 0.007 0.003 0.007 0.002 0.002 0.005 0.004 0.003 0.004 0.004 0.002 0.003 0.004 0.002 0.009 0.006 0.869 
144   H533.2    (0)    1 :  0.002 0.002 0.004 0.002 0.004 0.002 0.005 0.004 0.006 0.003 0.003 0.004 0.015 0.004 0.005 0.003 0.003 0.003 0.007 0.003 0.006 0.002 0.002 0.004 0.004 0.003 0.003 0.004 0.002 0.004 0.004 0.002 0.010 0.007 0.860 
145   H533.3    (0)    1 :  0.002 0.002 0.002 0.004 0.003 0.004 0.005 0.003 0.004 0.003 0.004 0.008 0.004 0.004 0.005 0.004 0.002 0.004 0.004 0.003 0.003 0.007 0.002 0.003 0.003 0.003 0.004 0.005 0.002 0.002 0.004 0.002 0.003 0.007 0.872 
146   H533.4    (0)    1 :  0.003 0.010 0.006 0.004 0.006 0.005 0.006 0.006 0.002 0.003 0.008 0.007 0.007 0.008 0.005 0.009 0.004 0.011 0.008 0.004 0.003 0.021 0.004 0.006 0.008 0.016 0.007 0.008 0.003 0.007 0.009 0.004 0.005 0.013 0.764 
147   H535.1    (0)    1 :  0.004 0.003 0.003 0.002 0.003 0.003 0.003 0.004 0.004 0.003 0.004 0.003 0.004 0.005 0.004 0.003 0.003 0.004 0.003 0.003 0.002 0.004 0.002 0.003 0.890 0.002 0.003 0.004 0.003 0.003 0.003 0.003 0.003 0.003 0.003 
148   H535.2    (0)    1 :  0.002 0.003 0.003 0.003 0.004 0.002 0.003 0.004 0.004 0.004 0.003 0.003 0.006 0.004 0.003 0.003 0.002 0.003 0.003 0.002 0.003 0.003 0.003 0.003 0.892 0.004 0.003 0.003 0.002 0.003 0.003 0.004 0.004 0.003 0.004 
149   H535.3    (0)    1 :  0.002 0.003 0.002 0.004 0.003 0.002 0.003 0.003 0.003 0.003 0.003 0.003 0.005 0.003 0.003 0.003 0.003 0.003 0.002 0.002 0.004 0.003 0.002 0.003 0.901 0.005 0.002 0.003 0.002 0.002 0.003 0.003 0.003 0.002 0.003 
150   H535.4    (0)    1 :  0.002 0.004 0.003 0.003 0.003 0.003 0.002 0.003 0.003 0.003 0.003 0.003 0.002 0.002 0.003 0.003 0.002 0.003 0.003 0.002 0.002 0.003 0.002 0.003 0.907 0.003 0.002 0.003 0.002 0.003 0.002 0.003 0.003 0.004 0.003 
151   H535.5    (0)    1 :  0.002 0.003 0.002 0.003 0.003 0.002 0.003 0.003 0.003 0.002 0.003 0.003 0.003 0.003 0.003 0.002 0.002 0.003 0.003 0.002 0.002 0.004 0.002 0.003 0.907 0.002 0.003 0.003 0.003 0.003 0.003 0.003 0.002 0.004 0.003 
152   H535.6    (0)    1 :  0.007 0.006 0.003 0.004 0.004 0.006 0.004 0.006 0.004 0.002 0.005 0.003 0.004 0.005 0.004 0.004 0.004 0.003 0.005 0.005 0.003 0.008 0.002 0.003 0.858 0.003 0.004 0.004 0.008 0.003 0.005 0.003 0.003 0.002 0.003 
153   H535.7    (0)    1 :  0.002 0.003 0.002 0.002 0.002 0.002 0.002 0.003 0.003 0.002 0.002 0.003 0.002 0.002 0.002 0.002 0.002 0.002 0.003 0.002 0.002 0.003 0.002 0.003 0.923 0.002 0.002 0.002 0.002 0.002 0.002 0.002 0.002 0.003 0.003 
154   H535.8    (0)    1 :  0.002 0.006 0.003 0.004 0.003 0.002 0.003 0.002 0.004 0.002 0.004 0.002 0.003 0.003 0.002 0.003 0.002 0.004 0.003 0.002 0.002 0.004 0.003 0.004 0.897 0.002 0.003 0.003 0.003 0.003 0.004 0.004 0.003 0.002 0.002 
155   H535.9    (0)    1 :  0.003 0.003 0.003 0.003 0.003 0.003 0.002 0.005 0.002 0.002 0.003 0.003 0.003 0.003 0.003 0.003 0.003 0.003 0.003 0.002 0.004 0.004 0.002 0.002 0.898 0.003 0.003 0.004 0.003 0.003 0.003 0.003 0.002 0.003 0.004 
156   H539.1    (0)    1 :  0.008 0.002 0.007 0.005 0.004 0.017 0.005 0.004 0.002 0.003 0.004 0.004 0.003 0.005 0.005 0.004 0.003 0.003 0.004 0.360 0.005 0.004 0.003 0.002 0.003 0.003 0.005 0.005 0.498 0.005 0.004 0.004 0.003 0.003 0.002 
157   H539.2    (0)    1 :  0.005 0.004 0.071 0.007 0.026 0.077 0.024 0.031 0.003 0.005 0.020 0.077 0.007 0.037 0.209 0.023 0.029 0.012 0.012 0.046 0.056 0.029 0.016 0.013 0.007 0.006 0.024 0.025 0.026 0.003 0.032 0.028 0.002 0.004 0.004 
158   H539.3    (9)    1 :  0.006 0.015 0.008 0.004 0.009 0.021 0.011 0.009 0.004 0.004 0.012 0.024 0.003 0.010 0.019 0.008 0.016 0.033 0.010 0.393 0.008 0.010 0.010 0.008 0.011 0.004 0.008 0.010 0.281 0.005 0.010 0.007 0.003 0.004 0.003 
159   H539.4    (0)    1 :  0.006 0.003 0.043 0.005 0.017 0.033 0.017 0.006 0.008 0.004 0.018 0.040 0.004 0.017 0.044 0.017 0.004 0.003 0.013 0.116 0.034 0.003 0.010 0.012 0.003 0.005 0.014 0.017 0.441 0.007 0.017 0.009 0.004 0.003 0.003 
160   H539.5    (0)    1 :  0.004 0.002 0.007 0.007 0.004 0.129 0.004 0.012 0.003 0.002 0.004 0.006 0.003 0.004 0.008 0.004 0.005 0.005 0.003 0.610 0.003 0.012 0.004 0.003 0.005 0.003 0.005 0.004 0.117 0.002 0.005 0.004 0.002 0.003 0.002 
161   H539.6    (0)    1 :  0.003 0.003 0.004 0.006 0.004 0.034 0.003 0.006 0.002 0.002 0.003 0.006 0.003 0.004 0.004 0.004 0.003 0.007 0.003 0.836 0.003 0.011 0.003 0.003 0.005 0.002 0.004 0.003 0.008 0.003 0.003 0.002 0.002 0.003 0.002 
162   H539.7    (0)    1 :  0.006 0.003 0.024 0.002 0.007 0.035 0.008 0.005 0.003 0.004 0.008 0.007 0.005 0.010 0.025 0.007 0.008 0.006 0.009 0.132 0.007 0.006 0.009 0.007 0.003 0.003 0.008 0.006 0.612 0.006 0.008 0.003 0.002 0.003 0.003 
163   H539.8    (0)    1 :  0.006 0.013 0.027 0.004 0.019 0.019 0.015 0.005 0.006 0.005 0.020 0.016 0.004 0.017 0.082 0.014 0.023 0.011 0.009 0.054 0.026 0.008 0.013 0.007 0.016 0.003 0.014 0.011 0.493 0.005 0.014 0.009 0.004 0.004 0.005 
164   H539.9    (0)    1 :  0.003 0.003 0.007 0.003 0.007 0.082 0.009 0.007 0.005 0.005 0.008 0.016 0.004 0.007 0.026 0.005 0.003 0.003 0.006 0.310 0.007 0.005 0.011 0.004 0.002 0.004 0.008 0.006 0.403 0.003 0.006 0.011 0.005 0.002 0.003 
165   H540.1    (0)    1 :  0.004 0.004 0.004 0.004 0.005 0.833 0.005 0.004 0.003 0.003 0.005 0.006 0.005 0.005 0.004 0.005 0.002 0.003 0.003 0.014 0.003 0.019 0.003 0.003 0.004 0.004 0.004 0.004 0.019 0.003 0.004 0.003 0.003 0.002 0.002 
166   H540.2    (0)    1 :  0.003 0.002 0.003 0.003 0.004 0.883 0.003 0.003 0.003 0.003 0.003 0.003 0.003 0.003 0.003 0.003 0.004 0.004 0.003 0.014 0.002 0.004 0.002 0.002 0.002 0.003 0.003 0.003 0.007 0.003 0.004 0.003 0.003 0.002 0.002 
167   H540.3    (0)    1 :  0.005 0.003 0.011 0.005 0.022 0.084 0.024 0.011 0.008 0.004 0.014 0.014 0.006 0.022 0.047 0.023 0.011 0.016 0.011 0.005 0.006 0.005 0.008 0.024 0.005 0.009 0.028 0.015 0.482 0.012 0.023 0.016 0.006 0.010 0.003 
168   H540.4    (0)    1 :  0.005 0.003 0.036 0.003 0.007 0.729 0.007 0.005 0.003 0.005 0.010 0.006 0.007 0.008 0.034 0.007 0.007 0.005 0.005 0.008 0.016 0.006 0.009 0.007 0.004 0.003 0.007 0.009 0.015 0.006 0.007 0.004 0.002 0.003 0.003 
169   H540.5    (0)    1 :  0.004 0.002 0.003 0.003 0.006 0.828 0.005 0.004 0.003 0.003 0.005 0.006 0.005 0.004 0.005 0.005 0.004 0.006 0.003 0.009 0.003 0.004 0.008 0.003 0.002 0.003 0.005 0.005 0.031 0.004 0.005 0.006 0.003 0.003 0.002 
170   H540.6    (0)    1 :  0.004 0.003 0.005 0.004 0.006 0.829 0.007 0.004 0.004 0.005 0.005 0.009 0.007 0.004 0.005 0.005 0.006 0.005 0.003 0.006 0.002 0.010 0.004 0.004 0.003 0.005 0.006 0.007 0.011 0.003 0.005 0.005 0.004 0.004 0.003 
171   H540.7    (0)    1 :  0.004 0.004 0.006 0.006 0.005 0.835 0.005 0.005 0.003 0.007 0.005 0.003 0.004 0.005 0.012 0.005 0.005 0.005 0.004 0.008 0.006 0.004 0.004 0.004 0.003 0.002 0.005 0.006 0.005 0.005 0.004 0.005 0.002 0.006 0.004 
172   H540.8    (0)    1 :  0.012 0.004 0.008 0.003 0.009 0.703 0.013 0.007 0.004 0.003 0.008 0.024 0.005 0.008 0.018 0.008 0.004 0.027 0.008 0.006 0.006 0.007 0.005 0.006 0.005 0.003 0.010 0.009 0.031 0.015 0.007 0.002 0.002 0.005 0.003 
173  H9558.1    (0)    1 :  0.006 0.004 0.002 0.003 0.003 0.005 0.003 0.002 0.002 0.002 0.003 0.003 0.004 0.003 0.004 0.003 0.003 0.003 0.003 0.007 0.002 0.004 0.002 0.003 0.003 0.002 0.003 0.003 0.892 0.003 0.004 0.002 0.003 0.002 0.003 
174  H9558.2    (0)    1 :  0.004 0.007 0.002 0.010 0.004 0.005 0.005 0.002 0.003 0.005 0.005 0.002 0.009 0.007 0.003 0.006 0.005 0.006 0.005 0.005 0.002 0.005 0.003 0.006 0.004 0.002 0.005 0.005 0.839 0.005 0.005 0.004 0.005 0.003 0.005 
175  H9558.3    (0)    1 :  0.003 0.003 0.006 0.010 0.005 0.015 0.005 0.003 0.005 0.007 0.006 0.003 0.007 0.005 0.007 0.005 0.010 0.006 0.003 0.028 0.003 0.006 0.004 0.003 0.003 0.002 0.005 0.005 0.789 0.004 0.008 0.005 0.016 0.002 0.003 
176  H9558.4    (0)    1 :  0.003 0.002 0.003 0.004 0.004 0.016 0.003 0.006 0.002 0.002 0.003 0.008 0.003 0.004 0.005 0.005 0.003 0.009 0.004 0.005 0.003 0.006 0.004 0.002 0.007 0.001 0.004 0.004 0.857 0.003 0.004 0.003 0.003 0.004 0.002 
177  H9558.5    (0)    1 :  0.002 0.002 0.013 0.003 0.006 0.026 0.007 0.004 0.004 0.005 0.006 0.007 0.004 0.007 0.042 0.006 0.009 0.003 0.004 0.005 0.009 0.004 0.013 0.005 0.004 0.002 0.007 0.005 0.761 0.003 0.005 0.006 0.004 0.003 0.003 
178  H9558.6    (0)    1 :  0.004 0.004 0.005 0.005 0.009 0.013 0.007 0.003 0.004 0.004 0.008 0.005 0.003 0.009 0.005 0.011 0.003 0.009 0.004 0.012 0.003 0.003 0.002 0.005 0.003 0.002 0.012 0.008 0.802 0.005 0.009 0.004 0.009 0.003 0.002 
179 kos339.1    (0)    1 :  0.010 0.002 0.004 0.025 0.009 0.010 0.008 0.008 0.005 0.018 0.011 0.007 0.007 0.009 0.012 0.007 0.003 0.003 0.020 0.004 0.004 0.008 0.003 0.010 0.005 0.003 0.006 0.010 0.003 0.011 0.009 0.004 0.006 0.709 0.029 
180 kos339.2    (0)    1 :  0.004 0.004 0.005 0.006 0.006 0.004 0.006 0.003 0.004 0.006 0.005 0.003 0.004 0.005 0.004 0.006 0.003 0.004 0.004 0.004 0.003 0.003 0.004 0.007 0.004 0.007 0.005 0.005 0.002 0.008 0.006 0.005 0.005 0.836 0.008 
181 kos339.3    (0)    1 :  0.003 0.004 0.004 0.003 0.003 0.003 0.004 0.003 0.003 0.002 0.004 0.003 0.003 0.003 0.004 0.003 0.003 0.004 0.008 0.003 0.003 0.006 0.003 0.006 0.005 0.003 0.004 0.004 0.003 0.004 0.004 0.002 0.002 0.877 0.004 
182 kos339.4    (9)    1 :  0.004 0.006 0.006 0.003 0.004 0.003 0.004 0.003 0.003 0.002 0.004 0.003 0.004 0.004 0.005 0.003 0.003 0.004 0.011 0.002 0.003 0.005 0.003 0.007 0.004 0.003 0.004 0.005 0.003 0.006 0.005 0.003 0.003 0.862 0.004 
183 kos339.5    (0)    1 :  0.006 0.002 0.003 0.043 0.006 0.007 0.004 0.008 0.005 0.007 0.005 0.003 0.009 0.004 0.004 0.004 0.003 0.002 0.007 0.004 0.004 0.004 0.003 0.007 0.002 0.002 0.006 0.005 0.003 0.006 0.004 0.003 0.005 0.796 0.017 
184 kos339.6    (0)    1 :  0.003 0.002 0.003 0.012 0.003 0.004 0.003 0.005 0.003 0.004 0.003 0.003 0.004 0.004 0.003 0.004 0.002 0.005 0.004 0.002 0.002 0.003 0.003 0.007 0.003 0.004 0.004 0.004 0.002 0.005 0.003 0.003 0.003 0.871 0.006 
185 kos339.7    (0)    1 :  0.003 0.004 0.005 0.002 0.004 0.003 0.003 0.003 0.003 0.002 0.004 0.003 0.004 0.003 0.004 0.004 0.003 0.003 0.008 0.003 0.003 0.004 0.002 0.011 0.008 0.003 0.004 0.005 0.002 0.007 0.004 0.003 0.002 0.867 0.005 
186 kos339.8    (0)    1 :  0.004 0.004 0.005 0.004 0.004 0.002 0.005 0.005 0.003 0.005 0.005 0.004 0.003 0.004 0.004 0.004 0.003 0.003 0.008 0.003 0.003 0.003 0.005 0.010 0.003 0.004 0.004 0.004 0.002 0.010 0.004 0.005 0.002 0.840 0.020 
187 kos339.9    (0)    1 :  0.028 0.007 0.011 0.016 0.013 0.031 0.011 0.018 0.008 0.005 0.014 0.007 0.013 0.013 0.008 0.012 0.002 0.006 0.009 0.014 0.005 0.009 0.003 0.033 0.004 0.009 0.011 0.010 0.005 0.009 0.013 0.009 0.005 0.620 0.008 
188   H409.1    (0)   12 :  0.003 0.003 0.002 0.005 0.004 0.003 0.003 0.003 0.885 0.004 0.004 0.002 0.006 0.004 0.004 0.003 0.003 0.003 0.003 0.002 0.003 0.002 0.003 0.005 0.003 0.003 0.004 0.003 0.002 0.005 0.004 0.003 0.003 0.005 0.005 
189  H409.10    (0)   12 :  0.004 0.006 0.007 0.003 0.007 0.008 0.008 0.004 0.761 0.007 0.009 0.004 0.011 0.005 0.016 0.005 0.006 0.002 0.015 0.012 0.006 0.005 0.011 0.003 0.003 0.003 0.006 0.006 0.003 0.010 0.008 0.007 0.003 0.004 0.022 
190   H409.2    (0)   12 :  0.005 0.003 0.003 0.002 0.004 0.004 0.004 0.004 0.851 0.003 0.004 0.004 0.004 0.004 0.004 0.005 0.002 0.004 0.005 0.002 0.003 0.002 0.004 0.005 0.007 0.004 0.004 0.005 0.003 0.015 0.004 0.009 0.003 0.006 0.004 
191   H409.3    (0)   12 :  0.003 0.003 0.002 0.004 0.004 0.003 0.004 0.004 0.876 0.003 0.003 0.004 0.003 0.004 0.005 0.004 0.003 0.005 0.003 0.004 0.003 0.003 0.003 0.004 0.004 0.003 0.004 0.004 0.004 0.003 0.005 0.004 0.004 0.004 0.005 
192   H409.4    (0)   12 :  0.002 0.003 0.003 0.003 0.003 0.003 0.003 0.003 0.891 0.002 0.004 0.003 0.004 0.004 0.004 0.004 0.002 0.004 0.002 0.003 0.002 0.003 0.004 0.003 0.003 0.003 0.003 0.004 0.003 0.003 0.003 0.005 0.005 0.003 0.003 
193   H409.5    (0)   12 :  0.004 0.004 0.003 0.003 0.003 0.004 0.004 0.003 0.869 0.003 0.005 0.005 0.003 0.005 0.004 0.004 0.003 0.003 0.004 0.004 0.004 0.006 0.003 0.004 0.005 0.003 0.004 0.004 0.003 0.004 0.005 0.004 0.004 0.002 0.004 
194   H409.6    (0)   12 :  0.004 0.002 0.004 0.012 0.010 0.003 0.011 0.006 0.708 0.009 0.011 0.021 0.007 0.008 0.014 0.010 0.009 0.006 0.005 0.007 0.004 0.006 0.005 0.007 0.007 0.005 0.009 0.013 0.004 0.004 0.011 0.006 0.039 0.004 0.008 
195   H409.7    (0)   12 :  0.003 0.006 0.003 0.007 0.006 0.002 0.004 0.004 0.849 0.005 0.004 0.003 0.006 0.003 0.005 0.004 0.004 0.007 0.004 0.002 0.002 0.003 0.005 0.006 0.003 0.003 0.005 0.006 0.003 0.004 0.006 0.006 0.006 0.007 0.004 
196   H409.8    (0)   12 :  0.004 0.004 0.002 0.006 0.005 0.004 0.005 0.003 0.865 0.006 0.004 0.004 0.005 0.005 0.006 0.003 0.004 0.003 0.004 0.003 0.004 0.004 0.002 0.003 0.003 0.003 0.004 0.004 0.003 0.003 0.004 0.003 0.004 0.003 0.006 
197   H409.9    (0)   12 :  0.004 0.004 0.010 0.003 0.026 0.065 0.024 0.019 0.336 0.027 0.041 0.010 0.012 0.022 0.015 0.016 0.016 0.003 0.006 0.038 0.005 0.010 0.004 0.009 0.011 0.004 0.023 0.031 0.071 0.007 0.019 0.007 0.004 0.003 0.097 
198   H413.1    (0)   12 :  0.002 0.003 0.004 0.004 0.003 0.003 0.004 0.002 0.003 0.005 0.003 0.003 0.008 0.003 0.003 0.004 0.882 0.003 0.004 0.003 0.005 0.003 0.004 0.003 0.003 0.002 0.004 0.003 0.003 0.002 0.003 0.003 0.007 0.004 0.002 
199   H413.2    (0)   12 :  0.003 0.004 0.003 0.003 0.003 0.002 0.003 0.003 0.002 0.002 0.003 0.002 0.004 0.003 0.004 0.003 0.900 0.002 0.004 0.003 0.003 0.002 0.003 0.003 0.003 0.002 0.003 0.003 0.003 0.002 0.003 0.002 0.004 0.005 0.002 
200   H413.3    (0)   12 :  0.003 0.003 0.003 0.002 0.003 0.004 0.003 0.002 0.003 0.006 0.003 0.003 0.005 0.003 0.004 0.003 0.893 0.005 0.003 0.003 0.002 0.004 0.005 0.002 0.002 0.002 0.003 0.003 0.004 0.002 0.003 0.003 0.003 0.002 0.003 
201   H413.4    (0)   12 :  0.004 0.005 0.005 0.009 0.004 0.002 0.004 0.004 0.005 0.008 0.005 0.002 0.004 0.005 0.005 0.004 0.852 0.004 0.003 0.002 0.005 0.002 0.002 0.005 0.002 0.003 0.004 0.004 0.004 0.003 0.005 0.007 0.004 0.006 0.005 
202   H413.5    (0)   12 :  0.008 0.002 0.009 0.005 0.003 0.005 0.005 0.002 0.002 0.003 0.005 0.003 0.003 0.005 0.005 0.004 0.853 0.003 0.003 0.016 0.007 0.004 0.004 0.003 0.002 0.003 0.004 0.005 0.007 0.003 0.004 0.003 0.003 0.002 0.004 
203   H413.6    (0)   12 :  0.002 0.009 0.007 0.023 0.006 0.006 0.006 0.005 0.004 0.006 0.005 0.002 0.004 0.005 0.006 0.006 0.794 0.006 0.004 0.008 0.006 0.002 0.012 0.005 0.002 0.003 0.006 0.005 0.014 0.002 0.006 0.007 0.006 0.005 0.003 
204   H413.7    (0)   12 :  0.002 0.004 0.002 0.003 0.003 0.004 0.003 0.002 0.002 0.003 0.003 0.002 0.003 0.003 0.003 0.003 0.907 0.003 0.002 0.002 0.003 0.003 0.003 0.003 0.002 0.002 0.003 0.004 0.003 0.002 0.004 0.003 0.003 0.003 0.003 
205   H563.1    (0)   12 :  0.002 0.002 0.004 0.004 0.004 0.010 0.005 0.005 0.005 0.850 0.005 0.004 0.003 0.005 0.005 0.005 0.011 0.003 0.006 0.006 0.003 0.003 0.004 0.003 0.002 0.003 0.004 0.006 0.006 0.003 0.005 0.006 0.004 0.003 0.003 
206   H563.2    (0)   12 :  0.006 0.003 0.011 0.006 0.007 0.010 0.010 0.005 0.018 0.739 0.008 0.004 0.004 0.009 0.013 0.008 0.009 0.024 0.007 0.005 0.003 0.004 0.005 0.009 0.004 0.004 0.010 0.007 0.005 0.009 0.010 0.007 0.005 0.009 0.005 
207   H563.3    (0)   12 :  0.003 0.003 0.003 0.008 0.003 0.009 0.004 0.003 0.003 0.857 0.003 0.004 0.004 0.007 0.006 0.004 0.004 0.003 0.004 0.007 0.003 0.007 0.003 0.003 0.002 0.004 0.004 0.004 0.007 0.003 0.005 0.005 0.003 0.002 0.003 
208   H563.4    (0)   12 :  0.004 0.002 0.007 0.005 0.008 0.006 0.006 0.003 0.009 0.794 0.007 0.009 0.005 0.007 0.010 0.006 0.014 0.007 0.005 0.004 0.003 0.005 0.006 0.005 0.003 0.004 0.007 0.006 0.005 0.004 0.007 0.007 0.013 0.006 0.004 
209   H563.5    (0)   12 :  0.002 0.002 0.003 0.005 0.004 0.007 0.004 0.006 0.003 0.869 0.005 0.004 0.003 0.004 0.004 0.004 0.004 0.003 0.004 0.005 0.003 0.004 0.005 0.003 0.002 0.003 0.004 0.003 0.006 0.002 0.004 0.009 0.003 0.003 0.002 
210   H563.6    (0)   12 :  0.005 0.003 0.005 0.009 0.007 0.006 0.007 0.003 0.005 0.798 0.008 0.004 0.005 0.007 0.007 0.006 0.010 0.008 0.007 0.004 0.003 0.005 0.003 0.008 0.003 0.003 0.005 0.007 0.004 0.004 0.008 0.010 0.005 0.012 0.004 
211   H563.7    (0)   12 :  0.003 0.004 0.007 0.008 0.005 0.004 0.006 0.003 0.008 0.822 0.006 0.002 0.005 0.007 0.005 0.005 0.010 0.006 0.006 0.003 0.003 0.003 0.003 0.010 0.002 0.003 0.006 0.005 0.003 0.005 0.004 0.010 0.006 0.011 0.003 
212   H563.8    (0)   12 :  0.003 0.003 0.004 0.010 0.006 0.014 0.006 0.009 0.004 0.803 0.005 0.007 0.003 0.005 0.010 0.005 0.006 0.004 0.007 0.006 0.004 0.004 0.005 0.005 0.002 0.003 0.006 0.007 0.012 0.003 0.006 0.012 0.005 0.003 0.003 
213   H563.9    (0)   12 :  0.005 0.004 0.005 0.007 0.009 0.004 0.008 0.003 0.012 0.758 0.021 0.004 0.009 0.009 0.009 0.009 0.009 0.012 0.007 0.008 0.002 0.005 0.006 0.009 0.002 0.005 0.008 0.009 0.003 0.007 0.009 0.005 0.005 0.008 0.005 
214  H7374.1    (0)   12 :  0.003 0.011 0.005 0.003 0.007 0.004 0.005 0.004 0.007 0.005 0.006 0.005 0.004 0.005 0.004 0.007 0.004 0.011 0.008 0.004 0.003 0.006 0.003 0.005 0.004 0.005 0.006 0.007 0.004 0.008 0.006 0.816 0.010 0.003 0.002 
215  H7374.2    (0)   12 :  0.003 0.005 0.003 0.003 0.006 0.009 0.007 0.005 0.006 0.008 0.006 0.004 0.004 0.007 0.006 0.007 0.007 0.007 0.004 0.006 0.004 0.006 0.006 0.003 0.003 0.004 0.008 0.007 0.007 0.006 0.006 0.817 0.005 0.002 0.004 
216  H7374.3    (0)   12 :  0.005 0.066 0.005 0.005 0.010 0.008 0.012 0.006 0.007 0.007 0.009 0.005 0.005 0.009 0.008 0.010 0.005 0.021 0.007 0.004 0.003 0.008 0.004 0.008 0.004 0.008 0.009 0.009 0.006 0.010 0.011 0.692 0.007 0.003 0.005 
217  H7374.4    (0)   12 :  0.003 0.003 0.005 0.003 0.005 0.004 0.005 0.004 0.004 0.004 0.004 0.003 0.005 0.005 0.004 0.004 0.005 0.004 0.004 0.004 0.003 0.003 0.005 0.005 0.006 0.003 0.005 0.005 0.005 0.005 0.004 0.857 0.003 0.006 0.003 
218  H7374.5    (0)   12 :  0.005 0.003 0.004 0.004 0.004 0.006 0.004 0.004 0.003 0.004 0.004 0.003 0.005 0.004 0.003 0.003 0.004 0.003 0.004 0.006 0.003 0.006 0.003 0.003 0.002 0.002 0.004 0.004 0.006 0.003 0.006 0.866 0.005 0.004 0.003 
219  H7374.6    (0)   12 :  0.006 0.014 0.006 0.005 0.009 0.007 0.011 0.007 0.006 0.008 0.007 0.004 0.008 0.010 0.006 0.008 0.004 0.015 0.010 0.005 0.003 0.003 0.004 0.008 0.007 0.008 0.009 0.007 0.009 0.015 0.009 0.746 0.005 0.006 0.004 
220  H7374.7    (0)   12 :  0.003 0.003 0.002 0.006 0.003 0.002 0.003 0.004 0.004 0.003 0.003 0.003 0.004 0.004 0.003 0.003 0.005 0.003 0.004 0.002 0.002 0.002 0.003 0.004 0.004 0.004 0.004 0.004 0.003 0.003 0.004 0.887 0.004 0.005 0.003 
221  H7374.8    (0)   12 :  0.003 0.010 0.003 0.004 0.004 0.002 0.006 0.003 0.005 0.006 0.005 0.003 0.004 0.006 0.003 0.004 0.003 0.006 0.005 0.002 0.004 0.004 0.003 0.004 0.003 0.004 0.004 0.004 0.003 0.006 0.005 0.854 0.007 0.005 0.004 
222  H7374.9    (0)   12 :  0.005 0.003 0.004 0.005 0.004 0.007 0.004 0.007 0.003 0.004 0.004 0.003 0.005 0.004 0.003 0.003 0.004 0.003 0.003 0.006 0.002 0.004 0.004 0.004 0.002 0.005 0.004 0.004 0.006 0.004 0.004 0.859 0.004 0.003 0.003 
223  H9563.1    (0)   12 :  0.003 0.005 0.003 0.005 0.004 0.004 0.007 0.003 0.003 0.846 0.006 0.008 0.004 0.006 0.006 0.005 0.004 0.006 0.005 0.004 0.004 0.004 0.003 0.006 0.003 0.003 0.006 0.006 0.006 0.004 0.005 0.003 0.003 0.004 0.005 
224  H9563.2    (0)   12 :  0.003 0.003 0.007 0.003 0.005 0.007 0.005 0.004 0.002 0.828 0.005 0.017 0.005 0.006 0.007 0.003 0.006 0.003 0.004 0.004 0.009 0.004 0.003 0.005 0.004 0.004 0.008 0.006 0.006 0.007 0.005 0.003 0.003 0.003 0.003 
225  H9563.3    (0)   12 :  0.003 0.009 0.006 0.004 0.006 0.002 0.006 0.005 0.006 0.833 0.005 0.004 0.004 0.007 0.003 0.005 0.003 0.005 0.004 0.002 0.004 0.003 0.005 0.006 0.006 0.004 0.006 0.006 0.002 0.005 0.005 0.005 0.009 0.004 0.010 
226  H9563.4    (0)   12 :  0.005 0.008 0.022 0.006 0.020 0.007 0.012 0.021 0.008 0.627 0.013 0.031 0.006 0.015 0.016 0.019 0.004 0.011 0.006 0.005 0.009 0.005 0.005 0.009 0.014 0.006 0.016 0.011 0.005 0.012 0.023 0.007 0.006 0.005 0.007 
227  H9563.5    (0)   12 :  0.005 0.003 0.008 0.002 0.007 0.003 0.012 0.005 0.008 0.761 0.009 0.014 0.007 0.009 0.017 0.011 0.005 0.005 0.008 0.004 0.010 0.005 0.004 0.012 0.004 0.004 0.008 0.009 0.004 0.007 0.011 0.004 0.003 0.005 0.007 
228  H9563.6    (0)   12 :  0.002 0.009 0.008 0.011 0.005 0.003 0.007 0.005 0.004 0.807 0.006 0.009 0.005 0.005 0.006 0.005 0.005 0.003 0.003 0.003 0.006 0.005 0.003 0.005 0.005 0.005 0.006 0.005 0.003 0.004 0.006 0.005 0.020 0.002 0.008 
229  H9563.7    (0)   12 :  0.003 0.006 0.004 0.004 0.004 0.002 0.005 0.004 0.003 0.851 0.004 0.007 0.003 0.005 0.003 0.005 0.003 0.004 0.003 0.002 0.004 0.004 0.004 0.004 0.010 0.003 0.005 0.005 0.003 0.003 0.005 0.006 0.012 0.002 0.005 
230  H9563.8    (0)   12 :  0.005 0.005 0.030 0.003 0.010 0.003 0.011 0.011 0.007 0.607 0.014 0.039 0.009 0.017 0.014 0.014 0.003 0.005 0.008 0.004 0.048 0.003 0.007 0.024 0.005 0.004 0.016 0.011 0.005 0.017 0.014 0.003 0.008 0.007 0.011 
231  H9563.9    (0)   12 :  0.004 0.005 0.014 0.005 0.009 0.005 0.007 0.005 0.003 0.748 0.009 0.016 0.005 0.008 0.009 0.009 0.005 0.004 0.006 0.003 0.018 0.003 0.006 0.010 0.003 0.004 0.012 0.010 0.006 0.011 0.008 0.004 0.011 0.003 0.010 
232  H9572.1    (0)   12 :  0.005 0.006 0.011 0.720 0.009 0.015 0.009 0.004 0.005 0.013 0.010 0.005 0.010 0.008 0.013 0.007 0.008 0.008 0.004 0.039 0.006 0.009 0.004 0.005 0.005 0.004 0.008 0.007 0.009 0.005 0.007 0.008 0.005 0.003 0.007 
233  H9572.2    (0)   12 :  0.014 0.007 0.009 0.647 0.012 0.007 0.017 0.005 0.008 0.026 0.010 0.015 0.005 0.018 0.018 0.016 0.005 0.011 0.005 0.012 0.010 0.007 0.003 0.011 0.003 0.012 0.014 0.013 0.003 0.010 0.012 0.016 0.009 0.005 0.004 
234  H9572.3    (0)   12 :  0.006 0.005 0.004 0.523 0.014 0.043 0.015 0.006 0.022 0.010 0.013 0.009 0.008 0.015 0.010 0.014 0.007 0.005 0.009 0.006 0.003 0.070 0.004 0.006 0.009 0.004 0.014 0.015 0.005 0.018 0.018 0.047 0.019 0.018 0.005 
235  H9572.4    (0)   12 :  0.004 0.003 0.002 0.880 0.004 0.004 0.003 0.006 0.003 0.003 0.003 0.002 0.003 0.003 0.003 0.003 0.003 0.004 0.004 0.003 0.003 0.005 0.002 0.004 0.004 0.002 0.004 0.003 0.005 0.003 0.003 0.006 0.002 0.008 0.003 
236  H9572.5    (0)   12 :  0.003 0.003 0.003 0.842 0.004 0.004 0.004 0.003 0.003 0.003 0.005 0.007 0.003 0.004 0.003 0.005 0.002 0.006 0.003 0.004 0.003 0.018 0.003 0.008 0.004 0.004 0.004 0.005 0.004 0.003 0.004 0.002 0.004 0.016 0.004 


Estimated Allele Frequencies in each cluster
First column gives estimated ancestral frequencies


Locus 1 : 
8 alleles
0.0% missing data
 156   (0.149) 0.014 0.013 0.238 0.627 0.149 0.022 0.144 0.030 0.261 0.211 0.148 0.040 0.257 0.149 0.096 0.149 0.331 0.023 0.042 0.023 0.097 0.016 0.019 0.062 0.697 0.011 0.148 0.149 0.187 0.024 0.149 0.148 0.482 0.325 0.248 
 152   (0.126) 0.011 0.705 0.024 0.022 0.126 0.015 0.120 0.443 0.012 0.009 0.126 0.078 0.187 0.126 0.077 0.125 0.012 0.018 0.200 0.009 0.345 0.364 0.016 0.040 0.253 0.304 0.123 0.125 0.010 0.019 0.125 0.314 0.356 0.013 0.112 
 168   (0.075) 0.319 0.006 0.045 0.014 0.075 0.008 0.081 0.015 0.007 0.005 0.072 0.021 0.348 0.075 0.042 0.075 0.186 0.011 0.190 0.005 0.065 0.192 0.164 0.035 0.005 0.005 0.072 0.075 0.145 0.012 0.075 0.008 0.093 0.004 0.599 
 164   (0.242) 0.143 0.239 0.340 0.046 0.242 0.114 0.261 0.059 0.024 0.106 0.251 0.404 0.128 0.242 0.369 0.242 0.430 0.308 0.423 0.043 0.346 0.120 0.509 0.433 0.018 0.017 0.254 0.242 0.219 0.216 0.242 0.029 0.026 0.335 0.017 
 160   (0.322) 0.505 0.030 0.263 0.279 0.321 0.483 0.313 0.224 0.687 0.663 0.317 0.435 0.065 0.322 0.361 0.322 0.034 0.178 0.119 0.226 0.100 0.299 0.281 0.400 0.022 0.657 0.319 0.322 0.027 0.519 0.321 0.491 0.034 0.318 0.019 
 148   (0.055) 0.005 0.004 0.085 0.009 0.055 0.353 0.052 0.011 0.007 0.004 0.054 0.015 0.010 0.055 0.039 0.055 0.005 0.008 0.015 0.693 0.041 0.006 0.006 0.019 0.003 0.004 0.052 0.055 0.408 0.205 0.054 0.006 0.005 0.003 0.003 
 144   (0.022) 0.002 0.002 0.004 0.003 0.022 0.002 0.020 0.217 0.002 0.002 0.021 0.005 0.004 0.022 0.011 0.022 0.002 0.194 0.007 0.001 0.004 0.002 0.003 0.007 0.002 0.002 0.021 0.022 0.002 0.003 0.022 0.002 0.002 0.001 0.001 
 172   (0.011) 0.001 0.001 0.002 0.002 0.011 0.001 0.010 0.002 0.001 0.001 0.011 0.002 0.002 0.011 0.005 0.011 0.001 0.260 0.004 0.001 0.002 0.001 0.001 0.003 0.001 0.001 0.011 0.011 0.001 0.002 0.011 0.001 0.001 0.001 0.001 

Locus 2 : 
7 alleles
0.0% missing data
 156   (0.308) 0.442 0.028 0.400 0.155 0.308 0.373 0.319 0.239 0.207 0.267 0.305 0.269 0.058 0.308 0.389 0.308 0.196 0.772 0.113 0.482 0.095 0.496 0.039 0.231 0.022 0.495 0.309 0.308 0.533 0.271 0.308 0.469 0.492 0.180 0.018 
 148   (0.049) 0.004 0.004 0.009 0.008 0.049 0.005 0.047 0.009 0.005 0.254 0.047 0.012 0.008 0.049 0.023 0.049 0.253 0.007 0.014 0.003 0.010 0.005 0.241 0.200 0.003 0.004 0.047 0.049 0.004 0.008 0.049 0.005 0.411 0.029 0.003 
 160   (0.160) 0.016 0.013 0.124 0.033 0.160 0.027 0.162 0.242 0.048 0.138 0.163 0.483 0.172 0.160 0.130 0.160 0.017 0.026 0.148 0.462 0.074 0.072 0.210 0.092 0.012 0.282 0.165 0.160 0.082 0.027 0.160 0.018 0.044 0.012 0.121 
 168   (0.133) 0.013 0.038 0.368 0.023 0.133 0.118 0.130 0.025 0.013 0.315 0.130 0.039 0.025 0.133 0.254 0.133 0.501 0.019 0.046 0.021 0.401 0.014 0.017 0.057 0.216 0.127 0.133 0.133 0.149 0.023 0.133 0.471 0.015 0.114 0.008 
 164   (0.205) 0.136 0.906 0.072 0.274 0.205 0.026 0.205 0.049 0.446 0.015 0.214 0.163 0.039 0.205 0.123 0.205 0.020 0.156 0.605 0.023 0.103 0.399 0.476 0.351 0.218 0.082 0.206 0.205 0.017 0.447 0.206 0.023 0.023 0.608 0.261 
 152   (0.123) 0.388 0.010 0.023 0.504 0.123 0.449 0.117 0.431 0.280 0.009 0.120 0.030 0.694 0.123 0.072 0.123 0.012 0.017 0.070 0.008 0.312 0.013 0.015 0.064 0.263 0.009 0.120 0.123 0.010 0.221 0.123 0.013 0.013 0.057 0.588 
 172   (0.021) 0.002 0.001 0.003 0.003 0.021 0.002 0.019 0.003 0.002 0.001 0.020 0.004 0.003 0.021 0.009 0.021 0.002 0.003 0.005 0.001 0.004 0.002 0.002 0.006 0.265 0.002 0.020 0.021 0.205 0.003 0.021 0.002 0.002 0.001 0.001 

Locus 3 : 
5 alleles
0.4% missing data
 193   (0.151) 0.013 0.136 0.028 0.697 0.151 0.018 0.146 0.028 0.246 0.400 0.147 0.039 0.518 0.151 0.086 0.151 0.176 0.267 0.045 0.012 0.030 0.288 0.180 0.120 0.147 0.011 0.146 0.151 0.069 0.022 0.151 0.271 0.477 0.012 0.010 
 189   (0.304) 0.370 0.663 0.459 0.086 0.304 0.043 0.323 0.116 0.320 0.236 0.305 0.280 0.057 0.304 0.299 0.304 0.032 0.046 0.353 0.619 0.578 0.214 0.285 0.155 0.022 0.590 0.304 0.304 0.059 0.379 0.304 0.508 0.243 0.078 0.466 
 181   (0.115) 0.010 0.010 0.088 0.019 0.115 0.014 0.110 0.021 0.390 0.166 0.113 0.032 0.021 0.115 0.153 0.115 0.748 0.016 0.123 0.018 0.094 0.012 0.014 0.216 0.322 0.008 0.111 0.115 0.009 0.017 0.115 0.013 0.233 0.388 0.364 
 185   (0.356) 0.600 0.184 0.412 0.068 0.356 0.684 0.351 0.821 0.036 0.192 0.362 0.498 0.391 0.356 0.419 0.356 0.036 0.468 0.458 0.347 0.284 0.050 0.511 0.479 0.504 0.164 0.366 0.356 0.858 0.570 0.356 0.200 0.040 0.293 0.110 
 197   (0.074) 0.007 0.006 0.013 0.131 0.074 0.240 0.071 0.014 0.007 0.005 0.072 0.151 0.013 0.074 0.044 0.074 0.007 0.203 0.021 0.005 0.014 0.437 0.010 0.030 0.006 0.227 0.073 0.074 0.006 0.011 0.074 0.009 0.007 0.230 0.049 

Locus 4 : 
7 alleles
0.0% missing data
 173   (0.256) 0.318 0.028 0.125 0.131 0.256 0.125 0.252 0.056 0.191 0.114 0.253 0.236 0.443 0.255 0.168 0.256 0.683 0.490 0.198 0.092 0.057 0.028 0.466 0.388 0.018 0.290 0.258 0.256 0.028 0.325 0.255 0.226 0.325 0.473 0.015 
 169   (0.076) 0.008 0.006 0.012 0.624 0.076 0.009 0.074 0.097 0.007 0.718 0.073 0.017 0.014 0.075 0.040 0.075 0.007 0.011 0.078 0.006 0.014 0.008 0.010 0.034 0.005 0.006 0.074 0.076 0.006 0.137 0.075 0.009 0.244 0.129 0.631 
 165   (0.266) 0.373 0.882 0.616 0.049 0.266 0.446 0.274 0.057 0.025 0.019 0.271 0.105 0.259 0.266 0.199 0.265 0.026 0.342 0.359 0.536 0.184 0.636 0.034 0.136 0.309 0.303 0.266 0.266 0.395 0.472 0.265 0.118 0.232 0.122 0.023 
 177   (0.270) 0.024 0.024 0.221 0.051 0.270 0.044 0.269 0.497 0.762 0.044 0.274 0.604 0.260 0.270 0.498 0.271 0.028 0.138 0.322 0.323 0.720 0.106 0.211 0.393 0.660 0.222 0.272 0.270 0.059 0.047 0.271 0.031 0.184 0.267 0.324 
 185   (0.017) 0.266 0.001 0.003 0.003 0.017 0.002 0.015 0.003 0.002 0.001 0.016 0.004 0.003 0.017 0.010 0.017 0.002 0.002 0.005 0.001 0.003 0.002 0.002 0.005 0.001 0.055 0.016 0.017 0.001 0.002 0.017 0.002 0.002 0.001 0.001 
 181   (0.084) 0.008 0.007 0.016 0.136 0.084 0.370 0.086 0.285 0.010 0.102 0.082 0.026 0.016 0.084 0.068 0.084 0.251 0.012 0.028 0.039 0.017 0.218 0.010 0.036 0.005 0.007 0.083 0.084 0.508 0.012 0.085 0.611 0.009 0.005 0.005 
 193   (0.032) 0.003 0.052 0.006 0.005 0.032 0.004 0.029 0.006 0.003 0.002 0.030 0.007 0.006 0.032 0.017 0.032 0.003 0.004 0.010 0.002 0.006 0.003 0.267 0.010 0.002 0.118 0.031 0.032 0.002 0.004 0.032 0.004 0.004 0.002 0.002 

Locus 5 : 
12 alleles
0.0% missing data
 215   (0.072) 0.025 0.006 0.016 0.065 0.072 0.008 0.074 0.015 0.007 0.005 0.069 0.401 0.048 0.072 0.042 0.072 0.007 0.164 0.023 0.005 0.014 0.333 0.010 0.203 0.005 0.005 0.072 0.072 0.005 0.011 0.072 0.008 0.157 0.026 0.004 
 207   (0.190) 0.019 0.560 0.035 0.730 0.190 0.023 0.182 0.465 0.563 0.239 0.188 0.049 0.107 0.190 0.113 0.190 0.098 0.407 0.101 0.015 0.040 0.019 0.104 0.183 0.014 0.401 0.190 0.190 0.015 0.031 0.190 0.361 0.356 0.249 0.189 
 195   (0.093) 0.008 0.008 0.207 0.016 0.093 0.012 0.095 0.021 0.009 0.007 0.101 0.030 0.360 0.093 0.085 0.094 0.126 0.015 0.312 0.170 0.225 0.009 0.012 0.045 0.006 0.007 0.096 0.093 0.008 0.017 0.093 0.011 0.421 0.133 0.056 
 203   (0.221) 0.021 0.019 0.526 0.116 0.221 0.694 0.218 0.130 0.077 0.240 0.217 0.071 0.403 0.221 0.495 0.220 0.727 0.032 0.235 0.691 0.248 0.506 0.816 0.091 0.015 0.016 0.219 0.221 0.145 0.125 0.221 0.209 0.023 0.253 0.664 
 199   (0.253) 0.284 0.321 0.132 0.044 0.253 0.245 0.271 0.339 0.061 0.170 0.258 0.414 0.052 0.253 0.173 0.254 0.026 0.260 0.285 0.077 0.063 0.117 0.037 0.217 0.492 0.070 0.260 0.253 0.790 0.549 0.254 0.394 0.027 0.298 0.077 
 211   (0.039) 0.004 0.076 0.007 0.007 0.039 0.004 0.038 0.008 0.004 0.330 0.038 0.010 0.007 0.039 0.021 0.039 0.004 0.005 0.010 0.003 0.007 0.004 0.005 0.218 0.154 0.492 0.037 0.039 0.003 0.006 0.039 0.004 0.004 0.034 0.002 
 271   (0.021) 0.002 0.002 0.058 0.004 0.021 0.003 0.020 0.004 0.003 0.002 0.021 0.004 0.004 0.021 0.012 0.021 0.002 0.003 0.007 0.030 0.005 0.002 0.003 0.007 0.002 0.002 0.021 0.021 0.002 0.003 0.021 0.002 0.002 0.001 0.001 
 191   (0.014) 0.629 0.001 0.002 0.002 0.014 0.001 0.013 0.002 0.001 0.001 0.014 0.003 0.002 0.014 0.006 0.014 0.001 0.002 0.004 0.001 0.002 0.001 0.002 0.004 0.001 0.001 0.013 0.014 0.001 0.002 0.014 0.001 0.001 0.001 0.001 
 284   (0.034) 0.003 0.003 0.006 0.005 0.034 0.004 0.031 0.006 0.269 0.002 0.033 0.008 0.006 0.034 0.019 0.033 0.003 0.005 0.008 0.003 0.204 0.003 0.004 0.013 0.002 0.002 0.033 0.034 0.002 0.248 0.034 0.004 0.004 0.002 0.002 
 275   (0.030) 0.003 0.002 0.005 0.005 0.030 0.003 0.028 0.005 0.003 0.002 0.031 0.006 0.005 0.030 0.017 0.030 0.003 0.103 0.006 0.004 0.184 0.003 0.004 0.010 0.002 0.002 0.029 0.030 0.002 0.004 0.030 0.003 0.003 0.002 0.002 
 279   (0.020) 0.002 0.002 0.003 0.003 0.020 0.002 0.018 0.003 0.002 0.001 0.019 0.004 0.003 0.020 0.010 0.020 0.002 0.002 0.006 0.001 0.004 0.002 0.002 0.005 0.307 0.001 0.018 0.020 0.001 0.003 0.020 0.002 0.002 0.001 0.001 
 280   (0.012) 0.001 0.001 0.002 0.003 0.012 0.002 0.011 0.002 0.001 0.001 0.012 0.003 0.002 0.012 0.006 0.012 0.001 0.002 0.004 0.001 0.003 0.001 0.001 0.004 0.001 0.001 0.012 0.012 0.026 0.003 0.012 0.002 0.002 0.001 0.001 

Locus 6 : 
9 alleles
0.0% missing data
 254   (0.060) 0.005 0.005 0.011 0.011 0.060 0.452 0.058 0.012 0.005 0.004 0.058 0.136 0.173 0.060 0.032 0.060 0.006 0.009 0.023 0.004 0.012 0.007 0.273 0.103 0.004 0.004 0.058 0.060 0.004 0.008 0.060 0.006 0.096 0.240 0.004 
 242   (0.191) 0.371 0.110 0.128 0.749 0.191 0.370 0.185 0.040 0.017 0.478 0.193 0.111 0.108 0.191 0.130 0.191 0.020 0.028 0.245 0.894 0.069 0.375 0.025 0.091 0.012 0.014 0.189 0.191 0.808 0.030 0.191 0.094 0.751 0.073 0.012 
 238   (0.320) 0.586 0.028 0.745 0.056 0.320 0.122 0.331 0.485 0.555 0.153 0.325 0.402 0.372 0.320 0.566 0.320 0.038 0.177 0.504 0.053 0.456 0.114 0.485 0.428 0.252 0.023 0.325 0.320 0.131 0.505 0.320 0.038 0.106 0.301 0.540 
 250   (0.151) 0.014 0.039 0.063 0.026 0.151 0.020 0.160 0.197 0.014 0.011 0.150 0.050 0.031 0.151 0.096 0.152 0.015 0.280 0.058 0.021 0.096 0.115 0.019 0.266 0.010 0.875 0.152 0.151 0.020 0.416 0.151 0.016 0.016 0.368 0.180 
 246   (0.165) 0.015 0.810 0.034 0.141 0.165 0.022 0.159 0.246 0.015 0.094 0.165 0.272 0.033 0.165 0.118 0.165 0.277 0.491 0.138 0.020 0.038 0.379 0.185 0.072 0.715 0.076 0.166 0.165 0.029 0.025 0.165 0.375 0.020 0.011 0.068 
 230   (0.056) 0.005 0.004 0.010 0.009 0.056 0.006 0.055 0.010 0.005 0.137 0.054 0.017 0.274 0.056 0.032 0.056 0.191 0.008 0.016 0.004 0.317 0.006 0.007 0.023 0.004 0.004 0.056 0.056 0.004 0.008 0.056 0.006 0.006 0.003 0.194 
 258   (0.015) 0.001 0.001 0.002 0.002 0.015 0.002 0.014 0.003 0.385 0.001 0.014 0.003 0.003 0.015 0.008 0.015 0.001 0.002 0.004 0.001 0.003 0.001 0.001 0.004 0.001 0.001 0.014 0.015 0.001 0.002 0.015 0.001 0.001 0.001 0.001 
 234   (0.022) 0.002 0.002 0.004 0.003 0.022 0.002 0.021 0.004 0.002 0.002 0.021 0.005 0.004 0.022 0.010 0.022 0.450 0.003 0.006 0.001 0.004 0.002 0.002 0.006 0.001 0.002 0.021 0.022 0.002 0.003 0.022 0.308 0.002 0.001 0.001 
 226   (0.020) 0.002 0.001 0.003 0.003 0.020 0.002 0.018 0.004 0.002 0.120 0.019 0.005 0.003 0.020 0.009 0.019 0.002 0.003 0.005 0.001 0.004 0.002 0.002 0.007 0.001 0.001 0.018 0.019 0.001 0.003 0.019 0.157 0.002 0.001 0.001 

Locus 7 : 
5 alleles
0.0% missing data
 149   (0.841) 0.987 0.841 0.811 0.811 0.841 0.791 0.848 0.971 0.986 0.988 0.845 0.963 0.972 0.841 0.867 0.841 0.549 0.978 0.958 0.709 0.504 0.985 0.500 0.949 0.563 0.749 0.846 0.841 0.346 0.978 0.841 0.982 0.983 0.990 0.991 
 153   (0.084) 0.007 0.154 0.176 0.178 0.084 0.201 0.081 0.016 0.008 0.006 0.083 0.021 0.016 0.084 0.094 0.083 0.038 0.012 0.024 0.286 0.194 0.009 0.299 0.031 0.006 0.043 0.083 0.083 0.454 0.012 0.084 0.010 0.009 0.005 0.005 
 155   (0.029) 0.002 0.002 0.005 0.004 0.029 0.003 0.027 0.005 0.003 0.002 0.027 0.006 0.004 0.029 0.014 0.029 0.409 0.004 0.007 0.002 0.006 0.003 0.003 0.008 0.213 0.206 0.027 0.029 0.002 0.004 0.029 0.003 0.003 0.002 0.002 
 157   (0.032) 0.003 0.002 0.005 0.005 0.032 0.004 0.030 0.006 0.003 0.002 0.031 0.007 0.005 0.032 0.018 0.032 0.003 0.004 0.007 0.002 0.006 0.003 0.196 0.008 0.217 0.002 0.030 0.032 0.197 0.004 0.032 0.004 0.003 0.002 0.002 
 151   (0.015) 0.001 0.001 0.003 0.002 0.015 0.002 0.014 0.002 0.001 0.001 0.014 0.003 0.002 0.015 0.007 0.015 0.001 0.002 0.003 0.001 0.291 0.001 0.002 0.005 0.001 0.001 0.014 0.015 0.001 0.002 0.015 0.001 0.001 0.001 0.001 

Locus 8 : 
15 alleles
0.4% missing data
 150   (0.089) 0.208 0.007 0.063 0.017 0.090 0.013 0.087 0.017 0.008 0.006 0.090 0.024 0.018 0.089 0.109 0.090 0.281 0.013 0.152 0.216 0.096 0.008 0.011 0.060 0.006 0.006 0.088 0.089 0.440 0.015 0.089 0.010 0.310 0.302 0.005 
 138   (0.137) 0.012 0.012 0.552 0.136 0.137 0.250 0.135 0.028 0.012 0.093 0.136 0.332 0.241 0.138 0.399 0.138 0.263 0.020 0.042 0.310 0.580 0.020 0.017 0.066 0.010 0.010 0.138 0.137 0.204 0.378 0.138 0.015 0.232 0.008 0.008 
 158   (0.033) 0.003 0.413 0.005 0.005 0.033 0.003 0.031 0.006 0.003 0.002 0.032 0.007 0.006 0.033 0.015 0.033 0.193 0.004 0.009 0.003 0.006 0.003 0.003 0.012 0.002 0.048 0.030 0.033 0.002 0.005 0.033 0.004 0.233 0.002 0.002 
 146   (0.248) 0.198 0.364 0.297 0.150 0.249 0.353 0.259 0.053 0.458 0.118 0.255 0.111 0.196 0.248 0.182 0.249 0.028 0.255 0.352 0.374 0.056 0.335 0.034 0.366 0.095 0.018 0.256 0.249 0.286 0.173 0.249 0.315 0.174 0.037 0.048 
 152   (0.105) 0.266 0.013 0.017 0.020 0.105 0.013 0.103 0.320 0.009 0.007 0.107 0.028 0.270 0.105 0.065 0.104 0.010 0.143 0.162 0.008 0.021 0.010 0.012 0.194 0.007 0.311 0.106 0.105 0.008 0.317 0.104 0.256 0.011 0.231 0.241 
 148   (0.071) 0.285 0.067 0.012 0.012 0.071 0.009 0.083 0.014 0.006 0.005 0.069 0.080 0.013 0.071 0.043 0.070 0.007 0.010 0.025 0.006 0.014 0.197 0.457 0.053 0.005 0.157 0.070 0.071 0.006 0.060 0.070 0.368 0.007 0.004 0.004 
 156   (0.026) 0.002 0.002 0.004 0.004 0.026 0.003 0.026 0.005 0.002 0.116 0.026 0.013 0.005 0.026 0.015 0.026 0.003 0.004 0.011 0.002 0.005 0.003 0.003 0.010 0.002 0.056 0.028 0.026 0.002 0.004 0.026 0.003 0.003 0.001 0.001 
 134   (0.045) 0.004 0.005 0.008 0.339 0.045 0.005 0.043 0.075 0.004 0.003 0.045 0.011 0.008 0.045 0.025 0.045 0.004 0.219 0.011 0.005 0.174 0.004 0.005 0.015 0.003 0.196 0.045 0.045 0.004 0.007 0.045 0.005 0.005 0.002 0.003 
 142   (0.025) 0.002 0.002 0.004 0.004 0.025 0.003 0.024 0.005 0.002 0.002 0.025 0.006 0.006 0.025 0.013 0.025 0.003 0.003 0.090 0.002 0.005 0.002 0.024 0.140 0.002 0.002 0.025 0.025 0.002 0.004 0.025 0.003 0.003 0.018 0.420 
 128   (0.099) 0.008 0.009 0.018 0.290 0.099 0.335 0.096 0.454 0.008 0.007 0.097 0.361 0.020 0.099 0.068 0.099 0.010 0.312 0.109 0.066 0.020 0.406 0.013 0.043 0.492 0.007 0.098 0.099 0.035 0.016 0.099 0.011 0.011 0.279 0.005 
 144   (0.033) 0.003 0.099 0.006 0.006 0.033 0.004 0.032 0.006 0.003 0.002 0.032 0.009 0.007 0.033 0.018 0.033 0.003 0.004 0.013 0.003 0.006 0.003 0.409 0.012 0.002 0.185 0.032 0.033 0.003 0.008 0.033 0.004 0.004 0.027 0.002 
 168   (0.015) 0.001 0.001 0.002 0.002 0.015 0.001 0.013 0.003 0.001 0.001 0.014 0.003 0.199 0.015 0.006 0.014 0.001 0.002 0.004 0.001 0.003 0.001 0.002 0.004 0.001 0.001 0.014 0.015 0.001 0.002 0.015 0.001 0.001 0.001 0.001 
 160   (0.021) 0.002 0.002 0.003 0.004 0.021 0.002 0.020 0.004 0.265 0.001 0.021 0.005 0.004 0.021 0.014 0.021 0.002 0.003 0.005 0.002 0.004 0.002 0.002 0.007 0.001 0.001 0.021 0.021 0.001 0.003 0.021 0.002 0.002 0.001 0.258 
 140   (0.024) 0.002 0.002 0.004 0.005 0.024 0.003 0.023 0.004 0.002 0.002 0.024 0.005 0.004 0.024 0.014 0.024 0.003 0.003 0.007 0.002 0.004 0.002 0.003 0.008 0.370 0.002 0.023 0.024 0.002 0.004 0.024 0.002 0.002 0.084 0.001 
 136   (0.027) 0.002 0.002 0.005 0.005 0.027 0.003 0.025 0.005 0.217 0.634 0.027 0.006 0.005 0.027 0.015 0.027 0.190 0.004 0.008 0.002 0.005 0.002 0.003 0.008 0.002 0.002 0.025 0.027 0.002 0.004 0.027 0.003 0.003 0.002 0.002 

Locus 9 : 
4 alleles
0.0% missing data
 184   (0.204) 0.019 0.413 0.037 0.037 0.204 0.024 0.193 0.076 0.500 0.117 0.199 0.265 0.211 0.204 0.113 0.204 0.019 0.221 0.068 0.014 0.043 0.020 0.188 0.075 0.326 0.220 0.201 0.204 0.246 0.404 0.204 0.206 0.855 0.015 0.506 
 186   (0.478) 0.672 0.153 0.245 0.568 0.478 0.751 0.498 0.418 0.219 0.509 0.480 0.642 0.267 0.478 0.673 0.478 0.799 0.732 0.374 0.949 0.468 0.949 0.357 0.305 0.653 0.424 0.486 0.478 0.627 0.190 0.478 0.148 0.111 0.073 0.449 
 180   (0.213) 0.300 0.338 0.650 0.376 0.213 0.025 0.206 0.394 0.020 0.366 0.218 0.058 0.249 0.213 0.126 0.213 0.171 0.032 0.525 0.023 0.465 0.021 0.028 0.580 0.014 0.115 0.209 0.213 0.017 0.389 0.212 0.350 0.023 0.905 0.013 
 182   (0.105) 0.009 0.095 0.068 0.019 0.105 0.200 0.102 0.111 0.261 0.008 0.103 0.035 0.273 0.105 0.088 0.105 0.011 0.016 0.033 0.014 0.025 0.011 0.427 0.040 0.007 0.240 0.104 0.105 0.110 0.016 0.105 0.296 0.012 0.006 0.032 

Locus 10 : 
7 alleles
0.0% missing data
 176   (0.016) 0.001 0.001 0.002 0.002 0.016 0.002 0.014 0.003 0.002 0.001 0.015 0.003 0.003 0.016 0.008 0.016 0.001 0.002 0.004 0.001 0.003 0.002 0.002 0.004 0.001 0.001 0.015 0.016 0.001 0.002 0.016 0.002 0.294 0.001 0.001 
 168   (0.190) 0.020 0.017 0.057 0.119 0.190 0.220 0.207 0.070 0.144 0.422 0.193 0.621 0.040 0.190 0.348 0.190 0.020 0.029 0.265 0.042 0.193 0.439 0.026 0.110 0.014 0.015 0.194 0.190 0.088 0.078 0.190 0.219 0.393 0.030 0.173 
 156   (0.133) 0.075 0.011 0.729 0.024 0.133 0.017 0.126 0.422 0.014 0.112 0.132 0.194 0.027 0.133 0.084 0.133 0.013 0.020 0.142 0.035 0.569 0.128 0.448 0.115 0.009 0.010 0.132 0.133 0.011 0.022 0.133 0.015 0.173 0.010 0.208 
 160   (0.241) 0.025 0.462 0.110 0.047 0.241 0.481 0.236 0.087 0.368 0.435 0.240 0.069 0.221 0.241 0.165 0.241 0.266 0.480 0.204 0.242 0.054 0.025 0.382 0.112 0.017 0.048 0.245 0.241 0.378 0.475 0.241 0.125 0.094 0.076 0.040 
 164   (0.212) 0.560 0.488 0.069 0.492 0.212 0.256 0.215 0.045 0.209 0.015 0.210 0.063 0.247 0.212 0.280 0.211 0.680 0.258 0.067 0.663 0.140 0.385 0.051 0.092 0.253 0.419 0.210 0.212 0.506 0.032 0.212 0.025 0.023 0.013 0.013 
 172   (0.193) 0.319 0.019 0.031 0.314 0.193 0.023 0.186 0.371 0.262 0.013 0.194 0.047 0.459 0.193 0.107 0.192 0.018 0.209 0.315 0.015 0.037 0.019 0.089 0.562 0.706 0.507 0.188 0.193 0.014 0.029 0.192 0.613 0.021 0.866 0.564 
 152   (0.016) 0.001 0.001 0.003 0.002 0.016 0.002 0.015 0.003 0.002 0.001 0.016 0.003 0.003 0.016 0.008 0.016 0.001 0.002 0.005 0.001 0.004 0.001 0.002 0.005 0.001 0.001 0.015 0.016 0.001 0.360 0.016 0.002 0.002 0.005 0.001 

Locus 11 : 
7 alleles
0.4% missing data
 177   (0.056) 0.006 0.005 0.010 0.027 0.055 0.007 0.053 0.011 0.201 0.004 0.054 0.050 0.010 0.056 0.030 0.055 0.006 0.009 0.042 0.004 0.011 0.006 0.007 0.022 0.584 0.004 0.054 0.056 0.004 0.350 0.055 0.500 0.359 0.003 0.014 
 173   (0.210) 0.021 0.178 0.325 0.037 0.210 0.181 0.228 0.204 0.025 0.457 0.207 0.338 0.390 0.210 0.131 0.210 0.021 0.031 0.068 0.020 0.064 0.630 0.030 0.181 0.366 0.585 0.211 0.211 0.018 0.033 0.210 0.024 0.238 0.014 0.257 
 165   (0.287) 0.030 0.040 0.123 0.050 0.287 0.714 0.284 0.525 0.560 0.092 0.294 0.480 0.054 0.287 0.388 0.288 0.721 0.489 0.392 0.396 0.428 0.039 0.879 0.124 0.020 0.021 0.294 0.288 0.909 0.101 0.288 0.329 0.354 0.021 0.028 
 169   (0.309) 0.289 0.765 0.109 0.499 0.309 0.076 0.306 0.233 0.200 0.293 0.311 0.095 0.522 0.309 0.354 0.309 0.207 0.292 0.456 0.041 0.253 0.032 0.040 0.622 0.021 0.180 0.308 0.308 0.043 0.495 0.309 0.132 0.034 0.954 0.693 
 161   (0.090) 0.368 0.007 0.426 0.381 0.090 0.016 0.085 0.018 0.009 0.007 0.089 0.027 0.016 0.090 0.074 0.090 0.040 0.013 0.028 0.536 0.235 0.009 0.037 0.036 0.006 0.114 0.088 0.090 0.023 0.014 0.090 0.010 0.009 0.005 0.005 
 157   (0.029) 0.003 0.002 0.005 0.004 0.029 0.003 0.027 0.005 0.003 0.146 0.028 0.006 0.005 0.029 0.015 0.029 0.003 0.164 0.007 0.002 0.006 0.003 0.004 0.010 0.002 0.094 0.028 0.029 0.002 0.004 0.029 0.003 0.003 0.002 0.002 
 153   (0.019) 0.283 0.002 0.003 0.003 0.019 0.002 0.017 0.004 0.002 0.001 0.018 0.004 0.003 0.019 0.008 0.019 0.002 0.003 0.007 0.001 0.004 0.282 0.002 0.005 0.001 0.001 0.017 0.019 0.001 0.003 0.019 0.002 0.002 0.001 0.001 

Values of parameters used in structure:
DATAFILE=/data/home/rchen/Hunting/blackgrouse-hunting/data_job_T35_9,	OUTFILE=data/structure/Results_stru_chicks_hunted/results_job_T35_9,	NUMINDS=236,	NUMLOCI=11,	MISSING=-9,	LABEL=1,	POPDATA=1,	POPFLAG=0,	PHENOTYPE=0,	EXTRACOLS=0,	MAXPOPS=35,	BURNIN=10000,	NUMREPS=10000,	USEPOPINFO=0,	INFERALPHA=1,	INFERLAMBDA=0,	POPSPECIFICLAMBDA=0,	POPALPHAS=0,	COMPUTEPROB=1,	NOADMIX=0,	ADMBURNIN=2500,	UPDATEFREQ=1,	PRINTLIKES=0,	INTERMEDSAVE=0,	PRINTKLD=0,	PRINTNET=0,	PRINTLAMBDA=0,	ANCESTDIST=0,	NUMBOXES=1000,	ANCESTPINT=0.90000,	GENSBACK=2,	MIGRPRIOR=0.05000,	PRINTQHAT=1,	PRINTQSUM=0,	ALPHA=1.0000,	FREQSCORR=1,	FPRIORMEAN=0.0100,	FPRIORSD=0.0500,	ONEFST=0,	LAMBDA=1.0000,	UNIFPRIORALPHA=1,	ALPHAMAX=10.0000,	ALPHAPRIORA=1.0000,	ALPHAPRIORB=2.0000,	ALPHAPROPSD=0.0250,	STARTATPOPINFO=0,	RANDOMIZE=1,	LINKAGE=0,	METROFREQ=10,	REPORTHITRATE=0,	MARKOVPHASE=-1,	PHASED=0,	PLOIDY=2,	PHASEINFO=0	LOCPRIOR=0, 	LOCPRIORINIT=1.000000, 	LOCDATA=0, 	LOCISPOP=0, 	LOCPRIORSTEP=0.100000, 	MAXLOCPRIOR=20.000000, 	SEED=1653048192,	
[STRAT parameters]:    NUMSIMSTATS=1000,	PHENOTYPECOL=-9,	POOLFREQ=10,	LOCUSxONLY=0,	EMERROR=0.00100,	MISSINGPHENO=-9,	