

----------------------------------------------------
STRUCTURE by Pritchard, Stephens and Donnelly (2000)
     and Falush, Stephens and Pritchard (2003)
       Code by Pritchard, Falush and Hubisz
             Version 2.3.4 (Jul 2012)
----------------------------------------------------



Command line arguments:   /usr/local/bin/structure -m parameter_job_T37_3 
Input File:    /data/home/rchen/Hunting/blackgrouse-hunting/data_job_T37_3

Run parameters:
   236 individuals
   11 loci
   37 populations assumed
   10000 Burn-in period
   10000 Reps


--------------------------------------------
Proportion of membership of each pre-defined
 population in each of the 37 clusters

Given    Inferred Clusters                                                                                                                                                                                                                                                     Number of
 Pop       1      2      3      4      5      6      7      8      9     10     11     12     13     14     15     16     17     18     19     20     21     22     23     24     25     26     27     28     29     30     31     32     33     34     35     36     37      Individuals

  1:     0.027  0.027  0.027  0.027  0.027  0.027  0.027  0.027  0.027  0.027  0.027  0.027  0.027  0.027  0.027  0.027  0.027  0.027  0.027  0.027  0.027  0.027  0.027  0.027  0.027  0.027  0.027  0.027  0.027  0.027  0.027  0.027  0.027  0.027  0.027  0.027  0.027      187
 12:     0.027  0.027  0.027  0.027  0.027  0.027  0.027  0.027  0.027  0.027  0.027  0.027  0.027  0.027  0.027  0.027  0.027  0.027  0.027  0.027  0.027  0.027  0.027  0.027  0.027  0.027  0.027  0.027  0.027  0.027  0.027  0.027  0.027  0.027  0.027  0.027  0.027       49
--------------------------------------------

Allele-freq. divergence among pops (Net nucleotide distance),
computed using point estimates of P.

      1       2       3       4       5       6       7       8       9      10      11      12      13      14      15      16      17      18      19      20      21      22      23      24      25      26      27      28      29      30      31      32      33      34      35      36      37      
 1      -    0.0001  0.0001  0.0006  0.0001  0.0003  0.0003  0.0001  0.0001  0.0004  0.0001  0.0001  0.0001  0.0001  0.0001  0.0009  0.0001  0.0001  0.0001  0.0001  0.0000  0.0000  0.0001  0.0000  0.0001  0.0001  0.0001  0.0002  0.0002  0.0001  0.0001  0.0001  0.0006  0.0001  0.0001  0.0001  0.0001  
 2   0.0001     -    0.0000  0.0007  0.0000  0.0004  0.0004  0.0001  0.0001  0.0005  0.0000  0.0000  0.0000  0.0000  0.0000  0.0009  0.0000  0.0000  0.0000  0.0000  0.0000  0.0000  0.0000  0.0000  0.0000  0.0000  0.0000  0.0002  0.0003  0.0000  0.0000  0.0001  0.0007  0.0000  0.0000  0.0000  0.0000  
 3   0.0001  0.0000     -    0.0006  0.0000  0.0004  0.0003  0.0000  0.0001  0.0004  0.0000  0.0000  0.0000  0.0000  0.0000  0.0009  0.0000  0.0000  0.0000  0.0000  0.0000  0.0000  0.0000  0.0000  0.0000  0.0000  0.0000  0.0002  0.0002  0.0000  0.0000  0.0001  0.0007  0.0000  0.0000  0.0000  0.0000  
 4   0.0006  0.0007  0.0006     -    0.0007  0.0007  0.0008  0.0005  0.0005  0.0007  0.0006  0.0006  0.0006  0.0006  0.0006  0.0018  0.0007  0.0006  0.0006  0.0007  0.0006  0.0006  0.0006  0.0006  0.0007  0.0006  0.0007  0.0005  0.0006  0.0007  0.0006  0.0006  0.0010  0.0006  0.0006  0.0007  0.0006  
 5   0.0001  0.0000  0.0000  0.0007     -    0.0004  0.0003  0.0000  0.0001  0.0005  0.0000  0.0000  0.0000  0.0000  0.0000  0.0009  0.0000  0.0000  0.0000  0.0000  0.0000  0.0000  0.0000  0.0000  0.0000  0.0000  0.0000  0.0002  0.0003  0.0000  0.0000  0.0001  0.0007  0.0000  0.0000  0.0000  0.0000  
 6   0.0003  0.0004  0.0004  0.0007  0.0004     -    0.0007  0.0003  0.0004  0.0005  0.0004  0.0004  0.0004  0.0003  0.0004  0.0014  0.0004  0.0004  0.0003  0.0004  0.0004  0.0004  0.0004  0.0003  0.0004  0.0004  0.0005  0.0004  0.0005  0.0004  0.0003  0.0003  0.0007  0.0004  0.0004  0.0004  0.0004  
 7   0.0003  0.0004  0.0003  0.0008  0.0003  0.0007     -    0.0003  0.0003  0.0006  0.0003  0.0003  0.0003  0.0003  0.0003  0.0011  0.0004  0.0003  0.0003  0.0004  0.0003  0.0003  0.0003  0.0003  0.0004  0.0003  0.0003  0.0004  0.0004  0.0004  0.0003  0.0003  0.0007  0.0003  0.0003  0.0003  0.0003  
 8   0.0001  0.0001  0.0000  0.0005  0.0000  0.0003  0.0003     -    0.0001  0.0004  0.0001  0.0000  0.0000  0.0000  0.0001  0.0010  0.0001  0.0001  0.0000  0.0001  0.0001  0.0001  0.0000  0.0000  0.0001  0.0000  0.0001  0.0002  0.0002  0.0001  0.0000  0.0000  0.0006  0.0000  0.0000  0.0001  0.0001  
 9   0.0001  0.0001  0.0001  0.0005  0.0001  0.0004  0.0003  0.0001     -    0.0004  0.0001  0.0001  0.0000  0.0000  0.0001  0.0009  0.0001  0.0001  0.0000  0.0001  0.0000  0.0001  0.0000  0.0001  0.0001  0.0000  0.0001  0.0002  0.0002  0.0001  0.0001  0.0001  0.0006  0.0000  0.0001  0.0001  0.0001  
10   0.0004  0.0005  0.0004  0.0007  0.0005  0.0005  0.0006  0.0004  0.0004     -    0.0004  0.0004  0.0004  0.0004  0.0004  0.0009  0.0005  0.0004  0.0003  0.0005  0.0004  0.0004  0.0004  0.0004  0.0005  0.0004  0.0004  0.0005  0.0004  0.0005  0.0004  0.0004  0.0007  0.0004  0.0004  0.0005  0.0004  
11   0.0001  0.0000  0.0000  0.0006  0.0000  0.0004  0.0003  0.0001  0.0001  0.0004     -    0.0000  0.0000  0.0000  0.0000  0.0009  0.0000  0.0000  0.0001  0.0000  0.0000  0.0000  0.0000  0.0000  0.0000  0.0000  0.0000  0.0002  0.0003  0.0000  0.0000  0.0001  0.0007  0.0000  0.0000  0.0000  0.0000  
12   0.0001  0.0000  0.0000  0.0006  0.0000  0.0004  0.0003  0.0000  0.0001  0.0004  0.0000     -    0.0000  0.0000  0.0000  0.0009  0.0000  0.0000  0.0000  0.0000  0.0000  0.0000  0.0000  0.0000  0.0000  0.0000  0.0000  0.0002  0.0002  0.0000  0.0000  0.0000  0.0006  0.0000  0.0000  0.0000  0.0000  
13   0.0001  0.0000  0.0000  0.0006  0.0000  0.0004  0.0003  0.0000  0.0000  0.0004  0.0000  0.0000     -    0.0000  0.0000  0.0009  0.0000  0.0000  0.0000  0.0000  0.0000  0.0000  0.0000  0.0000  0.0000  0.0000  0.0000  0.0002  0.0002  0.0000  0.0000  0.0000  0.0006  0.0000  0.0000  0.0000  0.0000  
14   0.0001  0.0000  0.0000  0.0006  0.0000  0.0003  0.0003  0.0000  0.0000  0.0004  0.0000  0.0000  0.0000     -    0.0000  0.0009  0.0000  0.0000  0.0000  0.0000  0.0000  0.0000  0.0000  0.0000  0.0000  0.0000  0.0000  0.0002  0.0002  0.0000  0.0000  0.0000  0.0006  0.0000  0.0000  0.0000  0.0000  
15   0.0001  0.0000  0.0000  0.0006  0.0000  0.0004  0.0003  0.0001  0.0001  0.0004  0.0000  0.0000  0.0000  0.0000     -    0.0009  0.0000  0.0000  0.0001  0.0000  0.0000  0.0000  0.0000  0.0000  0.0000  0.0000  0.0000  0.0002  0.0002  0.0000  0.0001  0.0001  0.0006  0.0000  0.0000  0.0000  0.0000  
16   0.0009  0.0009  0.0009  0.0018  0.0009  0.0014  0.0011  0.0010  0.0009  0.0009  0.0009  0.0009  0.0009  0.0009  0.0009     -    0.0008  0.0009  0.0009  0.0009  0.0008  0.0008  0.0009  0.0009  0.0009  0.0009  0.0008  0.0012  0.0012  0.0009  0.0010  0.0010  0.0014  0.0009  0.0009  0.0009  0.0009  
17   0.0001  0.0000  0.0000  0.0007  0.0000  0.0004  0.0004  0.0001  0.0001  0.0005  0.0000  0.0000  0.0000  0.0000  0.0000  0.0008     -    0.0000  0.0000  0.0000  0.0000  0.0000  0.0000  0.0000  0.0000  0.0000  0.0000  0.0002  0.0003  0.0000  0.0000  0.0001  0.0006  0.0000  0.0000  0.0000  0.0000  
18   0.0001  0.0000  0.0000  0.0006  0.0000  0.0004  0.0003  0.0001  0.0001  0.0004  0.0000  0.0000  0.0000  0.0000  0.0000  0.0009  0.0000     -    0.0000  0.0000  0.0000  0.0000  0.0000  0.0000  0.0000  0.0000  0.0000  0.0002  0.0002  0.0000  0.0000  0.0001  0.0006  0.0000  0.0000  0.0000  0.0000  
19   0.0001  0.0000  0.0000  0.0006  0.0000  0.0003  0.0003  0.0000  0.0000  0.0003  0.0001  0.0000  0.0000  0.0000  0.0001  0.0009  0.0000  0.0000     -    0.0000  0.0000  0.0001  0.0000  0.0000  0.0000  0.0000  0.0000  0.0002  0.0002  0.0000  0.0000  0.0001  0.0006  0.0000  0.0000  0.0000  0.0000  
20   0.0001  0.0000  0.0000  0.0007  0.0000  0.0004  0.0004  0.0001  0.0001  0.0005  0.0000  0.0000  0.0000  0.0000  0.0000  0.0009  0.0000  0.0000  0.0000     -    0.0000  0.0000  0.0000  0.0000  0.0000  0.0000  0.0000  0.0002  0.0003  0.0000  0.0000  0.0001  0.0007  0.0000  0.0000  0.0000  0.0000  
21   0.0000  0.0000  0.0000  0.0006  0.0000  0.0004  0.0003  0.0001  0.0000  0.0004  0.0000  0.0000  0.0000  0.0000  0.0000  0.0008  0.0000  0.0000  0.0000  0.0000     -    0.0000  0.0000  0.0000  0.0000  0.0000  0.0000  0.0002  0.0002  0.0000  0.0000  0.0001  0.0006  0.0000  0.0000  0.0000  0.0000  
22   0.0000  0.0000  0.0000  0.0006  0.0000  0.0004  0.0003  0.0001  0.0001  0.0004  0.0000  0.0000  0.0000  0.0000  0.0000  0.0008  0.0000  0.0000  0.0001  0.0000  0.0000     -    0.0000  0.0000  0.0000  0.0001  0.0000  0.0002  0.0002  0.0000  0.0000  0.0001  0.0006  0.0000  0.0000  0.0000  0.0000  
23   0.0001  0.0000  0.0000  0.0006  0.0000  0.0004  0.0003  0.0000  0.0000  0.0004  0.0000  0.0000  0.0000  0.0000  0.0000  0.0009  0.0000  0.0000  0.0000  0.0000  0.0000  0.0000     -    0.0000  0.0000  0.0000  0.0000  0.0002  0.0002  0.0000  0.0000  0.0001  0.0006  0.0000  0.0000  0.0000  0.0000  
24   0.0000  0.0000  0.0000  0.0006  0.0000  0.0003  0.0003  0.0000  0.0001  0.0004  0.0000  0.0000  0.0000  0.0000  0.0000  0.0009  0.0000  0.0000  0.0000  0.0000  0.0000  0.0000  0.0000     -    0.0000  0.0000  0.0001  0.0001  0.0002  0.0000  0.0000  0.0000  0.0006  0.0000  0.0000  0.0000  0.0000  
25   0.0001  0.0000  0.0000  0.0007  0.0000  0.0004  0.0004  0.0001  0.0001  0.0005  0.0000  0.0000  0.0000  0.0000  0.0000  0.0009  0.0000  0.0000  0.0000  0.0000  0.0000  0.0000  0.0000  0.0000     -    0.0000  0.0000  0.0002  0.0003  0.0000  0.0000  0.0001  0.0007  0.0000  0.0000  0.0000  0.0000  
26   0.0001  0.0000  0.0000  0.0006  0.0000  0.0004  0.0003  0.0000  0.0000  0.0004  0.0000  0.0000  0.0000  0.0000  0.0000  0.0009  0.0000  0.0000  0.0000  0.0000  0.0000  0.0001  0.0000  0.0000  0.0000     -    0.0000  0.0001  0.0002  0.0000  0.0000  0.0001  0.0006  0.0000  0.0000  0.0000  0.0000  
27   0.0001  0.0000  0.0000  0.0007  0.0000  0.0005  0.0003  0.0001  0.0001  0.0004  0.0000  0.0000  0.0000  0.0000  0.0000  0.0008  0.0000  0.0000  0.0000  0.0000  0.0000  0.0000  0.0000  0.0001  0.0000  0.0000     -    0.0002  0.0003  0.0000  0.0000  0.0001  0.0007  0.0000  0.0000  0.0000  0.0000  
28   0.0002  0.0002  0.0002  0.0005  0.0002  0.0004  0.0004  0.0002  0.0002  0.0005  0.0002  0.0002  0.0002  0.0002  0.0002  0.0012  0.0002  0.0002  0.0002  0.0002  0.0002  0.0002  0.0002  0.0001  0.0002  0.0001  0.0002     -    0.0003  0.0002  0.0001  0.0002  0.0007  0.0002  0.0002  0.0002  0.0002  
29   0.0002  0.0003  0.0002  0.0006  0.0003  0.0005  0.0004  0.0002  0.0002  0.0004  0.0003  0.0002  0.0002  0.0002  0.0002  0.0012  0.0003  0.0002  0.0002  0.0003  0.0002  0.0002  0.0002  0.0002  0.0003  0.0002  0.0003  0.0003     -    0.0003  0.0002  0.0002  0.0005  0.0002  0.0002  0.0003  0.0003  
30   0.0001  0.0000  0.0000  0.0007  0.0000  0.0004  0.0004  0.0001  0.0001  0.0005  0.0000  0.0000  0.0000  0.0000  0.0000  0.0009  0.0000  0.0000  0.0000  0.0000  0.0000  0.0000  0.0000  0.0000  0.0000  0.0000  0.0000  0.0002  0.0003     -    0.0000  0.0001  0.0007  0.0000  0.0000  0.0000  0.0000  
31   0.0001  0.0000  0.0000  0.0006  0.0000  0.0003  0.0003  0.0000  0.0001  0.0004  0.0000  0.0000  0.0000  0.0000  0.0001  0.0010  0.0000  0.0000  0.0000  0.0000  0.0000  0.0000  0.0000  0.0000  0.0000  0.0000  0.0000  0.0001  0.0002  0.0000     -    0.0001  0.0006  0.0000  0.0000  0.0000  0.0000  
32   0.0001  0.0001  0.0001  0.0006  0.0001  0.0003  0.0003  0.0000  0.0001  0.0004  0.0001  0.0000  0.0000  0.0000  0.0001  0.0010  0.0001  0.0001  0.0001  0.0001  0.0001  0.0001  0.0001  0.0000  0.0001  0.0001  0.0001  0.0002  0.0002  0.0001  0.0001     -    0.0005  0.0001  0.0000  0.0001  0.0001  
33   0.0006  0.0007  0.0007  0.0010  0.0007  0.0007  0.0007  0.0006  0.0006  0.0007  0.0007  0.0006  0.0006  0.0006  0.0006  0.0014  0.0006  0.0006  0.0006  0.0007  0.0006  0.0006  0.0006  0.0006  0.0007  0.0006  0.0007  0.0007  0.0005  0.0007  0.0006  0.0005     -    0.0006  0.0006  0.0007  0.0007  
34   0.0001  0.0000  0.0000  0.0006  0.0000  0.0004  0.0003  0.0000  0.0000  0.0004  0.0000  0.0000  0.0000  0.0000  0.0000  0.0009  0.0000  0.0000  0.0000  0.0000  0.0000  0.0000  0.0000  0.0000  0.0000  0.0000  0.0000  0.0002  0.0002  0.0000  0.0000  0.0001  0.0006     -    0.0000  0.0000  0.0000  
35   0.0001  0.0000  0.0000  0.0006  0.0000  0.0004  0.0003  0.0000  0.0001  0.0004  0.0000  0.0000  0.0000  0.0000  0.0000  0.0009  0.0000  0.0000  0.0000  0.0000  0.0000  0.0000  0.0000  0.0000  0.0000  0.0000  0.0000  0.0002  0.0002  0.0000  0.0000  0.0000  0.0006  0.0000     -    0.0000  0.0000  
36   0.0001  0.0000  0.0000  0.0007  0.0000  0.0004  0.0003  0.0001  0.0001  0.0005  0.0000  0.0000  0.0000  0.0000  0.0000  0.0009  0.0000  0.0000  0.0000  0.0000  0.0000  0.0000  0.0000  0.0000  0.0000  0.0000  0.0000  0.0002  0.0003  0.0000  0.0000  0.0001  0.0007  0.0000  0.0000     -    0.0000  
37   0.0001  0.0000  0.0000  0.0006  0.0000  0.0004  0.0003  0.0001  0.0001  0.0004  0.0000  0.0000  0.0000  0.0000  0.0000  0.0009  0.0000  0.0000  0.0000  0.0000  0.0000  0.0000  0.0000  0.0000  0.0000  0.0000  0.0000  0.0002  0.0003  0.0000  0.0000  0.0001  0.0007  0.0000  0.0000  0.0000     -    

Average distances (expected heterozygosity) between individuals in same cluster:
cluster  1  : 0.7437 
cluster  2  : 0.7476 
cluster  3  : 0.7473 
cluster  4  : 0.7390 
cluster  5  : 0.7475 
cluster  6  : 0.7420 
cluster  7  : 0.7402 
cluster  8  : 0.7460 
cluster  9  : 0.7447 
cluster 10  : 0.7381 
cluster 11  : 0.7467 
cluster 12  : 0.7468 
cluster 13  : 0.7459 
cluster 14  : 0.7457 
cluster 15  : 0.7455 
cluster 16  : 0.7392 
cluster 17  : 0.7465 
cluster 18  : 0.7464 
cluster 19  : 0.7447 
cluster 20  : 0.7479 
cluster 21  : 0.7451 
cluster 22  : 0.7454 
cluster 23  : 0.7463 
cluster 24  : 0.7451 
cluster 25  : 0.7479 
cluster 26  : 0.7462 
cluster 27  : 0.7463 
cluster 28  : 0.7458 
cluster 29  : 0.7407 
cluster 30  : 0.7479 
cluster 31  : 0.7450 
cluster 32  : 0.7456 
cluster 33  : 0.7359 
cluster 34  : 0.7456 
cluster 35  : 0.7467 
cluster 36  : 0.7475 
cluster 37  : 0.7473 

--------------------------------------------
Estimated Ln Prob of Data   = -8549.5
Mean value of ln likelihood = -8461.1
Variance of ln likelihood   = 176.9
Mean value of alpha         = 3.2414

Mean value of Fst_1         = 0.0807
Mean value of Fst_2         = 0.0048
Mean value of Fst_3         = 0.0236
Mean value of Fst_4         = 0.1740
Mean value of Fst_5         = 0.0149
Mean value of Fst_6         = 0.1226
Mean value of Fst_7         = 0.1795
Mean value of Fst_8         = 0.0575
Mean value of Fst_9         = 0.0752
Mean value of Fst_10         = 0.1942
Mean value of Fst_11         = 0.0372
Mean value of Fst_12         = 0.0300
Mean value of Fst_13         = 0.0447
Mean value of Fst_14         = 0.0593
Mean value of Fst_15         = 0.0542
Mean value of Fst_16         = 0.1258
Mean value of Fst_17         = 0.0345
Mean value of Fst_18         = 0.0339
Mean value of Fst_19         = 0.0659
Mean value of Fst_20         = 0.0003
Mean value of Fst_21         = 0.0516
Mean value of Fst_22         = 0.0491
Mean value of Fst_23         = 0.0445
Mean value of Fst_24         = 0.0506
Mean value of Fst_25         = 0.0009
Mean value of Fst_26         = 0.0631
Mean value of Fst_27         = 0.0284
Mean value of Fst_28         = 0.0758
Mean value of Fst_29         = 0.1241
Mean value of Fst_30         = 0.0006
Mean value of Fst_31         = 0.0551
Mean value of Fst_32         = 0.0715
Mean value of Fst_33         = 0.2313
Mean value of Fst_34         = 0.0513
Mean value of Fst_35         = 0.0269
Mean value of Fst_36         = 0.0074
Mean value of Fst_37         = 0.0125


Inferred ancestry of individuals:
        Label (%Miss) Pop:  Inferred clusters
  1   H105.1    (0)    1 :  0.027 0.027 0.027 0.027 0.027 0.027 0.027 0.027 0.027 0.027 0.027 0.027 0.027 0.027 0.027 0.026 0.027 0.027 0.027 0.027 0.027 0.027 0.027 0.027 0.027 0.027 0.027 0.027 0.027 0.027 0.027 0.027 0.027 0.027 0.027 0.027 0.027 
  2   H105.2    (0)    1 :  0.027 0.027 0.027 0.027 0.027 0.027 0.027 0.027 0.027 0.027 0.027 0.027 0.027 0.027 0.027 0.027 0.027 0.027 0.027 0.027 0.027 0.027 0.027 0.027 0.027 0.027 0.027 0.027 0.027 0.027 0.027 0.027 0.027 0.027 0.027 0.027 0.027 
  3   H105.3    (0)    1 :  0.027 0.027 0.027 0.027 0.027 0.027 0.027 0.027 0.027 0.027 0.027 0.027 0.027 0.027 0.027 0.026 0.027 0.027 0.027 0.027 0.027 0.027 0.027 0.027 0.027 0.027 0.027 0.027 0.027 0.027 0.027 0.027 0.027 0.027 0.028 0.027 0.027 
  4   H105.4    (0)    1 :  0.027 0.027 0.027 0.027 0.027 0.027 0.027 0.027 0.027 0.027 0.027 0.027 0.027 0.027 0.027 0.027 0.027 0.027 0.027 0.027 0.027 0.027 0.027 0.027 0.028 0.027 0.027 0.027 0.027 0.027 0.027 0.027 0.027 0.027 0.027 0.027 0.027 
  5   H105.5    (0)    1 :  0.027 0.027 0.027 0.027 0.027 0.027 0.027 0.027 0.027 0.027 0.027 0.028 0.027 0.027 0.026 0.027 0.027 0.027 0.027 0.027 0.027 0.027 0.027 0.027 0.027 0.027 0.027 0.027 0.027 0.027 0.027 0.027 0.027 0.027 0.027 0.027 0.027 
  6   H105.6    (0)    1 :  0.027 0.027 0.027 0.027 0.027 0.027 0.027 0.027 0.027 0.027 0.027 0.027 0.027 0.027 0.027 0.027 0.027 0.027 0.027 0.027 0.027 0.027 0.027 0.027 0.027 0.027 0.027 0.027 0.027 0.027 0.027 0.027 0.027 0.027 0.027 0.027 0.027 
  7   H105.7    (0)    1 :  0.027 0.027 0.027 0.028 0.027 0.027 0.027 0.027 0.027 0.027 0.027 0.027 0.027 0.027 0.027 0.027 0.027 0.027 0.027 0.027 0.027 0.027 0.027 0.027 0.027 0.027 0.027 0.027 0.027 0.027 0.027 0.027 0.027 0.027 0.027 0.027 0.027 
  8   H105.8    (0)    1 :  0.027 0.027 0.027 0.027 0.027 0.027 0.027 0.027 0.027 0.027 0.027 0.027 0.027 0.027 0.027 0.027 0.027 0.027 0.027 0.027 0.027 0.027 0.027 0.027 0.027 0.027 0.028 0.027 0.027 0.028 0.026 0.027 0.027 0.027 0.027 0.027 0.027 
  9   H115.1    (0)    1 :  0.027 0.027 0.027 0.027 0.027 0.027 0.027 0.027 0.027 0.027 0.027 0.027 0.027 0.027 0.027 0.027 0.027 0.027 0.027 0.027 0.027 0.027 0.027 0.027 0.027 0.027 0.027 0.027 0.027 0.027 0.027 0.027 0.027 0.027 0.027 0.027 0.027 
 10   H115.2    (0)    1 :  0.027 0.027 0.027 0.027 0.027 0.027 0.027 0.027 0.027 0.027 0.027 0.027 0.027 0.027 0.027 0.027 0.027 0.027 0.027 0.027 0.027 0.027 0.027 0.027 0.027 0.027 0.027 0.027 0.027 0.027 0.027 0.027 0.027 0.027 0.027 0.027 0.027 
 11   H115.3    (0)    1 :  0.027 0.027 0.027 0.027 0.027 0.027 0.027 0.027 0.027 0.027 0.027 0.027 0.027 0.027 0.027 0.028 0.027 0.027 0.027 0.027 0.027 0.027 0.027 0.027 0.027 0.027 0.027 0.027 0.027 0.027 0.027 0.027 0.027 0.027 0.027 0.027 0.027 
 12   H115.4    (0)    1 :  0.027 0.027 0.027 0.028 0.027 0.027 0.027 0.027 0.027 0.027 0.027 0.027 0.027 0.027 0.027 0.027 0.027 0.027 0.027 0.027 0.027 0.027 0.027 0.027 0.027 0.027 0.027 0.027 0.027 0.027 0.027 0.027 0.027 0.027 0.027 0.026 0.027 
 13   H115.5    (0)    1 :  0.027 0.027 0.027 0.027 0.027 0.027 0.027 0.027 0.027 0.027 0.027 0.027 0.027 0.027 0.027 0.027 0.027 0.027 0.027 0.027 0.027 0.027 0.027 0.027 0.027 0.027 0.027 0.027 0.027 0.027 0.027 0.027 0.027 0.027 0.027 0.027 0.027 
 14   H115.6    (0)    1 :  0.027 0.026 0.027 0.027 0.027 0.027 0.027 0.027 0.027 0.027 0.027 0.027 0.027 0.027 0.027 0.028 0.027 0.027 0.027 0.027 0.027 0.027 0.027 0.027 0.027 0.027 0.027 0.027 0.027 0.027 0.027 0.027 0.027 0.027 0.028 0.027 0.027 
 15   H115.7    (0)    1 :  0.027 0.027 0.027 0.027 0.027 0.027 0.028 0.027 0.027 0.027 0.027 0.027 0.027 0.027 0.027 0.027 0.027 0.027 0.027 0.027 0.027 0.027 0.027 0.027 0.027 0.027 0.027 0.027 0.027 0.027 0.027 0.027 0.027 0.027 0.027 0.027 0.027 
 16   H115.8    (0)    1 :  0.027 0.027 0.027 0.027 0.027 0.027 0.027 0.027 0.027 0.027 0.027 0.027 0.027 0.027 0.027 0.028 0.027 0.027 0.027 0.027 0.027 0.027 0.027 0.027 0.027 0.027 0.027 0.027 0.027 0.027 0.027 0.027 0.027 0.027 0.027 0.027 0.027 
 17   H115.9    (0)    1 :  0.027 0.027 0.027 0.027 0.027 0.027 0.027 0.027 0.027 0.027 0.027 0.027 0.027 0.027 0.027 0.028 0.026 0.027 0.027 0.027 0.027 0.027 0.027 0.027 0.027 0.027 0.027 0.027 0.027 0.027 0.027 0.027 0.027 0.027 0.027 0.027 0.027 
 18   H145.1    (0)    1 :  0.027 0.027 0.027 0.027 0.027 0.027 0.027 0.027 0.027 0.027 0.027 0.027 0.027 0.027 0.027 0.027 0.027 0.027 0.027 0.027 0.027 0.028 0.027 0.027 0.027 0.027 0.027 0.027 0.027 0.027 0.027 0.027 0.027 0.027 0.027 0.027 0.027 
 19   H145.2    (0)    1 :  0.027 0.027 0.027 0.027 0.027 0.027 0.027 0.027 0.027 0.026 0.027 0.027 0.027 0.027 0.027 0.027 0.027 0.027 0.027 0.027 0.027 0.026 0.027 0.027 0.027 0.027 0.027 0.027 0.027 0.027 0.027 0.027 0.027 0.027 0.027 0.027 0.027 
 20   H145.3    (0)    1 :  0.027 0.027 0.027 0.027 0.027 0.027 0.027 0.027 0.027 0.027 0.027 0.027 0.027 0.027 0.027 0.027 0.027 0.027 0.027 0.027 0.027 0.027 0.027 0.027 0.027 0.027 0.027 0.027 0.027 0.027 0.027 0.027 0.027 0.027 0.027 0.027 0.027 
 21   H145.4    (0)    1 :  0.027 0.027 0.027 0.027 0.027 0.027 0.027 0.027 0.027 0.027 0.027 0.027 0.027 0.027 0.027 0.027 0.027 0.027 0.027 0.027 0.027 0.027 0.027 0.027 0.027 0.027 0.027 0.027 0.027 0.027 0.027 0.027 0.027 0.027 0.027 0.027 0.027 
 22   H145.5    (0)    1 :  0.027 0.027 0.027 0.027 0.027 0.028 0.027 0.027 0.027 0.027 0.027 0.027 0.027 0.027 0.027 0.026 0.027 0.027 0.027 0.027 0.027 0.027 0.027 0.027 0.027 0.027 0.027 0.027 0.027 0.027 0.027 0.027 0.027 0.027 0.027 0.027 0.027 
 23   H145.6    (0)    1 :  0.027 0.027 0.027 0.026 0.027 0.028 0.027 0.027 0.027 0.027 0.027 0.027 0.027 0.027 0.027 0.027 0.027 0.027 0.027 0.027 0.027 0.027 0.028 0.027 0.027 0.027 0.027 0.027 0.027 0.027 0.027 0.027 0.027 0.027 0.027 0.027 0.027 
 24   H145.7    (0)    1 :  0.027 0.027 0.027 0.026 0.027 0.027 0.027 0.027 0.027 0.027 0.027 0.027 0.027 0.027 0.027 0.027 0.027 0.027 0.027 0.027 0.027 0.027 0.027 0.027 0.027 0.027 0.027 0.027 0.027 0.027 0.027 0.027 0.027 0.027 0.027 0.027 0.027 
 25   H149.1    (0)    1 :  0.027 0.027 0.027 0.028 0.027 0.027 0.027 0.027 0.027 0.027 0.027 0.027 0.027 0.027 0.027 0.027 0.027 0.027 0.027 0.027 0.027 0.027 0.027 0.027 0.027 0.027 0.027 0.027 0.027 0.027 0.027 0.027 0.027 0.027 0.027 0.027 0.027 
 26   H149.2    (0)    1 :  0.027 0.026 0.027 0.027 0.027 0.027 0.027 0.027 0.027 0.027 0.027 0.027 0.027 0.027 0.027 0.027 0.027 0.027 0.027 0.027 0.027 0.027 0.027 0.027 0.027 0.027 0.027 0.027 0.027 0.027 0.027 0.027 0.027 0.027 0.027 0.027 0.027 
 27   H149.3    (0)    1 :  0.027 0.027 0.027 0.027 0.027 0.027 0.027 0.027 0.027 0.027 0.027 0.027 0.027 0.027 0.027 0.027 0.027 0.027 0.027 0.027 0.026 0.027 0.027 0.027 0.027 0.027 0.027 0.027 0.027 0.027 0.027 0.027 0.027 0.027 0.027 0.027 0.027 
 28   H149.4    (0)    1 :  0.027 0.027 0.027 0.027 0.027 0.027 0.027 0.027 0.027 0.027 0.027 0.027 0.027 0.027 0.027 0.027 0.027 0.027 0.027 0.027 0.027 0.027 0.027 0.027 0.027 0.027 0.027 0.027 0.027 0.027 0.027 0.027 0.027 0.027 0.027 0.027 0.027 
 29   H149.5    (0)    1 :  0.027 0.027 0.027 0.027 0.027 0.027 0.027 0.027 0.027 0.027 0.027 0.027 0.027 0.027 0.027 0.026 0.027 0.027 0.027 0.027 0.027 0.027 0.027 0.027 0.027 0.027 0.027 0.027 0.027 0.027 0.027 0.027 0.027 0.027 0.027 0.027 0.027 
 30   H149.6    (0)    1 :  0.027 0.027 0.027 0.027 0.027 0.027 0.027 0.027 0.027 0.027 0.027 0.027 0.028 0.027 0.027 0.027 0.027 0.027 0.027 0.027 0.027 0.027 0.027 0.027 0.027 0.027 0.027 0.027 0.027 0.027 0.027 0.027 0.027 0.027 0.027 0.027 0.027 
 31   H149.7    (0)    1 :  0.027 0.027 0.027 0.027 0.027 0.027 0.027 0.027 0.027 0.027 0.027 0.027 0.027 0.027 0.027 0.027 0.027 0.027 0.027 0.027 0.027 0.027 0.027 0.027 0.027 0.027 0.027 0.027 0.027 0.027 0.027 0.027 0.027 0.028 0.027 0.027 0.027 
 32   H150.1    (0)    1 :  0.027 0.027 0.027 0.026 0.027 0.027 0.027 0.027 0.027 0.027 0.027 0.027 0.027 0.027 0.027 0.028 0.027 0.027 0.027 0.027 0.028 0.027 0.027 0.027 0.027 0.027 0.027 0.027 0.027 0.027 0.027 0.027 0.027 0.027 0.027 0.027 0.027 
 33   H150.2    (0)    1 :  0.027 0.027 0.027 0.027 0.027 0.027 0.027 0.028 0.027 0.027 0.027 0.027 0.027 0.027 0.027 0.027 0.027 0.027 0.027 0.027 0.027 0.027 0.027 0.027 0.027 0.027 0.027 0.027 0.027 0.027 0.027 0.027 0.027 0.028 0.027 0.027 0.027 
 34   H150.3    (0)    1 :  0.027 0.026 0.027 0.027 0.027 0.027 0.027 0.027 0.027 0.027 0.027 0.027 0.027 0.027 0.027 0.027 0.027 0.027 0.027 0.027 0.027 0.027 0.027 0.027 0.027 0.027 0.027 0.027 0.027 0.027 0.027 0.027 0.027 0.026 0.027 0.027 0.027 
 35   H150.4    (0)    1 :  0.027 0.027 0.027 0.027 0.027 0.027 0.027 0.027 0.027 0.027 0.027 0.027 0.027 0.027 0.027 0.028 0.027 0.027 0.027 0.027 0.027 0.027 0.027 0.027 0.027 0.027 0.027 0.027 0.027 0.027 0.027 0.027 0.027 0.027 0.027 0.027 0.027 
 36   H150.5    (0)    1 :  0.027 0.027 0.027 0.027 0.027 0.027 0.027 0.027 0.027 0.027 0.027 0.027 0.027 0.027 0.027 0.027 0.027 0.027 0.027 0.027 0.027 0.027 0.027 0.027 0.027 0.027 0.027 0.026 0.027 0.027 0.027 0.027 0.027 0.027 0.027 0.027 0.027 
 37   H150.6    (0)    1 :  0.027 0.027 0.027 0.028 0.027 0.027 0.027 0.027 0.027 0.027 0.028 0.027 0.027 0.027 0.027 0.027 0.027 0.027 0.027 0.027 0.027 0.027 0.027 0.027 0.027 0.027 0.027 0.027 0.027 0.027 0.027 0.027 0.027 0.027 0.027 0.027 0.027 
 38   H150.7    (0)    1 :  0.027 0.027 0.027 0.026 0.027 0.027 0.027 0.027 0.027 0.027 0.027 0.027 0.027 0.027 0.027 0.028 0.027 0.027 0.027 0.027 0.027 0.027 0.027 0.027 0.027 0.027 0.027 0.027 0.027 0.027 0.027 0.027 0.027 0.027 0.027 0.027 0.027 
 39 H169607.1    (0)    1 :  0.027 0.027 0.027 0.027 0.027 0.027 0.027 0.027 0.027 0.027 0.028 0.027 0.027 0.027 0.027 0.027 0.027 0.027 0.027 0.027 0.027 0.027 0.027 0.027 0.027 0.027 0.027 0.027 0.027 0.027 0.027 0.027 0.027 0.027 0.027 0.027 0.027 
 40 H169607.2    (0)    1 :  0.027 0.027 0.027 0.027 0.027 0.028 0.027 0.027 0.027 0.027 0.027 0.027 0.027 0.027 0.027 0.027 0.027 0.027 0.027 0.027 0.027 0.027 0.027 0.027 0.027 0.027 0.027 0.027 0.027 0.027 0.027 0.027 0.027 0.027 0.027 0.027 0.027 
 41 H169607.3    (0)    1 :  0.027 0.027 0.027 0.026 0.027 0.027 0.027 0.027 0.027 0.027 0.027 0.027 0.027 0.027 0.027 0.027 0.027 0.027 0.027 0.027 0.027 0.027 0.027 0.028 0.027 0.027 0.026 0.027 0.027 0.027 0.027 0.027 0.027 0.027 0.027 0.027 0.027 
 42 H169607.4    (0)    1 :  0.027 0.027 0.027 0.027 0.027 0.027 0.027 0.027 0.027 0.027 0.027 0.027 0.027 0.027 0.027 0.027 0.027 0.027 0.027 0.027 0.027 0.027 0.027 0.027 0.027 0.027 0.027 0.027 0.027 0.027 0.027 0.027 0.027 0.027 0.027 0.027 0.027 
 43 H169607.5    (0)    1 :  0.027 0.027 0.027 0.027 0.027 0.027 0.027 0.027 0.027 0.027 0.027 0.027 0.027 0.027 0.027 0.027 0.027 0.027 0.027 0.027 0.027 0.027 0.027 0.027 0.027 0.027 0.027 0.027 0.027 0.027 0.027 0.027 0.027 0.026 0.027 0.027 0.027 
 44 H169607.6    (0)    1 :  0.027 0.027 0.027 0.027 0.027 0.027 0.027 0.027 0.027 0.027 0.027 0.027 0.027 0.027 0.027 0.027 0.027 0.027 0.027 0.027 0.027 0.027 0.027 0.027 0.027 0.027 0.027 0.027 0.027 0.027 0.027 0.027 0.027 0.027 0.027 0.027 0.027 
 45 H169607.7    (0)    1 :  0.027 0.027 0.027 0.027 0.027 0.027 0.027 0.027 0.027 0.027 0.027 0.027 0.027 0.027 0.027 0.027 0.027 0.027 0.027 0.027 0.027 0.027 0.027 0.028 0.027 0.027 0.027 0.027 0.027 0.028 0.027 0.027 0.027 0.027 0.027 0.027 0.027 
 46 H169607.8    (0)    1 :  0.027 0.027 0.027 0.027 0.027 0.028 0.027 0.027 0.027 0.027 0.027 0.027 0.027 0.027 0.027 0.027 0.027 0.027 0.027 0.027 0.028 0.027 0.027 0.027 0.027 0.027 0.027 0.027 0.027 0.027 0.027 0.027 0.027 0.027 0.027 0.027 0.027 
 47 H169633.1    (0)    1 :  0.027 0.027 0.027 0.027 0.027 0.027 0.027 0.027 0.027 0.027 0.027 0.027 0.027 0.027 0.027 0.027 0.027 0.027 0.027 0.027 0.027 0.027 0.027 0.027 0.027 0.027 0.027 0.027 0.027 0.027 0.027 0.028 0.027 0.027 0.028 0.027 0.027 
 48 H169633.2    (0)    1 :  0.027 0.027 0.027 0.027 0.027 0.027 0.027 0.027 0.027 0.027 0.027 0.028 0.027 0.027 0.027 0.027 0.027 0.027 0.027 0.027 0.027 0.027 0.027 0.027 0.027 0.027 0.027 0.027 0.027 0.027 0.027 0.027 0.027 0.027 0.027 0.027 0.027 
 49 H169633.3    (0)    1 :  0.027 0.027 0.027 0.027 0.027 0.027 0.027 0.027 0.027 0.027 0.027 0.027 0.027 0.027 0.027 0.027 0.027 0.027 0.027 0.027 0.027 0.027 0.027 0.027 0.027 0.027 0.027 0.027 0.027 0.027 0.027 0.027 0.027 0.027 0.027 0.027 0.027 
 50 H169633.4    (0)    1 :  0.027 0.027 0.027 0.027 0.027 0.028 0.027 0.027 0.027 0.027 0.027 0.027 0.027 0.027 0.027 0.027 0.027 0.027 0.027 0.027 0.027 0.027 0.027 0.027 0.027 0.027 0.027 0.027 0.027 0.027 0.027 0.027 0.027 0.027 0.028 0.027 0.027 
 51 H169633.5    (0)    1 :  0.027 0.027 0.027 0.027 0.027 0.028 0.027 0.027 0.027 0.027 0.027 0.027 0.027 0.027 0.027 0.027 0.027 0.027 0.027 0.027 0.027 0.027 0.027 0.027 0.027 0.027 0.027 0.027 0.027 0.027 0.027 0.027 0.027 0.027 0.027 0.027 0.027 
 52 H169688.1    (0)    1 :  0.027 0.027 0.027 0.027 0.027 0.028 0.027 0.027 0.027 0.027 0.027 0.027 0.027 0.027 0.027 0.027 0.027 0.027 0.027 0.027 0.027 0.027 0.027 0.027 0.027 0.027 0.027 0.027 0.027 0.027 0.027 0.027 0.027 0.027 0.027 0.027 0.027 
 53 H169688.2    (0)    1 :  0.027 0.027 0.027 0.027 0.027 0.027 0.027 0.027 0.027 0.027 0.027 0.027 0.027 0.027 0.027 0.027 0.027 0.027 0.027 0.027 0.027 0.027 0.027 0.027 0.027 0.027 0.027 0.027 0.027 0.027 0.027 0.027 0.027 0.027 0.027 0.027 0.027 
 54 H169688.3    (0)    1 :  0.027 0.027 0.027 0.027 0.027 0.027 0.027 0.027 0.027 0.027 0.027 0.027 0.027 0.027 0.027 0.027 0.027 0.027 0.027 0.027 0.027 0.027 0.027 0.027 0.027 0.027 0.027 0.027 0.027 0.027 0.027 0.027 0.027 0.027 0.027 0.027 0.027 
 55 H169688.4    (0)    1 :  0.027 0.027 0.027 0.027 0.027 0.027 0.027 0.027 0.027 0.027 0.027 0.027 0.027 0.027 0.027 0.027 0.027 0.027 0.027 0.027 0.027 0.027 0.027 0.027 0.027 0.027 0.027 0.027 0.027 0.027 0.027 0.027 0.027 0.027 0.027 0.027 0.027 
 56 H169688.5    (0)    1 :  0.027 0.027 0.027 0.027 0.027 0.027 0.027 0.027 0.027 0.027 0.027 0.028 0.027 0.028 0.027 0.026 0.027 0.027 0.027 0.027 0.027 0.027 0.027 0.027 0.027 0.027 0.027 0.027 0.027 0.027 0.027 0.027 0.027 0.027 0.027 0.027 0.027 
 57 H169688.6    (0)    1 :  0.027 0.027 0.027 0.027 0.027 0.027 0.027 0.027 0.027 0.026 0.027 0.027 0.027 0.027 0.027 0.027 0.028 0.027 0.027 0.027 0.027 0.027 0.028 0.027 0.027 0.027 0.027 0.027 0.027 0.027 0.027 0.027 0.027 0.027 0.027 0.027 0.027 
 58 H169688.7    (0)    1 :  0.027 0.027 0.027 0.027 0.027 0.027 0.027 0.027 0.027 0.027 0.027 0.027 0.027 0.027 0.027 0.027 0.027 0.027 0.027 0.027 0.027 0.027 0.027 0.028 0.027 0.027 0.027 0.027 0.027 0.027 0.027 0.028 0.027 0.027 0.027 0.027 0.027 
 59 H171901.1    (0)    1 :  0.027 0.027 0.027 0.026 0.027 0.027 0.028 0.027 0.027 0.027 0.027 0.027 0.027 0.027 0.027 0.027 0.027 0.027 0.027 0.027 0.028 0.027 0.027 0.027 0.027 0.027 0.027 0.027 0.027 0.027 0.027 0.027 0.027 0.027 0.027 0.027 0.027 
 60 H171901.2    (0)    1 :  0.027 0.027 0.027 0.027 0.027 0.027 0.027 0.027 0.027 0.027 0.027 0.027 0.027 0.027 0.027 0.027 0.027 0.027 0.027 0.027 0.027 0.027 0.027 0.027 0.027 0.027 0.027 0.027 0.027 0.027 0.027 0.027 0.027 0.027 0.027 0.027 0.027 
 61 H171901.3    (0)    1 :  0.027 0.027 0.027 0.027 0.027 0.027 0.027 0.027 0.027 0.027 0.027 0.027 0.027 0.027 0.027 0.027 0.027 0.027 0.027 0.028 0.026 0.027 0.027 0.028 0.027 0.027 0.027 0.027 0.027 0.027 0.027 0.027 0.027 0.027 0.027 0.027 0.027 
 62 H171901.4    (0)    1 :  0.027 0.027 0.027 0.027 0.027 0.027 0.027 0.027 0.027 0.027 0.027 0.027 0.027 0.027 0.027 0.027 0.027 0.027 0.027 0.027 0.027 0.027 0.027 0.027 0.027 0.027 0.027 0.027 0.027 0.027 0.027 0.027 0.027 0.027 0.027 0.027 0.027 
 63 H171901.5    (0)    1 :  0.027 0.027 0.027 0.027 0.027 0.027 0.027 0.027 0.027 0.027 0.027 0.027 0.027 0.027 0.027 0.027 0.027 0.027 0.027 0.027 0.027 0.027 0.027 0.027 0.027 0.027 0.027 0.027 0.027 0.027 0.027 0.027 0.027 0.027 0.027 0.027 0.027 
 64 H171901.6    (0)    1 :  0.027 0.027 0.027 0.027 0.027 0.027 0.027 0.027 0.027 0.027 0.027 0.027 0.027 0.027 0.027 0.027 0.027 0.027 0.027 0.027 0.027 0.027 0.027 0.027 0.027 0.027 0.027 0.027 0.027 0.027 0.027 0.027 0.027 0.027 0.027 0.027 0.027 
 65 H171901.7    (0)    1 :  0.027 0.027 0.027 0.027 0.027 0.027 0.027 0.026 0.027 0.027 0.027 0.027 0.027 0.027 0.027 0.027 0.027 0.027 0.027 0.027 0.027 0.027 0.027 0.027 0.027 0.027 0.027 0.027 0.027 0.027 0.027 0.027 0.027 0.027 0.027 0.027 0.027 
 66 H171902.1    (0)    1 :  0.027 0.027 0.027 0.027 0.027 0.027 0.027 0.027 0.027 0.027 0.027 0.027 0.027 0.027 0.027 0.028 0.027 0.027 0.027 0.027 0.027 0.027 0.027 0.027 0.027 0.027 0.027 0.027 0.027 0.027 0.027 0.027 0.027 0.027 0.027 0.027 0.027 
 67 H171902.10    (0)    1 :  0.027 0.027 0.028 0.027 0.027 0.027 0.026 0.027 0.027 0.027 0.027 0.027 0.027 0.027 0.027 0.027 0.027 0.027 0.028 0.027 0.028 0.027 0.027 0.027 0.027 0.027 0.027 0.027 0.027 0.027 0.027 0.027 0.027 0.027 0.027 0.027 0.027 
 68 H171902.2    (0)    1 :  0.027 0.027 0.027 0.027 0.027 0.027 0.027 0.027 0.027 0.027 0.027 0.027 0.027 0.027 0.027 0.027 0.027 0.027 0.027 0.028 0.027 0.027 0.026 0.027 0.027 0.027 0.027 0.026 0.027 0.027 0.027 0.027 0.027 0.027 0.027 0.028 0.027 
 69 H171902.3    (0)    1 :  0.027 0.027 0.027 0.027 0.027 0.027 0.027 0.027 0.027 0.027 0.027 0.027 0.026 0.027 0.027 0.027 0.027 0.027 0.027 0.027 0.027 0.027 0.027 0.027 0.027 0.027 0.027 0.027 0.027 0.026 0.027 0.027 0.027 0.028 0.027 0.027 0.027 
 70 H171902.4    (0)    1 :  0.027 0.027 0.027 0.027 0.027 0.027 0.027 0.027 0.027 0.027 0.027 0.027 0.027 0.027 0.027 0.027 0.027 0.027 0.027 0.027 0.027 0.027 0.027 0.027 0.027 0.027 0.027 0.027 0.027 0.027 0.027 0.027 0.027 0.027 0.027 0.027 0.027 
 71 H171902.6    (0)    1 :  0.027 0.027 0.027 0.027 0.027 0.027 0.027 0.028 0.027 0.027 0.027 0.027 0.027 0.027 0.027 0.027 0.027 0.027 0.027 0.027 0.027 0.027 0.027 0.027 0.027 0.027 0.027 0.027 0.027 0.027 0.027 0.027 0.027 0.027 0.027 0.027 0.027 
 72 H171902.7    (0)    1 :  0.028 0.027 0.027 0.027 0.027 0.027 0.027 0.027 0.027 0.027 0.027 0.027 0.027 0.027 0.027 0.027 0.027 0.027 0.027 0.027 0.027 0.027 0.027 0.027 0.027 0.027 0.027 0.027 0.027 0.027 0.027 0.027 0.027 0.027 0.027 0.027 0.027 
 73 H171902.8    (0)    1 :  0.027 0.027 0.027 0.027 0.027 0.027 0.027 0.027 0.027 0.027 0.027 0.027 0.027 0.027 0.027 0.027 0.027 0.027 0.027 0.027 0.027 0.027 0.027 0.027 0.027 0.027 0.027 0.027 0.027 0.027 0.027 0.027 0.027 0.027 0.027 0.027 0.027 
 74 H171902.9    (9)    1 :  0.027 0.027 0.027 0.027 0.027 0.027 0.027 0.027 0.027 0.027 0.027 0.027 0.027 0.027 0.027 0.027 0.027 0.027 0.027 0.027 0.027 0.027 0.027 0.027 0.027 0.027 0.027 0.027 0.027 0.027 0.027 0.027 0.027 0.027 0.027 0.027 0.027 
 75 H171903.1    (0)    1 :  0.027 0.027 0.027 0.027 0.027 0.027 0.028 0.027 0.027 0.027 0.027 0.027 0.027 0.027 0.027 0.027 0.027 0.027 0.027 0.027 0.027 0.027 0.027 0.027 0.027 0.027 0.027 0.027 0.027 0.027 0.027 0.027 0.027 0.027 0.028 0.027 0.026 
 76 H171903.2    (0)    1 :  0.027 0.027 0.027 0.027 0.027 0.027 0.027 0.027 0.027 0.027 0.027 0.027 0.027 0.027 0.027 0.027 0.028 0.027 0.027 0.027 0.027 0.027 0.027 0.027 0.027 0.027 0.027 0.027 0.027 0.027 0.027 0.027 0.027 0.027 0.027 0.027 0.027 
 77 H171903.3    (0)    1 :  0.027 0.027 0.027 0.027 0.027 0.028 0.027 0.027 0.027 0.027 0.027 0.027 0.027 0.027 0.027 0.027 0.027 0.027 0.027 0.027 0.027 0.027 0.027 0.027 0.027 0.027 0.027 0.027 0.027 0.027 0.027 0.027 0.027 0.027 0.027 0.027 0.027 
 78 H171903.4    (0)    1 :  0.027 0.027 0.027 0.027 0.027 0.027 0.027 0.027 0.027 0.027 0.027 0.027 0.027 0.027 0.027 0.027 0.027 0.027 0.027 0.027 0.027 0.027 0.027 0.027 0.027 0.027 0.027 0.027 0.027 0.027 0.027 0.026 0.027 0.027 0.027 0.027 0.027 
 79 H171903.5    (0)    1 :  0.027 0.027 0.027 0.027 0.027 0.027 0.027 0.027 0.027 0.027 0.027 0.027 0.027 0.027 0.027 0.027 0.027 0.027 0.027 0.027 0.027 0.027 0.027 0.027 0.027 0.027 0.027 0.027 0.027 0.027 0.027 0.027 0.027 0.027 0.027 0.027 0.027 
 80 H171903.6    (0)    1 :  0.027 0.027 0.027 0.027 0.027 0.027 0.027 0.027 0.027 0.027 0.027 0.027 0.027 0.027 0.027 0.027 0.027 0.027 0.027 0.027 0.027 0.027 0.027 0.027 0.027 0.028 0.027 0.027 0.027 0.027 0.027 0.027 0.027 0.027 0.027 0.027 0.027 
 81   H177.1    (0)    1 :  0.027 0.027 0.027 0.027 0.027 0.027 0.027 0.027 0.027 0.027 0.027 0.027 0.027 0.027 0.027 0.027 0.027 0.027 0.027 0.027 0.027 0.027 0.027 0.027 0.027 0.027 0.027 0.027 0.027 0.027 0.027 0.027 0.027 0.027 0.027 0.027 0.027 
 82   H177.2    (0)    1 :  0.027 0.027 0.027 0.028 0.027 0.027 0.027 0.027 0.027 0.027 0.027 0.027 0.027 0.027 0.027 0.027 0.027 0.027 0.027 0.027 0.027 0.027 0.027 0.027 0.027 0.027 0.027 0.027 0.027 0.027 0.027 0.027 0.027 0.027 0.027 0.027 0.027 
 83   H177.3    (0)    1 :  0.027 0.027 0.027 0.028 0.027 0.027 0.027 0.027 0.027 0.027 0.027 0.027 0.027 0.027 0.027 0.027 0.027 0.027 0.027 0.027 0.027 0.027 0.027 0.027 0.027 0.027 0.027 0.027 0.027 0.027 0.027 0.027 0.027 0.027 0.027 0.027 0.027 
 84   H177.4    (0)    1 :  0.027 0.027 0.027 0.027 0.027 0.027 0.027 0.027 0.027 0.027 0.027 0.027 0.027 0.027 0.027 0.027 0.027 0.027 0.027 0.027 0.027 0.027 0.027 0.027 0.027 0.027 0.027 0.027 0.027 0.027 0.027 0.027 0.027 0.027 0.027 0.027 0.027 
 85   H177.5    (0)    1 :  0.027 0.027 0.027 0.027 0.027 0.027 0.027 0.027 0.027 0.027 0.027 0.027 0.027 0.027 0.027 0.027 0.027 0.027 0.027 0.027 0.027 0.027 0.027 0.027 0.027 0.027 0.027 0.027 0.027 0.027 0.027 0.027 0.027 0.027 0.027 0.027 0.027 
 86   H177.6    (0)    1 :  0.027 0.027 0.027 0.027 0.027 0.027 0.027 0.027 0.027 0.027 0.027 0.027 0.027 0.027 0.027 0.027 0.027 0.027 0.027 0.027 0.027 0.027 0.027 0.027 0.027 0.027 0.027 0.027 0.027 0.027 0.027 0.027 0.027 0.027 0.027 0.027 0.027 
 87   H179.1    (0)    1 :  0.027 0.027 0.027 0.027 0.027 0.027 0.027 0.027 0.027 0.027 0.027 0.027 0.027 0.027 0.027 0.027 0.028 0.027 0.027 0.027 0.027 0.027 0.027 0.027 0.028 0.027 0.027 0.027 0.027 0.027 0.027 0.027 0.027 0.027 0.027 0.027 0.027 
 88   H179.2    (0)    1 :  0.027 0.027 0.027 0.027 0.027 0.027 0.027 0.027 0.027 0.027 0.027 0.027 0.027 0.027 0.027 0.027 0.027 0.027 0.027 0.027 0.027 0.027 0.027 0.027 0.027 0.027 0.027 0.027 0.027 0.027 0.027 0.027 0.027 0.027 0.027 0.027 0.027 
 89   H179.3    (0)    1 :  0.027 0.027 0.027 0.027 0.027 0.027 0.027 0.027 0.027 0.027 0.027 0.027 0.027 0.027 0.027 0.027 0.027 0.027 0.027 0.027 0.027 0.027 0.027 0.027 0.027 0.027 0.027 0.027 0.028 0.027 0.027 0.027 0.027 0.028 0.027 0.027 0.027 
 90   H179.4    (0)    1 :  0.027 0.027 0.027 0.027 0.027 0.027 0.027 0.027 0.027 0.027 0.027 0.027 0.027 0.027 0.027 0.027 0.027 0.027 0.027 0.027 0.027 0.027 0.027 0.027 0.026 0.027 0.027 0.027 0.027 0.027 0.027 0.027 0.027 0.027 0.027 0.027 0.027 
 91   H180.1    (0)    1 :  0.027 0.027 0.027 0.027 0.027 0.027 0.027 0.027 0.027 0.027 0.027 0.027 0.027 0.027 0.027 0.027 0.027 0.027 0.027 0.027 0.027 0.027 0.027 0.027 0.027 0.027 0.027 0.027 0.027 0.027 0.027 0.027 0.027 0.027 0.027 0.027 0.027 
 92   H180.2    (0)    1 :  0.027 0.027 0.027 0.027 0.027 0.027 0.027 0.027 0.027 0.027 0.027 0.027 0.027 0.027 0.027 0.027 0.027 0.027 0.027 0.027 0.027 0.027 0.027 0.027 0.027 0.027 0.027 0.027 0.027 0.027 0.027 0.027 0.027 0.027 0.027 0.027 0.027 
 93   H180.3    (0)    1 :  0.027 0.027 0.027 0.027 0.027 0.027 0.027 0.027 0.027 0.027 0.027 0.026 0.027 0.027 0.027 0.028 0.027 0.027 0.027 0.027 0.027 0.027 0.027 0.027 0.027 0.027 0.027 0.027 0.027 0.027 0.027 0.027 0.027 0.027 0.027 0.027 0.027 
 94   H180.4    (0)    1 :  0.027 0.028 0.027 0.027 0.027 0.027 0.027 0.027 0.027 0.027 0.027 0.027 0.027 0.027 0.027 0.027 0.028 0.027 0.027 0.027 0.027 0.027 0.027 0.027 0.027 0.027 0.027 0.027 0.027 0.027 0.027 0.027 0.027 0.027 0.027 0.027 0.027 
 95   H180.5    (0)    1 :  0.027 0.027 0.028 0.027 0.027 0.027 0.027 0.027 0.027 0.027 0.027 0.027 0.027 0.027 0.027 0.027 0.027 0.027 0.027 0.027 0.027 0.027 0.027 0.027 0.027 0.027 0.027 0.027 0.027 0.027 0.027 0.027 0.027 0.027 0.027 0.027 0.027 
 96   H180.6    (0)    1 :  0.027 0.027 0.027 0.027 0.027 0.027 0.027 0.027 0.027 0.027 0.027 0.027 0.027 0.027 0.027 0.027 0.027 0.027 0.027 0.027 0.027 0.027 0.027 0.027 0.027 0.027 0.027 0.027 0.027 0.027 0.027 0.027 0.028 0.027 0.027 0.027 0.027 
 97   H181.1    (0)    1 :  0.027 0.027 0.027 0.027 0.027 0.027 0.027 0.027 0.027 0.027 0.027 0.027 0.027 0.027 0.027 0.027 0.027 0.027 0.027 0.028 0.027 0.027 0.027 0.027 0.027 0.027 0.027 0.027 0.027 0.027 0.027 0.027 0.027 0.027 0.027 0.027 0.027 
 98   H181.2    (0)    1 :  0.027 0.027 0.027 0.027 0.027 0.027 0.027 0.027 0.027 0.027 0.027 0.027 0.027 0.027 0.027 0.027 0.027 0.027 0.027 0.027 0.027 0.027 0.027 0.027 0.027 0.027 0.027 0.027 0.028 0.027 0.027 0.027 0.027 0.027 0.027 0.027 0.027 
 99   H181.3    (0)    1 :  0.027 0.027 0.027 0.027 0.027 0.027 0.027 0.027 0.027 0.027 0.027 0.027 0.027 0.027 0.027 0.027 0.027 0.027 0.027 0.027 0.027 0.027 0.027 0.027 0.027 0.027 0.027 0.027 0.027 0.027 0.027 0.027 0.026 0.027 0.027 0.027 0.027 
100   H181.4    (0)    1 :  0.027 0.027 0.027 0.027 0.027 0.027 0.027 0.027 0.027 0.027 0.027 0.027 0.027 0.027 0.027 0.027 0.027 0.027 0.027 0.027 0.027 0.027 0.027 0.027 0.027 0.027 0.027 0.027 0.027 0.027 0.027 0.027 0.027 0.027 0.027 0.027 0.027 
101   H181.5    (0)    1 :  0.027 0.027 0.027 0.027 0.027 0.027 0.027 0.027 0.027 0.027 0.027 0.027 0.027 0.027 0.027 0.027 0.027 0.027 0.027 0.027 0.027 0.027 0.027 0.027 0.027 0.027 0.027 0.027 0.027 0.027 0.027 0.027 0.027 0.027 0.027 0.027 0.027 
102   H181.6    (0)    1 :  0.027 0.027 0.027 0.027 0.027 0.027 0.027 0.027 0.027 0.027 0.028 0.027 0.027 0.027 0.027 0.027 0.027 0.027 0.027 0.027 0.027 0.027 0.027 0.027 0.027 0.027 0.027 0.027 0.027 0.027 0.027 0.027 0.027 0.027 0.027 0.027 0.027 
103   H181.7    (0)    1 :  0.027 0.027 0.027 0.027 0.027 0.027 0.027 0.027 0.027 0.026 0.027 0.027 0.027 0.027 0.027 0.027 0.027 0.027 0.027 0.027 0.027 0.027 0.027 0.027 0.027 0.027 0.027 0.027 0.027 0.027 0.027 0.027 0.027 0.027 0.027 0.027 0.027 
104 H194.1_2004    (0)    1 :  0.027 0.027 0.027 0.027 0.027 0.027 0.027 0.027 0.027 0.027 0.027 0.027 0.027 0.027 0.027 0.027 0.027 0.027 0.027 0.027 0.027 0.027 0.027 0.027 0.027 0.027 0.027 0.027 0.027 0.027 0.027 0.027 0.027 0.027 0.027 0.027 0.027 
105 H194.2_2004    (0)    1 :  0.027 0.027 0.027 0.027 0.027 0.027 0.027 0.027 0.027 0.027 0.027 0.027 0.027 0.027 0.027 0.027 0.027 0.027 0.027 0.027 0.027 0.027 0.027 0.027 0.027 0.027 0.027 0.027 0.027 0.027 0.027 0.027 0.027 0.027 0.027 0.027 0.027 
106 H194.3_2004    (0)    1 :  0.027 0.027 0.027 0.028 0.027 0.027 0.027 0.027 0.027 0.027 0.027 0.027 0.027 0.027 0.027 0.026 0.027 0.027 0.027 0.027 0.027 0.027 0.027 0.027 0.027 0.027 0.027 0.027 0.027 0.027 0.027 0.027 0.027 0.027 0.027 0.027 0.027 
107 H194.4_2004    (0)    1 :  0.027 0.027 0.027 0.027 0.027 0.027 0.027 0.027 0.027 0.027 0.027 0.027 0.027 0.027 0.027 0.026 0.027 0.027 0.027 0.027 0.027 0.027 0.027 0.027 0.027 0.027 0.027 0.028 0.027 0.027 0.027 0.027 0.027 0.027 0.027 0.027 0.027 
108 H194.5_2004    (0)    1 :  0.027 0.027 0.027 0.027 0.027 0.027 0.027 0.027 0.027 0.027 0.027 0.027 0.027 0.027 0.027 0.027 0.027 0.027 0.027 0.027 0.027 0.027 0.027 0.027 0.027 0.027 0.027 0.027 0.027 0.027 0.027 0.027 0.027 0.027 0.027 0.027 0.027 
109 H194.6_2004    (0)    1 :  0.027 0.027 0.027 0.027 0.027 0.027 0.027 0.027 0.027 0.027 0.027 0.027 0.027 0.027 0.027 0.027 0.027 0.027 0.027 0.027 0.027 0.027 0.027 0.027 0.027 0.027 0.027 0.027 0.027 0.027 0.027 0.027 0.027 0.027 0.027 0.027 0.027 
110 H194.7_2004    (0)    1 :  0.027 0.027 0.027 0.027 0.027 0.027 0.027 0.027 0.027 0.027 0.027 0.027 0.027 0.027 0.027 0.027 0.027 0.027 0.027 0.027 0.027 0.027 0.027 0.027 0.027 0.027 0.027 0.027 0.027 0.027 0.027 0.027 0.027 0.027 0.027 0.027 0.027 
111 H194.8_2004    (0)    1 :  0.027 0.027 0.027 0.027 0.027 0.027 0.027 0.027 0.027 0.027 0.027 0.027 0.027 0.027 0.027 0.027 0.027 0.027 0.027 0.027 0.027 0.027 0.027 0.027 0.027 0.027 0.027 0.027 0.027 0.027 0.027 0.027 0.027 0.027 0.027 0.027 0.027 
112   H194.9    (0)    1 :  0.027 0.027 0.027 0.027 0.027 0.027 0.027 0.028 0.027 0.027 0.027 0.027 0.027 0.027 0.027 0.027 0.027 0.027 0.027 0.027 0.027 0.027 0.027 0.027 0.027 0.027 0.027 0.027 0.027 0.027 0.027 0.027 0.027 0.027 0.027 0.027 0.027 
113 H195.1_2003    (0)    1 :  0.027 0.027 0.027 0.027 0.027 0.027 0.027 0.027 0.027 0.027 0.027 0.027 0.027 0.027 0.027 0.027 0.027 0.027 0.027 0.027 0.027 0.027 0.027 0.027 0.027 0.027 0.027 0.027 0.027 0.027 0.027 0.027 0.027 0.027 0.027 0.027 0.027 
114 H195.1_2004    (0)    1 :  0.027 0.027 0.027 0.028 0.027 0.027 0.027 0.027 0.027 0.027 0.027 0.027 0.027 0.027 0.027 0.027 0.027 0.027 0.027 0.027 0.027 0.027 0.027 0.027 0.027 0.027 0.027 0.028 0.027 0.027 0.027 0.027 0.027 0.027 0.027 0.027 0.027 
115 H195.2_2003    (0)    1 :  0.027 0.027 0.027 0.027 0.027 0.027 0.027 0.027 0.027 0.027 0.028 0.027 0.027 0.027 0.027 0.027 0.027 0.027 0.027 0.027 0.027 0.027 0.027 0.027 0.027 0.027 0.027 0.027 0.027 0.027 0.027 0.027 0.027 0.027 0.027 0.027 0.027 
116 H195.2_2004    (0)    1 :  0.027 0.027 0.027 0.027 0.027 0.027 0.027 0.027 0.027 0.027 0.027 0.027 0.027 0.027 0.027 0.027 0.027 0.027 0.027 0.027 0.027 0.027 0.027 0.027 0.027 0.027 0.027 0.027 0.027 0.027 0.027 0.027 0.027 0.027 0.027 0.027 0.027 
117 H195.3_2003    (0)    1 :  0.027 0.027 0.027 0.027 0.027 0.027 0.027 0.027 0.027 0.027 0.027 0.027 0.027 0.027 0.027 0.027 0.027 0.027 0.027 0.027 0.027 0.027 0.027 0.027 0.027 0.027 0.027 0.027 0.027 0.027 0.027 0.027 0.027 0.027 0.027 0.027 0.027 
118 H195.3_2004    (0)    1 :  0.027 0.027 0.027 0.027 0.027 0.027 0.027 0.027 0.027 0.027 0.027 0.027 0.027 0.027 0.027 0.027 0.027 0.027 0.027 0.027 0.027 0.027 0.027 0.028 0.027 0.027 0.027 0.027 0.027 0.027 0.027 0.027 0.027 0.027 0.027 0.027 0.027 
119 H195.4_2003    (0)    1 :  0.027 0.027 0.027 0.027 0.027 0.027 0.028 0.027 0.027 0.027 0.027 0.027 0.027 0.027 0.027 0.027 0.027 0.027 0.027 0.027 0.027 0.027 0.027 0.027 0.027 0.027 0.027 0.027 0.027 0.027 0.027 0.027 0.027 0.027 0.027 0.027 0.027 
120 H195.4_2004    (0)    1 :  0.027 0.027 0.027 0.027 0.027 0.028 0.027 0.027 0.027 0.027 0.027 0.027 0.027 0.027 0.027 0.027 0.027 0.027 0.027 0.027 0.027 0.027 0.027 0.027 0.027 0.027 0.027 0.027 0.027 0.027 0.027 0.027 0.027 0.027 0.027 0.027 0.027 
121 H195.5_2003    (0)    1 :  0.027 0.027 0.027 0.027 0.027 0.027 0.027 0.027 0.027 0.027 0.027 0.028 0.027 0.027 0.027 0.027 0.027 0.027 0.027 0.027 0.027 0.027 0.027 0.027 0.027 0.027 0.027 0.027 0.027 0.027 0.027 0.027 0.027 0.027 0.027 0.027 0.027 
122 H195.5_2004    (0)    1 :  0.027 0.027 0.027 0.027 0.027 0.027 0.027 0.027 0.027 0.027 0.027 0.027 0.027 0.027 0.027 0.027 0.027 0.027 0.027 0.027 0.027 0.027 0.027 0.027 0.027 0.027 0.027 0.027 0.027 0.027 0.027 0.027 0.027 0.027 0.027 0.027 0.027 
123 H195.6_2003    (0)    1 :  0.027 0.027 0.027 0.027 0.027 0.027 0.027 0.027 0.027 0.026 0.027 0.027 0.027 0.027 0.027 0.027 0.027 0.027 0.027 0.027 0.027 0.027 0.027 0.027 0.027 0.027 0.027 0.027 0.027 0.027 0.027 0.027 0.027 0.027 0.027 0.027 0.027 
124 H195.6_2004    (0)    1 :  0.027 0.027 0.027 0.027 0.027 0.027 0.027 0.026 0.027 0.027 0.027 0.027 0.027 0.027 0.027 0.027 0.027 0.027 0.027 0.027 0.027 0.027 0.027 0.027 0.027 0.026 0.027 0.027 0.027 0.027 0.027 0.027 0.027 0.027 0.027 0.027 0.027 
125 H195.7_2003    (0)    1 :  0.027 0.027 0.027 0.027 0.027 0.027 0.027 0.027 0.027 0.027 0.027 0.027 0.027 0.027 0.027 0.027 0.027 0.027 0.027 0.027 0.027 0.027 0.027 0.027 0.027 0.027 0.027 0.027 0.027 0.027 0.027 0.027 0.027 0.027 0.027 0.027 0.027 
126 H195.7_2004    (0)    1 :  0.027 0.027 0.027 0.027 0.027 0.028 0.027 0.027 0.027 0.027 0.026 0.027 0.027 0.027 0.027 0.027 0.027 0.027 0.027 0.027 0.027 0.027 0.027 0.027 0.027 0.027 0.027 0.028 0.027 0.027 0.027 0.027 0.027 0.027 0.027 0.027 0.027 
127   H195.8    (0)    1 :  0.027 0.027 0.027 0.026 0.027 0.027 0.027 0.027 0.027 0.027 0.027 0.026 0.027 0.027 0.027 0.027 0.027 0.027 0.027 0.027 0.027 0.027 0.027 0.027 0.027 0.027 0.027 0.027 0.027 0.027 0.027 0.027 0.027 0.027 0.027 0.027 0.027 
128   H195.9    (0)    1 :  0.027 0.027 0.027 0.028 0.027 0.027 0.027 0.027 0.027 0.027 0.027 0.027 0.027 0.027 0.027 0.027 0.027 0.027 0.027 0.027 0.027 0.027 0.027 0.027 0.027 0.027 0.027 0.027 0.027 0.027 0.027 0.027 0.028 0.027 0.027 0.027 0.027 
129   H415.1    (0)    1 :  0.027 0.027 0.027 0.027 0.027 0.027 0.027 0.027 0.027 0.027 0.027 0.027 0.027 0.027 0.027 0.027 0.027 0.027 0.027 0.027 0.027 0.027 0.027 0.027 0.027 0.027 0.027 0.027 0.027 0.027 0.027 0.027 0.027 0.027 0.027 0.027 0.027 
130   H415.2    (0)    1 :  0.027 0.027 0.027 0.027 0.027 0.027 0.027 0.027 0.027 0.027 0.027 0.027 0.027 0.027 0.027 0.027 0.027 0.027 0.027 0.027 0.027 0.027 0.027 0.027 0.027 0.027 0.027 0.027 0.027 0.027 0.027 0.027 0.027 0.027 0.027 0.027 0.027 
131   H415.3    (0)    1 :  0.027 0.027 0.027 0.027 0.027 0.027 0.027 0.027 0.027 0.027 0.027 0.027 0.027 0.027 0.027 0.027 0.027 0.027 0.027 0.028 0.027 0.027 0.027 0.027 0.027 0.027 0.027 0.027 0.027 0.027 0.027 0.027 0.027 0.027 0.027 0.027 0.027 
132   H415.4    (0)    1 :  0.027 0.027 0.027 0.027 0.027 0.027 0.027 0.027 0.027 0.027 0.028 0.027 0.027 0.027 0.027 0.027 0.027 0.027 0.027 0.027 0.027 0.027 0.027 0.027 0.027 0.027 0.027 0.027 0.027 0.027 0.027 0.027 0.027 0.027 0.027 0.027 0.027 
133   H415.5    (0)    1 :  0.027 0.028 0.027 0.027 0.027 0.027 0.027 0.027 0.027 0.027 0.027 0.027 0.027 0.027 0.027 0.027 0.027 0.027 0.027 0.027 0.027 0.027 0.027 0.027 0.027 0.027 0.027 0.027 0.027 0.027 0.027 0.027 0.027 0.027 0.027 0.027 0.027 
134   H415.6    (0)    1 :  0.027 0.027 0.027 0.027 0.027 0.027 0.027 0.027 0.027 0.027 0.027 0.027 0.027 0.027 0.027 0.027 0.027 0.027 0.027 0.027 0.027 0.027 0.027 0.027 0.027 0.027 0.027 0.027 0.027 0.027 0.027 0.027 0.027 0.027 0.027 0.027 0.027 
135   H415.7    (0)    1 :  0.027 0.027 0.027 0.027 0.027 0.027 0.027 0.027 0.027 0.027 0.027 0.027 0.027 0.027 0.027 0.027 0.027 0.027 0.027 0.027 0.027 0.027 0.027 0.027 0.027 0.027 0.027 0.027 0.027 0.027 0.027 0.027 0.027 0.027 0.027 0.027 0.027 
136   H506.1    (0)    1 :  0.027 0.027 0.027 0.027 0.027 0.027 0.027 0.027 0.027 0.027 0.027 0.027 0.027 0.027 0.027 0.027 0.027 0.027 0.027 0.027 0.027 0.027 0.027 0.027 0.027 0.027 0.027 0.027 0.027 0.027 0.027 0.027 0.027 0.027 0.027 0.027 0.027 
137   H506.2    (0)    1 :  0.027 0.027 0.027 0.027 0.027 0.027 0.027 0.027 0.027 0.027 0.027 0.027 0.027 0.027 0.027 0.027 0.027 0.027 0.027 0.027 0.027 0.027 0.027 0.027 0.027 0.027 0.027 0.027 0.027 0.027 0.027 0.027 0.027 0.027 0.027 0.027 0.027 
138   H506.3    (0)    1 :  0.027 0.027 0.027 0.027 0.027 0.027 0.027 0.027 0.027 0.027 0.027 0.027 0.027 0.027 0.027 0.027 0.027 0.027 0.027 0.027 0.027 0.027 0.027 0.027 0.027 0.027 0.027 0.027 0.028 0.027 0.027 0.027 0.028 0.027 0.027 0.027 0.026 
139   H506.4    (0)    1 :  0.027 0.027 0.027 0.027 0.027 0.027 0.027 0.027 0.027 0.027 0.027 0.027 0.027 0.027 0.027 0.027 0.027 0.027 0.027 0.027 0.027 0.027 0.028 0.027 0.027 0.027 0.027 0.027 0.027 0.027 0.027 0.027 0.027 0.027 0.027 0.027 0.027 
140   H506.5    (0)    1 :  0.027 0.027 0.027 0.027 0.027 0.027 0.028 0.027 0.027 0.027 0.027 0.027 0.027 0.027 0.027 0.027 0.027 0.027 0.027 0.027 0.027 0.027 0.027 0.027 0.027 0.027 0.027 0.027 0.027 0.027 0.027 0.027 0.027 0.027 0.027 0.027 0.026 
141   H506.6    (0)    1 :  0.027 0.027 0.027 0.027 0.027 0.027 0.027 0.027 0.027 0.027 0.027 0.027 0.027 0.027 0.027 0.027 0.027 0.027 0.027 0.027 0.027 0.027 0.027 0.027 0.027 0.027 0.027 0.027 0.027 0.027 0.027 0.027 0.027 0.027 0.027 0.027 0.028 
142   H506.7    (0)    1 :  0.027 0.027 0.027 0.027 0.027 0.027 0.027 0.027 0.027 0.027 0.027 0.027 0.027 0.027 0.027 0.026 0.027 0.027 0.027 0.027 0.027 0.027 0.027 0.027 0.027 0.027 0.027 0.027 0.027 0.027 0.027 0.027 0.027 0.027 0.027 0.027 0.027 
143   H533.1    (0)    1 :  0.027 0.027 0.027 0.027 0.027 0.027 0.027 0.027 0.027 0.027 0.027 0.027 0.027 0.027 0.027 0.027 0.027 0.027 0.027 0.027 0.027 0.027 0.027 0.027 0.027 0.027 0.027 0.027 0.027 0.027 0.027 0.027 0.027 0.027 0.027 0.027 0.027 
144   H533.2    (0)    1 :  0.027 0.027 0.027 0.027 0.027 0.027 0.027 0.027 0.027 0.027 0.027 0.027 0.027 0.027 0.027 0.027 0.027 0.027 0.028 0.027 0.027 0.027 0.027 0.027 0.027 0.027 0.026 0.027 0.027 0.027 0.027 0.027 0.027 0.027 0.027 0.027 0.027 
145   H533.3    (0)    1 :  0.027 0.027 0.027 0.027 0.027 0.027 0.028 0.027 0.027 0.027 0.027 0.027 0.027 0.027 0.027 0.027 0.027 0.027 0.027 0.027 0.027 0.027 0.027 0.027 0.027 0.028 0.027 0.027 0.027 0.026 0.027 0.027 0.027 0.027 0.027 0.027 0.027 
146   H533.4    (0)    1 :  0.027 0.027 0.027 0.027 0.027 0.027 0.027 0.027 0.027 0.027 0.027 0.027 0.027 0.027 0.027 0.027 0.027 0.027 0.027 0.027 0.027 0.027 0.027 0.027 0.027 0.027 0.027 0.027 0.027 0.027 0.027 0.027 0.027 0.027 0.027 0.027 0.027 
147   H535.1    (0)    1 :  0.027 0.027 0.027 0.027 0.027 0.027 0.027 0.027 0.027 0.027 0.027 0.027 0.027 0.027 0.027 0.027 0.027 0.027 0.027 0.027 0.027 0.027 0.027 0.027 0.027 0.027 0.027 0.027 0.027 0.027 0.027 0.027 0.027 0.027 0.027 0.027 0.027 
148   H535.2    (0)    1 :  0.027 0.027 0.027 0.027 0.027 0.027 0.027 0.027 0.027 0.027 0.027 0.027 0.027 0.027 0.027 0.027 0.026 0.027 0.027 0.027 0.027 0.027 0.027 0.028 0.027 0.027 0.027 0.027 0.027 0.027 0.027 0.027 0.027 0.027 0.027 0.027 0.027 
149   H535.3    (0)    1 :  0.027 0.027 0.027 0.027 0.027 0.027 0.027 0.027 0.027 0.027 0.027 0.027 0.027 0.027 0.027 0.027 0.027 0.027 0.027 0.027 0.027 0.027 0.027 0.027 0.027 0.027 0.027 0.027 0.027 0.027 0.027 0.027 0.027 0.027 0.027 0.027 0.027 
150   H535.4    (0)    1 :  0.027 0.027 0.027 0.027 0.027 0.027 0.027 0.027 0.027 0.027 0.027 0.027 0.027 0.027 0.027 0.027 0.027 0.027 0.027 0.027 0.027 0.027 0.027 0.027 0.027 0.027 0.027 0.027 0.027 0.027 0.027 0.027 0.027 0.027 0.027 0.027 0.027 
151   H535.5    (0)    1 :  0.027 0.027 0.027 0.027 0.027 0.027 0.027 0.027 0.027 0.027 0.027 0.027 0.027 0.027 0.027 0.027 0.027 0.027 0.027 0.027 0.027 0.027 0.027 0.027 0.027 0.027 0.027 0.027 0.027 0.027 0.027 0.027 0.027 0.027 0.027 0.027 0.027 
152   H535.6    (0)    1 :  0.027 0.027 0.027 0.027 0.027 0.027 0.027 0.027 0.027 0.027 0.027 0.027 0.027 0.027 0.027 0.028 0.027 0.027 0.027 0.027 0.027 0.027 0.027 0.027 0.027 0.027 0.027 0.027 0.027 0.027 0.027 0.027 0.027 0.027 0.027 0.027 0.027 
153   H535.7    (0)    1 :  0.027 0.027 0.027 0.027 0.027 0.027 0.027 0.027 0.027 0.027 0.027 0.027 0.026 0.027 0.027 0.027 0.027 0.027 0.027 0.027 0.027 0.027 0.027 0.027 0.027 0.027 0.027 0.027 0.027 0.027 0.027 0.027 0.027 0.027 0.027 0.027 0.027 
154   H535.8    (0)    1 :  0.027 0.027 0.027 0.027 0.027 0.027 0.027 0.027 0.027 0.027 0.027 0.027 0.027 0.028 0.027 0.027 0.027 0.027 0.027 0.027 0.027 0.027 0.027 0.027 0.027 0.027 0.027 0.027 0.027 0.027 0.027 0.027 0.027 0.027 0.027 0.027 0.027 
155   H535.9    (0)    1 :  0.027 0.027 0.027 0.027 0.027 0.027 0.027 0.027 0.027 0.027 0.027 0.027 0.027 0.027 0.027 0.027 0.027 0.027 0.027 0.027 0.027 0.027 0.027 0.027 0.027 0.027 0.027 0.027 0.028 0.027 0.027 0.027 0.027 0.027 0.027 0.027 0.027 
156   H539.1    (0)    1 :  0.027 0.027 0.027 0.027 0.027 0.027 0.027 0.027 0.027 0.027 0.027 0.027 0.027 0.027 0.027 0.030 0.027 0.027 0.027 0.027 0.027 0.027 0.027 0.027 0.027 0.027 0.027 0.027 0.027 0.027 0.027 0.027 0.027 0.027 0.027 0.027 0.027 
157   H539.2    (0)    1 :  0.027 0.027 0.027 0.027 0.027 0.027 0.027 0.027 0.027 0.027 0.027 0.027 0.027 0.027 0.027 0.027 0.027 0.027 0.027 0.027 0.027 0.027 0.027 0.027 0.027 0.027 0.027 0.027 0.027 0.027 0.027 0.027 0.027 0.027 0.027 0.027 0.027 
158   H539.3    (9)    1 :  0.027 0.027 0.027 0.027 0.027 0.027 0.027 0.027 0.027 0.027 0.027 0.027 0.027 0.027 0.027 0.028 0.027 0.027 0.027 0.027 0.027 0.027 0.027 0.027 0.027 0.027 0.027 0.027 0.027 0.027 0.027 0.027 0.027 0.027 0.027 0.027 0.027 
159   H539.4    (0)    1 :  0.027 0.027 0.027 0.027 0.027 0.027 0.027 0.027 0.027 0.027 0.028 0.027 0.027 0.026 0.027 0.028 0.027 0.027 0.027 0.027 0.028 0.027 0.027 0.027 0.027 0.027 0.027 0.027 0.027 0.027 0.027 0.027 0.027 0.027 0.027 0.027 0.027 
160   H539.5    (0)    1 :  0.027 0.027 0.027 0.027 0.027 0.027 0.027 0.027 0.027 0.027 0.027 0.027 0.027 0.027 0.027 0.029 0.027 0.027 0.027 0.027 0.027 0.027 0.027 0.027 0.027 0.027 0.027 0.027 0.027 0.027 0.027 0.027 0.027 0.027 0.027 0.027 0.027 
161   H539.6    (0)    1 :  0.028 0.027 0.027 0.027 0.027 0.026 0.027 0.027 0.027 0.027 0.027 0.027 0.027 0.027 0.027 0.029 0.027 0.027 0.027 0.027 0.027 0.027 0.027 0.027 0.027 0.027 0.027 0.027 0.027 0.027 0.027 0.026 0.027 0.027 0.027 0.027 0.027 
162   H539.7    (0)    1 :  0.027 0.027 0.027 0.027 0.027 0.027 0.027 0.027 0.028 0.027 0.027 0.027 0.027 0.027 0.027 0.028 0.027 0.027 0.027 0.027 0.027 0.027 0.027 0.027 0.027 0.027 0.027 0.027 0.027 0.027 0.027 0.027 0.027 0.027 0.027 0.027 0.027 
163   H539.8    (0)    1 :  0.027 0.027 0.027 0.027 0.027 0.027 0.027 0.027 0.027 0.027 0.027 0.027 0.027 0.027 0.027 0.027 0.027 0.027 0.027 0.027 0.027 0.027 0.027 0.028 0.027 0.027 0.027 0.027 0.027 0.027 0.027 0.027 0.027 0.027 0.027 0.027 0.027 
164   H539.9    (0)    1 :  0.027 0.027 0.027 0.027 0.028 0.027 0.027 0.027 0.026 0.027 0.027 0.027 0.027 0.027 0.026 0.029 0.027 0.027 0.027 0.027 0.027 0.027 0.027 0.027 0.027 0.027 0.027 0.027 0.027 0.027 0.027 0.027 0.027 0.027 0.027 0.027 0.027 
165   H540.1    (0)    1 :  0.027 0.026 0.028 0.027 0.028 0.027 0.027 0.027 0.027 0.027 0.027 0.027 0.027 0.027 0.027 0.028 0.027 0.027 0.027 0.027 0.027 0.027 0.027 0.027 0.027 0.027 0.027 0.027 0.027 0.027 0.027 0.027 0.027 0.027 0.027 0.027 0.027 
166   H540.2    (0)    1 :  0.027 0.027 0.027 0.027 0.027 0.027 0.027 0.027 0.027 0.027 0.027 0.027 0.027 0.027 0.027 0.028 0.027 0.027 0.028 0.027 0.027 0.027 0.027 0.027 0.027 0.027 0.027 0.027 0.027 0.027 0.027 0.027 0.027 0.027 0.027 0.027 0.027 
167   H540.3    (0)    1 :  0.027 0.027 0.027 0.027 0.027 0.027 0.027 0.027 0.027 0.027 0.027 0.027 0.027 0.027 0.027 0.027 0.027 0.027 0.027 0.027 0.027 0.027 0.027 0.027 0.027 0.027 0.027 0.028 0.027 0.028 0.027 0.026 0.027 0.027 0.027 0.027 0.027 
168   H540.4    (0)    1 :  0.027 0.027 0.027 0.028 0.027 0.027 0.027 0.027 0.027 0.027 0.027 0.027 0.027 0.027 0.027 0.027 0.027 0.027 0.027 0.027 0.027 0.027 0.027 0.027 0.027 0.027 0.027 0.027 0.027 0.027 0.027 0.027 0.027 0.027 0.027 0.027 0.027 
169   H540.5    (0)    1 :  0.027 0.027 0.027 0.027 0.027 0.027 0.027 0.027 0.027 0.027 0.027 0.027 0.027 0.027 0.027 0.027 0.027 0.027 0.027 0.027 0.027 0.027 0.027 0.027 0.027 0.027 0.027 0.027 0.027 0.027 0.027 0.027 0.027 0.027 0.027 0.027 0.027 
170   H540.6    (0)    1 :  0.027 0.027 0.027 0.027 0.027 0.027 0.027 0.027 0.027 0.027 0.027 0.027 0.027 0.027 0.027 0.028 0.027 0.027 0.027 0.028 0.027 0.027 0.027 0.027 0.027 0.027 0.027 0.027 0.027 0.027 0.027 0.027 0.027 0.027 0.027 0.027 0.027 
171   H540.7    (0)    1 :  0.027 0.027 0.027 0.027 0.027 0.027 0.027 0.027 0.027 0.027 0.027 0.027 0.027 0.027 0.027 0.028 0.027 0.027 0.027 0.027 0.027 0.027 0.027 0.027 0.027 0.027 0.027 0.027 0.027 0.027 0.027 0.027 0.027 0.027 0.027 0.027 0.027 
172   H540.8    (0)    1 :  0.027 0.027 0.027 0.027 0.027 0.027 0.027 0.027 0.027 0.027 0.027 0.027 0.027 0.027 0.027 0.027 0.027 0.027 0.027 0.027 0.027 0.027 0.027 0.027 0.027 0.027 0.027 0.027 0.027 0.027 0.027 0.027 0.027 0.027 0.027 0.027 0.027 
173  H9558.1    (0)    1 :  0.027 0.027 0.027 0.026 0.027 0.027 0.027 0.027 0.027 0.027 0.027 0.027 0.027 0.027 0.027 0.028 0.027 0.027 0.027 0.027 0.027 0.027 0.027 0.027 0.027 0.027 0.027 0.027 0.027 0.027 0.027 0.027 0.027 0.027 0.027 0.027 0.028 
174  H9558.2    (0)    1 :  0.027 0.027 0.027 0.027 0.028 0.027 0.027 0.027 0.027 0.027 0.027 0.027 0.026 0.027 0.027 0.028 0.027 0.027 0.027 0.027 0.027 0.027 0.027 0.027 0.027 0.027 0.027 0.027 0.027 0.027 0.027 0.026 0.027 0.027 0.028 0.027 0.027 
175  H9558.3    (0)    1 :  0.027 0.027 0.027 0.026 0.027 0.027 0.027 0.027 0.027 0.027 0.027 0.027 0.027 0.027 0.027 0.028 0.027 0.027 0.027 0.027 0.027 0.027 0.027 0.027 0.027 0.027 0.027 0.027 0.027 0.027 0.027 0.027 0.027 0.027 0.027 0.027 0.027 
176  H9558.4    (0)    1 :  0.027 0.027 0.027 0.027 0.027 0.027 0.027 0.027 0.027 0.027 0.027 0.027 0.027 0.027 0.027 0.027 0.027 0.027 0.027 0.027 0.027 0.027 0.027 0.027 0.027 0.027 0.027 0.026 0.027 0.028 0.027 0.027 0.026 0.027 0.027 0.027 0.027 
177  H9558.5    (0)    1 :  0.027 0.027 0.027 0.027 0.027 0.027 0.027 0.027 0.027 0.027 0.027 0.027 0.027 0.027 0.027 0.026 0.027 0.027 0.027 0.027 0.027 0.027 0.027 0.027 0.027 0.027 0.027 0.027 0.027 0.027 0.027 0.027 0.027 0.027 0.027 0.027 0.027 
178  H9558.6    (0)    1 :  0.027 0.027 0.027 0.027 0.027 0.027 0.027 0.027 0.027 0.027 0.027 0.027 0.027 0.027 0.027 0.028 0.027 0.027 0.027 0.027 0.027 0.027 0.027 0.027 0.027 0.027 0.027 0.027 0.027 0.027 0.027 0.027 0.026 0.027 0.027 0.027 0.027 
179 kos339.1    (0)    1 :  0.027 0.027 0.027 0.027 0.027 0.027 0.027 0.027 0.027 0.027 0.027 0.027 0.027 0.027 0.027 0.027 0.027 0.027 0.027 0.027 0.027 0.028 0.027 0.027 0.027 0.027 0.027 0.027 0.027 0.027 0.027 0.027 0.027 0.027 0.027 0.027 0.027 
180 kos339.2    (0)    1 :  0.027 0.027 0.027 0.027 0.027 0.027 0.027 0.027 0.027 0.027 0.027 0.027 0.027 0.027 0.027 0.027 0.027 0.027 0.027 0.027 0.027 0.027 0.027 0.027 0.027 0.027 0.027 0.027 0.027 0.027 0.027 0.027 0.027 0.027 0.027 0.027 0.027 
181 kos339.3    (0)    1 :  0.027 0.027 0.027 0.027 0.027 0.027 0.027 0.027 0.027 0.027 0.027 0.027 0.027 0.027 0.027 0.027 0.028 0.027 0.027 0.027 0.027 0.027 0.027 0.027 0.027 0.027 0.027 0.027 0.027 0.027 0.027 0.027 0.027 0.027 0.027 0.027 0.027 
182 kos339.4    (9)    1 :  0.027 0.027 0.027 0.027 0.027 0.027 0.027 0.027 0.027 0.027 0.027 0.027 0.027 0.027 0.027 0.027 0.027 0.027 0.027 0.027 0.027 0.027 0.027 0.027 0.027 0.027 0.027 0.027 0.027 0.027 0.027 0.027 0.027 0.027 0.027 0.027 0.027 
183 kos339.5    (0)    1 :  0.027 0.027 0.027 0.028 0.027 0.027 0.027 0.027 0.027 0.027 0.027 0.027 0.027 0.027 0.027 0.027 0.027 0.027 0.027 0.027 0.027 0.027 0.027 0.028 0.027 0.027 0.027 0.027 0.027 0.027 0.027 0.027 0.027 0.027 0.027 0.027 0.027 
184 kos339.6    (0)    1 :  0.027 0.027 0.027 0.027 0.027 0.027 0.027 0.027 0.027 0.027 0.027 0.027 0.027 0.027 0.027 0.027 0.027 0.027 0.027 0.027 0.027 0.027 0.027 0.027 0.027 0.027 0.027 0.027 0.027 0.027 0.027 0.027 0.027 0.027 0.027 0.027 0.027 
185 kos339.7    (0)    1 :  0.027 0.027 0.027 0.027 0.027 0.028 0.027 0.027 0.027 0.027 0.027 0.027 0.027 0.027 0.027 0.027 0.027 0.027 0.027 0.027 0.027 0.027 0.027 0.027 0.027 0.027 0.027 0.027 0.027 0.027 0.027 0.027 0.027 0.027 0.027 0.027 0.027 
186 kos339.8    (0)    1 :  0.027 0.027 0.027 0.027 0.027 0.027 0.027 0.027 0.027 0.027 0.027 0.027 0.027 0.027 0.027 0.027 0.027 0.027 0.027 0.027 0.027 0.027 0.027 0.027 0.027 0.027 0.027 0.027 0.027 0.027 0.027 0.027 0.027 0.027 0.027 0.027 0.027 
187 kos339.9    (0)    1 :  0.027 0.027 0.027 0.027 0.027 0.027 0.027 0.027 0.027 0.027 0.027 0.027 0.027 0.027 0.027 0.027 0.027 0.027 0.027 0.027 0.027 0.027 0.027 0.027 0.027 0.027 0.027 0.028 0.027 0.027 0.027 0.027 0.027 0.027 0.027 0.027 0.027 
188   H409.1    (0)   12 :  0.027 0.027 0.027 0.027 0.027 0.027 0.027 0.027 0.027 0.028 0.027 0.027 0.027 0.027 0.027 0.027 0.027 0.027 0.027 0.027 0.027 0.027 0.027 0.027 0.027 0.027 0.027 0.027 0.027 0.027 0.027 0.027 0.027 0.027 0.027 0.027 0.027 
189  H409.10    (0)   12 :  0.027 0.027 0.027 0.027 0.027 0.027 0.027 0.027 0.027 0.027 0.027 0.027 0.027 0.027 0.027 0.027 0.027 0.027 0.027 0.027 0.027 0.027 0.027 0.027 0.027 0.027 0.027 0.027 0.027 0.027 0.027 0.027 0.027 0.027 0.027 0.027 0.027 
190   H409.2    (0)   12 :  0.027 0.027 0.027 0.027 0.027 0.027 0.027 0.027 0.027 0.026 0.027 0.027 0.027 0.027 0.027 0.027 0.027 0.027 0.027 0.027 0.027 0.027 0.027 0.027 0.027 0.027 0.027 0.027 0.027 0.027 0.027 0.027 0.027 0.027 0.027 0.027 0.027 
191   H409.3    (0)   12 :  0.027 0.027 0.027 0.027 0.027 0.027 0.027 0.027 0.027 0.027 0.027 0.027 0.027 0.027 0.027 0.027 0.027 0.027 0.027 0.027 0.027 0.027 0.027 0.028 0.027 0.027 0.027 0.027 0.027 0.027 0.027 0.027 0.027 0.027 0.027 0.027 0.027 
192   H409.4    (0)   12 :  0.027 0.027 0.027 0.027 0.027 0.027 0.027 0.027 0.027 0.027 0.027 0.027 0.027 0.027 0.027 0.027 0.027 0.027 0.027 0.027 0.027 0.027 0.027 0.027 0.027 0.027 0.027 0.027 0.027 0.027 0.027 0.027 0.027 0.027 0.027 0.027 0.027 
193   H409.5    (0)   12 :  0.027 0.027 0.027 0.027 0.027 0.027 0.027 0.027 0.027 0.027 0.027 0.027 0.027 0.027 0.027 0.027 0.027 0.027 0.027 0.027 0.027 0.027 0.027 0.027 0.027 0.027 0.027 0.027 0.027 0.027 0.027 0.027 0.027 0.027 0.027 0.027 0.027 
194   H409.6    (0)   12 :  0.027 0.027 0.027 0.027 0.027 0.027 0.027 0.027 0.027 0.027 0.027 0.027 0.027 0.027 0.027 0.027 0.027 0.027 0.027 0.027 0.027 0.027 0.027 0.027 0.027 0.027 0.027 0.027 0.027 0.027 0.027 0.027 0.027 0.027 0.027 0.027 0.027 
195   H409.7    (0)   12 :  0.027 0.027 0.027 0.027 0.027 0.028 0.027 0.027 0.027 0.027 0.027 0.027 0.027 0.027 0.027 0.027 0.027 0.027 0.027 0.027 0.027 0.027 0.027 0.027 0.027 0.027 0.027 0.028 0.027 0.027 0.027 0.027 0.027 0.027 0.027 0.027 0.027 
196   H409.8    (0)   12 :  0.027 0.027 0.027 0.027 0.027 0.028 0.026 0.027 0.027 0.027 0.027 0.027 0.027 0.027 0.027 0.027 0.027 0.027 0.027 0.027 0.027 0.027 0.026 0.027 0.027 0.027 0.027 0.027 0.027 0.027 0.027 0.027 0.027 0.027 0.027 0.027 0.027 
197   H409.9    (0)   12 :  0.027 0.027 0.027 0.027 0.027 0.027 0.027 0.027 0.027 0.027 0.027 0.027 0.027 0.027 0.027 0.028 0.027 0.027 0.027 0.027 0.027 0.027 0.027 0.027 0.027 0.027 0.027 0.027 0.027 0.027 0.027 0.027 0.027 0.027 0.027 0.027 0.027 
198   H413.1    (0)   12 :  0.027 0.027 0.027 0.027 0.027 0.028 0.027 0.027 0.027 0.027 0.027 0.027 0.027 0.027 0.027 0.026 0.027 0.027 0.027 0.027 0.027 0.027 0.027 0.027 0.027 0.027 0.027 0.028 0.027 0.027 0.027 0.027 0.027 0.027 0.027 0.027 0.027 
199   H413.2    (0)   12 :  0.027 0.027 0.027 0.027 0.027 0.027 0.027 0.027 0.027 0.027 0.027 0.027 0.027 0.027 0.027 0.027 0.027 0.027 0.027 0.027 0.027 0.027 0.027 0.027 0.027 0.027 0.027 0.027 0.027 0.027 0.027 0.027 0.027 0.027 0.027 0.027 0.027 
200   H413.3    (0)   12 :  0.027 0.027 0.027 0.027 0.027 0.028 0.027 0.027 0.027 0.027 0.027 0.027 0.027 0.027 0.027 0.026 0.027 0.027 0.027 0.027 0.027 0.027 0.027 0.027 0.027 0.027 0.027 0.027 0.027 0.027 0.027 0.027 0.027 0.027 0.027 0.027 0.027 
201   H413.4    (0)   12 :  0.027 0.027 0.027 0.027 0.027 0.027 0.027 0.027 0.027 0.028 0.027 0.027 0.027 0.027 0.027 0.027 0.027 0.027 0.027 0.027 0.027 0.027 0.027 0.027 0.027 0.027 0.027 0.028 0.027 0.027 0.027 0.027 0.026 0.027 0.027 0.027 0.027 
202   H413.5    (0)   12 :  0.028 0.027 0.027 0.027 0.027 0.027 0.028 0.027 0.027 0.027 0.027 0.027 0.027 0.027 0.027 0.026 0.027 0.027 0.027 0.027 0.027 0.027 0.028 0.027 0.027 0.027 0.027 0.027 0.027 0.027 0.027 0.027 0.027 0.027 0.027 0.027 0.027 
203   H413.6    (0)   12 :  0.027 0.027 0.028 0.027 0.027 0.027 0.027 0.027 0.027 0.027 0.027 0.027 0.027 0.027 0.027 0.027 0.027 0.027 0.027 0.027 0.027 0.027 0.027 0.027 0.026 0.026 0.027 0.027 0.027 0.027 0.027 0.027 0.027 0.027 0.027 0.027 0.027 
204   H413.7    (0)   12 :  0.027 0.027 0.027 0.027 0.027 0.027 0.027 0.027 0.027 0.027 0.027 0.028 0.027 0.027 0.027 0.027 0.027 0.027 0.027 0.027 0.027 0.027 0.027 0.027 0.027 0.027 0.027 0.028 0.027 0.027 0.027 0.027 0.027 0.027 0.027 0.027 0.027 
205   H563.1    (0)   12 :  0.027 0.027 0.027 0.027 0.027 0.027 0.027 0.027 0.026 0.027 0.027 0.027 0.027 0.027 0.027 0.027 0.027 0.027 0.027 0.027 0.027 0.027 0.027 0.027 0.027 0.027 0.027 0.027 0.027 0.027 0.027 0.027 0.027 0.027 0.027 0.027 0.027 
206   H563.2    (0)   12 :  0.027 0.027 0.027 0.027 0.027 0.027 0.027 0.027 0.027 0.028 0.027 0.027 0.027 0.027 0.027 0.027 0.027 0.027 0.027 0.027 0.027 0.027 0.027 0.027 0.027 0.027 0.027 0.027 0.027 0.027 0.027 0.027 0.027 0.027 0.027 0.027 0.027 
207   H563.3    (0)   12 :  0.027 0.027 0.027 0.027 0.027 0.028 0.027 0.027 0.027 0.027 0.027 0.027 0.027 0.027 0.027 0.027 0.027 0.027 0.027 0.027 0.027 0.027 0.027 0.027 0.027 0.027 0.027 0.027 0.027 0.027 0.027 0.027 0.027 0.027 0.027 0.027 0.028 
208   H563.4    (0)   12 :  0.027 0.027 0.027 0.027 0.027 0.027 0.027 0.027 0.027 0.027 0.027 0.027 0.027 0.027 0.027 0.027 0.027 0.027 0.027 0.027 0.027 0.027 0.027 0.027 0.027 0.027 0.027 0.027 0.027 0.027 0.027 0.027 0.027 0.027 0.027 0.027 0.027 
209   H563.5    (0)   12 :  0.027 0.027 0.027 0.027 0.027 0.027 0.027 0.027 0.027 0.027 0.027 0.027 0.027 0.027 0.027 0.027 0.027 0.027 0.027 0.027 0.027 0.027 0.027 0.026 0.027 0.027 0.027 0.027 0.027 0.027 0.027 0.027 0.026 0.027 0.027 0.027 0.027 
210   H563.6    (0)   12 :  0.027 0.027 0.027 0.027 0.027 0.028 0.027 0.027 0.027 0.027 0.027 0.027 0.027 0.027 0.027 0.027 0.027 0.027 0.027 0.027 0.027 0.027 0.027 0.027 0.027 0.027 0.027 0.027 0.027 0.027 0.027 0.027 0.027 0.027 0.027 0.027 0.027 
211   H563.7    (0)   12 :  0.027 0.027 0.027 0.027 0.027 0.028 0.027 0.027 0.027 0.027 0.027 0.027 0.027 0.027 0.027 0.026 0.027 0.027 0.027 0.027 0.027 0.027 0.027 0.027 0.027 0.027 0.027 0.027 0.027 0.027 0.027 0.027 0.027 0.027 0.027 0.027 0.027 
212   H563.8    (0)   12 :  0.027 0.027 0.027 0.027 0.027 0.028 0.027 0.027 0.027 0.028 0.027 0.027 0.027 0.027 0.027 0.027 0.027 0.027 0.027 0.027 0.027 0.027 0.027 0.027 0.027 0.027 0.027 0.027 0.027 0.027 0.027 0.027 0.027 0.027 0.027 0.027 0.027 
213   H563.9    (0)   12 :  0.027 0.027 0.028 0.028 0.027 0.027 0.027 0.027 0.027 0.027 0.027 0.027 0.027 0.027 0.027 0.027 0.027 0.027 0.027 0.027 0.027 0.027 0.027 0.027 0.027 0.027 0.027 0.027 0.027 0.027 0.027 0.027 0.027 0.027 0.027 0.027 0.027 
214  H7374.1    (0)   12 :  0.027 0.027 0.027 0.027 0.027 0.027 0.027 0.027 0.027 0.027 0.027 0.028 0.027 0.027 0.027 0.027 0.027 0.027 0.027 0.027 0.027 0.028 0.027 0.027 0.027 0.027 0.027 0.028 0.027 0.027 0.027 0.027 0.027 0.027 0.027 0.027 0.027 
215  H7374.2    (0)   12 :  0.027 0.027 0.028 0.027 0.027 0.027 0.027 0.027 0.027 0.027 0.027 0.027 0.027 0.027 0.027 0.026 0.027 0.027 0.027 0.027 0.027 0.027 0.027 0.027 0.027 0.027 0.026 0.028 0.026 0.027 0.027 0.027 0.027 0.027 0.027 0.027 0.026 
216  H7374.3    (0)   12 :  0.027 0.027 0.027 0.027 0.027 0.027 0.027 0.027 0.027 0.027 0.027 0.027 0.027 0.027 0.027 0.027 0.027 0.027 0.027 0.027 0.027 0.027 0.027 0.027 0.027 0.027 0.027 0.028 0.027 0.027 0.028 0.027 0.027 0.027 0.027 0.027 0.027 
217  H7374.4    (0)   12 :  0.027 0.027 0.027 0.027 0.027 0.027 0.027 0.027 0.027 0.027 0.027 0.027 0.027 0.027 0.027 0.027 0.027 0.027 0.027 0.027 0.028 0.027 0.027 0.027 0.027 0.027 0.027 0.027 0.027 0.027 0.027 0.027 0.027 0.027 0.027 0.027 0.027 
218  H7374.5    (0)   12 :  0.027 0.027 0.027 0.027 0.027 0.027 0.027 0.027 0.027 0.027 0.027 0.027 0.027 0.027 0.027 0.027 0.027 0.027 0.027 0.027 0.027 0.027 0.027 0.027 0.027 0.027 0.027 0.028 0.027 0.027 0.027 0.027 0.027 0.027 0.027 0.027 0.027 
219  H7374.6    (0)   12 :  0.027 0.027 0.027 0.027 0.027 0.027 0.027 0.027 0.027 0.027 0.027 0.027 0.027 0.027 0.027 0.027 0.027 0.027 0.027 0.027 0.027 0.027 0.027 0.027 0.027 0.027 0.027 0.027 0.027 0.027 0.028 0.027 0.027 0.027 0.027 0.027 0.027 
220  H7374.7    (0)   12 :  0.027 0.027 0.027 0.027 0.027 0.027 0.027 0.027 0.027 0.027 0.027 0.027 0.027 0.027 0.027 0.027 0.027 0.027 0.027 0.027 0.027 0.027 0.027 0.027 0.028 0.027 0.027 0.028 0.027 0.027 0.027 0.027 0.027 0.027 0.027 0.027 0.027 
221  H7374.8    (0)   12 :  0.027 0.027 0.027 0.027 0.027 0.027 0.027 0.027 0.027 0.027 0.027 0.027 0.027 0.027 0.027 0.027 0.027 0.027 0.027 0.027 0.027 0.027 0.027 0.027 0.027 0.027 0.027 0.027 0.027 0.027 0.027 0.027 0.027 0.027 0.027 0.027 0.027 
222  H7374.9    (0)   12 :  0.027 0.027 0.027 0.027 0.027 0.027 0.027 0.027 0.027 0.027 0.027 0.027 0.027 0.027 0.027 0.027 0.027 0.027 0.027 0.027 0.027 0.027 0.027 0.027 0.027 0.027 0.027 0.028 0.027 0.027 0.027 0.027 0.027 0.027 0.027 0.027 0.027 
223  H9563.1    (0)   12 :  0.026 0.027 0.027 0.027 0.027 0.028 0.027 0.027 0.026 0.028 0.027 0.027 0.027 0.027 0.027 0.027 0.027 0.028 0.027 0.027 0.027 0.027 0.027 0.027 0.026 0.026 0.027 0.027 0.027 0.027 0.027 0.027 0.027 0.027 0.027 0.027 0.027 
224  H9563.2    (0)   12 :  0.027 0.027 0.027 0.027 0.027 0.027 0.027 0.027 0.027 0.028 0.027 0.027 0.027 0.027 0.027 0.027 0.027 0.027 0.027 0.027 0.027 0.027 0.027 0.027 0.027 0.027 0.027 0.027 0.027 0.027 0.027 0.027 0.027 0.027 0.027 0.027 0.027 
225  H9563.3    (0)   12 :  0.027 0.027 0.027 0.027 0.027 0.028 0.027 0.027 0.027 0.028 0.027 0.027 0.027 0.027 0.027 0.027 0.027 0.027 0.027 0.027 0.027 0.027 0.027 0.027 0.027 0.027 0.027 0.027 0.027 0.027 0.027 0.027 0.027 0.027 0.027 0.027 0.027 
226  H9563.4    (0)   12 :  0.027 0.027 0.027 0.027 0.027 0.027 0.027 0.027 0.027 0.027 0.027 0.027 0.027 0.027 0.027 0.027 0.027 0.028 0.027 0.027 0.027 0.027 0.027 0.027 0.027 0.027 0.027 0.027 0.026 0.027 0.027 0.027 0.027 0.027 0.027 0.027 0.027 
227  H9563.5    (0)   12 :  0.027 0.027 0.027 0.027 0.027 0.028 0.027 0.027 0.027 0.028 0.027 0.027 0.027 0.027 0.027 0.027 0.027 0.027 0.027 0.027 0.027 0.027 0.027 0.027 0.027 0.027 0.027 0.027 0.027 0.027 0.027 0.027 0.027 0.027 0.027 0.027 0.027 
228  H9563.6    (0)   12 :  0.027 0.027 0.027 0.027 0.027 0.027 0.027 0.027 0.027 0.028 0.027 0.027 0.027 0.027 0.027 0.027 0.027 0.027 0.027 0.027 0.027 0.027 0.026 0.027 0.027 0.027 0.027 0.027 0.027 0.027 0.027 0.027 0.027 0.027 0.027 0.027 0.027 
229  H9563.7    (0)   12 :  0.027 0.027 0.027 0.027 0.027 0.028 0.027 0.027 0.027 0.028 0.027 0.027 0.027 0.027 0.027 0.027 0.027 0.027 0.027 0.027 0.027 0.027 0.027 0.027 0.027 0.027 0.027 0.027 0.027 0.027 0.027 0.027 0.027 0.027 0.027 0.027 0.027 
230  H9563.8    (0)   12 :  0.027 0.027 0.027 0.027 0.027 0.027 0.027 0.027 0.027 0.028 0.027 0.027 0.027 0.027 0.027 0.027 0.027 0.027 0.027 0.027 0.027 0.027 0.027 0.027 0.027 0.027 0.027 0.027 0.027 0.027 0.027 0.027 0.027 0.027 0.027 0.027 0.027 
231  H9563.9    (0)   12 :  0.027 0.027 0.027 0.027 0.027 0.027 0.027 0.027 0.027 0.028 0.027 0.027 0.027 0.027 0.027 0.027 0.027 0.027 0.027 0.027 0.027 0.027 0.027 0.027 0.027 0.027 0.027 0.027 0.027 0.027 0.027 0.027 0.027 0.027 0.027 0.027 0.027 
232  H9572.1    (0)   12 :  0.026 0.027 0.027 0.027 0.028 0.027 0.027 0.027 0.027 0.027 0.027 0.027 0.027 0.027 0.027 0.028 0.027 0.027 0.027 0.027 0.028 0.027 0.027 0.027 0.027 0.027 0.027 0.027 0.027 0.027 0.027 0.027 0.027 0.027 0.027 0.027 0.027 
233  H9572.2    (0)   12 :  0.027 0.027 0.027 0.027 0.027 0.027 0.027 0.027 0.027 0.028 0.027 0.027 0.028 0.027 0.027 0.026 0.027 0.027 0.027 0.027 0.027 0.027 0.027 0.027 0.027 0.027 0.027 0.027 0.027 0.027 0.027 0.027 0.027 0.027 0.027 0.027 0.027 
234  H9572.3    (0)   12 :  0.027 0.027 0.027 0.027 0.027 0.027 0.027 0.026 0.027 0.027 0.027 0.027 0.027 0.027 0.028 0.028 0.027 0.027 0.027 0.027 0.027 0.027 0.027 0.027 0.027 0.027 0.027 0.027 0.027 0.027 0.027 0.027 0.027 0.027 0.027 0.027 0.027 
235  H9572.4    (0)   12 :  0.027 0.027 0.027 0.027 0.027 0.027 0.027 0.027 0.027 0.027 0.027 0.027 0.027 0.027 0.027 0.027 0.027 0.027 0.027 0.027 0.027 0.027 0.027 0.027 0.027 0.027 0.027 0.027 0.027 0.027 0.027 0.027 0.027 0.027 0.027 0.027 0.027 
236  H9572.5    (0)   12 :  0.027 0.027 0.027 0.027 0.027 0.027 0.027 0.027 0.027 0.027 0.027 0.027 0.027 0.027 0.027 0.027 0.027 0.027 0.027 0.027 0.027 0.027 0.027 0.027 0.027 0.027 0.028 0.027 0.027 0.027 0.027 0.027 0.027 0.027 0.027 0.027 0.027 


Estimated Allele Frequencies in each cluster
First column gives estimated ancestral frequencies


Locus 1 : 
8 alleles
0.0% missing data
 156   (0.169) 0.173 0.169 0.169 0.170 0.169 0.168 0.183 0.177 0.173 0.163 0.167 0.170 0.170 0.168 0.166 0.162 0.167 0.171 0.171 0.169 0.171 0.172 0.172 0.168 0.169 0.171 0.169 0.167 0.172 0.169 0.173 0.171 0.188 0.169 0.169 0.169 0.169 
 152   (0.141) 0.146 0.141 0.140 0.162 0.141 0.150 0.146 0.139 0.137 0.141 0.144 0.140 0.140 0.139 0.140 0.125 0.140 0.143 0.136 0.141 0.139 0.140 0.138 0.142 0.141 0.139 0.137 0.144 0.131 0.141 0.142 0.146 0.123 0.138 0.140 0.141 0.140 
 168   (0.100) 0.101 0.100 0.098 0.095 0.101 0.095 0.089 0.097 0.103 0.091 0.098 0.100 0.101 0.098 0.103 0.091 0.100 0.100 0.099 0.100 0.099 0.099 0.099 0.100 0.100 0.099 0.102 0.100 0.097 0.100 0.101 0.099 0.088 0.102 0.099 0.100 0.099 
 164   (0.185) 0.184 0.185 0.189 0.181 0.186 0.183 0.182 0.188 0.184 0.183 0.183 0.185 0.183 0.185 0.183 0.173 0.189 0.185 0.189 0.185 0.187 0.187 0.186 0.191 0.185 0.187 0.187 0.191 0.186 0.185 0.183 0.185 0.180 0.189 0.186 0.185 0.186 
 160   (0.303) 0.297 0.304 0.304 0.307 0.302 0.314 0.309 0.300 0.305 0.304 0.309 0.304 0.306 0.308 0.311 0.286 0.303 0.302 0.304 0.303 0.307 0.302 0.305 0.304 0.303 0.307 0.301 0.302 0.322 0.303 0.303 0.302 0.311 0.303 0.304 0.304 0.305 
 148   (0.071) 0.070 0.071 0.070 0.061 0.072 0.063 0.067 0.072 0.070 0.096 0.069 0.072 0.071 0.074 0.070 0.136 0.072 0.069 0.071 0.071 0.068 0.071 0.071 0.069 0.071 0.070 0.075 0.069 0.066 0.071 0.070 0.068 0.090 0.071 0.072 0.071 0.071 
 144   (0.018) 0.016 0.018 0.017 0.014 0.017 0.016 0.015 0.017 0.016 0.013 0.017 0.017 0.017 0.016 0.016 0.016 0.017 0.017 0.016 0.018 0.017 0.016 0.017 0.016 0.018 0.016 0.017 0.016 0.016 0.018 0.017 0.017 0.012 0.016 0.017 0.018 0.017 
 172   (0.012) 0.012 0.012 0.012 0.010 0.012 0.011 0.010 0.011 0.013 0.009 0.013 0.012 0.012 0.011 0.011 0.012 0.012 0.012 0.012 0.012 0.012 0.012 0.011 0.011 0.012 0.011 0.012 0.011 0.009 0.012 0.011 0.011 0.008 0.011 0.012 0.012 0.012 

Locus 2 : 
7 alleles
0.0% missing data
 156   (0.292) 0.292 0.292 0.294 0.277 0.292 0.289 0.294 0.291 0.294 0.306 0.289 0.295 0.296 0.294 0.295 0.275 0.288 0.294 0.291 0.292 0.292 0.291 0.291 0.292 0.292 0.300 0.292 0.290 0.318 0.292 0.292 0.294 0.313 0.295 0.292 0.291 0.294 
 148   (0.062) 0.060 0.061 0.060 0.057 0.061 0.055 0.052 0.060 0.062 0.060 0.061 0.062 0.063 0.061 0.063 0.055 0.061 0.063 0.060 0.062 0.062 0.063 0.063 0.059 0.062 0.058 0.062 0.058 0.051 0.062 0.059 0.060 0.060 0.063 0.062 0.061 0.061 
 160   (0.118) 0.120 0.118 0.117 0.106 0.119 0.112 0.126 0.111 0.117 0.123 0.117 0.118 0.118 0.114 0.114 0.149 0.118 0.117 0.121 0.118 0.118 0.117 0.117 0.117 0.118 0.115 0.120 0.112 0.122 0.118 0.114 0.115 0.110 0.117 0.118 0.118 0.117 
 168   (0.131) 0.130 0.131 0.132 0.144 0.130 0.137 0.121 0.129 0.131 0.125 0.134 0.130 0.128 0.130 0.128 0.125 0.134 0.131 0.130 0.131 0.130 0.127 0.131 0.134 0.131 0.132 0.129 0.144 0.127 0.131 0.132 0.129 0.124 0.129 0.132 0.132 0.131 
 164   (0.216) 0.217 0.217 0.216 0.228 0.218 0.242 0.227 0.228 0.218 0.207 0.216 0.216 0.216 0.222 0.217 0.206 0.222 0.214 0.219 0.216 0.218 0.215 0.218 0.221 0.216 0.220 0.213 0.222 0.210 0.216 0.222 0.223 0.234 0.215 0.215 0.217 0.217 
 152   (0.157) 0.160 0.157 0.158 0.170 0.158 0.145 0.162 0.159 0.156 0.162 0.161 0.156 0.159 0.158 0.162 0.172 0.155 0.159 0.157 0.157 0.159 0.167 0.159 0.156 0.157 0.154 0.160 0.154 0.154 0.157 0.159 0.158 0.141 0.158 0.157 0.157 0.157 
 172   (0.023) 0.020 0.023 0.023 0.018 0.023 0.020 0.018 0.021 0.021 0.017 0.022 0.023 0.020 0.021 0.021 0.018 0.022 0.022 0.022 0.023 0.021 0.021 0.021 0.021 0.023 0.021 0.023 0.020 0.018 0.023 0.021 0.021 0.016 0.023 0.023 0.023 0.023 

Locus 3 : 
5 alleles
0.4% missing data
 193   (0.156) 0.156 0.156 0.157 0.173 0.156 0.149 0.148 0.151 0.152 0.155 0.156 0.156 0.155 0.156 0.154 0.149 0.155 0.157 0.151 0.156 0.154 0.156 0.156 0.155 0.156 0.154 0.154 0.156 0.154 0.156 0.160 0.151 0.137 0.154 0.154 0.156 0.158 
 189   (0.275) 0.286 0.276 0.275 0.265 0.277 0.283 0.280 0.281 0.274 0.275 0.277 0.275 0.279 0.281 0.279 0.263 0.277 0.277 0.282 0.275 0.282 0.281 0.274 0.281 0.275 0.277 0.279 0.274 0.284 0.275 0.278 0.285 0.321 0.275 0.279 0.276 0.276 
 181   (0.135) 0.141 0.135 0.137 0.126 0.135 0.133 0.163 0.136 0.139 0.152 0.137 0.137 0.137 0.134 0.137 0.132 0.131 0.135 0.138 0.135 0.136 0.137 0.140 0.134 0.135 0.139 0.135 0.140 0.136 0.135 0.135 0.136 0.134 0.140 0.134 0.135 0.135 
 185   (0.357) 0.345 0.357 0.356 0.369 0.356 0.348 0.333 0.354 0.353 0.351 0.357 0.357 0.353 0.351 0.356 0.370 0.358 0.355 0.354 0.357 0.355 0.350 0.353 0.355 0.358 0.355 0.355 0.356 0.354 0.357 0.352 0.352 0.332 0.355 0.357 0.357 0.355 
 197   (0.077) 0.072 0.076 0.075 0.067 0.076 0.087 0.075 0.078 0.082 0.068 0.073 0.075 0.075 0.078 0.075 0.086 0.078 0.076 0.075 0.077 0.074 0.077 0.077 0.076 0.077 0.075 0.077 0.073 0.072 0.077 0.075 0.076 0.075 0.076 0.075 0.077 0.076 

Locus 4 : 
7 alleles
0.0% missing data
 173   (0.219) 0.227 0.219 0.222 0.242 0.219 0.246 0.222 0.226 0.227 0.208 0.219 0.219 0.218 0.223 0.218 0.204 0.220 0.218 0.224 0.219 0.219 0.216 0.220 0.223 0.219 0.221 0.213 0.226 0.228 0.219 0.225 0.227 0.215 0.219 0.218 0.219 0.221 
 169   (0.133) 0.133 0.133 0.133 0.127 0.134 0.138 0.128 0.131 0.126 0.150 0.131 0.134 0.133 0.132 0.132 0.119 0.129 0.134 0.135 0.133 0.135 0.131 0.133 0.130 0.133 0.131 0.132 0.132 0.125 0.133 0.134 0.136 0.142 0.134 0.132 0.133 0.133 
 165   (0.248) 0.258 0.248 0.247 0.241 0.248 0.227 0.263 0.252 0.254 0.247 0.248 0.248 0.251 0.249 0.246 0.262 0.252 0.250 0.249 0.248 0.247 0.253 0.248 0.250 0.248 0.255 0.255 0.256 0.264 0.248 0.250 0.244 0.256 0.253 0.248 0.248 0.247 
 177   (0.251) 0.249 0.251 0.253 0.245 0.252 0.254 0.256 0.248 0.249 0.251 0.253 0.254 0.248 0.249 0.257 0.279 0.253 0.253 0.246 0.251 0.253 0.257 0.252 0.252 0.251 0.249 0.253 0.244 0.251 0.251 0.248 0.251 0.266 0.250 0.253 0.251 0.250 
 185   (0.020) 0.017 0.020 0.019 0.013 0.019 0.015 0.015 0.017 0.016 0.013 0.018 0.019 0.018 0.019 0.017 0.016 0.018 0.018 0.017 0.020 0.018 0.018 0.018 0.019 0.020 0.017 0.019 0.017 0.015 0.020 0.018 0.017 0.013 0.018 0.019 0.019 0.019 
 181   (0.105) 0.095 0.105 0.103 0.113 0.104 0.099 0.098 0.103 0.107 0.113 0.106 0.104 0.108 0.105 0.107 0.098 0.103 0.104 0.106 0.105 0.104 0.103 0.105 0.103 0.105 0.104 0.104 0.103 0.097 0.105 0.102 0.104 0.091 0.103 0.104 0.104 0.104 
 193   (0.025) 0.021 0.025 0.024 0.018 0.025 0.021 0.018 0.023 0.021 0.017 0.023 0.023 0.023 0.023 0.023 0.021 0.024 0.023 0.022 0.025 0.023 0.023 0.024 0.022 0.025 0.022 0.024 0.023 0.019 0.025 0.023 0.022 0.016 0.023 0.024 0.025 0.025 

Locus 5 : 
12 alleles
0.0% missing data
 215   (0.058) 0.055 0.058 0.057 0.047 0.057 0.054 0.052 0.055 0.057 0.047 0.057 0.056 0.057 0.055 0.056 0.052 0.057 0.056 0.052 0.058 0.056 0.058 0.055 0.056 0.058 0.056 0.058 0.052 0.050 0.058 0.055 0.053 0.041 0.057 0.057 0.058 0.057 
 207   (0.196) 0.200 0.197 0.201 0.239 0.198 0.208 0.208 0.204 0.203 0.224 0.195 0.195 0.204 0.202 0.196 0.184 0.197 0.198 0.201 0.196 0.201 0.204 0.202 0.203 0.196 0.200 0.198 0.225 0.223 0.196 0.205 0.201 0.229 0.201 0.196 0.196 0.199 
 195   (0.082) 0.082 0.082 0.081 0.074 0.082 0.079 0.071 0.078 0.083 0.080 0.082 0.083 0.083 0.081 0.083 0.075 0.082 0.079 0.079 0.082 0.082 0.080 0.080 0.081 0.082 0.082 0.081 0.079 0.074 0.082 0.077 0.082 0.073 0.084 0.083 0.082 0.081 
 203   (0.254) 0.262 0.255 0.256 0.286 0.254 0.274 0.273 0.262 0.270 0.283 0.261 0.263 0.260 0.263 0.260 0.286 0.262 0.261 0.272 0.254 0.261 0.260 0.261 0.264 0.254 0.267 0.255 0.264 0.280 0.254 0.261 0.266 0.293 0.260 0.260 0.255 0.256 
 199   (0.228) 0.234 0.228 0.228 0.204 0.229 0.217 0.247 0.224 0.224 0.217 0.229 0.227 0.225 0.226 0.230 0.249 0.228 0.226 0.224 0.227 0.228 0.225 0.226 0.226 0.228 0.227 0.227 0.213 0.219 0.228 0.229 0.228 0.206 0.225 0.229 0.227 0.226 
 211   (0.082) 0.078 0.081 0.080 0.072 0.080 0.083 0.072 0.078 0.076 0.073 0.081 0.080 0.079 0.079 0.080 0.069 0.079 0.083 0.078 0.082 0.078 0.079 0.079 0.076 0.082 0.078 0.080 0.075 0.073 0.081 0.080 0.080 0.090 0.080 0.080 0.082 0.081 
 271   (0.008) 0.006 0.008 0.007 0.004 0.007 0.006 0.005 0.007 0.006 0.004 0.006 0.007 0.007 0.006 0.006 0.006 0.007 0.007 0.006 0.008 0.006 0.006 0.006 0.007 0.008 0.006 0.007 0.006 0.006 0.008 0.007 0.006 0.004 0.007 0.007 0.007 0.007 
 191   (0.029) 0.026 0.029 0.028 0.026 0.029 0.026 0.023 0.034 0.027 0.024 0.026 0.028 0.027 0.029 0.028 0.026 0.028 0.028 0.030 0.029 0.030 0.028 0.029 0.027 0.029 0.027 0.028 0.027 0.024 0.029 0.028 0.027 0.022 0.028 0.028 0.029 0.029 
 284   (0.030) 0.027 0.029 0.029 0.023 0.029 0.024 0.022 0.028 0.026 0.025 0.030 0.029 0.028 0.028 0.030 0.024 0.028 0.029 0.027 0.030 0.028 0.030 0.030 0.026 0.030 0.028 0.035 0.028 0.024 0.030 0.029 0.026 0.021 0.028 0.028 0.029 0.029 
 275   (0.013) 0.012 0.013 0.013 0.009 0.013 0.012 0.011 0.011 0.011 0.009 0.012 0.012 0.012 0.011 0.011 0.011 0.012 0.012 0.012 0.013 0.011 0.012 0.013 0.014 0.013 0.012 0.012 0.013 0.010 0.013 0.011 0.011 0.008 0.012 0.012 0.013 0.013 
 279   (0.016) 0.014 0.016 0.016 0.011 0.015 0.014 0.013 0.015 0.014 0.011 0.015 0.015 0.015 0.014 0.014 0.014 0.014 0.016 0.015 0.016 0.015 0.014 0.015 0.015 0.016 0.014 0.014 0.015 0.014 0.016 0.015 0.014 0.011 0.014 0.015 0.015 0.017 
 280   (0.006) 0.004 0.006 0.005 0.004 0.005 0.004 0.003 0.004 0.004 0.003 0.005 0.005 0.004 0.004 0.004 0.004 0.005 0.005 0.004 0.006 0.005 0.004 0.004 0.005 0.006 0.004 0.005 0.005 0.003 0.006 0.004 0.005 0.002 0.005 0.005 0.005 0.005 

Locus 6 : 
9 alleles
0.0% missing data
 254   (0.063) 0.062 0.063 0.062 0.057 0.063 0.064 0.055 0.061 0.062 0.057 0.063 0.061 0.062 0.062 0.060 0.054 0.062 0.061 0.063 0.063 0.063 0.063 0.061 0.061 0.063 0.063 0.061 0.062 0.061 0.063 0.059 0.064 0.051 0.060 0.062 0.063 0.063 
 242   (0.233) 0.227 0.232 0.229 0.213 0.232 0.208 0.225 0.224 0.230 0.224 0.228 0.231 0.232 0.229 0.227 0.283 0.234 0.235 0.235 0.233 0.234 0.234 0.229 0.228 0.233 0.228 0.237 0.215 0.219 0.233 0.229 0.230 0.235 0.230 0.233 0.232 0.230 
 238   (0.276) 0.288 0.277 0.278 0.332 0.277 0.293 0.280 0.286 0.289 0.305 0.278 0.277 0.285 0.282 0.284 0.265 0.277 0.278 0.284 0.276 0.283 0.282 0.285 0.283 0.276 0.280 0.283 0.276 0.283 0.277 0.283 0.278 0.283 0.284 0.278 0.277 0.277 
 250   (0.148) 0.151 0.149 0.149 0.133 0.148 0.174 0.145 0.151 0.148 0.162 0.146 0.150 0.150 0.155 0.153 0.139 0.150 0.147 0.151 0.148 0.147 0.146 0.151 0.152 0.148 0.150 0.145 0.152 0.158 0.148 0.148 0.152 0.148 0.149 0.149 0.148 0.148 
 246   (0.169) 0.168 0.169 0.170 0.168 0.170 0.163 0.189 0.169 0.163 0.154 0.173 0.169 0.167 0.165 0.165 0.159 0.166 0.170 0.164 0.169 0.164 0.168 0.165 0.171 0.169 0.166 0.167 0.173 0.170 0.169 0.170 0.169 0.188 0.169 0.169 0.170 0.173 
 230   (0.045) 0.044 0.045 0.046 0.042 0.046 0.042 0.054 0.046 0.046 0.046 0.047 0.048 0.044 0.044 0.049 0.043 0.049 0.045 0.044 0.045 0.046 0.044 0.045 0.044 0.045 0.050 0.044 0.043 0.053 0.045 0.044 0.048 0.046 0.045 0.046 0.045 0.045 
 258   (0.019) 0.017 0.019 0.019 0.014 0.019 0.018 0.016 0.019 0.020 0.014 0.019 0.019 0.018 0.018 0.019 0.018 0.020 0.019 0.017 0.019 0.018 0.018 0.018 0.020 0.019 0.018 0.018 0.019 0.017 0.019 0.018 0.018 0.015 0.018 0.019 0.020 0.019 
 234   (0.028) 0.027 0.028 0.028 0.026 0.028 0.025 0.024 0.026 0.026 0.023 0.029 0.028 0.028 0.028 0.028 0.024 0.027 0.028 0.027 0.028 0.028 0.028 0.029 0.028 0.028 0.026 0.029 0.045 0.025 0.028 0.034 0.027 0.021 0.028 0.029 0.028 0.029 
 226   (0.017) 0.015 0.017 0.017 0.014 0.017 0.015 0.013 0.016 0.016 0.015 0.017 0.016 0.016 0.016 0.017 0.015 0.017 0.017 0.015 0.017 0.016 0.017 0.016 0.016 0.017 0.018 0.017 0.016 0.015 0.017 0.016 0.015 0.012 0.017 0.016 0.017 0.017 

Locus 7 : 
5 alleles
0.0% missing data
 149   (0.841) 0.855 0.842 0.840 0.863 0.842 0.857 0.862 0.844 0.851 0.869 0.844 0.844 0.847 0.847 0.846 0.861 0.843 0.845 0.851 0.841 0.849 0.850 0.847 0.846 0.842 0.842 0.848 0.853 0.854 0.842 0.850 0.844 0.857 0.849 0.844 0.843 0.844 
 153   (0.083) 0.077 0.083 0.084 0.074 0.083 0.076 0.073 0.082 0.079 0.073 0.083 0.083 0.080 0.081 0.083 0.075 0.082 0.081 0.079 0.083 0.081 0.079 0.082 0.082 0.083 0.086 0.080 0.077 0.079 0.083 0.081 0.081 0.073 0.079 0.083 0.082 0.081 
 155   (0.036) 0.034 0.035 0.037 0.032 0.036 0.035 0.030 0.036 0.036 0.031 0.035 0.035 0.036 0.037 0.035 0.031 0.035 0.036 0.035 0.036 0.033 0.035 0.035 0.034 0.036 0.035 0.035 0.035 0.034 0.036 0.034 0.036 0.040 0.037 0.036 0.036 0.036 
 157   (0.028) 0.024 0.028 0.028 0.022 0.028 0.023 0.026 0.027 0.025 0.020 0.028 0.027 0.026 0.025 0.026 0.024 0.029 0.027 0.025 0.028 0.026 0.025 0.026 0.028 0.028 0.027 0.027 0.026 0.024 0.028 0.026 0.028 0.022 0.026 0.027 0.028 0.028 
 151   (0.011) 0.010 0.011 0.011 0.008 0.011 0.009 0.008 0.010 0.010 0.007 0.010 0.011 0.010 0.010 0.010 0.009 0.011 0.010 0.010 0.011 0.010 0.010 0.010 0.011 0.011 0.010 0.010 0.009 0.009 0.011 0.010 0.010 0.007 0.009 0.011 0.011 0.011 

Locus 8 : 
15 alleles
0.4% missing data
 150   (0.091) 0.092 0.091 0.092 0.089 0.091 0.085 0.091 0.092 0.092 0.083 0.093 0.094 0.093 0.089 0.092 0.088 0.091 0.090 0.090 0.091 0.087 0.091 0.094 0.095 0.091 0.095 0.091 0.089 0.090 0.091 0.088 0.095 0.116 0.093 0.091 0.091 0.091 
 138   (0.131) 0.130 0.132 0.132 0.143 0.131 0.120 0.149 0.137 0.137 0.132 0.133 0.134 0.134 0.136 0.130 0.129 0.129 0.130 0.134 0.131 0.134 0.133 0.132 0.131 0.131 0.130 0.135 0.128 0.127 0.131 0.136 0.132 0.130 0.136 0.131 0.131 0.131 
 158   (0.034) 0.034 0.034 0.034 0.032 0.034 0.031 0.036 0.032 0.034 0.028 0.033 0.034 0.034 0.033 0.036 0.029 0.034 0.033 0.033 0.034 0.034 0.033 0.033 0.032 0.034 0.032 0.034 0.031 0.033 0.034 0.031 0.032 0.027 0.033 0.033 0.034 0.034 
 146   (0.186) 0.194 0.186 0.187 0.191 0.186 0.186 0.185 0.188 0.186 0.199 0.186 0.183 0.187 0.186 0.183 0.210 0.187 0.187 0.185 0.185 0.188 0.187 0.187 0.189 0.186 0.188 0.184 0.185 0.191 0.186 0.185 0.188 0.193 0.182 0.188 0.185 0.185 
 152   (0.115) 0.115 0.115 0.115 0.142 0.116 0.109 0.116 0.115 0.121 0.109 0.115 0.114 0.115 0.115 0.114 0.107 0.117 0.116 0.115 0.115 0.113 0.115 0.114 0.117 0.115 0.116 0.114 0.132 0.115 0.115 0.114 0.118 0.145 0.111 0.118 0.114 0.114 
 148   (0.078) 0.073 0.078 0.078 0.067 0.079 0.070 0.072 0.074 0.074 0.064 0.079 0.078 0.077 0.076 0.073 0.072 0.081 0.078 0.075 0.078 0.077 0.077 0.076 0.077 0.078 0.076 0.077 0.076 0.079 0.078 0.085 0.076 0.065 0.075 0.075 0.078 0.077 
 156   (0.016) 0.015 0.016 0.016 0.014 0.016 0.015 0.014 0.015 0.015 0.013 0.016 0.016 0.016 0.016 0.015 0.014 0.015 0.016 0.016 0.016 0.016 0.015 0.015 0.015 0.016 0.016 0.016 0.016 0.015 0.016 0.016 0.018 0.012 0.016 0.015 0.016 0.016 
 134   (0.041) 0.042 0.041 0.041 0.036 0.041 0.042 0.037 0.040 0.040 0.034 0.038 0.041 0.041 0.040 0.039 0.037 0.041 0.042 0.041 0.041 0.043 0.038 0.039 0.042 0.041 0.039 0.040 0.042 0.036 0.041 0.042 0.038 0.037 0.039 0.041 0.041 0.044 
 142   (0.035) 0.033 0.035 0.035 0.030 0.035 0.033 0.037 0.034 0.035 0.032 0.035 0.035 0.035 0.035 0.034 0.032 0.034 0.034 0.034 0.035 0.034 0.034 0.036 0.033 0.035 0.037 0.034 0.033 0.034 0.035 0.033 0.036 0.029 0.040 0.034 0.035 0.034 
 128   (0.114) 0.117 0.114 0.112 0.113 0.114 0.119 0.127 0.117 0.112 0.135 0.113 0.112 0.112 0.119 0.128 0.135 0.117 0.114 0.114 0.114 0.115 0.118 0.120 0.113 0.114 0.116 0.121 0.113 0.132 0.114 0.113 0.112 0.114 0.118 0.116 0.114 0.114 
 144   (0.037) 0.035 0.037 0.037 0.032 0.037 0.033 0.030 0.037 0.034 0.030 0.037 0.037 0.036 0.036 0.035 0.031 0.036 0.037 0.037 0.037 0.037 0.037 0.036 0.036 0.037 0.037 0.037 0.033 0.035 0.037 0.034 0.036 0.030 0.039 0.036 0.037 0.037 
 168   (0.009) 0.007 0.009 0.009 0.006 0.009 0.007 0.007 0.007 0.008 0.005 0.008 0.008 0.008 0.008 0.007 0.007 0.008 0.009 0.008 0.009 0.008 0.008 0.008 0.009 0.009 0.008 0.009 0.009 0.007 0.009 0.008 0.008 0.004 0.008 0.009 0.009 0.009 
 160   (0.030) 0.030 0.030 0.030 0.026 0.030 0.028 0.024 0.027 0.027 0.025 0.028 0.029 0.030 0.030 0.031 0.025 0.030 0.029 0.036 0.030 0.031 0.030 0.029 0.029 0.030 0.027 0.030 0.028 0.027 0.030 0.029 0.030 0.024 0.030 0.030 0.030 0.030 
 140   (0.022) 0.022 0.022 0.022 0.018 0.022 0.020 0.019 0.021 0.023 0.018 0.022 0.022 0.022 0.021 0.022 0.021 0.022 0.023 0.021 0.022 0.022 0.025 0.021 0.024 0.022 0.021 0.021 0.025 0.022 0.022 0.023 0.021 0.016 0.023 0.022 0.023 0.022 
 136   (0.060) 0.060 0.061 0.061 0.062 0.060 0.101 0.058 0.064 0.062 0.093 0.064 0.061 0.060 0.061 0.059 0.061 0.058 0.062 0.062 0.060 0.059 0.059 0.060 0.059 0.060 0.061 0.057 0.060 0.059 0.060 0.064 0.063 0.058 0.058 0.061 0.060 0.061 

Locus 9 : 
4 alleles
0.0% missing data
 184   (0.198) 0.193 0.198 0.198 0.187 0.198 0.190 0.219 0.197 0.195 0.191 0.197 0.198 0.196 0.198 0.191 0.184 0.197 0.197 0.199 0.198 0.196 0.195 0.198 0.197 0.199 0.199 0.195 0.199 0.194 0.199 0.197 0.195 0.184 0.195 0.198 0.198 0.198 
 186   (0.467) 0.471 0.468 0.467 0.462 0.467 0.478 0.458 0.467 0.468 0.478 0.469 0.467 0.467 0.466 0.472 0.479 0.470 0.467 0.468 0.467 0.469 0.469 0.466 0.469 0.467 0.468 0.470 0.457 0.455 0.467 0.472 0.462 0.487 0.470 0.468 0.469 0.468 
 180   (0.248) 0.250 0.248 0.248 0.264 0.249 0.240 0.243 0.251 0.247 0.253 0.250 0.250 0.248 0.251 0.251 0.253 0.246 0.249 0.247 0.248 0.247 0.249 0.250 0.248 0.248 0.244 0.248 0.237 0.264 0.248 0.247 0.254 0.241 0.249 0.246 0.248 0.247 
 182   (0.086) 0.086 0.086 0.087 0.087 0.087 0.092 0.081 0.086 0.090 0.078 0.083 0.085 0.089 0.086 0.087 0.084 0.087 0.087 0.086 0.086 0.087 0.087 0.086 0.086 0.086 0.090 0.087 0.107 0.086 0.086 0.084 0.089 0.088 0.086 0.087 0.086 0.087 

Locus 10 : 
7 alleles
0.0% missing data
 176   (0.015) 0.013 0.015 0.015 0.011 0.014 0.011 0.010 0.013 0.012 0.009 0.014 0.014 0.013 0.013 0.013 0.013 0.016 0.013 0.012 0.015 0.013 0.013 0.013 0.013 0.015 0.013 0.014 0.014 0.011 0.015 0.013 0.013 0.009 0.013 0.014 0.015 0.014 
 168   (0.155) 0.155 0.155 0.154 0.154 0.155 0.164 0.147 0.154 0.160 0.145 0.155 0.153 0.153 0.156 0.154 0.151 0.157 0.155 0.148 0.155 0.154 0.156 0.152 0.154 0.155 0.153 0.154 0.151 0.149 0.155 0.153 0.151 0.162 0.156 0.155 0.155 0.154 
 156   (0.122) 0.124 0.121 0.122 0.142 0.121 0.113 0.121 0.125 0.119 0.116 0.122 0.121 0.123 0.119 0.122 0.105 0.118 0.123 0.122 0.122 0.120 0.123 0.129 0.118 0.122 0.123 0.124 0.115 0.122 0.122 0.123 0.116 0.122 0.121 0.120 0.122 0.122 
 160   (0.199) 0.197 0.199 0.199 0.199 0.199 0.195 0.207 0.204 0.207 0.221 0.199 0.201 0.197 0.198 0.198 0.193 0.198 0.199 0.207 0.199 0.201 0.196 0.198 0.199 0.199 0.203 0.199 0.197 0.213 0.199 0.198 0.203 0.195 0.200 0.200 0.199 0.197 
 164   (0.227) 0.233 0.228 0.229 0.208 0.229 0.237 0.234 0.219 0.228 0.238 0.227 0.223 0.228 0.229 0.228 0.279 0.228 0.228 0.229 0.227 0.231 0.231 0.228 0.231 0.227 0.226 0.226 0.239 0.220 0.227 0.229 0.219 0.219 0.228 0.226 0.227 0.229 
 172   (0.265) 0.265 0.265 0.265 0.273 0.265 0.265 0.270 0.267 0.261 0.260 0.266 0.271 0.269 0.269 0.269 0.246 0.267 0.266 0.265 0.266 0.265 0.265 0.264 0.270 0.266 0.265 0.266 0.270 0.272 0.265 0.270 0.282 0.280 0.266 0.268 0.266 0.266 
 152   (0.017) 0.014 0.017 0.016 0.013 0.017 0.014 0.012 0.019 0.014 0.011 0.016 0.017 0.015 0.015 0.016 0.014 0.016 0.016 0.016 0.017 0.016 0.016 0.016 0.015 0.017 0.016 0.016 0.015 0.013 0.017 0.015 0.015 0.012 0.016 0.017 0.017 0.017 

Locus 11 : 
7 alleles
0.4% missing data
 177   (0.087) 0.083 0.087 0.084 0.083 0.087 0.081 0.076 0.090 0.087 0.076 0.087 0.087 0.085 0.089 0.088 0.079 0.086 0.085 0.087 0.087 0.084 0.087 0.085 0.084 0.087 0.088 0.088 0.083 0.079 0.087 0.085 0.083 0.072 0.087 0.088 0.087 0.085 
 173   (0.185) 0.194 0.185 0.186 0.215 0.186 0.199 0.201 0.183 0.187 0.197 0.190 0.190 0.186 0.187 0.187 0.200 0.185 0.186 0.187 0.185 0.191 0.190 0.190 0.187 0.185 0.189 0.188 0.193 0.201 0.185 0.184 0.188 0.204 0.185 0.187 0.185 0.187 
 165   (0.285) 0.280 0.284 0.285 0.278 0.284 0.271 0.307 0.281 0.293 0.276 0.281 0.282 0.286 0.284 0.284 0.278 0.285 0.288 0.288 0.285 0.285 0.280 0.286 0.281 0.285 0.287 0.286 0.286 0.280 0.285 0.287 0.285 0.283 0.285 0.282 0.285 0.285 
 169   (0.310) 0.313 0.310 0.312 0.297 0.310 0.327 0.300 0.316 0.303 0.319 0.309 0.311 0.311 0.308 0.312 0.324 0.313 0.309 0.310 0.310 0.310 0.314 0.307 0.319 0.310 0.305 0.308 0.305 0.318 0.310 0.309 0.317 0.333 0.313 0.311 0.309 0.310 
 161   (0.083) 0.083 0.083 0.083 0.084 0.083 0.078 0.073 0.083 0.084 0.090 0.084 0.081 0.082 0.084 0.080 0.075 0.082 0.084 0.082 0.083 0.082 0.081 0.081 0.082 0.083 0.084 0.082 0.086 0.078 0.083 0.084 0.079 0.071 0.081 0.083 0.084 0.085 
 157   (0.026) 0.024 0.026 0.026 0.023 0.027 0.022 0.023 0.024 0.023 0.021 0.026 0.026 0.026 0.024 0.025 0.023 0.025 0.025 0.024 0.026 0.025 0.025 0.028 0.024 0.026 0.026 0.026 0.025 0.024 0.026 0.027 0.025 0.020 0.026 0.026 0.026 0.026 
 153   (0.024) 0.022 0.024 0.023 0.021 0.024 0.023 0.020 0.022 0.023 0.021 0.023 0.024 0.024 0.024 0.023 0.021 0.023 0.023 0.022 0.024 0.023 0.023 0.023 0.023 0.024 0.022 0.023 0.022 0.020 0.024 0.024 0.023 0.017 0.023 0.024 0.024 0.024 

Values of parameters used in structure:
DATAFILE=/data/home/rchen/Hunting/blackgrouse-hunting/data_job_T37_3,	OUTFILE=data/structure/Results_stru_chicks_hunted/results_job_T37_3,	NUMINDS=236,	NUMLOCI=11,	MISSING=-9,	LABEL=1,	POPDATA=1,	POPFLAG=0,	PHENOTYPE=0,	EXTRACOLS=0,	MAXPOPS=37,	BURNIN=10000,	NUMREPS=10000,	USEPOPINFO=0,	INFERALPHA=1,	INFERLAMBDA=0,	POPSPECIFICLAMBDA=0,	POPALPHAS=0,	COMPUTEPROB=1,	NOADMIX=0,	ADMBURNIN=2500,	UPDATEFREQ=1,	PRINTLIKES=0,	INTERMEDSAVE=0,	PRINTKLD=0,	PRINTNET=0,	PRINTLAMBDA=0,	ANCESTDIST=0,	NUMBOXES=1000,	ANCESTPINT=0.90000,	GENSBACK=2,	MIGRPRIOR=0.05000,	PRINTQHAT=1,	PRINTQSUM=0,	ALPHA=1.0000,	FREQSCORR=1,	FPRIORMEAN=0.0100,	FPRIORSD=0.0500,	ONEFST=0,	LAMBDA=1.0000,	UNIFPRIORALPHA=1,	ALPHAMAX=10.0000,	ALPHAPRIORA=1.0000,	ALPHAPRIORB=2.0000,	ALPHAPROPSD=0.0250,	STARTATPOPINFO=0,	RANDOMIZE=1,	LINKAGE=0,	METROFREQ=10,	REPORTHITRATE=0,	MARKOVPHASE=-1,	PHASED=0,	PLOIDY=2,	PHASEINFO=0	LOCPRIOR=0, 	LOCPRIORINIT=1.000000, 	LOCDATA=0, 	LOCISPOP=0, 	LOCPRIORSTEP=0.100000, 	MAXLOCPRIOR=20.000000, 	SEED=1653047718,	
[STRAT parameters]:    NUMSIMSTATS=1000,	PHENOTYPECOL=-9,	POOLFREQ=10,	LOCUSxONLY=0,	EMERROR=0.00100,	MISSINGPHENO=-9,	