      H105.1  1 0.0072 0.0076 0.0049 0.9546 0.0109 0.0094 0.0054 
      H105.2  1 0.0157 0.0062 0.0046 0.9225 0.0125 0.0279 0.0106 
      H105.3  1 0.0038 0.0052 0.0049 0.9723 0.0042 0.0048 0.0048 
      H105.4  1 0.0134 0.0065 0.0130 0.9237 0.0092 0.0142 0.0201 
      H105.5  1 0.0313 0.0139 0.0095 0.8516 0.0515 0.0200 0.0222 
      H105.6  1 0.0164 0.0095 0.0148 0.9274 0.0090 0.0083 0.0147 
      H105.7  1 0.0077 0.0064 0.0043 0.9584 0.0130 0.0056 0.0046 
      H105.8  1 0.0068 0.0043 0.0034 0.9563 0.0042 0.0173 0.0077 
      H115.1  1 0.8715 0.0367 0.0042 0.0343 0.0110 0.0230 0.0194 
      H115.2  1 0.9544 0.0118 0.0059 0.0064 0.0081 0.0087 0.0047 
      H115.3  1 0.9331 0.0265 0.0056 0.0108 0.0069 0.0110 0.0060 
      H115.4  1 0.4902 0.0520 0.0117 0.0081 0.0227 0.4082 0.0072 
      H115.5  1 0.7593 0.1371 0.0241 0.0200 0.0137 0.0263 0.0195 
      H115.6  1 0.8927 0.0547 0.0067 0.0106 0.0190 0.0119 0.0043 
      H115.7  1 0.8543 0.0263 0.0077 0.0570 0.0258 0.0189 0.0099 
      H115.8  1 0.9380 0.0264 0.0053 0.0092 0.0092 0.0085 0.0032 
      H115.9  1 0.9270 0.0145 0.0037 0.0138 0.0086 0.0202 0.0121 
      H145.1  1 0.0079 0.0066 0.9364 0.0053 0.0327 0.0040 0.0070 
      H145.2  1 0.0051 0.0080 0.9563 0.0050 0.0141 0.0067 0.0048 
      H145.3  1 0.0048 0.0039 0.9621 0.0041 0.0182 0.0029 0.0039 
      H145.4  1 0.0046 0.0063 0.9578 0.0058 0.0169 0.0044 0.0041 
      H145.5  1 0.0041 0.0050 0.9498 0.0045 0.0304 0.0031 0.0030 
      H145.6  1 0.0030 0.0058 0.9699 0.0059 0.0066 0.0053 0.0035 
      H145.7  1 0.0036 0.0058 0.9733 0.0036 0.0062 0.0039 0.0037 
      H149.1  1 0.0032 0.9786 0.0035 0.0030 0.0049 0.0032 0.0036 
      H149.2  1 0.0026 0.9679 0.0067 0.0057 0.0079 0.0040 0.0052 
      H149.3  1 0.0185 0.7867 0.0315 0.0302 0.0712 0.0325 0.0295 
      H149.4  1 0.0037 0.9571 0.0038 0.0062 0.0044 0.0206 0.0043 
      H149.5  1 0.0039 0.8343 0.0258 0.0390 0.0236 0.0575 0.0158 
      H149.6  1 0.0030 0.9629 0.0079 0.0087 0.0067 0.0050 0.0058 
      H149.7  1 0.0088 0.7615 0.0088 0.0334 0.0397 0.1336 0.0141 
      H150.1  1 0.9757 0.0030 0.0048 0.0042 0.0040 0.0050 0.0034 
      H150.2  1 0.9661 0.0092 0.0041 0.0049 0.0059 0.0061 0.0037 
      H150.3  1 0.9612 0.0067 0.0069 0.0090 0.0072 0.0046 0.0044 
      H150.4  1 0.9751 0.0034 0.0045 0.0047 0.0063 0.0033 0.0027 
      H150.5  1 0.9614 0.0074 0.0055 0.0079 0.0070 0.0062 0.0046 
      H150.6  1 0.9292 0.0079 0.0080 0.0114 0.0090 0.0291 0.0055 
      H150.7  1 0.9713 0.0044 0.0060 0.0053 0.0063 0.0042 0.0025 
   H169607.1  1 0.0548 0.0054 0.0517 0.0130 0.8480 0.0219 0.0052 
   H169607.2  1 0.0114 0.0048 0.0094 0.0096 0.9517 0.0077 0.0054 
   H169607.3  1 0.0086 0.0048 0.0215 0.0058 0.9400 0.0124 0.0070 
   H169607.4  1 0.0063 0.0035 0.0223 0.0080 0.9526 0.0031 0.0041 
   H169607.5  1 0.0115 0.0040 0.0043 0.0058 0.9649 0.0048 0.0046 
   H169607.6  1 0.0054 0.0031 0.0074 0.0079 0.9651 0.0068 0.0044 
   H169607.7  1 0.0169 0.0052 0.0111 0.0078 0.9270 0.0283 0.0038 
   H169607.8  1 0.0080 0.0045 0.0074 0.0111 0.9568 0.0051 0.0071 
   H169633.1  1 0.0077 0.9527 0.0118 0.0105 0.0055 0.0047 0.0070 
   H169633.2  1 0.0039 0.9548 0.0129 0.0092 0.0031 0.0074 0.0087 
   H169633.3  1 0.0079 0.9444 0.0077 0.0085 0.0101 0.0083 0.0132 
   H169633.4  1 0.0077 0.9520 0.0081 0.0099 0.0085 0.0061 0.0076 
   H169633.5  1 0.0080 0.9515 0.0067 0.0100 0.0078 0.0049 0.0111 
   H169688.1  1 0.0365 0.0130 0.0707 0.0988 0.6881 0.0867 0.0062 
   H169688.2  1 0.2009 0.0174 0.1886 0.1532 0.1936 0.2210 0.0254 
   H169688.3  1 0.4082 0.0537 0.2418 0.0694 0.1382 0.0813 0.0074 
   H169688.4  1 0.8334 0.0154 0.0997 0.0045 0.0308 0.0090 0.0072 
   H169688.5  1 0.8373 0.0125 0.0971 0.0045 0.0347 0.0078 0.0062 
   H169688.6  1 0.3534 0.0299 0.1168 0.0300 0.0794 0.3739 0.0165 
   H169688.7  1 0.4211 0.0185 0.4189 0.0106 0.0946 0.0310 0.0053 
   H171901.1  1 0.1431 0.0257 0.0426 0.3883 0.3598 0.0361 0.0043 
   H171901.2  1 0.0209 0.9033 0.0106 0.0156 0.0395 0.0044 0.0058 
   H171901.3  1 0.0430 0.8380 0.0126 0.0228 0.0497 0.0157 0.0183 
   H171901.4  1 0.0131 0.9382 0.0074 0.0099 0.0161 0.0079 0.0074 
   H171901.5  1 0.0195 0.9005 0.0123 0.0114 0.0288 0.0200 0.0076 
   H171901.6  1 0.0496 0.8178 0.0178 0.0112 0.0555 0.0341 0.0140 
   H171901.7  1 0.0491 0.6748 0.0311 0.0123 0.1719 0.0329 0.0279 
   H171902.1  1 0.0082 0.0063 0.0122 0.0042 0.9550 0.0100 0.0043 
  H171902.10  1 0.0073 0.0074 0.0044 0.0034 0.9670 0.0070 0.0035 
   H171902.2  1 0.0127 0.0257 0.0140 0.0057 0.9138 0.0231 0.0048 
   H171902.3  1 0.0256 0.0391 0.0064 0.0056 0.9101 0.0082 0.0050 
   H171902.4  1 0.0050 0.0825 0.0125 0.0058 0.8842 0.0053 0.0047 
   H171902.6  1 0.0087 0.0076 0.0059 0.0046 0.9605 0.0080 0.0047 
   H171902.7  1 0.0059 0.0088 0.0072 0.0036 0.9645 0.0060 0.0040 
   H171902.8  1 0.0173 0.0140 0.0054 0.0046 0.9450 0.0090 0.0048 
   H171902.9  1 0.0247 0.0082 0.0075 0.0062 0.9440 0.0036 0.0058 
   H171903.1  1 0.0397 0.0077 0.0064 0.0091 0.9226 0.0080 0.0065 
   H171903.2  1 0.0510 0.0049 0.0112 0.0538 0.8288 0.0130 0.0373 
   H171903.3  1 0.0311 0.0171 0.0066 0.0446 0.8598 0.0081 0.0327 
   H171903.4  1 0.0186 0.0043 0.0094 0.0060 0.9530 0.0046 0.0041 
   H171903.5  1 0.1137 0.0616 0.0079 0.0304 0.7559 0.0146 0.0159 
   H171903.6  1 0.0320 0.0199 0.0050 0.0046 0.9247 0.0077 0.0060 
      H177.1  1 0.0142 0.0109 0.0077 0.0061 0.9312 0.0186 0.0113 
      H177.2  1 0.0392 0.0663 0.1844 0.0127 0.4484 0.2273 0.0217 
      H177.3  1 0.0210 0.0303 0.0287 0.0058 0.8727 0.0256 0.0159 
      H177.4  1 0.0034 0.0121 0.0148 0.0072 0.7550 0.1804 0.0271 
      H177.5  1 0.0263 0.0125 0.0255 0.0191 0.8100 0.0804 0.0262 
      H177.6  1 0.0287 0.1186 0.0236 0.0086 0.7651 0.0420 0.0135 
      H179.1  1 0.0098 0.0079 0.0037 0.0113 0.0096 0.9480 0.0097 
      H179.2  1 0.0080 0.0091 0.0039 0.0080 0.0112 0.9208 0.0388 
      H179.3  1 0.0293 0.0061 0.0064 0.0092 0.0220 0.9143 0.0126 
      H179.4  1 0.0063 0.0229 0.0221 0.0134 0.0180 0.8086 0.1087 
      H180.1  1 0.4967 0.0086 0.0048 0.0104 0.0070 0.4652 0.0072 
      H180.2  1 0.5281 0.0093 0.0076 0.0092 0.0125 0.4215 0.0119 
      H180.3  1 0.7673 0.0174 0.0092 0.0039 0.0093 0.1661 0.0268 
      H180.4  1 0.4917 0.0226 0.0084 0.0274 0.0191 0.4242 0.0067 
      H180.5  1 0.4484 0.0091 0.0125 0.0086 0.0247 0.4920 0.0047 
      H180.6  1 0.6252 0.0372 0.0650 0.0061 0.0654 0.1942 0.0069 
      H181.1  1 0.0327 0.1224 0.0109 0.0261 0.0763 0.7175 0.0141 
      H181.2  1 0.0224 0.0256 0.0532 0.0227 0.0310 0.8372 0.0079 
      H181.3  1 0.0263 0.0839 0.0322 0.0457 0.0545 0.7519 0.0055 
      H181.4  1 0.2723 0.1181 0.0286 0.0493 0.0659 0.4216 0.0443 
      H181.5  1 0.0053 0.0114 0.0045 0.0186 0.0095 0.9390 0.0117 
      H181.6  1 0.0182 0.0077 0.0053 0.0075 0.0111 0.9413 0.0089 
      H181.7  1 0.0095 0.0118 0.0057 0.0095 0.0072 0.9426 0.0137 
 H194.1_2004  1 0.0079 0.0058 0.0104 0.0053 0.9595 0.0036 0.0074 
 H194.2_2004  1 0.0075 0.0050 0.0121 0.0063 0.9611 0.0040 0.0039 
 H194.3_2004  1 0.0058 0.0835 0.0509 0.0078 0.7898 0.0178 0.0443 
 H194.4_2004  1 0.0042 0.0200 0.0483 0.0050 0.9102 0.0065 0.0058 
 H194.5_2004  1 0.0046 0.0275 0.0176 0.0102 0.8713 0.0075 0.0614 
 H194.6_2004  1 0.0056 0.0212 0.0132 0.0066 0.8606 0.0072 0.0856 
 H194.7_2004  1 0.0068 0.0062 0.0158 0.0112 0.9493 0.0039 0.0068 
 H194.8_2004  1 0.0060 0.0148 0.0264 0.0084 0.9247 0.0054 0.0145 
      H194.9  1 0.0068 0.0094 0.0219 0.0064 0.9454 0.0049 0.0052 
 H195.1_2003  1 0.0068 0.0286 0.9362 0.0062 0.0097 0.0054 0.0072 
 H195.1_2004  1 0.0040 0.0088 0.9715 0.0047 0.0039 0.0041 0.0030 
 H195.2_2003  1 0.0155 0.0095 0.9216 0.0124 0.0277 0.0048 0.0085 
 H195.2_2004  1 0.0031 0.0054 0.9779 0.0035 0.0043 0.0029 0.0029 
 H195.3_2003  1 0.1081 0.0086 0.7771 0.0377 0.0470 0.0049 0.0167 
 H195.3_2004  1 0.0028 0.0097 0.9700 0.0039 0.0066 0.0038 0.0032 
 H195.4_2003  1 0.0044 0.0132 0.9647 0.0038 0.0054 0.0030 0.0055 
 H195.4_2004  1 0.0031 0.0048 0.9769 0.0031 0.0045 0.0038 0.0038 
 H195.5_2003  1 0.0063 0.0216 0.9370 0.0126 0.0085 0.0056 0.0083 
 H195.5_2004  1 0.0045 0.0048 0.9727 0.0043 0.0038 0.0045 0.0055 
 H195.6_2003  1 0.0107 0.0050 0.9617 0.0056 0.0091 0.0041 0.0038 
 H195.6_2004  1 0.0025 0.0038 0.9754 0.0045 0.0055 0.0047 0.0037 
 H195.7_2003  1 0.0045 0.0148 0.9222 0.0113 0.0288 0.0069 0.0115 
 H195.7_2004  1 0.0053 0.0026 0.9791 0.0036 0.0034 0.0033 0.0028 
      H195.8  1 0.0041 0.0031 0.9761 0.0041 0.0044 0.0038 0.0044 
      H195.9  1 0.0040 0.0063 0.9694 0.0036 0.0075 0.0043 0.0049 
      H415.1  1 0.2171 0.7352 0.0138 0.0083 0.0101 0.0092 0.0063 
      H415.2  1 0.0218 0.0517 0.0059 0.0136 0.8316 0.0324 0.0430 
      H415.3  1 0.0166 0.8579 0.0101 0.0183 0.0134 0.0701 0.0137 
      H415.4  1 0.1336 0.7718 0.0121 0.0121 0.0107 0.0077 0.0519 
      H415.5  1 0.0190 0.8782 0.0093 0.0095 0.0088 0.0187 0.0566 
      H415.6  1 0.1201 0.7833 0.0145 0.0105 0.0108 0.0101 0.0507 
      H415.7  1 0.0111 0.2319 0.0190 0.0232 0.6622 0.0350 0.0176 
      H506.1  1 0.0023 0.0059 0.0046 0.0037 0.0032 0.9729 0.0074 
      H506.2  1 0.0022 0.0066 0.0107 0.0037 0.0041 0.9668 0.0059 
      H506.3  1 0.0042 0.0053 0.0052 0.0049 0.0064 0.9669 0.0071 
      H506.4  1 0.0059 0.0054 0.0044 0.0040 0.0070 0.9639 0.0093 
      H506.5  1 0.0031 0.0100 0.0066 0.0047 0.0058 0.9595 0.0102 
      H506.6  1 0.0067 0.0057 0.0199 0.0055 0.0152 0.9402 0.0068 
      H506.7  1 0.0027 0.0069 0.0063 0.0044 0.0046 0.9698 0.0053 
      H533.1  1 0.0031 0.0066 0.0033 0.0037 0.0029 0.9738 0.0066 
      H533.2  1 0.0029 0.0099 0.0041 0.0041 0.0036 0.9699 0.0054 
      H533.3  1 0.0029 0.0070 0.0032 0.0041 0.0046 0.9733 0.0050 
      H533.4  1 0.0036 0.0133 0.0160 0.0045 0.0080 0.9491 0.0056 
      H535.1  1 0.0055 0.0048 0.0053 0.0030 0.0084 0.0036 0.9695 
      H535.2  1 0.0031 0.0041 0.0075 0.0060 0.0051 0.0051 0.9692 
      H535.3  1 0.0032 0.0029 0.0094 0.0049 0.0035 0.0037 0.9724 
      H535.4  1 0.0039 0.0075 0.0065 0.0034 0.0049 0.0033 0.9706 
      H535.5  1 0.0039 0.0045 0.0043 0.0034 0.0054 0.0037 0.9748 
      H535.6  1 0.0062 0.0035 0.0075 0.0036 0.0128 0.0036 0.9627 
      H535.7  1 0.0026 0.0040 0.0033 0.0028 0.0034 0.0034 0.9806 
      H535.8  1 0.0029 0.0032 0.0049 0.0032 0.0039 0.0041 0.9780 
      H535.9  1 0.0046 0.0036 0.0059 0.0035 0.0073 0.0054 0.9698 
      H539.1  1 0.9784 0.0029 0.0038 0.0037 0.0056 0.0026 0.0030 
      H539.2  1 0.9385 0.0051 0.0064 0.0058 0.0262 0.0071 0.0109 
      H539.3  1 0.9522 0.0037 0.0089 0.0043 0.0184 0.0040 0.0085 
      H539.4  1 0.9764 0.0041 0.0032 0.0051 0.0037 0.0036 0.0038 
      H539.5  1 0.9800 0.0027 0.0027 0.0029 0.0058 0.0028 0.0031 
      H539.6  1 0.9745 0.0035 0.0040 0.0032 0.0090 0.0027 0.0031 
      H539.7  1 0.9790 0.0035 0.0034 0.0035 0.0041 0.0030 0.0035 
      H539.8  1 0.9511 0.0043 0.0057 0.0069 0.0105 0.0047 0.0168 
      H539.9  1 0.9803 0.0027 0.0029 0.0049 0.0034 0.0028 0.0031 
      H540.1  1 0.9164 0.0054 0.0088 0.0049 0.0510 0.0069 0.0066 
      H540.2  1 0.9597 0.0053 0.0045 0.0052 0.0128 0.0087 0.0039 
      H540.3  1 0.9206 0.0173 0.0152 0.0087 0.0224 0.0056 0.0103 
      H540.4  1 0.9636 0.0046 0.0044 0.0065 0.0071 0.0076 0.0062 
      H540.5  1 0.9575 0.0060 0.0041 0.0060 0.0152 0.0043 0.0069 
      H540.6  1 0.9288 0.0060 0.0055 0.0091 0.0341 0.0074 0.0091 
      H540.7  1 0.9325 0.0184 0.0068 0.0053 0.0233 0.0090 0.0047 
      H540.8  1 0.6679 0.0150 0.0046 0.0040 0.2973 0.0045 0.0068 
     H9558.1  1 0.9612 0.0033 0.0042 0.0046 0.0103 0.0066 0.0097 
     H9558.2  1 0.8982 0.0062 0.0063 0.0260 0.0196 0.0194 0.0242 
     H9558.3  1 0.9264 0.0042 0.0049 0.0377 0.0075 0.0078 0.0114 
     H9558.4  1 0.9649 0.0028 0.0029 0.0051 0.0099 0.0062 0.0081 
     H9558.5  1 0.9744 0.0038 0.0025 0.0065 0.0037 0.0024 0.0066 
     H9558.6  1 0.9558 0.0046 0.0052 0.0095 0.0111 0.0041 0.0098 
    kos339.1  1 0.0051 0.9540 0.0032 0.0095 0.0070 0.0155 0.0058 
    kos339.2  1 0.0038 0.9660 0.0067 0.0072 0.0042 0.0067 0.0055 
    kos339.3  1 0.0043 0.9732 0.0038 0.0034 0.0039 0.0059 0.0056 
    kos339.4  1 0.0040 0.9737 0.0042 0.0036 0.0046 0.0063 0.0036 
    kos339.5  1 0.0040 0.9633 0.0028 0.0070 0.0061 0.0132 0.0036 
    kos339.6  1 0.0040 0.9689 0.0065 0.0054 0.0052 0.0066 0.0034 
    kos339.7  1 0.0029 0.9746 0.0035 0.0027 0.0040 0.0057 0.0067 
    kos339.8  1 0.0033 0.9692 0.0035 0.0047 0.0039 0.0118 0.0037 
    kos339.9  1 0.0138 0.9426 0.0080 0.0068 0.0158 0.0072 0.0058 
      H409.1 12 0.0041 0.0149 0.0074 0.0117 0.0055 0.0092 0.9472 
     H409.10 12 0.0483 0.0258 0.0143 0.0319 0.0138 0.1287 0.7373 
      H409.2 12 0.0054 0.0088 0.0074 0.0057 0.0051 0.0080 0.9596 
      H409.3 12 0.0076 0.0072 0.0082 0.0074 0.0088 0.0080 0.9528 
      H409.4 12 0.0078 0.0063 0.0049 0.0081 0.0061 0.0040 0.9629 
      H409.5 12 0.0066 0.0046 0.0064 0.0073 0.0079 0.0053 0.9619 
      H409.6 12 0.0156 0.0060 0.0084 0.0763 0.0219 0.0253 0.8465 
      H409.7 12 0.0063 0.0229 0.0368 0.0387 0.0111 0.0152 0.8690 
      H409.8 12 0.0040 0.0077 0.0052 0.0167 0.0086 0.0117 0.9461 
      H409.9 12 0.3741 0.0035 0.0053 0.0451 0.0091 0.1043 0.4586 
      H413.1 12 0.0147 0.0052 0.0052 0.9591 0.0056 0.0046 0.0055 
      H413.2 12 0.0103 0.0075 0.0077 0.9566 0.0064 0.0056 0.0059 
      H413.3 12 0.0116 0.0035 0.0044 0.9611 0.0088 0.0070 0.0037 
      H413.4 12 0.0116 0.0048 0.0047 0.9539 0.0064 0.0121 0.0066 
      H413.5 12 0.2281 0.0041 0.0051 0.7312 0.0089 0.0175 0.0052 
      H413.6 12 0.1358 0.0055 0.0070 0.8360 0.0064 0.0047 0.0046 
      H413.7 12 0.0104 0.0065 0.0047 0.9624 0.0068 0.0040 0.0053 
      H563.1 12 0.0099 0.0037 0.0043 0.9687 0.0042 0.0044 0.0048 
      H563.2 12 0.0093 0.0108 0.0051 0.9453 0.0129 0.0075 0.0092 
      H563.3 12 0.0087 0.0035 0.0068 0.9675 0.0061 0.0046 0.0029 
      H563.4 12 0.0054 0.0058 0.0037 0.9723 0.0047 0.0043 0.0038 
      H563.5 12 0.0044 0.0044 0.0061 0.9738 0.0045 0.0040 0.0028 
      H563.6 12 0.0059 0.0108 0.0045 0.9624 0.0070 0.0048 0.0047 
      H563.7 12 0.0034 0.0091 0.0046 0.9714 0.0037 0.0044 0.0034 
      H563.8 12 0.0116 0.0057 0.0049 0.9614 0.0077 0.0054 0.0033 
      H563.9 12 0.0086 0.0141 0.0063 0.9450 0.0107 0.0093 0.0059 
     H7374.1 12 0.0064 0.0137 0.2794 0.6065 0.0195 0.0063 0.0681 
     H7374.2 12 0.0110 0.0051 0.2328 0.7053 0.0295 0.0068 0.0096 
     H7374.3 12 0.0078 0.0056 0.3588 0.5716 0.0371 0.0058 0.0133 
     H7374.4 12 0.0233 0.0313 0.2838 0.5628 0.0239 0.0126 0.0622 
     H7374.5 12 0.0218 0.0284 0.2880 0.6000 0.0157 0.0257 0.0203 
     H7374.6 12 0.0099 0.0185 0.4690 0.4333 0.0303 0.0086 0.0304 
     H7374.7 12 0.0066 0.0273 0.3605 0.5389 0.0220 0.0083 0.0365 
     H7374.8 12 0.0041 0.0166 0.3132 0.6270 0.0171 0.0059 0.0161 
     H7374.9 12 0.0195 0.0183 0.3771 0.5342 0.0294 0.0110 0.0105 
     H9563.1 12 0.0077 0.0087 0.0065 0.9550 0.0089 0.0087 0.0044 
     H9563.2 12 0.0100 0.0040 0.0072 0.9599 0.0083 0.0063 0.0042 
     H9563.3 12 0.0038 0.0075 0.0094 0.9586 0.0051 0.0096 0.0060 
     H9563.4 12 0.0170 0.0176 0.0153 0.8666 0.0218 0.0164 0.0453 
     H9563.5 12 0.0098 0.0116 0.0076 0.9251 0.0120 0.0174 0.0165 
     H9563.6 12 0.0045 0.0039 0.0079 0.9684 0.0040 0.0070 0.0043 
     H9563.7 12 0.0040 0.0030 0.0064 0.9706 0.0048 0.0043 0.0070 
     H9563.8 12 0.0218 0.0474 0.0075 0.8562 0.0161 0.0409 0.0100 
     H9563.9 12 0.0122 0.0083 0.0053 0.9404 0.0122 0.0174 0.0043 
     H9572.1 12 0.1490 0.0079 0.0261 0.3666 0.1410 0.2836 0.0257 
     H9572.2 12 0.0192 0.0164 0.0950 0.2889 0.5137 0.0576 0.0093 
     H9572.3 12 0.0441 0.1825 0.0129 0.3110 0.3840 0.0178 0.0478 
     H9572.4 12 0.0304 0.0537 0.0256 0.2513 0.4047 0.1762 0.0581 
     H9572.5 12 0.0600 0.0961 0.0276 0.1062 0.3940 0.2949 0.0212 
