

----------------------------------------------------
STRUCTURE by Pritchard, Stephens and Donnelly (2000)
     and Falush, Stephens and Pritchard (2003)
       Code by Pritchard, Falush and Hubisz
             Version 2.3.4 (Jul 2012)
----------------------------------------------------



Command line arguments:   /usr/local/bin/structure -m parameter_job_T28_3 
Input File:    /data/home/rchen/Hunting/blackgrouse-hunting/data_job_T28_3

Run parameters:
   236 individuals
   11 loci
   28 populations assumed
   10000 Burn-in period
   10000 Reps


--------------------------------------------
Proportion of membership of each pre-defined
 population in each of the 28 clusters

Given    Inferred Clusters                                                                                                                                                                                      Number of
 Pop       1      2      3      4      5      6      7      8      9     10     11     12     13     14     15     16     17     18     19     20     21     22     23     24     25     26     27     28      Individuals

  1:     0.039  0.047  0.076  0.024  0.005  0.005  0.068  0.049  0.008  0.070  0.037  0.042  0.036  0.033  0.030  0.006  0.009  0.048  0.009  0.017  0.031  0.107  0.032  0.005  0.045  0.077  0.039  0.005      187
 12:     0.004  0.006  0.005  0.005  0.086  0.314  0.006  0.004  0.006  0.007  0.005  0.006  0.006  0.005  0.007  0.171  0.007  0.004  0.006  0.006  0.007  0.009  0.005  0.164  0.006  0.004  0.006  0.133       49
--------------------------------------------

Allele-freq. divergence among pops (Net nucleotide distance),
computed using point estimates of P.

      1       2       3       4       5       6       7       8       9      10      11      12      13      14      15      16      17      18      19      20      21      22      23      24      25      26      27      28      
 1      -    0.1778  0.2529  0.1480  0.2709  0.2240  0.1450  0.2836  0.1091  0.2163  0.1829  0.2495  0.1920  0.1698  0.1097  0.1835  0.1089  0.2226  0.1091  0.1064  0.1478  0.1710  0.2247  0.2074  0.2297  0.2470  0.2776  0.1852  
 2   0.1778     -    0.1835  0.1089  0.1680  0.1669  0.1700  0.1924  0.0592  0.2204  0.1507  0.1833  0.1265  0.1128  0.0786  0.1564  0.0589  0.1418  0.0593  0.0626  0.1028  0.1411  0.1654  0.1435  0.1327  0.1486  0.1903  0.1834  
 3   0.2529  0.1835     -    0.0886  0.1784  0.2043  0.1914  0.2353  0.1076  0.1719  0.1433  0.2624  0.1403  0.1616  0.1308  0.2019  0.1083  0.1911  0.1076  0.1074  0.2096  0.2962  0.0589  0.1826  0.2654  0.1991  0.2380  0.2556  
 4   0.1480  0.1089  0.0886     -    0.1632  0.1483  0.0922  0.1822  0.0358  0.1577  0.1020  0.1607  0.0841  0.0915  0.0446  0.1373  0.0357  0.1175  0.0358  0.0236  0.0918  0.1515  0.0810  0.1275  0.1478  0.1722  0.1350  0.2049  
 5   0.2709  0.1680  0.1784  0.1632     -    0.1282  0.1800  0.2274  0.1053  0.1856  0.1376  0.1704  0.2122  0.1782  0.1200  0.1886  0.1062  0.1720  0.1053  0.1180  0.2062  0.2079  0.2041  0.1855  0.1818  0.2111  0.2352  0.2330  
 6   0.2240  0.1669  0.2043  0.1483  0.1282     -    0.1593  0.2554  0.0863  0.1797  0.1633  0.1561  0.1584  0.1725  0.0923  0.1693  0.0865  0.1865  0.0862  0.0965  0.1403  0.1999  0.1864  0.1539  0.1619  0.1780  0.2612  0.2116  
 7   0.1450  0.1700  0.1914  0.0922  0.1800  0.1593     -    0.2068  0.0608  0.1629  0.1283  0.1814  0.1362  0.1179  0.0361  0.1631  0.0606  0.1440  0.0608  0.0636  0.0969  0.1357  0.1748  0.1806  0.1644  0.1789  0.2346  0.1766  
 8   0.2836  0.1924  0.2353  0.1822  0.2274  0.2554  0.2068     -    0.1304  0.2208  0.1864  0.2436  0.2305  0.1625  0.1577  0.2173  0.1309  0.2367  0.1303  0.1436  0.1733  0.2473  0.2384  0.2013  0.2109  0.2331  0.2637  0.2664  
 9   0.1091  0.0592  0.1076  0.0358  0.1053  0.0863  0.0608  0.1304     -    0.1056  0.0626  0.1121  0.0665  0.0657  0.0082  0.0897  0.0000  0.0825  0.0000  0.0035  0.0536  0.1017  0.0946  0.0840  0.0900  0.1003  0.1387  0.1367  
10   0.2163  0.2204  0.1719  0.1577  0.1856  0.1797  0.1629  0.2208  0.1056     -    0.1071  0.2186  0.1763  0.1559  0.1221  0.1686  0.1062  0.1944  0.1056  0.1199  0.1892  0.2798  0.1827  0.2168  0.2113  0.2176  0.2629  0.2558  
11   0.1829  0.1507  0.1433  0.1020  0.1376  0.1633  0.1283  0.1864  0.0626  0.1071     -    0.1668  0.1344  0.1171  0.0778  0.1588  0.0631  0.1389  0.0626  0.0678  0.1535  0.2028  0.1331  0.1646  0.1760  0.1805  0.2210  0.2023  
12   0.2495  0.1833  0.2624  0.1607  0.1704  0.1561  0.1814  0.2436  0.1121  0.2186  0.1668     -    0.2027  0.2117  0.1228  0.1717  0.1130  0.2366  0.1121  0.1241  0.1704  0.2158  0.2565  0.1737  0.1980  0.2298  0.2521  0.2429  
13   0.1920  0.1265  0.1403  0.0841  0.2122  0.1584  0.1362  0.2305  0.0665  0.1763  0.1344  0.2027     -    0.1362  0.0737  0.1510  0.0664  0.1279  0.0665  0.0650  0.1303  0.1832  0.1330  0.1486  0.2016  0.1659  0.1778  0.2695  
14   0.1698  0.1128  0.1616  0.0915  0.1782  0.1725  0.1179  0.1625  0.0657  0.1559  0.1171  0.2117  0.1362     -    0.0818  0.1527  0.0655  0.1483  0.0657  0.0654  0.0924  0.1701  0.1393  0.1334  0.1849  0.1630  0.2355  0.2558  
15   0.1097  0.0786  0.1308  0.0446  0.1200  0.0923  0.0361  0.1577  0.0082  0.1221  0.0778  0.1228  0.0737  0.0818     -    0.1063  0.0079  0.0803  0.0082  0.0096  0.0584  0.0876  0.1149  0.1014  0.0910  0.1135  0.1606  0.1402  
16   0.1835  0.1564  0.2019  0.1373  0.1886  0.1693  0.1631  0.2173  0.0897  0.1686  0.1588  0.1717  0.1510  0.1527  0.1063     -    0.0899  0.1991  0.0897  0.0986  0.1415  0.2386  0.1685  0.1579  0.2282  0.1932  0.2403  0.2436  
17   0.1089  0.0589  0.1083  0.0357  0.1062  0.0865  0.0606  0.1309  0.0000  0.1062  0.0631  0.1130  0.0664  0.0655  0.0079  0.0899     -    0.0822  0.0000  0.0034  0.0526  0.1012  0.0948  0.0845  0.0897  0.1007  0.1395  0.1372  
18   0.2226  0.1418  0.1911  0.1175  0.1720  0.1865  0.1440  0.2367  0.0825  0.1944  0.1389  0.2366  0.1279  0.1483  0.0803  0.1991  0.0822     -    0.0825  0.0847  0.1514  0.1634  0.1650  0.1760  0.1576  0.1713  0.2488  0.2477  
19   0.1091  0.0593  0.1076  0.0358  0.1053  0.0862  0.0608  0.1303  0.0000  0.1056  0.0626  0.1121  0.0665  0.0657  0.0082  0.0897  0.0000  0.0825     -    0.0035  0.0536  0.1017  0.0946  0.0839  0.0901  0.1003  0.1388  0.1367  
20   0.1064  0.0626  0.1074  0.0236  0.1180  0.0965  0.0636  0.1436  0.0035  0.1199  0.0678  0.1241  0.0650  0.0654  0.0096  0.0986  0.0034  0.0847  0.0035     -    0.0526  0.0890  0.0944  0.0919  0.0931  0.1200  0.1417  0.1449  
21   0.1478  0.1028  0.2096  0.0918  0.2062  0.1403  0.0969  0.1733  0.0536  0.1892  0.1535  0.1704  0.1303  0.0924  0.0584  0.1415  0.0526  0.1514  0.0536  0.0526     -    0.1442  0.1691  0.1632  0.1109  0.1702  0.2529  0.2194  
22   0.1710  0.1411  0.2962  0.1515  0.2079  0.1999  0.1357  0.2473  0.1017  0.2798  0.2028  0.2158  0.1832  0.1701  0.0876  0.2386  0.1012  0.1634  0.1017  0.0890  0.1442     -    0.2876  0.1962  0.1645  0.2495  0.2808  0.1832  
23   0.2247  0.1654  0.0589  0.0810  0.2041  0.1864  0.1748  0.2384  0.0946  0.1827  0.1331  0.2565  0.1330  0.1393  0.1149  0.1685  0.0948  0.1650  0.0946  0.0944  0.1691  0.2876     -    0.1791  0.2525  0.1771  0.2439  0.2755  
24   0.2074  0.1435  0.1826  0.1275  0.1855  0.1539  0.1806  0.2013  0.0840  0.2168  0.1646  0.1737  0.1486  0.1334  0.1014  0.1579  0.0845  0.1760  0.0839  0.0919  0.1632  0.1962  0.1791     -    0.1819  0.1536  0.2149  0.2206  
25   0.2297  0.1327  0.2654  0.1478  0.1818  0.1619  0.1644  0.2109  0.0900  0.2113  0.1760  0.1980  0.2016  0.1849  0.0910  0.2282  0.0897  0.1576  0.0901  0.0931  0.1109  0.1645  0.2525  0.1819     -    0.1636  0.2022  0.2292  
26   0.2470  0.1486  0.1991  0.1722  0.2111  0.1780  0.1789  0.2331  0.1003  0.2176  0.1805  0.2298  0.1659  0.1630  0.1135  0.1932  0.1007  0.1713  0.1003  0.1200  0.1702  0.2495  0.1771  0.1536  0.1636     -    0.2239  0.2739  
27   0.2776  0.1903  0.2380  0.1350  0.2352  0.2612  0.2346  0.2637  0.1387  0.2629  0.2210  0.2521  0.1778  0.2355  0.1606  0.2403  0.1395  0.2488  0.1388  0.1417  0.2529  0.2808  0.2439  0.2149  0.2022  0.2239     -    0.3207  
28   0.1852  0.1834  0.2556  0.2049  0.2330  0.2116  0.1766  0.2664  0.1367  0.2558  0.2023  0.2429  0.2695  0.2558  0.1402  0.2436  0.1372  0.2477  0.1367  0.1449  0.2194  0.1832  0.2755  0.2206  0.2292  0.2739  0.3207     -    

Average distances (expected heterozygosity) between individuals in same cluster:
cluster  1  : 0.5780 
cluster  2  : 0.5783 
cluster  3  : 0.5043 
cluster  4  : 0.6318 
cluster  5  : 0.5642 
cluster  6  : 0.5872 
cluster  7  : 0.6610 
cluster  8  : 0.5469 
cluster  9  : 0.7433 
cluster 10  : 0.5322 
cluster 11  : 0.6169 
cluster 12  : 0.5686 
cluster 13  : 0.5804 
cluster 14  : 0.5849 
cluster 15  : 0.7203 
cluster 16  : 0.5495 
cluster 17  : 0.7411 
cluster 18  : 0.5480 
cluster 19  : 0.7434 
cluster 20  : 0.7177 
cluster 21  : 0.5917 
cluster 22  : 0.5554 
cluster 23  : 0.5213 
cluster 24  : 0.5892 
cluster 25  : 0.5378 
cluster 26  : 0.5815 
cluster 27  : 0.4567 
cluster 28  : 0.5388 

--------------------------------------------
Estimated Ln Prob of Data   = -6769.5
Mean value of ln likelihood = -5655.4
Variance of ln likelihood   = 2228.2
Mean value of alpha         = 0.0301

Mean value of Fst_1         = 0.3660
Mean value of Fst_2         = 0.2964
Mean value of Fst_3         = 0.3537
Mean value of Fst_4         = 0.2685
Mean value of Fst_5         = 0.3643
Mean value of Fst_6         = 0.3040
Mean value of Fst_7         = 0.2378
Mean value of Fst_8         = 0.4530
Mean value of Fst_9         = 0.0013
Mean value of Fst_10         = 0.3773
Mean value of Fst_11         = 0.2782
Mean value of Fst_12         = 0.3618
Mean value of Fst_13         = 0.3399
Mean value of Fst_14         = 0.3106
Mean value of Fst_15         = 0.1375
Mean value of Fst_16         = 0.3708
Mean value of Fst_17         = 0.0186
Mean value of Fst_18         = 0.3921
Mean value of Fst_19         = 0.0006
Mean value of Fst_20         = 0.1638
Mean value of Fst_21         = 0.2940
Mean value of Fst_22         = 0.3268
Mean value of Fst_23         = 0.3765
Mean value of Fst_24         = 0.3424
Mean value of Fst_25         = 0.3773
Mean value of Fst_26         = 0.3266
Mean value of Fst_27         = 0.4507
Mean value of Fst_28         = 0.4079


Inferred ancestry of individuals:
        Label (%Miss) Pop:  Inferred clusters
  1   H105.1    (0)    1 :  0.004 0.002 0.003 0.002 0.004 0.005 0.003 0.002 0.004 0.003 0.004 0.913 0.003 0.002 0.004 0.002 0.004 0.002 0.003 0.003 0.007 0.002 0.004 0.004 0.004 0.003 0.003 0.002 
  2   H105.2    (0)    1 :  0.005 0.003 0.003 0.006 0.003 0.003 0.004 0.003 0.005 0.007 0.009 0.879 0.005 0.003 0.005 0.005 0.006 0.006 0.005 0.006 0.004 0.003 0.003 0.004 0.005 0.002 0.003 0.003 
  3   H105.3    (0)    1 :  0.002 0.002 0.003 0.002 0.004 0.005 0.003 0.002 0.003 0.004 0.002 0.926 0.002 0.002 0.003 0.003 0.003 0.002 0.003 0.002 0.003 0.002 0.002 0.002 0.003 0.003 0.002 0.003 
  4   H105.4    (0)    1 :  0.003 0.003 0.003 0.004 0.004 0.004 0.004 0.004 0.004 0.003 0.004 0.901 0.003 0.005 0.003 0.005 0.004 0.002 0.004 0.003 0.004 0.003 0.003 0.002 0.006 0.003 0.004 0.003 
  5   H105.5    (0)    1 :  0.007 0.005 0.003 0.006 0.003 0.004 0.008 0.004 0.006 0.003 0.006 0.842 0.003 0.004 0.009 0.005 0.009 0.002 0.007 0.007 0.024 0.006 0.005 0.005 0.006 0.003 0.004 0.003 
  6   H105.6    (0)    1 :  0.004 0.008 0.003 0.006 0.003 0.006 0.006 0.004 0.005 0.004 0.003 0.862 0.004 0.004 0.006 0.007 0.006 0.003 0.006 0.006 0.004 0.009 0.002 0.004 0.004 0.003 0.009 0.007 
  7   H105.7    (0)    1 :  0.007 0.009 0.003 0.006 0.008 0.022 0.005 0.003 0.007 0.005 0.008 0.826 0.006 0.005 0.006 0.007 0.007 0.004 0.008 0.006 0.008 0.005 0.004 0.003 0.006 0.003 0.004 0.008 
  8   H105.8    (0)    1 :  0.003 0.002 0.002 0.004 0.003 0.003 0.003 0.003 0.003 0.007 0.004 0.921 0.003 0.002 0.004 0.002 0.003 0.003 0.003 0.004 0.003 0.002 0.002 0.003 0.003 0.002 0.002 0.003 
  9   H115.1    (0)    1 :  0.006 0.005 0.013 0.021 0.004 0.010 0.405 0.004 0.014 0.013 0.004 0.005 0.006 0.005 0.172 0.027 0.016 0.008 0.020 0.017 0.072 0.027 0.009 0.005 0.010 0.005 0.003 0.093 
 10   H115.2    (0)    1 :  0.007 0.006 0.004 0.015 0.005 0.005 0.534 0.003 0.018 0.004 0.007 0.003 0.009 0.007 0.224 0.004 0.015 0.008 0.007 0.010 0.034 0.038 0.006 0.004 0.006 0.004 0.004 0.009 
 11   H115.3    (0)    1 :  0.003 0.003 0.009 0.007 0.003 0.007 0.560 0.005 0.007 0.004 0.004 0.005 0.007 0.009 0.293 0.004 0.005 0.005 0.004 0.005 0.012 0.013 0.008 0.003 0.005 0.004 0.003 0.003 
 12   H115.4    (0)    1 :  0.007 0.003 0.017 0.009 0.004 0.004 0.634 0.005 0.011 0.031 0.022 0.003 0.012 0.008 0.116 0.003 0.027 0.008 0.009 0.011 0.008 0.005 0.013 0.003 0.011 0.005 0.005 0.005 
 13   H115.5    (0)    1 :  0.006 0.004 0.043 0.020 0.006 0.004 0.543 0.007 0.022 0.005 0.007 0.015 0.011 0.006 0.137 0.007 0.020 0.005 0.019 0.016 0.015 0.024 0.010 0.003 0.008 0.010 0.006 0.019 
 14   H115.6    (0)    1 :  0.004 0.008 0.013 0.019 0.007 0.009 0.435 0.003 0.009 0.004 0.005 0.004 0.036 0.010 0.272 0.005 0.026 0.026 0.010 0.016 0.015 0.024 0.017 0.007 0.005 0.005 0.006 0.003 
 15   H115.7    (0)    1 :  0.009 0.007 0.008 0.018 0.003 0.009 0.381 0.003 0.019 0.005 0.007 0.005 0.007 0.007 0.297 0.009 0.024 0.010 0.022 0.012 0.010 0.011 0.018 0.005 0.019 0.008 0.004 0.064 
 16   H115.8    (0)    1 :  0.005 0.004 0.009 0.010 0.006 0.006 0.547 0.002 0.006 0.004 0.006 0.007 0.006 0.004 0.280 0.004 0.010 0.010 0.007 0.008 0.011 0.018 0.007 0.004 0.003 0.005 0.002 0.005 
 17   H115.9    (0)    1 :  0.005 0.004 0.009 0.010 0.004 0.009 0.380 0.004 0.016 0.010 0.006 0.005 0.005 0.006 0.206 0.018 0.010 0.007 0.011 0.022 0.075 0.136 0.006 0.003 0.008 0.004 0.003 0.018 
 18   H145.1    (0)    1 :  0.004 0.012 0.005 0.006 0.003 0.006 0.005 0.004 0.009 0.003 0.003 0.002 0.010 0.005 0.009 0.004 0.008 0.013 0.010 0.008 0.008 0.009 0.004 0.009 0.011 0.822 0.005 0.003 
 19   H145.2    (0)    1 :  0.003 0.005 0.005 0.006 0.004 0.005 0.005 0.005 0.008 0.005 0.004 0.003 0.008 0.006 0.009 0.003 0.008 0.006 0.007 0.008 0.008 0.005 0.004 0.005 0.005 0.851 0.007 0.002 
 20   H145.3    (0)    1 :  0.002 0.004 0.002 0.002 0.003 0.003 0.003 0.003 0.003 0.002 0.002 0.003 0.002 0.002 0.003 0.003 0.003 0.014 0.003 0.003 0.003 0.002 0.003 0.003 0.004 0.916 0.002 0.002 
 21   H145.4    (0)    1 :  0.004 0.023 0.004 0.003 0.003 0.007 0.003 0.003 0.005 0.003 0.003 0.003 0.006 0.005 0.005 0.005 0.004 0.005 0.005 0.006 0.004 0.004 0.003 0.005 0.008 0.863 0.005 0.003 
 22   H145.5    (0)    1 :  0.002 0.004 0.003 0.002 0.003 0.002 0.002 0.002 0.003 0.003 0.003 0.003 0.003 0.003 0.003 0.003 0.004 0.027 0.003 0.003 0.003 0.003 0.003 0.004 0.004 0.897 0.003 0.002 
 23   H145.6    (0)    1 :  0.002 0.006 0.005 0.003 0.002 0.007 0.002 0.004 0.007 0.004 0.004 0.003 0.006 0.004 0.005 0.003 0.006 0.004 0.008 0.005 0.006 0.003 0.005 0.003 0.003 0.880 0.007 0.003 
 24   H145.7    (0)    1 :  0.003 0.004 0.006 0.004 0.003 0.004 0.003 0.003 0.004 0.003 0.003 0.002 0.005 0.004 0.004 0.004 0.004 0.004 0.004 0.003 0.003 0.002 0.006 0.004 0.003 0.904 0.004 0.002 
 25   H149.1    (0)    1 :  0.003 0.005 0.754 0.017 0.003 0.003 0.004 0.003 0.005 0.003 0.004 0.003 0.006 0.007 0.004 0.005 0.004 0.005 0.005 0.005 0.003 0.004 0.134 0.004 0.002 0.003 0.002 0.002 
 26   H149.2    (0)    1 :  0.003 0.005 0.058 0.005 0.003 0.003 0.003 0.002 0.005 0.003 0.004 0.003 0.005 0.004 0.005 0.004 0.004 0.004 0.005 0.004 0.004 0.003 0.846 0.005 0.003 0.003 0.003 0.002 
 27   H149.3    (0)    1 :  0.010 0.008 0.035 0.021 0.005 0.010 0.006 0.004 0.012 0.009 0.008 0.005 0.005 0.023 0.018 0.009 0.020 0.008 0.018 0.020 0.018 0.003 0.691 0.004 0.005 0.017 0.003 0.004 
 28   H149.4    (0)    1 :  0.004 0.004 0.299 0.013 0.015 0.005 0.006 0.004 0.009 0.013 0.008 0.010 0.008 0.007 0.008 0.005 0.009 0.016 0.006 0.016 0.003 0.007 0.506 0.003 0.003 0.004 0.004 0.006 
 29   H149.5    (0)    1 :  0.003 0.004 0.008 0.004 0.004 0.006 0.003 0.004 0.004 0.004 0.006 0.005 0.003 0.004 0.004 0.003 0.005 0.003 0.005 0.004 0.003 0.002 0.891 0.003 0.006 0.006 0.003 0.002 
 30   H149.6    (0)    1 :  0.003 0.003 0.009 0.006 0.002 0.002 0.002 0.002 0.003 0.003 0.003 0.002 0.005 0.003 0.002 0.003 0.003 0.003 0.003 0.004 0.003 0.002 0.914 0.003 0.002 0.004 0.002 0.003 
 31   H149.7    (0)    1 :  0.008 0.010 0.014 0.006 0.009 0.008 0.006 0.004 0.012 0.010 0.006 0.004 0.006 0.016 0.007 0.006 0.009 0.009 0.009 0.008 0.010 0.003 0.794 0.006 0.006 0.004 0.006 0.003 
 32   H150.1    (0)    1 :  0.003 0.005 0.002 0.007 0.005 0.004 0.386 0.002 0.007 0.002 0.004 0.007 0.004 0.003 0.284 0.006 0.007 0.005 0.006 0.012 0.006 0.210 0.003 0.003 0.005 0.004 0.004 0.003 
 33   H150.2    (0)    1 :  0.007 0.005 0.006 0.008 0.004 0.005 0.520 0.004 0.009 0.004 0.005 0.004 0.006 0.004 0.305 0.004 0.007 0.008 0.008 0.008 0.003 0.042 0.003 0.004 0.005 0.002 0.004 0.007 
 34   H150.3    (0)    1 :  0.014 0.008 0.005 0.015 0.005 0.011 0.090 0.003 0.018 0.004 0.004 0.005 0.008 0.003 0.282 0.007 0.020 0.042 0.011 0.019 0.009 0.350 0.004 0.008 0.012 0.007 0.004 0.030 
 35   H150.4    (0)    1 :  0.008 0.005 0.003 0.005 0.005 0.008 0.037 0.002 0.005 0.003 0.004 0.004 0.007 0.003 0.243 0.005 0.005 0.011 0.005 0.005 0.008 0.589 0.003 0.004 0.006 0.009 0.004 0.007 
 36   H150.5    (0)    1 :  0.009 0.007 0.003 0.018 0.003 0.009 0.497 0.003 0.013 0.003 0.006 0.004 0.006 0.005 0.306 0.006 0.008 0.004 0.011 0.010 0.010 0.026 0.005 0.005 0.008 0.004 0.007 0.004 
 37   H150.6    (0)    1 :  0.008 0.003 0.003 0.009 0.004 0.005 0.545 0.003 0.009 0.005 0.012 0.007 0.005 0.005 0.291 0.006 0.009 0.004 0.011 0.012 0.005 0.006 0.004 0.009 0.005 0.006 0.007 0.003 
 38   H150.7    (0)    1 :  0.003 0.005 0.003 0.011 0.006 0.004 0.113 0.002 0.010 0.003 0.006 0.009 0.004 0.003 0.270 0.003 0.008 0.017 0.006 0.010 0.004 0.475 0.003 0.003 0.006 0.006 0.004 0.003 
 39 H169607.1    (0)    1 :  0.008 0.006 0.004 0.018 0.003 0.004 0.007 0.003 0.027 0.008 0.003 0.002 0.012 0.005 0.011 0.004 0.013 0.020 0.013 0.017 0.012 0.007 0.006 0.008 0.756 0.009 0.009 0.004 
 40 H169607.2    (0)    1 :  0.002 0.003 0.002 0.003 0.004 0.003 0.002 0.003 0.003 0.003 0.003 0.003 0.002 0.002 0.003 0.003 0.003 0.004 0.003 0.003 0.003 0.004 0.002 0.002 0.918 0.003 0.005 0.002 
 41 H169607.3    (0)    1 :  0.006 0.010 0.004 0.024 0.004 0.004 0.008 0.004 0.021 0.009 0.007 0.004 0.006 0.007 0.021 0.006 0.013 0.011 0.029 0.023 0.086 0.005 0.009 0.004 0.656 0.014 0.005 0.003 
 42 H169607.4    (0)    1 :  0.003 0.003 0.002 0.005 0.004 0.004 0.002 0.003 0.004 0.002 0.002 0.003 0.004 0.003 0.004 0.003 0.005 0.009 0.005 0.005 0.007 0.004 0.002 0.010 0.887 0.006 0.007 0.002 
 43 H169607.5    (0)    1 :  0.004 0.009 0.002 0.005 0.004 0.005 0.005 0.003 0.006 0.004 0.004 0.002 0.003 0.008 0.007 0.003 0.006 0.003 0.007 0.012 0.106 0.008 0.004 0.004 0.765 0.006 0.003 0.005 
 44 H169607.6    (0)    1 :  0.002 0.003 0.002 0.003 0.003 0.002 0.002 0.003 0.003 0.002 0.003 0.003 0.002 0.002 0.003 0.002 0.003 0.004 0.002 0.003 0.003 0.003 0.002 0.002 0.926 0.002 0.005 0.002 
 45 H169607.7    (0)    1 :  0.009 0.005 0.003 0.004 0.003 0.003 0.015 0.003 0.003 0.013 0.003 0.005 0.003 0.013 0.009 0.002 0.007 0.004 0.005 0.004 0.005 0.003 0.003 0.002 0.859 0.005 0.004 0.002 
 46 H169607.8    (0)    1 :  0.004 0.004 0.002 0.004 0.004 0.003 0.004 0.004 0.005 0.003 0.003 0.004 0.002 0.003 0.003 0.006 0.004 0.004 0.004 0.005 0.008 0.003 0.004 0.006 0.897 0.004 0.003 0.003 
 47 H169633.1    (0)    1 :  0.021 0.006 0.818 0.007 0.004 0.006 0.005 0.004 0.009 0.003 0.006 0.003 0.007 0.004 0.007 0.004 0.011 0.004 0.012 0.010 0.004 0.004 0.008 0.005 0.003 0.012 0.006 0.009 
 48 H169633.2    (0)    1 :  0.018 0.005 0.675 0.020 0.003 0.004 0.005 0.006 0.009 0.008 0.008 0.010 0.096 0.004 0.013 0.010 0.012 0.003 0.016 0.023 0.006 0.002 0.014 0.003 0.002 0.011 0.008 0.007 
 49 H169633.3    (0)    1 :  0.006 0.022 0.758 0.016 0.008 0.006 0.005 0.006 0.009 0.005 0.006 0.003 0.007 0.014 0.009 0.009 0.021 0.006 0.012 0.007 0.004 0.006 0.026 0.003 0.003 0.005 0.007 0.007 
 50 H169633.4    (0)    1 :  0.003 0.012 0.840 0.006 0.003 0.006 0.005 0.005 0.008 0.004 0.004 0.004 0.007 0.005 0.007 0.005 0.006 0.004 0.009 0.008 0.007 0.004 0.006 0.004 0.004 0.010 0.003 0.008 
 51 H169633.5    (0)    1 :  0.003 0.018 0.827 0.009 0.004 0.006 0.004 0.006 0.009 0.004 0.006 0.004 0.006 0.005 0.006 0.005 0.006 0.004 0.007 0.008 0.009 0.005 0.007 0.007 0.005 0.008 0.003 0.008 
 52 H169688.1    (0)    1 :  0.758 0.016 0.005 0.006 0.010 0.003 0.004 0.008 0.012 0.006 0.015 0.003 0.003 0.005 0.006 0.005 0.009 0.017 0.009 0.009 0.005 0.005 0.006 0.007 0.016 0.005 0.007 0.038 
 53 H169688.2    (0)    1 :  0.869 0.008 0.003 0.004 0.004 0.004 0.003 0.004 0.006 0.007 0.007 0.007 0.003 0.005 0.004 0.009 0.005 0.003 0.005 0.006 0.004 0.003 0.004 0.004 0.003 0.003 0.011 0.005 
 54 H169688.3    (0)    1 :  0.908 0.004 0.003 0.003 0.002 0.003 0.003 0.002 0.003 0.004 0.003 0.004 0.005 0.003 0.003 0.006 0.004 0.003 0.003 0.004 0.005 0.003 0.003 0.003 0.003 0.004 0.004 0.003 
 55 H169688.4    (0)    1 :  0.917 0.002 0.002 0.003 0.002 0.003 0.004 0.002 0.004 0.002 0.003 0.002 0.003 0.004 0.006 0.004 0.003 0.002 0.003 0.003 0.006 0.003 0.002 0.002 0.002 0.003 0.003 0.003 
 56 H169688.5    (0)    1 :  0.919 0.002 0.003 0.003 0.002 0.003 0.004 0.002 0.003 0.003 0.003 0.002 0.003 0.003 0.004 0.004 0.004 0.003 0.003 0.003 0.005 0.004 0.003 0.002 0.002 0.003 0.002 0.002 
 57 H169688.6    (0)    1 :  0.840 0.005 0.003 0.003 0.003 0.002 0.003 0.004 0.006 0.041 0.006 0.003 0.002 0.004 0.004 0.002 0.004 0.003 0.005 0.006 0.003 0.004 0.024 0.005 0.003 0.003 0.003 0.005 
 58 H169688.7    (0)    1 :  0.823 0.004 0.004 0.004 0.013 0.003 0.008 0.002 0.007 0.004 0.003 0.005 0.006 0.005 0.011 0.012 0.008 0.013 0.010 0.006 0.008 0.006 0.005 0.005 0.002 0.013 0.007 0.003 
 59 H171901.1    (0)    1 :  0.009 0.045 0.004 0.058 0.003 0.015 0.029 0.002 0.078 0.005 0.028 0.018 0.009 0.004 0.066 0.005 0.102 0.006 0.142 0.118 0.148 0.014 0.009 0.003 0.020 0.036 0.007 0.019 
 60 H171901.2    (0)    1 :  0.006 0.013 0.320 0.271 0.010 0.006 0.010 0.003 0.023 0.003 0.008 0.052 0.007 0.022 0.013 0.005 0.016 0.007 0.031 0.072 0.020 0.014 0.023 0.020 0.008 0.004 0.009 0.003 
 61 H171901.3    (0)    1 :  0.006 0.008 0.067 0.545 0.003 0.003 0.007 0.006 0.021 0.004 0.005 0.006 0.007 0.008 0.022 0.004 0.013 0.006 0.021 0.154 0.016 0.007 0.031 0.004 0.004 0.003 0.008 0.010 
 62 H171901.4    (0)    1 :  0.003 0.005 0.161 0.527 0.004 0.003 0.008 0.004 0.009 0.004 0.004 0.020 0.005 0.005 0.007 0.004 0.008 0.006 0.017 0.143 0.012 0.006 0.007 0.007 0.005 0.003 0.010 0.005 
 63 H171901.5    (0)    1 :  0.003 0.003 0.020 0.645 0.004 0.003 0.007 0.004 0.023 0.004 0.005 0.005 0.007 0.007 0.007 0.006 0.010 0.005 0.005 0.178 0.009 0.004 0.011 0.004 0.004 0.003 0.011 0.002 
 64 H171901.6    (0)    1 :  0.005 0.010 0.013 0.595 0.003 0.004 0.007 0.005 0.009 0.006 0.008 0.004 0.011 0.009 0.015 0.008 0.009 0.008 0.028 0.162 0.006 0.010 0.014 0.007 0.005 0.005 0.031 0.003 
 65 H171901.7    (0)    1 :  0.008 0.066 0.030 0.435 0.006 0.004 0.008 0.008 0.024 0.006 0.016 0.004 0.008 0.113 0.021 0.006 0.014 0.005 0.020 0.113 0.023 0.005 0.023 0.005 0.004 0.004 0.018 0.004 
 66 H171902.1    (0)    1 :  0.004 0.004 0.005 0.005 0.004 0.002 0.003 0.003 0.004 0.004 0.004 0.002 0.007 0.003 0.004 0.003 0.004 0.897 0.004 0.004 0.003 0.004 0.003 0.003 0.005 0.004 0.007 0.002 
 67 H171902.10    (0)    1 :  0.006 0.003 0.003 0.003 0.003 0.003 0.006 0.002 0.004 0.004 0.004 0.003 0.004 0.008 0.005 0.002 0.004 0.899 0.004 0.005 0.004 0.003 0.006 0.003 0.003 0.003 0.002 0.002 
 68 H171902.2    (0)    1 :  0.004 0.004 0.009 0.010 0.004 0.003 0.003 0.002 0.007 0.008 0.005 0.003 0.008 0.003 0.007 0.004 0.007 0.853 0.006 0.008 0.004 0.004 0.005 0.003 0.006 0.003 0.012 0.005 
 69 H171902.3    (0)    1 :  0.004 0.004 0.008 0.020 0.004 0.002 0.004 0.003 0.005 0.004 0.004 0.003 0.006 0.003 0.006 0.003 0.005 0.856 0.005 0.009 0.004 0.006 0.010 0.003 0.006 0.002 0.007 0.003 
 70 H171902.4    (0)    1 :  0.003 0.004 0.012 0.004 0.003 0.003 0.003 0.002 0.003 0.003 0.004 0.002 0.005 0.004 0.004 0.003 0.004 0.892 0.004 0.003 0.003 0.003 0.014 0.004 0.002 0.003 0.003 0.002 
 71 H171902.6    (0)    1 :  0.002 0.003 0.004 0.004 0.003 0.002 0.003 0.002 0.004 0.002 0.005 0.002 0.005 0.003 0.004 0.003 0.003 0.912 0.003 0.003 0.003 0.003 0.005 0.004 0.004 0.003 0.002 0.003 
 72 H171902.7    (0)    1 :  0.003 0.009 0.004 0.005 0.004 0.003 0.009 0.002 0.006 0.003 0.004 0.005 0.005 0.008 0.012 0.004 0.007 0.798 0.006 0.008 0.022 0.003 0.038 0.005 0.020 0.005 0.002 0.002 
 73 H171902.8    (0)    1 :  0.004 0.005 0.005 0.009 0.004 0.002 0.003 0.002 0.004 0.003 0.006 0.003 0.007 0.004 0.005 0.003 0.006 0.880 0.004 0.006 0.004 0.006 0.008 0.003 0.004 0.004 0.003 0.003 
 74 H171902.9    (9)    1 :  0.003 0.004 0.003 0.003 0.004 0.003 0.003 0.003 0.003 0.003 0.002 0.003 0.005 0.003 0.004 0.003 0.003 0.908 0.004 0.003 0.005 0.005 0.002 0.003 0.006 0.004 0.003 0.003 
 75 H171903.1    (0)    1 :  0.009 0.008 0.004 0.010 0.004 0.005 0.035 0.004 0.013 0.003 0.004 0.010 0.006 0.017 0.015 0.004 0.007 0.004 0.007 0.013 0.294 0.020 0.005 0.004 0.477 0.005 0.008 0.005 
 76 H171903.2    (0)    1 :  0.003 0.006 0.002 0.011 0.003 0.007 0.012 0.008 0.006 0.004 0.004 0.027 0.003 0.019 0.010 0.003 0.009 0.004 0.010 0.008 0.742 0.008 0.003 0.006 0.061 0.006 0.011 0.002 
 77 H171903.3    (0)    1 :  0.004 0.021 0.003 0.006 0.003 0.004 0.003 0.011 0.007 0.003 0.003 0.013 0.017 0.010 0.007 0.008 0.012 0.003 0.008 0.007 0.805 0.004 0.004 0.013 0.010 0.004 0.002 0.003 
 78 H171903.4    (0)    1 :  0.076 0.024 0.003 0.032 0.003 0.006 0.014 0.003 0.015 0.003 0.004 0.004 0.006 0.016 0.038 0.005 0.017 0.025 0.021 0.021 0.454 0.009 0.013 0.013 0.153 0.007 0.009 0.004 
 79 H171903.5    (0)    1 :  0.014 0.008 0.005 0.009 0.003 0.004 0.006 0.003 0.017 0.003 0.005 0.007 0.010 0.005 0.008 0.006 0.012 0.003 0.012 0.008 0.813 0.004 0.006 0.003 0.013 0.004 0.004 0.003 
 80 H171903.6    (0)    1 :  0.096 0.007 0.006 0.006 0.002 0.003 0.007 0.005 0.006 0.004 0.004 0.002 0.004 0.012 0.004 0.004 0.020 0.005 0.007 0.007 0.711 0.003 0.008 0.003 0.056 0.004 0.002 0.002 
 81   H177.1    (0)    1 :  0.006 0.009 0.004 0.005 0.003 0.003 0.005 0.004 0.004 0.005 0.005 0.002 0.003 0.875 0.004 0.003 0.006 0.003 0.004 0.005 0.005 0.007 0.004 0.009 0.004 0.002 0.003 0.006 
 82   H177.2    (0)    1 :  0.005 0.005 0.011 0.017 0.017 0.011 0.014 0.004 0.026 0.019 0.019 0.003 0.006 0.599 0.020 0.009 0.028 0.004 0.030 0.024 0.011 0.005 0.008 0.018 0.013 0.065 0.005 0.002 
 83   H177.3    (0)    1 :  0.003 0.005 0.006 0.006 0.004 0.003 0.003 0.004 0.006 0.006 0.005 0.002 0.005 0.867 0.006 0.004 0.006 0.004 0.005 0.003 0.010 0.004 0.008 0.005 0.006 0.012 0.003 0.002 
 84   H177.4    (0)    1 :  0.003 0.030 0.005 0.005 0.009 0.007 0.004 0.019 0.008 0.065 0.008 0.008 0.007 0.747 0.006 0.005 0.008 0.004 0.005 0.007 0.009 0.003 0.005 0.005 0.004 0.006 0.006 0.002 
 85   H177.5    (0)    1 :  0.011 0.039 0.004 0.007 0.015 0.010 0.007 0.004 0.012 0.008 0.005 0.006 0.007 0.751 0.011 0.009 0.014 0.003 0.015 0.009 0.006 0.005 0.003 0.012 0.003 0.009 0.010 0.003 
 86   H177.6    (0)    1 :  0.003 0.005 0.010 0.007 0.003 0.003 0.004 0.003 0.006 0.008 0.005 0.002 0.005 0.857 0.007 0.004 0.005 0.005 0.005 0.006 0.008 0.004 0.013 0.006 0.003 0.009 0.003 0.002 
 87   H179.1    (0)    1 :  0.017 0.010 0.004 0.011 0.005 0.006 0.006 0.002 0.010 0.781 0.007 0.005 0.006 0.010 0.007 0.033 0.010 0.003 0.009 0.009 0.005 0.009 0.005 0.005 0.004 0.003 0.010 0.009 
 88   H179.2    (0)    1 :  0.027 0.006 0.003 0.009 0.003 0.004 0.013 0.017 0.016 0.683 0.011 0.006 0.033 0.010 0.012 0.041 0.018 0.008 0.012 0.015 0.008 0.009 0.011 0.008 0.006 0.002 0.005 0.003 
 89   H179.3    (0)    1 :  0.108 0.017 0.004 0.018 0.003 0.006 0.012 0.004 0.014 0.622 0.005 0.004 0.005 0.020 0.016 0.012 0.013 0.004 0.019 0.016 0.016 0.019 0.005 0.006 0.007 0.003 0.015 0.007 
 90   H179.4    (0)    1 :  0.012 0.019 0.007 0.026 0.009 0.004 0.005 0.064 0.025 0.542 0.008 0.005 0.013 0.014 0.021 0.012 0.024 0.004 0.020 0.020 0.025 0.004 0.020 0.033 0.008 0.005 0.046 0.004 
 91   H180.1    (0)    1 :  0.004 0.002 0.002 0.006 0.003 0.003 0.841 0.002 0.006 0.021 0.020 0.004 0.007 0.009 0.008 0.005 0.006 0.006 0.006 0.004 0.005 0.005 0.003 0.004 0.004 0.003 0.004 0.005 
 92   H180.2    (0)    1 :  0.005 0.003 0.003 0.005 0.004 0.002 0.880 0.003 0.004 0.004 0.005 0.004 0.004 0.008 0.006 0.006 0.004 0.003 0.007 0.006 0.003 0.004 0.003 0.003 0.003 0.002 0.003 0.009 
 93   H180.3    (0)    1 :  0.005 0.005 0.006 0.005 0.009 0.003 0.814 0.005 0.006 0.004 0.003 0.004 0.008 0.004 0.025 0.008 0.006 0.005 0.008 0.007 0.007 0.026 0.004 0.003 0.007 0.004 0.004 0.005 
 94   H180.4    (0)    1 :  0.003 0.003 0.006 0.013 0.004 0.004 0.856 0.003 0.007 0.005 0.008 0.005 0.004 0.006 0.008 0.004 0.007 0.004 0.008 0.008 0.007 0.005 0.003 0.003 0.003 0.003 0.004 0.008 
 95   H180.5    (0)    1 :  0.004 0.003 0.003 0.005 0.007 0.002 0.883 0.003 0.004 0.006 0.009 0.002 0.004 0.011 0.005 0.003 0.004 0.004 0.004 0.005 0.004 0.004 0.004 0.002 0.003 0.003 0.004 0.004 
 96   H180.6    (0)    1 :  0.003 0.008 0.015 0.010 0.018 0.003 0.761 0.004 0.013 0.010 0.005 0.006 0.006 0.006 0.035 0.005 0.012 0.005 0.008 0.012 0.005 0.013 0.006 0.002 0.007 0.014 0.005 0.004 
 97   H181.1    (0)    1 :  0.004 0.004 0.007 0.007 0.005 0.003 0.006 0.003 0.009 0.004 0.833 0.007 0.004 0.004 0.006 0.003 0.006 0.005 0.008 0.010 0.017 0.003 0.023 0.003 0.005 0.004 0.003 0.003 
 98   H181.2    (0)    1 :  0.003 0.004 0.005 0.006 0.007 0.003 0.005 0.003 0.008 0.007 0.863 0.004 0.004 0.009 0.005 0.005 0.004 0.005 0.006 0.005 0.003 0.003 0.006 0.006 0.004 0.005 0.008 0.005 
 99   H181.3    (0)    1 :  0.004 0.004 0.006 0.009 0.007 0.003 0.006 0.003 0.004 0.003 0.867 0.006 0.003 0.005 0.005 0.002 0.005 0.007 0.005 0.007 0.003 0.005 0.009 0.004 0.004 0.004 0.005 0.004 
100   H181.4    (0)    1 :  0.007 0.005 0.011 0.011 0.027 0.007 0.008 0.005 0.024 0.005 0.705 0.008 0.004 0.010 0.015 0.007 0.028 0.005 0.022 0.022 0.008 0.015 0.014 0.006 0.005 0.005 0.011 0.004 
101   H181.5    (0)    1 :  0.004 0.005 0.004 0.004 0.003 0.004 0.003 0.004 0.004 0.013 0.880 0.006 0.005 0.004 0.005 0.005 0.006 0.005 0.004 0.004 0.003 0.004 0.004 0.003 0.004 0.003 0.003 0.005 
102   H181.6    (0)    1 :  0.004 0.005 0.003 0.007 0.003 0.004 0.006 0.005 0.007 0.018 0.837 0.006 0.008 0.005 0.008 0.007 0.007 0.004 0.007 0.007 0.004 0.005 0.005 0.004 0.005 0.003 0.011 0.003 
103   H181.7    (0)    1 :  0.006 0.004 0.006 0.004 0.004 0.004 0.004 0.005 0.007 0.014 0.867 0.006 0.003 0.004 0.005 0.006 0.007 0.003 0.007 0.006 0.006 0.004 0.004 0.002 0.004 0.003 0.003 0.003 
104 H194.1_2004    (0)    1 :  0.005 0.876 0.006 0.006 0.003 0.003 0.003 0.003 0.005 0.002 0.003 0.002 0.008 0.005 0.005 0.006 0.007 0.004 0.005 0.006 0.008 0.004 0.004 0.003 0.007 0.004 0.004 0.002 
105 H194.2_2004    (0)    1 :  0.002 0.908 0.003 0.003 0.003 0.002 0.002 0.002 0.004 0.002 0.003 0.002 0.003 0.004 0.003 0.003 0.004 0.004 0.005 0.004 0.004 0.004 0.004 0.003 0.007 0.005 0.003 0.003 
106 H194.3_2004    (0)    1 :  0.007 0.723 0.016 0.009 0.005 0.004 0.003 0.005 0.009 0.007 0.005 0.004 0.010 0.016 0.007 0.051 0.020 0.006 0.011 0.013 0.009 0.003 0.030 0.007 0.004 0.008 0.006 0.003 
107 H194.4_2004    (0)    1 :  0.003 0.876 0.005 0.004 0.003 0.002 0.003 0.003 0.005 0.003 0.005 0.003 0.006 0.009 0.004 0.003 0.006 0.005 0.005 0.004 0.004 0.003 0.009 0.004 0.004 0.009 0.004 0.003 
108 H194.5_2004    (0)    1 :  0.005 0.815 0.010 0.007 0.006 0.005 0.003 0.005 0.007 0.004 0.004 0.004 0.012 0.005 0.010 0.018 0.008 0.005 0.007 0.009 0.007 0.004 0.010 0.006 0.007 0.004 0.011 0.003 
109 H194.6_2004    (0)    1 :  0.006 0.668 0.012 0.012 0.006 0.003 0.004 0.016 0.011 0.007 0.006 0.003 0.009 0.051 0.017 0.038 0.014 0.011 0.014 0.013 0.022 0.007 0.023 0.004 0.005 0.005 0.011 0.003 
110 H194.7_2004    (0)    1 :  0.003 0.907 0.003 0.003 0.004 0.004 0.003 0.003 0.004 0.002 0.003 0.003 0.003 0.005 0.003 0.004 0.005 0.002 0.004 0.004 0.007 0.003 0.004 0.002 0.004 0.004 0.003 0.003 
111 H194.8_2004    (0)    1 :  0.003 0.869 0.005 0.005 0.005 0.004 0.002 0.004 0.008 0.003 0.006 0.003 0.006 0.007 0.006 0.005 0.005 0.004 0.005 0.005 0.003 0.005 0.006 0.005 0.004 0.005 0.008 0.004 
112   H194.9    (0)    1 :  0.003 0.908 0.003 0.003 0.005 0.003 0.003 0.003 0.003 0.002 0.003 0.003 0.004 0.004 0.004 0.002 0.004 0.004 0.004 0.004 0.003 0.004 0.003 0.003 0.004 0.003 0.005 0.003 
113 H195.1_2003    (0)    1 :  0.002 0.003 0.004 0.005 0.002 0.002 0.002 0.002 0.003 0.003 0.002 0.002 0.004 0.002 0.003 0.002 0.003 0.003 0.003 0.005 0.002 0.002 0.004 0.003 0.002 0.002 0.924 0.002 
114 H195.1_2004    (0)    1 :  0.004 0.003 0.008 0.005 0.003 0.005 0.003 0.003 0.005 0.003 0.006 0.002 0.004 0.010 0.005 0.003 0.004 0.005 0.004 0.005 0.003 0.003 0.006 0.009 0.003 0.876 0.008 0.003 
115 H195.2_2003    (0)    1 :  0.044 0.005 0.003 0.006 0.014 0.003 0.003 0.004 0.008 0.003 0.004 0.005 0.005 0.003 0.007 0.003 0.008 0.011 0.011 0.007 0.006 0.012 0.003 0.006 0.014 0.007 0.794 0.003 
116 H195.2_2004    (0)    1 :  0.014 0.006 0.008 0.006 0.009 0.004 0.004 0.003 0.005 0.004 0.003 0.002 0.005 0.005 0.004 0.004 0.005 0.005 0.006 0.005 0.003 0.003 0.008 0.005 0.003 0.721 0.147 0.003 
117 H195.3_2003    (0)    1 :  0.015 0.010 0.002 0.012 0.007 0.006 0.006 0.004 0.013 0.003 0.007 0.009 0.003 0.005 0.010 0.008 0.012 0.004 0.015 0.012 0.006 0.055 0.003 0.008 0.014 0.005 0.739 0.007 
118 H195.3_2004    (0)    1 :  0.003 0.009 0.012 0.009 0.004 0.003 0.003 0.003 0.007 0.004 0.006 0.003 0.008 0.010 0.004 0.003 0.008 0.007 0.007 0.012 0.003 0.002 0.021 0.010 0.004 0.625 0.204 0.004 
119 H195.4_2003    (0)    1 :  0.002 0.006 0.009 0.005 0.003 0.004 0.003 0.005 0.005 0.004 0.002 0.002 0.009 0.006 0.004 0.003 0.005 0.004 0.005 0.004 0.003 0.003 0.024 0.003 0.004 0.043 0.829 0.002 
120 H195.4_2004    (0)    1 :  0.011 0.007 0.006 0.006 0.004 0.003 0.003 0.007 0.006 0.004 0.004 0.002 0.004 0.007 0.004 0.003 0.004 0.003 0.008 0.004 0.004 0.002 0.008 0.004 0.004 0.824 0.049 0.004 
121 H195.5_2003    (0)    1 :  0.002 0.003 0.005 0.007 0.003 0.006 0.006 0.004 0.005 0.002 0.003 0.002 0.005 0.003 0.005 0.002 0.005 0.003 0.006 0.004 0.003 0.004 0.003 0.013 0.003 0.004 0.881 0.009 
122 H195.5_2004    (0)    1 :  0.003 0.003 0.005 0.003 0.002 0.003 0.004 0.004 0.005 0.003 0.005 0.005 0.004 0.006 0.004 0.004 0.004 0.003 0.006 0.004 0.004 0.003 0.005 0.005 0.002 0.858 0.036 0.007 
123 H195.6_2003    (0)    1 :  0.022 0.003 0.002 0.006 0.006 0.008 0.004 0.005 0.011 0.003 0.004 0.004 0.003 0.004 0.009 0.003 0.008 0.009 0.007 0.008 0.004 0.007 0.005 0.006 0.014 0.067 0.763 0.002 
124 H195.6_2004    (0)    1 :  0.004 0.007 0.004 0.003 0.004 0.003 0.003 0.004 0.006 0.004 0.004 0.006 0.003 0.004 0.004 0.004 0.005 0.003 0.005 0.004 0.004 0.002 0.003 0.006 0.008 0.753 0.136 0.004 
125 H195.7_2003    (0)    1 :  0.040 0.004 0.004 0.006 0.005 0.004 0.003 0.003 0.006 0.003 0.004 0.004 0.004 0.003 0.007 0.004 0.006 0.003 0.004 0.005 0.004 0.002 0.005 0.005 0.004 0.025 0.830 0.003 
126 H195.7_2004    (0)    1 :  0.009 0.003 0.002 0.003 0.004 0.002 0.006 0.003 0.005 0.002 0.003 0.002 0.003 0.003 0.005 0.003 0.005 0.003 0.006 0.004 0.003 0.007 0.003 0.005 0.004 0.889 0.011 0.004 
127   H195.8    (0)    1 :  0.004 0.003 0.003 0.003 0.003 0.003 0.003 0.005 0.003 0.003 0.003 0.002 0.003 0.005 0.003 0.002 0.003 0.003 0.003 0.003 0.003 0.003 0.003 0.004 0.003 0.912 0.004 0.004 
128   H195.9    (0)    1 :  0.005 0.007 0.008 0.009 0.007 0.003 0.005 0.007 0.007 0.003 0.005 0.003 0.004 0.016 0.004 0.005 0.010 0.003 0.008 0.006 0.005 0.003 0.009 0.006 0.008 0.755 0.086 0.002 
129   H415.1    (0)    1 :  0.008 0.008 0.007 0.007 0.002 0.004 0.006 0.002 0.005 0.004 0.004 0.004 0.842 0.004 0.011 0.006 0.007 0.005 0.007 0.010 0.006 0.013 0.005 0.005 0.004 0.004 0.004 0.007 
130   H415.2    (0)    1 :  0.010 0.014 0.005 0.011 0.007 0.026 0.010 0.003 0.035 0.011 0.005 0.004 0.527 0.033 0.024 0.016 0.023 0.087 0.042 0.018 0.035 0.012 0.004 0.016 0.010 0.005 0.004 0.003 
131   H415.3    (0)    1 :  0.004 0.003 0.009 0.006 0.005 0.006 0.004 0.003 0.005 0.016 0.006 0.003 0.865 0.006 0.005 0.004 0.005 0.004 0.006 0.005 0.003 0.003 0.005 0.003 0.003 0.003 0.003 0.004 
132   H415.4    (0)    1 :  0.003 0.004 0.005 0.004 0.002 0.003 0.003 0.002 0.003 0.003 0.003 0.004 0.901 0.002 0.004 0.005 0.004 0.004 0.004 0.004 0.004 0.005 0.006 0.005 0.003 0.004 0.004 0.002 
133   H415.5    (0)    1 :  0.003 0.004 0.004 0.005 0.003 0.003 0.003 0.002 0.003 0.004 0.005 0.002 0.905 0.004 0.003 0.004 0.004 0.005 0.004 0.004 0.003 0.002 0.007 0.003 0.002 0.003 0.004 0.002 
134   H415.6    (0)    1 :  0.003 0.005 0.005 0.005 0.003 0.003 0.004 0.003 0.004 0.003 0.003 0.003 0.894 0.002 0.005 0.006 0.004 0.004 0.004 0.005 0.004 0.004 0.005 0.004 0.003 0.005 0.006 0.002 
135   H415.7    (0)    1 :  0.008 0.008 0.008 0.021 0.009 0.013 0.004 0.005 0.020 0.014 0.004 0.003 0.667 0.012 0.018 0.005 0.015 0.033 0.030 0.023 0.027 0.006 0.006 0.010 0.018 0.006 0.005 0.003 
136   H506.1    (0)    1 :  0.002 0.002 0.004 0.002 0.004 0.004 0.002 0.003 0.003 0.925 0.004 0.003 0.002 0.003 0.003 0.004 0.003 0.002 0.003 0.002 0.002 0.001 0.003 0.002 0.003 0.002 0.004 0.002 
137   H506.2    (0)    1 :  0.003 0.003 0.004 0.003 0.003 0.003 0.003 0.003 0.003 0.901 0.006 0.004 0.003 0.009 0.003 0.004 0.004 0.002 0.003 0.003 0.002 0.002 0.003 0.004 0.004 0.009 0.005 0.002 
138   H506.3    (0)    1 :  0.011 0.003 0.004 0.006 0.004 0.005 0.007 0.004 0.007 0.812 0.017 0.004 0.005 0.019 0.007 0.011 0.011 0.004 0.008 0.009 0.007 0.004 0.004 0.008 0.004 0.007 0.006 0.002 
139   H506.4    (0)    1 :  0.003 0.004 0.005 0.005 0.003 0.004 0.007 0.014 0.006 0.857 0.005 0.003 0.006 0.010 0.004 0.004 0.006 0.005 0.006 0.006 0.009 0.004 0.006 0.003 0.004 0.003 0.004 0.003 
140   H506.5    (0)    1 :  0.002 0.003 0.005 0.005 0.002 0.004 0.003 0.008 0.004 0.887 0.008 0.003 0.005 0.006 0.004 0.003 0.005 0.003 0.004 0.005 0.004 0.002 0.003 0.005 0.004 0.004 0.005 0.003 
141   H506.6    (0)    1 :  0.008 0.005 0.004 0.009 0.003 0.009 0.005 0.007 0.012 0.669 0.012 0.003 0.006 0.110 0.007 0.004 0.021 0.004 0.011 0.017 0.017 0.005 0.003 0.012 0.008 0.017 0.012 0.002 
142   H506.7    (0)    1 :  0.002 0.002 0.003 0.003 0.004 0.004 0.003 0.004 0.003 0.910 0.005 0.003 0.003 0.006 0.003 0.004 0.003 0.002 0.003 0.004 0.002 0.001 0.003 0.004 0.003 0.005 0.005 0.002 
143   H533.1    (0)    1 :  0.002 0.002 0.008 0.005 0.003 0.002 0.007 0.004 0.003 0.892 0.009 0.011 0.003 0.003 0.003 0.005 0.004 0.002 0.004 0.005 0.004 0.002 0.004 0.003 0.002 0.003 0.002 0.003 
144   H533.2    (0)    1 :  0.002 0.002 0.009 0.007 0.002 0.002 0.007 0.004 0.005 0.883 0.013 0.009 0.003 0.005 0.004 0.005 0.005 0.002 0.004 0.003 0.003 0.002 0.004 0.003 0.002 0.003 0.002 0.003 
145   H533.3    (0)    1 :  0.003 0.004 0.008 0.003 0.005 0.003 0.004 0.003 0.005 0.899 0.004 0.003 0.003 0.004 0.003 0.005 0.004 0.002 0.004 0.004 0.007 0.002 0.003 0.002 0.004 0.004 0.002 0.002 
146   H533.4    (0)    1 :  0.004 0.012 0.013 0.005 0.007 0.003 0.005 0.007 0.008 0.802 0.007 0.006 0.007 0.005 0.007 0.003 0.012 0.004 0.010 0.008 0.008 0.003 0.004 0.004 0.017 0.015 0.012 0.003 
147   H535.1    (0)    1 :  0.002 0.003 0.003 0.004 0.003 0.002 0.003 0.914 0.004 0.003 0.004 0.003 0.003 0.006 0.003 0.003 0.003 0.004 0.003 0.003 0.003 0.003 0.003 0.003 0.004 0.002 0.003 0.003 
148   H535.2    (0)    1 :  0.002 0.003 0.002 0.003 0.003 0.004 0.002 0.914 0.003 0.004 0.005 0.003 0.003 0.005 0.003 0.003 0.003 0.002 0.004 0.003 0.004 0.002 0.005 0.004 0.002 0.004 0.003 0.003 
149   H535.3    (0)    1 :  0.002 0.003 0.002 0.003 0.003 0.003 0.002 0.924 0.003 0.003 0.004 0.003 0.002 0.004 0.002 0.004 0.003 0.002 0.003 0.002 0.003 0.002 0.003 0.003 0.003 0.003 0.002 0.004 
150   H535.4    (0)    1 :  0.002 0.003 0.003 0.003 0.003 0.003 0.003 0.923 0.003 0.003 0.002 0.002 0.004 0.003 0.003 0.003 0.003 0.002 0.003 0.003 0.003 0.002 0.003 0.003 0.003 0.003 0.004 0.002 
151   H535.5    (0)    1 :  0.002 0.003 0.003 0.003 0.003 0.002 0.002 0.923 0.003 0.003 0.003 0.003 0.003 0.003 0.003 0.003 0.003 0.002 0.003 0.003 0.004 0.002 0.003 0.002 0.003 0.002 0.004 0.002 
152   H535.6    (0)    1 :  0.002 0.004 0.002 0.004 0.004 0.002 0.004 0.889 0.004 0.003 0.006 0.002 0.004 0.004 0.005 0.004 0.004 0.007 0.004 0.005 0.003 0.007 0.003 0.003 0.009 0.003 0.006 0.004 
153   H535.7    (0)    1 :  0.002 0.003 0.003 0.003 0.002 0.002 0.002 0.938 0.002 0.003 0.002 0.002 0.002 0.002 0.002 0.003 0.002 0.002 0.002 0.002 0.003 0.002 0.003 0.002 0.003 0.002 0.002 0.002 
154   H535.8    (0)    1 :  0.002 0.003 0.002 0.004 0.004 0.002 0.002 0.916 0.003 0.003 0.004 0.004 0.003 0.002 0.003 0.004 0.003 0.002 0.003 0.003 0.002 0.003 0.004 0.004 0.005 0.002 0.005 0.003 
155   H535.9    (0)    1 :  0.002 0.003 0.003 0.002 0.003 0.002 0.004 0.924 0.003 0.003 0.004 0.002 0.002 0.004 0.003 0.003 0.002 0.003 0.003 0.003 0.003 0.003 0.002 0.003 0.004 0.002 0.003 0.003 
156   H539.1    (0)    1 :  0.002 0.003 0.002 0.004 0.004 0.002 0.004 0.002 0.004 0.002 0.003 0.003 0.003 0.003 0.006 0.002 0.003 0.006 0.003 0.003 0.006 0.915 0.002 0.002 0.003 0.002 0.003 0.003 
157   H539.2    (0)    1 :  0.024 0.015 0.004 0.012 0.009 0.005 0.114 0.008 0.032 0.004 0.005 0.004 0.005 0.028 0.076 0.006 0.022 0.006 0.025 0.035 0.079 0.359 0.004 0.026 0.032 0.004 0.007 0.051 
158   H539.3    (9)    1 :  0.007 0.016 0.003 0.008 0.004 0.004 0.011 0.011 0.012 0.004 0.003 0.003 0.003 0.007 0.011 0.005 0.010 0.006 0.007 0.007 0.018 0.789 0.004 0.006 0.015 0.006 0.013 0.008 
159   H539.4    (0)    1 :  0.009 0.003 0.003 0.009 0.003 0.006 0.052 0.004 0.007 0.004 0.003 0.004 0.006 0.006 0.037 0.005 0.010 0.005 0.010 0.006 0.023 0.760 0.003 0.008 0.003 0.004 0.004 0.004 
160   H539.5    (0)    1 :  0.003 0.004 0.003 0.003 0.005 0.002 0.006 0.004 0.004 0.003 0.003 0.003 0.002 0.005 0.010 0.003 0.004 0.004 0.004 0.009 0.004 0.895 0.002 0.003 0.006 0.003 0.002 0.004 
161   H539.6    (0)    1 :  0.003 0.004 0.003 0.005 0.005 0.002 0.007 0.003 0.004 0.003 0.003 0.003 0.003 0.004 0.061 0.003 0.004 0.007 0.004 0.011 0.005 0.822 0.002 0.003 0.016 0.004 0.004 0.003 
162   H539.7    (0)    1 :  0.006 0.003 0.003 0.007 0.003 0.003 0.008 0.003 0.004 0.003 0.004 0.002 0.005 0.003 0.011 0.003 0.005 0.004 0.004 0.006 0.004 0.888 0.003 0.002 0.004 0.002 0.003 0.005 
163   H539.8    (0)    1 :  0.012 0.014 0.004 0.013 0.004 0.005 0.037 0.022 0.010 0.005 0.003 0.004 0.004 0.008 0.051 0.006 0.020 0.004 0.012 0.022 0.010 0.675 0.003 0.006 0.007 0.004 0.012 0.024 
164   H539.9    (0)    1 :  0.005 0.003 0.002 0.005 0.002 0.004 0.011 0.002 0.006 0.004 0.003 0.005 0.003 0.004 0.009 0.006 0.004 0.003 0.004 0.006 0.011 0.881 0.002 0.003 0.003 0.004 0.003 0.002 
165   H540.1    (0)    1 :  0.005 0.006 0.004 0.005 0.007 0.004 0.005 0.004 0.007 0.003 0.009 0.004 0.004 0.007 0.007 0.004 0.016 0.005 0.011 0.125 0.026 0.647 0.003 0.004 0.063 0.010 0.004 0.002 
166   H540.2    (0)    1 :  0.004 0.007 0.004 0.004 0.006 0.004 0.003 0.002 0.006 0.003 0.005 0.003 0.006 0.004 0.008 0.004 0.007 0.005 0.006 0.120 0.012 0.750 0.003 0.003 0.009 0.004 0.002 0.004 
167   H540.3    (0)    1 :  0.012 0.021 0.017 0.016 0.005 0.005 0.010 0.006 0.024 0.004 0.005 0.005 0.015 0.011 0.038 0.007 0.037 0.004 0.025 0.038 0.019 0.616 0.015 0.015 0.007 0.011 0.004 0.012 
168   H540.4    (0)    1 :  0.010 0.005 0.004 0.006 0.005 0.008 0.019 0.006 0.012 0.007 0.021 0.003 0.007 0.007 0.020 0.004 0.013 0.005 0.010 0.106 0.013 0.667 0.007 0.004 0.013 0.006 0.004 0.009 
169   H540.5    (0)    1 :  0.010 0.007 0.005 0.005 0.005 0.005 0.003 0.002 0.007 0.003 0.007 0.003 0.007 0.007 0.005 0.005 0.005 0.004 0.006 0.120 0.013 0.742 0.004 0.005 0.004 0.003 0.002 0.004 
170   H540.6    (0)    1 :  0.011 0.006 0.004 0.006 0.007 0.008 0.005 0.004 0.012 0.006 0.029 0.006 0.005 0.011 0.015 0.007 0.016 0.007 0.015 0.122 0.024 0.623 0.007 0.007 0.021 0.008 0.002 0.006 
171   H540.7    (0)    1 :  0.005 0.011 0.024 0.005 0.012 0.008 0.007 0.003 0.014 0.007 0.009 0.002 0.011 0.007 0.013 0.005 0.008 0.006 0.014 0.114 0.010 0.669 0.004 0.005 0.011 0.005 0.004 0.006 
172   H540.8    (0)    1 :  0.006 0.057 0.009 0.009 0.006 0.004 0.010 0.004 0.012 0.003 0.008 0.003 0.015 0.010 0.011 0.006 0.017 0.012 0.017 0.112 0.155 0.478 0.004 0.004 0.014 0.003 0.005 0.005 
173  H9558.1    (0)    1 :  0.004 0.003 0.002 0.004 0.002 0.002 0.003 0.007 0.003 0.005 0.005 0.006 0.004 0.003 0.004 0.003 0.004 0.008 0.003 0.004 0.004 0.896 0.002 0.003 0.005 0.003 0.005 0.003 
174  H9558.2    (0)    1 :  0.005 0.009 0.004 0.005 0.009 0.005 0.003 0.008 0.009 0.009 0.017 0.011 0.004 0.003 0.007 0.005 0.011 0.006 0.010 0.007 0.003 0.814 0.005 0.005 0.007 0.002 0.011 0.006 
175  H9558.3    (0)    1 :  0.004 0.008 0.003 0.004 0.013 0.007 0.003 0.004 0.005 0.003 0.008 0.031 0.005 0.003 0.006 0.006 0.007 0.002 0.005 0.007 0.003 0.834 0.002 0.008 0.005 0.003 0.005 0.007 
176  H9558.4    (0)    1 :  0.007 0.005 0.002 0.003 0.002 0.003 0.003 0.007 0.004 0.004 0.004 0.003 0.004 0.003 0.004 0.002 0.004 0.004 0.004 0.005 0.005 0.901 0.002 0.003 0.004 0.002 0.003 0.004 
177  H9558.5    (0)    1 :  0.011 0.002 0.003 0.005 0.004 0.005 0.007 0.009 0.004 0.003 0.004 0.004 0.004 0.004 0.006 0.003 0.005 0.002 0.005 0.008 0.006 0.875 0.002 0.005 0.003 0.002 0.002 0.008 
178  H9558.6    (0)    1 :  0.003 0.009 0.003 0.008 0.006 0.004 0.003 0.005 0.014 0.003 0.005 0.011 0.005 0.004 0.009 0.008 0.013 0.004 0.016 0.010 0.004 0.829 0.002 0.006 0.003 0.003 0.005 0.004 
179 kos339.1    (0)    1 :  0.003 0.003 0.759 0.023 0.028 0.015 0.007 0.005 0.011 0.018 0.008 0.006 0.009 0.005 0.009 0.006 0.011 0.009 0.009 0.013 0.009 0.006 0.010 0.004 0.007 0.003 0.003 0.003 
180 kos339.2    (0)    1 :  0.004 0.003 0.876 0.004 0.006 0.007 0.004 0.003 0.005 0.008 0.003 0.004 0.006 0.004 0.005 0.003 0.005 0.004 0.005 0.005 0.003 0.003 0.008 0.006 0.003 0.006 0.003 0.003 
181 kos339.3    (0)    1 :  0.003 0.003 0.906 0.007 0.003 0.002 0.004 0.006 0.003 0.002 0.003 0.002 0.005 0.003 0.004 0.003 0.003 0.003 0.004 0.004 0.003 0.003 0.005 0.002 0.004 0.003 0.004 0.002 
182 kos339.4    (9)    1 :  0.003 0.004 0.891 0.010 0.003 0.002 0.004 0.004 0.004 0.004 0.005 0.003 0.006 0.003 0.004 0.002 0.004 0.004 0.005 0.005 0.003 0.003 0.005 0.003 0.005 0.003 0.006 0.003 
183 kos339.5    (0)    1 :  0.003 0.003 0.822 0.007 0.045 0.007 0.003 0.003 0.005 0.011 0.008 0.003 0.005 0.005 0.005 0.005 0.006 0.008 0.006 0.007 0.004 0.004 0.010 0.003 0.004 0.003 0.003 0.003 
184 kos339.6    (0)    1 :  0.003 0.004 0.898 0.004 0.008 0.004 0.002 0.002 0.003 0.004 0.004 0.003 0.005 0.006 0.003 0.003 0.004 0.003 0.003 0.004 0.003 0.002 0.007 0.004 0.003 0.006 0.002 0.002 
185 kos339.7    (0)    1 :  0.002 0.003 0.886 0.009 0.002 0.002 0.003 0.010 0.004 0.004 0.004 0.002 0.005 0.003 0.003 0.003 0.005 0.003 0.005 0.004 0.002 0.002 0.015 0.003 0.003 0.003 0.004 0.003 
186 kos339.8    (0)    1 :  0.004 0.003 0.869 0.013 0.005 0.003 0.004 0.003 0.004 0.017 0.003 0.003 0.010 0.004 0.004 0.003 0.004 0.004 0.004 0.005 0.003 0.002 0.007 0.005 0.003 0.004 0.004 0.003 
187 kos339.9    (0)    1 :  0.004 0.006 0.691 0.018 0.027 0.008 0.011 0.004 0.008 0.007 0.012 0.006 0.012 0.012 0.025 0.010 0.011 0.029 0.011 0.016 0.008 0.013 0.020 0.008 0.007 0.007 0.006 0.002 
188   H409.1    (0)   12 :  0.003 0.003 0.006 0.004 0.004 0.004 0.002 0.003 0.003 0.003 0.004 0.003 0.005 0.003 0.003 0.911 0.003 0.003 0.004 0.003 0.003 0.002 0.006 0.004 0.002 0.004 0.003 0.003 
189  H409.10    (0)   12 :  0.017 0.002 0.005 0.003 0.004 0.006 0.004 0.003 0.006 0.026 0.011 0.003 0.010 0.004 0.008 0.824 0.008 0.004 0.006 0.008 0.003 0.006 0.003 0.006 0.006 0.003 0.005 0.007 
190   H409.2    (0)   12 :  0.004 0.005 0.005 0.005 0.003 0.003 0.002 0.006 0.005 0.005 0.003 0.003 0.014 0.005 0.004 0.877 0.006 0.004 0.004 0.004 0.005 0.003 0.005 0.010 0.003 0.003 0.004 0.002 
191   H409.3    (0)   12 :  0.004 0.006 0.004 0.004 0.003 0.004 0.004 0.004 0.004 0.005 0.003 0.004 0.003 0.004 0.004 0.897 0.004 0.004 0.005 0.004 0.004 0.003 0.004 0.005 0.003 0.003 0.004 0.003 
192   H409.4    (0)   12 :  0.003 0.003 0.003 0.003 0.003 0.002 0.002 0.004 0.003 0.002 0.003 0.004 0.003 0.003 0.003 0.919 0.003 0.002 0.004 0.003 0.003 0.003 0.003 0.005 0.002 0.002 0.002 0.003 
193   H409.5    (0)   12 :  0.002 0.003 0.002 0.004 0.003 0.003 0.004 0.004 0.004 0.004 0.003 0.003 0.005 0.003 0.003 0.901 0.004 0.004 0.004 0.005 0.007 0.003 0.003 0.004 0.004 0.003 0.003 0.003 
194   H409.6    (0)   12 :  0.004 0.008 0.003 0.014 0.013 0.007 0.005 0.008 0.010 0.011 0.009 0.061 0.004 0.005 0.012 0.734 0.016 0.005 0.010 0.006 0.015 0.006 0.003 0.007 0.006 0.005 0.002 0.010 
195   H409.7    (0)   12 :  0.004 0.006 0.008 0.004 0.005 0.006 0.003 0.003 0.004 0.003 0.006 0.004 0.004 0.004 0.004 0.881 0.005 0.003 0.004 0.005 0.003 0.002 0.007 0.008 0.003 0.004 0.005 0.003 
196   H409.8    (0)   12 :  0.003 0.003 0.004 0.004 0.007 0.006 0.003 0.003 0.003 0.007 0.003 0.003 0.003 0.003 0.004 0.894 0.005 0.004 0.006 0.004 0.006 0.002 0.003 0.002 0.003 0.003 0.004 0.004 
197   H409.9    (0)   12 :  0.006 0.003 0.003 0.010 0.004 0.036 0.019 0.010 0.038 0.121 0.012 0.005 0.011 0.012 0.026 0.332 0.049 0.004 0.034 0.018 0.016 0.179 0.003 0.007 0.014 0.004 0.003 0.020 
198   H413.1    (0)   12 :  0.003 0.003 0.004 0.004 0.004 0.007 0.004 0.003 0.004 0.002 0.005 0.006 0.002 0.002 0.004 0.003 0.003 0.003 0.003 0.003 0.002 0.002 0.003 0.003 0.002 0.002 0.003 0.911 
199   H413.2    (0)   12 :  0.002 0.003 0.004 0.004 0.003 0.002 0.003 0.003 0.003 0.003 0.004 0.006 0.002 0.002 0.003 0.002 0.003 0.002 0.003 0.004 0.002 0.002 0.003 0.002 0.002 0.002 0.003 0.922 
200   H413.3    (0)   12 :  0.004 0.005 0.002 0.003 0.003 0.005 0.003 0.002 0.003 0.003 0.004 0.004 0.002 0.002 0.003 0.003 0.003 0.003 0.002 0.003 0.003 0.004 0.002 0.003 0.004 0.002 0.002 0.919 
201   H413.4    (0)   12 :  0.002 0.004 0.007 0.004 0.009 0.009 0.005 0.002 0.004 0.005 0.006 0.004 0.003 0.005 0.004 0.005 0.004 0.003 0.004 0.003 0.002 0.003 0.005 0.006 0.003 0.004 0.004 0.883 
202   H413.5    (0)   12 :  0.003 0.003 0.002 0.002 0.007 0.003 0.014 0.002 0.004 0.003 0.004 0.003 0.003 0.002 0.008 0.002 0.004 0.010 0.004 0.003 0.002 0.018 0.002 0.003 0.003 0.003 0.002 0.881 
203   H413.6    (0)   12 :  0.012 0.006 0.004 0.004 0.027 0.006 0.009 0.002 0.007 0.002 0.005 0.006 0.004 0.005 0.007 0.003 0.006 0.002 0.007 0.004 0.003 0.014 0.004 0.007 0.003 0.003 0.012 0.826 
204   H413.7    (0)   12 :  0.002 0.003 0.004 0.003 0.003 0.002 0.002 0.003 0.003 0.003 0.003 0.003 0.002 0.002 0.003 0.002 0.003 0.002 0.003 0.003 0.002 0.003 0.003 0.003 0.002 0.002 0.004 0.927 
205   H563.1    (0)   12 :  0.004 0.003 0.003 0.003 0.006 0.886 0.004 0.002 0.004 0.003 0.003 0.003 0.003 0.005 0.005 0.004 0.004 0.002 0.003 0.005 0.004 0.010 0.003 0.007 0.005 0.003 0.002 0.010 
206   H563.2    (0)   12 :  0.005 0.016 0.010 0.007 0.006 0.810 0.003 0.003 0.007 0.005 0.006 0.009 0.007 0.007 0.010 0.009 0.007 0.005 0.009 0.008 0.005 0.006 0.012 0.006 0.004 0.004 0.003 0.010 
207   H563.3    (0)   12 :  0.003 0.003 0.003 0.003 0.009 0.898 0.003 0.002 0.003 0.003 0.004 0.002 0.003 0.002 0.004 0.004 0.004 0.003 0.004 0.005 0.003 0.007 0.003 0.006 0.006 0.003 0.003 0.004 
208   H563.4    (0)   12 :  0.005 0.008 0.004 0.006 0.004 0.844 0.005 0.002 0.006 0.004 0.004 0.009 0.004 0.004 0.008 0.010 0.006 0.004 0.005 0.009 0.008 0.005 0.005 0.007 0.004 0.003 0.002 0.014 
209   H563.5    (0)   12 :  0.004 0.002 0.002 0.004 0.005 0.897 0.004 0.002 0.004 0.002 0.003 0.004 0.003 0.005 0.004 0.004 0.004 0.002 0.004 0.005 0.004 0.008 0.003 0.009 0.003 0.003 0.002 0.005 
210   H563.6    (0)   12 :  0.003 0.008 0.012 0.007 0.008 0.844 0.003 0.002 0.005 0.005 0.006 0.007 0.003 0.003 0.007 0.004 0.008 0.005 0.008 0.008 0.003 0.005 0.008 0.007 0.004 0.003 0.003 0.011 
211   H563.7    (0)   12 :  0.002 0.006 0.015 0.005 0.011 0.856 0.003 0.002 0.005 0.003 0.005 0.006 0.004 0.002 0.005 0.006 0.005 0.003 0.005 0.005 0.002 0.003 0.008 0.012 0.003 0.003 0.003 0.010 
212   H563.8    (0)   12 :  0.005 0.003 0.004 0.008 0.010 0.856 0.005 0.002 0.005 0.003 0.004 0.004 0.003 0.008 0.005 0.004 0.006 0.002 0.005 0.007 0.007 0.014 0.004 0.013 0.004 0.003 0.003 0.006 
213   H563.9    (0)   12 :  0.005 0.013 0.009 0.008 0.010 0.810 0.004 0.002 0.006 0.005 0.007 0.005 0.007 0.003 0.010 0.021 0.008 0.004 0.008 0.008 0.005 0.005 0.011 0.005 0.004 0.006 0.004 0.008 
214  H7374.1    (0)   12 :  0.002 0.008 0.003 0.008 0.004 0.004 0.003 0.004 0.005 0.002 0.003 0.010 0.008 0.003 0.004 0.008 0.007 0.004 0.006 0.006 0.004 0.004 0.004 0.855 0.008 0.004 0.012 0.004 
215  H7374.2    (0)   12 :  0.007 0.007 0.002 0.003 0.003 0.009 0.003 0.004 0.006 0.006 0.004 0.006 0.006 0.005 0.006 0.005 0.007 0.002 0.008 0.006 0.005 0.007 0.002 0.858 0.007 0.004 0.005 0.008 
216  H7374.3    (0)   12 :  0.004 0.024 0.004 0.007 0.005 0.008 0.004 0.005 0.008 0.005 0.003 0.006 0.012 0.007 0.009 0.007 0.007 0.005 0.008 0.007 0.006 0.006 0.005 0.762 0.008 0.006 0.057 0.003 
217  H7374.4    (0)   12 :  0.005 0.004 0.007 0.005 0.003 0.004 0.005 0.005 0.005 0.003 0.004 0.003 0.004 0.004 0.005 0.004 0.005 0.005 0.004 0.004 0.004 0.005 0.004 0.886 0.003 0.003 0.002 0.005 
218  H7374.5    (0)   12 :  0.003 0.003 0.004 0.005 0.006 0.005 0.003 0.002 0.004 0.003 0.004 0.005 0.003 0.004 0.005 0.003 0.003 0.003 0.005 0.005 0.002 0.008 0.004 0.896 0.004 0.003 0.003 0.003 
219  H7374.6    (0)   12 :  0.004 0.012 0.008 0.008 0.007 0.007 0.004 0.008 0.010 0.005 0.007 0.003 0.013 0.006 0.010 0.005 0.006 0.011 0.011 0.010 0.004 0.008 0.004 0.799 0.004 0.007 0.016 0.004 
220  H7374.7    (0)   12 :  0.003 0.003 0.005 0.004 0.005 0.003 0.002 0.004 0.004 0.002 0.003 0.004 0.003 0.003 0.003 0.004 0.003 0.003 0.003 0.003 0.003 0.002 0.004 0.911 0.002 0.004 0.003 0.005 
221  H7374.8    (0)   12 :  0.003 0.005 0.005 0.004 0.004 0.005 0.003 0.003 0.004 0.004 0.003 0.007 0.005 0.004 0.004 0.006 0.005 0.003 0.005 0.004 0.005 0.002 0.007 0.880 0.004 0.005 0.010 0.002 
222  H7374.9    (0)   12 :  0.005 0.003 0.004 0.005 0.004 0.004 0.003 0.002 0.004 0.003 0.003 0.004 0.003 0.006 0.004 0.003 0.004 0.004 0.004 0.004 0.002 0.010 0.004 0.893 0.003 0.004 0.003 0.003 
223  H9563.1    (0)   12 :  0.004 0.005 0.004 0.005 0.003 0.888 0.005 0.002 0.005 0.004 0.003 0.003 0.004 0.003 0.004 0.003 0.005 0.004 0.005 0.004 0.006 0.005 0.005 0.004 0.004 0.003 0.005 0.004 
224  H9563.2    (0)   12 :  0.003 0.003 0.003 0.004 0.003 0.884 0.006 0.003 0.005 0.003 0.003 0.003 0.007 0.003 0.005 0.002 0.006 0.004 0.005 0.004 0.010 0.006 0.004 0.003 0.005 0.004 0.003 0.005 
225  H9563.3    (0)   12 :  0.004 0.004 0.003 0.004 0.005 0.878 0.004 0.006 0.004 0.008 0.004 0.006 0.005 0.004 0.005 0.004 0.005 0.003 0.005 0.004 0.005 0.002 0.007 0.004 0.003 0.004 0.007 0.003 
226  H9563.4    (0)   12 :  0.004 0.010 0.005 0.010 0.005 0.738 0.013 0.014 0.011 0.006 0.008 0.005 0.010 0.023 0.017 0.011 0.012 0.005 0.012 0.011 0.028 0.006 0.007 0.008 0.005 0.006 0.006 0.004 
227  H9563.5    (0)   12 :  0.005 0.007 0.005 0.008 0.003 0.818 0.011 0.004 0.008 0.010 0.005 0.003 0.007 0.006 0.008 0.010 0.007 0.005 0.010 0.006 0.017 0.004 0.011 0.002 0.006 0.004 0.003 0.004 
228  H9563.6    (0)   12 :  0.004 0.003 0.003 0.003 0.007 0.865 0.005 0.005 0.005 0.006 0.003 0.019 0.003 0.005 0.005 0.004 0.005 0.002 0.006 0.005 0.006 0.003 0.003 0.004 0.004 0.003 0.007 0.004 
229  H9563.7    (0)   12 :  0.004 0.003 0.002 0.003 0.003 0.889 0.004 0.007 0.005 0.004 0.003 0.010 0.004 0.004 0.004 0.003 0.005 0.002 0.004 0.004 0.005 0.003 0.003 0.004 0.005 0.004 0.006 0.003 
230  H9563.8    (0)   12 :  0.009 0.005 0.007 0.014 0.003 0.681 0.032 0.005 0.016 0.013 0.011 0.006 0.033 0.018 0.015 0.008 0.010 0.004 0.007 0.011 0.038 0.005 0.030 0.003 0.003 0.005 0.005 0.004 
231  H9563.9    (0)   12 :  0.005 0.004 0.004 0.005 0.004 0.841 0.013 0.003 0.008 0.008 0.005 0.008 0.008 0.005 0.005 0.003 0.005 0.003 0.007 0.007 0.016 0.005 0.006 0.004 0.003 0.004 0.006 0.005 
232  H9572.1    (0)   12 :  0.005 0.008 0.004 0.004 0.803 0.010 0.008 0.006 0.009 0.006 0.007 0.004 0.004 0.004 0.015 0.005 0.009 0.006 0.007 0.008 0.006 0.021 0.004 0.006 0.012 0.004 0.005 0.008 
233  H9572.2    (0)   12 :  0.003 0.016 0.004 0.006 0.733 0.031 0.011 0.003 0.008 0.004 0.005 0.008 0.008 0.005 0.014 0.007 0.013 0.014 0.010 0.009 0.024 0.005 0.006 0.015 0.008 0.018 0.007 0.005 
234  H9572.3    (0)   12 :  0.003 0.005 0.014 0.007 0.657 0.007 0.003 0.008 0.021 0.005 0.008 0.012 0.010 0.006 0.012 0.019 0.010 0.004 0.012 0.028 0.011 0.010 0.008 0.055 0.050 0.003 0.005 0.007 
235  H9572.4    (0)   12 :  0.002 0.003 0.007 0.004 0.905 0.004 0.003 0.005 0.003 0.003 0.003 0.003 0.002 0.006 0.003 0.003 0.003 0.003 0.004 0.003 0.002 0.004 0.003 0.006 0.005 0.002 0.003 0.003 
236  H9572.5    (0)   12 :  0.003 0.006 0.007 0.003 0.883 0.002 0.003 0.004 0.005 0.003 0.003 0.004 0.002 0.003 0.004 0.003 0.004 0.003 0.004 0.004 0.006 0.004 0.008 0.002 0.017 0.003 0.004 0.002 


Estimated Allele Frequencies in each cluster
First column gives estimated ancestral frequencies


Locus 1 : 
8 alleles
0.0% missing data
 156   (0.174) 0.022 0.025 0.359 0.075 0.576 0.212 0.165 0.694 0.174 0.236 0.262 0.481 0.027 0.034 0.146 0.255 0.173 0.015 0.174 0.126 0.043 0.088 0.027 0.152 0.019 0.012 0.015 0.331 
 152   (0.144) 0.018 0.020 0.012 0.241 0.026 0.010 0.166 0.257 0.144 0.113 0.193 0.350 0.021 0.450 0.093 0.013 0.141 0.013 0.144 0.141 0.082 0.008 0.021 0.309 0.335 0.303 0.693 0.015 
 168   (0.098) 0.177 0.013 0.007 0.037 0.018 0.007 0.059 0.007 0.098 0.609 0.339 0.104 0.015 0.020 0.067 0.010 0.097 0.315 0.098 0.068 0.024 0.061 0.014 0.011 0.213 0.007 0.009 0.191 
 164   (0.245) 0.499 0.301 0.296 0.500 0.048 0.120 0.264 0.018 0.245 0.020 0.140 0.027 0.214 0.055 0.253 0.024 0.250 0.150 0.245 0.314 0.381 0.195 0.470 0.029 0.141 0.018 0.251 0.426 
 160   (0.255) 0.274 0.187 0.320 0.119 0.317 0.645 0.163 0.018 0.255 0.016 0.050 0.029 0.518 0.226 0.303 0.687 0.257 0.500 0.255 0.253 0.449 0.138 0.458 0.491 0.284 0.655 0.026 0.028 
 148   (0.045) 0.005 0.006 0.003 0.015 0.008 0.003 0.178 0.003 0.045 0.003 0.008 0.005 0.201 0.008 0.114 0.007 0.045 0.004 0.045 0.073 0.012 0.508 0.006 0.005 0.005 0.003 0.004 0.005 
 144   (0.026) 0.003 0.198 0.002 0.008 0.004 0.002 0.004 0.002 0.026 0.001 0.005 0.002 0.003 0.204 0.015 0.003 0.024 0.002 0.026 0.016 0.006 0.001 0.003 0.003 0.002 0.002 0.002 0.002 
 172   (0.014) 0.002 0.249 0.001 0.004 0.002 0.001 0.002 0.001 0.014 0.001 0.002 0.001 0.002 0.003 0.009 0.001 0.013 0.001 0.014 0.009 0.003 0.001 0.002 0.001 0.001 0.001 0.001 0.001 

Locus 2 : 
7 alleles
0.0% missing data
 156   (0.276) 0.036 0.762 0.191 0.141 0.165 0.279 0.202 0.020 0.277 0.018 0.052 0.493 0.271 0.234 0.346 0.211 0.280 0.447 0.276 0.256 0.304 0.494 0.173 0.469 0.500 0.486 0.028 0.204 
 148   (0.054) 0.235 0.007 0.005 0.017 0.009 0.245 0.007 0.003 0.053 0.004 0.009 0.395 0.009 0.009 0.032 0.005 0.052 0.005 0.054 0.034 0.011 0.003 0.298 0.005 0.005 0.004 0.004 0.247 
 160   (0.159) 0.218 0.024 0.012 0.156 0.032 0.139 0.194 0.012 0.159 0.136 0.186 0.054 0.027 0.243 0.190 0.050 0.163 0.015 0.159 0.152 0.432 0.149 0.028 0.018 0.086 0.276 0.015 0.017 
 168   (0.120) 0.016 0.016 0.152 0.053 0.023 0.309 0.318 0.217 0.120 0.007 0.023 0.013 0.020 0.023 0.164 0.012 0.120 0.011 0.120 0.094 0.033 0.147 0.019 0.465 0.012 0.128 0.043 0.492 
 164   (0.216) 0.475 0.167 0.565 0.569 0.275 0.015 0.116 0.217 0.216 0.270 0.040 0.024 0.432 0.048 0.149 0.437 0.214 0.136 0.216 0.281 0.169 0.012 0.435 0.024 0.376 0.094 0.895 0.021 
 152   (0.154) 0.019 0.022 0.074 0.058 0.492 0.011 0.160 0.266 0.154 0.564 0.687 0.018 0.238 0.439 0.105 0.283 0.152 0.384 0.154 0.167 0.046 0.104 0.044 0.017 0.018 0.011 0.013 0.016 
 172   (0.021) 0.002 0.003 0.001 0.007 0.003 0.001 0.003 0.265 0.021 0.001 0.003 0.002 0.003 0.003 0.014 0.002 0.021 0.002 0.021 0.015 0.005 0.091 0.003 0.002 0.002 0.001 0.002 0.002 

Locus 3 : 
5 alleles
0.4% missing data
 193   (0.156) 0.173 0.257 0.011 0.062 0.657 0.380 0.021 0.152 0.156 0.011 0.501 0.468 0.022 0.028 0.101 0.244 0.153 0.014 0.156 0.108 0.037 0.028 0.143 0.271 0.283 0.011 0.157 0.184 
 189   (0.295) 0.290 0.043 0.090 0.315 0.097 0.248 0.539 0.021 0.295 0.462 0.055 0.248 0.372 0.130 0.393 0.329 0.296 0.374 0.295 0.268 0.261 0.166 0.048 0.497 0.263 0.588 0.626 0.033 
 181   (0.123) 0.014 0.016 0.372 0.131 0.022 0.161 0.112 0.318 0.123 0.337 0.022 0.234 0.019 0.022 0.111 0.383 0.120 0.010 0.123 0.105 0.034 0.007 0.275 0.013 0.013 0.009 0.011 0.738 
 185   (0.340) 0.512 0.476 0.280 0.459 0.069 0.204 0.317 0.504 0.341 0.136 0.406 0.040 0.575 0.804 0.337 0.035 0.345 0.595 0.340 0.430 0.477 0.748 0.521 0.209 0.051 0.167 0.199 0.036 
 197   (0.086) 0.011 0.208 0.246 0.033 0.155 0.006 0.011 0.006 0.086 0.054 0.016 0.009 0.012 0.016 0.058 0.009 0.085 0.007 0.086 0.090 0.191 0.051 0.013 0.010 0.391 0.225 0.008 0.008 

Locus 4 : 
7 alleles
0.0% missing data
 173   (0.271) 0.466 0.483 0.460 0.223 0.164 0.123 0.077 0.019 0.271 0.017 0.423 0.322 0.316 0.055 0.234 0.195 0.271 0.324 0.271 0.248 0.239 0.053 0.468 0.228 0.032 0.287 0.029 0.679 
 169   (0.079) 0.010 0.011 0.148 0.033 0.577 0.695 0.010 0.006 0.079 0.610 0.015 0.227 0.146 0.114 0.055 0.008 0.078 0.008 0.079 0.053 0.019 0.004 0.010 0.009 0.008 0.006 0.006 0.008 
 165   (0.263) 0.034 0.346 0.131 0.426 0.053 0.019 0.286 0.313 0.263 0.027 0.272 0.245 0.474 0.056 0.362 0.024 0.264 0.378 0.263 0.328 0.132 0.437 0.041 0.131 0.626 0.307 0.879 0.027 
 177   (0.258) 0.221 0.143 0.253 0.272 0.052 0.054 0.610 0.655 0.259 0.338 0.268 0.190 0.045 0.485 0.268 0.759 0.261 0.023 0.258 0.240 0.577 0.104 0.462 0.030 0.114 0.223 0.025 0.028 
 185   (0.023) 0.002 0.003 0.001 0.008 0.004 0.002 0.003 0.001 0.022 0.001 0.004 0.003 0.003 0.004 0.014 0.002 0.022 0.258 0.023 0.013 0.004 0.001 0.003 0.002 0.002 0.057 0.002 0.002 
 181   (0.078) 0.009 0.010 0.005 0.028 0.146 0.105 0.011 0.005 0.078 0.005 0.014 0.009 0.011 0.281 0.050 0.009 0.077 0.007 0.078 0.100 0.022 0.399 0.011 0.598 0.215 0.006 0.007 0.253 
 193   (0.028) 0.257 0.004 0.002 0.010 0.005 0.002 0.004 0.002 0.028 0.002 0.005 0.003 0.004 0.005 0.017 0.002 0.027 0.002 0.028 0.018 0.006 0.001 0.004 0.003 0.003 0.115 0.052 0.003 

Locus 5 : 
12 alleles
0.0% missing data
 215   (0.072) 0.010 0.158 0.005 0.032 0.067 0.006 0.010 0.005 0.072 0.005 0.049 0.163 0.010 0.014 0.045 0.007 0.073 0.025 0.072 0.052 0.382 0.004 0.268 0.008 0.308 0.005 0.006 0.008 
 207   (0.195) 0.113 0.407 0.253 0.120 0.681 0.240 0.025 0.014 0.195 0.186 0.121 0.352 0.031 0.463 0.137 0.552 0.194 0.018 0.195 0.148 0.047 0.010 0.201 0.363 0.020 0.402 0.544 0.102 
 195   (0.087) 0.011 0.013 0.136 0.357 0.016 0.006 0.251 0.006 0.087 0.056 0.335 0.412 0.014 0.018 0.140 0.009 0.086 0.008 0.087 0.149 0.026 0.009 0.014 0.010 0.008 0.006 0.008 0.125 
 203   (0.219) 0.808 0.031 0.286 0.095 0.153 0.249 0.374 0.015 0.219 0.660 0.413 0.025 0.135 0.138 0.350 0.090 0.221 0.021 0.219 0.255 0.084 0.480 0.037 0.220 0.497 0.015 0.020 0.722 
 199   (0.270) 0.039 0.274 0.310 0.341 0.054 0.181 0.070 0.497 0.270 0.084 0.053 0.031 0.546 0.340 0.203 0.067 0.274 0.289 0.270 0.290 0.426 0.477 0.140 0.383 0.152 0.083 0.331 0.029 
 211   (0.048) 0.006 0.006 0.003 0.019 0.008 0.311 0.006 0.152 0.048 0.003 0.008 0.005 0.007 0.008 0.036 0.004 0.046 0.004 0.048 0.033 0.010 0.002 0.324 0.005 0.005 0.481 0.081 0.005 
 271   (0.012) 0.002 0.002 0.001 0.004 0.003 0.001 0.034 0.001 0.012 0.001 0.002 0.002 0.002 0.002 0.029 0.001 0.012 0.001 0.012 0.008 0.002 0.002 0.002 0.001 0.001 0.001 0.001 0.001 
 191   (0.012) 0.001 0.001 0.001 0.004 0.002 0.001 0.001 0.001 0.012 0.001 0.002 0.001 0.002 0.002 0.009 0.001 0.012 0.625 0.012 0.008 0.003 0.001 0.002 0.001 0.001 0.001 0.001 0.001 
 284   (0.033) 0.004 0.004 0.002 0.011 0.006 0.002 0.113 0.002 0.033 0.002 0.006 0.004 0.246 0.006 0.020 0.263 0.032 0.004 0.033 0.020 0.008 0.002 0.004 0.004 0.003 0.002 0.003 0.003 
 275   (0.023) 0.003 0.099 0.001 0.007 0.004 0.002 0.112 0.002 0.023 0.001 0.004 0.002 0.003 0.004 0.015 0.002 0.022 0.002 0.023 0.016 0.005 0.001 0.003 0.002 0.002 0.002 0.002 0.002 
 279   (0.014) 0.001 0.002 0.001 0.004 0.002 0.001 0.002 0.305 0.014 0.001 0.002 0.001 0.002 0.002 0.007 0.001 0.013 0.001 0.013 0.008 0.003 0.001 0.002 0.001 0.001 0.001 0.001 0.001 
 280   (0.016) 0.002 0.003 0.001 0.006 0.004 0.001 0.002 0.001 0.016 0.001 0.004 0.002 0.002 0.003 0.010 0.002 0.016 0.002 0.016 0.012 0.004 0.013 0.003 0.002 0.001 0.001 0.002 0.002 

Locus 6 : 
9 alleles
0.0% missing data
 254   (0.081) 0.270 0.011 0.244 0.042 0.015 0.006 0.010 0.005 0.081 0.005 0.187 0.108 0.012 0.016 0.054 0.007 0.080 0.007 0.081 0.117 0.159 0.115 0.140 0.009 0.009 0.006 0.007 0.009 
 242   (0.183) 0.023 0.025 0.083 0.280 0.735 0.461 0.201 0.012 0.183 0.013 0.116 0.730 0.027 0.036 0.255 0.017 0.181 0.372 0.183 0.231 0.107 0.707 0.048 0.100 0.352 0.013 0.137 0.020 
 238   (0.317) 0.487 0.191 0.281 0.428 0.059 0.168 0.475 0.263 0.317 0.545 0.361 0.115 0.515 0.476 0.410 0.561 0.321 0.584 0.317 0.332 0.411 0.132 0.461 0.037 0.139 0.023 0.029 0.039 
 250   (0.126) 0.016 0.270 0.373 0.056 0.023 0.009 0.118 0.008 0.126 0.168 0.026 0.014 0.404 0.203 0.088 0.012 0.128 0.011 0.126 0.095 0.038 0.011 0.305 0.014 0.139 0.862 0.039 0.013 
 246   (0.178) 0.191 0.488 0.012 0.149 0.150 0.100 0.028 0.704 0.178 0.083 0.034 0.021 0.026 0.249 0.117 0.017 0.178 0.016 0.177 0.146 0.255 0.029 0.031 0.376 0.349 0.089 0.779 0.280 
 230   (0.047) 0.006 0.007 0.003 0.021 0.008 0.138 0.159 0.003 0.046 0.181 0.264 0.005 0.007 0.009 0.032 0.004 0.047 0.004 0.047 0.035 0.015 0.002 0.007 0.005 0.005 0.003 0.004 0.197 
 258   (0.020) 0.002 0.002 0.001 0.008 0.003 0.001 0.002 0.001 0.020 0.001 0.004 0.002 0.003 0.003 0.014 0.378 0.019 0.001 0.020 0.012 0.004 0.001 0.002 0.002 0.002 0.001 0.002 0.002 
 234   (0.024) 0.003 0.003 0.001 0.007 0.004 0.002 0.003 0.002 0.024 0.002 0.004 0.002 0.003 0.004 0.014 0.002 0.023 0.002 0.024 0.015 0.006 0.001 0.003 0.302 0.002 0.002 0.002 0.439 
 226   (0.025) 0.003 0.003 0.002 0.009 0.004 0.114 0.003 0.002 0.025 0.002 0.004 0.003 0.003 0.004 0.016 0.002 0.023 0.002 0.025 0.015 0.005 0.001 0.003 0.154 0.002 0.002 0.002 0.003 

Locus 7 : 
5 alleles
0.0% missing data
 149   (0.854) 0.517 0.981 0.991 0.946 0.805 0.990 0.617 0.573 0.854 0.991 0.974 0.984 0.980 0.975 0.821 0.987 0.859 0.987 0.854 0.883 0.967 0.547 0.980 0.984 0.986 0.756 0.816 0.560 
 153   (0.074) 0.287 0.010 0.005 0.028 0.184 0.005 0.218 0.005 0.074 0.005 0.013 0.008 0.011 0.013 0.132 0.007 0.073 0.007 0.074 0.073 0.018 0.359 0.010 0.008 0.008 0.045 0.178 0.040 
 155   (0.029) 0.003 0.003 0.002 0.011 0.005 0.002 0.004 0.208 0.029 0.002 0.005 0.003 0.004 0.005 0.019 0.002 0.028 0.003 0.029 0.017 0.006 0.001 0.004 0.003 0.002 0.197 0.003 0.396 
 157   (0.029) 0.191 0.004 0.002 0.009 0.005 0.002 0.004 0.213 0.028 0.002 0.005 0.003 0.004 0.005 0.019 0.003 0.027 0.002 0.028 0.019 0.006 0.092 0.004 0.003 0.002 0.002 0.002 0.003 
 151   (0.014) 0.002 0.002 0.001 0.005 0.002 0.001 0.157 0.001 0.014 0.001 0.002 0.001 0.002 0.002 0.009 0.001 0.014 0.001 0.014 0.008 0.003 0.001 0.002 0.002 0.001 0.001 0.001 0.001 

Locus 8 : 
15 alleles
0.4% missing data
 150   (0.074) 0.009 0.010 0.318 0.154 0.016 0.005 0.140 0.005 0.074 0.005 0.014 0.300 0.012 0.013 0.102 0.007 0.073 0.211 0.074 0.082 0.018 0.257 0.033 0.008 0.007 0.005 0.007 0.277 
 138   (0.116) 0.014 0.017 0.007 0.053 0.160 0.113 0.579 0.008 0.116 0.007 0.253 0.236 0.370 0.024 0.246 0.011 0.117 0.010 0.116 0.113 0.328 0.242 0.018 0.013 0.019 0.008 0.011 0.267 
 158   (0.032) 0.004 0.004 0.002 0.011 0.006 0.002 0.004 0.002 0.032 0.002 0.006 0.225 0.005 0.005 0.020 0.003 0.031 0.003 0.032 0.020 0.007 0.001 0.004 0.003 0.003 0.052 0.390 0.191 
 146   (0.239) 0.036 0.262 0.017 0.310 0.171 0.124 0.106 0.103 0.239 0.071 0.210 0.180 0.174 0.051 0.274 0.463 0.245 0.208 0.239 0.302 0.101 0.328 0.434 0.323 0.353 0.017 0.369 0.028 
 152   (0.139) 0.016 0.150 0.212 0.220 0.026 0.010 0.018 0.010 0.139 0.229 0.263 0.015 0.315 0.322 0.094 0.013 0.138 0.261 0.139 0.144 0.035 0.007 0.236 0.257 0.014 0.308 0.015 0.014 
 148   (0.066) 0.460 0.009 0.004 0.033 0.014 0.005 0.008 0.005 0.066 0.004 0.012 0.007 0.071 0.014 0.045 0.006 0.067 0.280 0.066 0.043 0.091 0.004 0.010 0.360 0.215 0.158 0.075 0.007 
 156   (0.021) 0.002 0.003 0.001 0.011 0.004 0.113 0.003 0.001 0.021 0.001 0.004 0.002 0.004 0.003 0.016 0.002 0.021 0.002 0.021 0.019 0.011 0.001 0.003 0.002 0.002 0.062 0.002 0.002 
 134   (0.050) 0.006 0.209 0.003 0.019 0.296 0.004 0.107 0.003 0.050 0.003 0.009 0.005 0.007 0.095 0.033 0.005 0.049 0.004 0.050 0.037 0.012 0.003 0.007 0.005 0.005 0.192 0.005 0.005 
 142   (0.034) 0.030 0.004 0.003 0.011 0.006 0.002 0.004 0.002 0.034 0.419 0.006 0.004 0.006 0.006 0.022 0.003 0.033 0.003 0.034 0.023 0.007 0.002 0.222 0.004 0.003 0.002 0.003 0.003 
 128   (0.101) 0.013 0.315 0.296 0.126 0.277 0.007 0.014 0.485 0.101 0.006 0.019 0.012 0.016 0.444 0.068 0.009 0.101 0.009 0.101 0.132 0.362 0.149 0.015 0.011 0.365 0.007 0.010 0.010 
 144   (0.036) 0.400 0.004 0.041 0.014 0.007 0.002 0.005 0.003 0.036 0.002 0.007 0.004 0.008 0.007 0.021 0.003 0.036 0.003 0.036 0.024 0.008 0.002 0.006 0.004 0.004 0.181 0.105 0.004 
 168   (0.011) 0.001 0.001 0.001 0.004 0.002 0.001 0.001 0.001 0.011 0.001 0.183 0.001 0.001 0.002 0.007 0.001 0.010 0.001 0.011 0.007 0.002 0.001 0.001 0.001 0.001 0.001 0.001 0.001 
 160   (0.026) 0.003 0.003 0.002 0.014 0.005 0.002 0.003 0.002 0.026 0.246 0.004 0.003 0.004 0.005 0.020 0.260 0.025 0.002 0.026 0.016 0.005 0.001 0.003 0.003 0.002 0.002 0.002 0.002 
 140   (0.026) 0.003 0.003 0.092 0.009 0.005 0.002 0.004 0.368 0.026 0.001 0.004 0.003 0.004 0.004 0.013 0.002 0.024 0.002 0.026 0.015 0.006 0.001 0.004 0.002 0.003 0.002 0.002 0.003 
 136   (0.030) 0.003 0.004 0.002 0.010 0.005 0.609 0.004 0.002 0.030 0.002 0.005 0.003 0.004 0.005 0.020 0.214 0.030 0.002 0.030 0.021 0.006 0.002 0.004 0.003 0.003 0.002 0.003 0.188 

Locus 9 : 
4 alleles
0.0% missing data
 184   (0.198) 0.193 0.236 0.019 0.078 0.037 0.125 0.028 0.320 0.198 0.470 0.210 0.841 0.397 0.077 0.134 0.493 0.195 0.017 0.198 0.149 0.238 0.096 0.031 0.202 0.020 0.218 0.398 0.020 
 186   (0.469) 0.373 0.719 0.104 0.290 0.571 0.516 0.515 0.657 0.469 0.478 0.259 0.123 0.209 0.404 0.510 0.228 0.475 0.673 0.469 0.470 0.680 0.750 0.167 0.163 0.947 0.429 0.175 0.791 
 180   (0.223) 0.027 0.029 0.869 0.590 0.371 0.351 0.430 0.015 0.223 0.015 0.258 0.025 0.376 0.386 0.273 0.021 0.220 0.300 0.223 0.277 0.052 0.012 0.786 0.343 0.021 0.121 0.318 0.177 
 182   (0.110) 0.408 0.015 0.008 0.042 0.021 0.008 0.028 0.008 0.110 0.038 0.273 0.012 0.017 0.133 0.083 0.258 0.109 0.010 0.110 0.104 0.030 0.142 0.016 0.292 0.012 0.232 0.109 0.012 

Locus 10 : 
7 alleles
0.0% missing data
 176   (0.013) 0.002 0.002 0.001 0.005 0.002 0.001 0.002 0.001 0.013 0.001 0.002 0.283 0.002 0.002 0.009 0.001 0.013 0.001 0.013 0.008 0.002 0.001 0.002 0.002 0.001 0.001 0.001 0.001 
 168   (0.184) 0.025 0.027 0.032 0.297 0.150 0.414 0.155 0.013 0.184 0.172 0.038 0.388 0.084 0.079 0.159 0.148 0.185 0.019 0.184 0.231 0.576 0.127 0.030 0.224 0.433 0.014 0.017 0.020 
 156   (0.119) 0.451 0.017 0.008 0.056 0.023 0.119 0.541 0.008 0.119 0.227 0.023 0.171 0.019 0.409 0.228 0.012 0.122 0.085 0.118 0.085 0.229 0.006 0.127 0.013 0.124 0.009 0.010 0.011 
 160   (0.234) 0.377 0.461 0.110 0.181 0.049 0.435 0.066 0.017 0.234 0.060 0.219 0.106 0.476 0.096 0.226 0.366 0.234 0.024 0.234 0.255 0.072 0.363 0.038 0.140 0.026 0.055 0.465 0.266 
 164   (0.213) 0.051 0.265 0.015 0.090 0.475 0.014 0.206 0.260 0.213 0.015 0.267 0.025 0.031 0.043 0.217 0.213 0.213 0.559 0.213 0.186 0.069 0.492 0.033 0.025 0.393 0.424 0.481 0.677 
 172   (0.221) 0.092 0.227 0.828 0.366 0.299 0.015 0.028 0.700 0.221 0.525 0.448 0.025 0.033 0.367 0.151 0.259 0.218 0.310 0.221 0.224 0.048 0.010 0.768 0.594 0.023 0.497 0.024 0.023 
 152   (0.016) 0.003 0.002 0.006 0.007 0.003 0.001 0.002 0.001 0.016 0.001 0.003 0.002 0.355 0.003 0.010 0.002 0.016 0.002 0.016 0.010 0.003 0.001 0.002 0.002 0.002 0.001 0.002 0.002 

Locus 11 : 
7 alleles
0.4% missing data
 177   (0.075) 0.009 0.010 0.004 0.029 0.041 0.005 0.010 0.581 0.075 0.022 0.013 0.349 0.347 0.015 0.052 0.195 0.074 0.007 0.075 0.055 0.058 0.004 0.011 0.488 0.009 0.005 0.007 0.008 
 173   (0.201) 0.029 0.027 0.012 0.091 0.038 0.450 0.122 0.369 0.201 0.251 0.392 0.239 0.031 0.223 0.200 0.026 0.202 0.021 0.201 0.173 0.333 0.035 0.144 0.023 0.642 0.575 0.183 0.023 
 165   (0.272) 0.875 0.489 0.020 0.420 0.050 0.102 0.325 0.018 0.272 0.037 0.052 0.362 0.108 0.505 0.266 0.554 0.274 0.030 0.272 0.373 0.482 0.785 0.042 0.332 0.039 0.019 0.046 0.710 
 169   (0.320) 0.043 0.307 0.955 0.414 0.495 0.295 0.204 0.023 0.321 0.681 0.519 0.036 0.495 0.232 0.248 0.213 0.320 0.292 0.320 0.312 0.094 0.032 0.785 0.142 0.034 0.185 0.752 0.213 
 161   (0.076) 0.038 0.009 0.005 0.029 0.367 0.006 0.331 0.005 0.076 0.005 0.013 0.008 0.011 0.015 0.202 0.007 0.076 0.369 0.076 0.052 0.021 0.142 0.011 0.009 0.008 0.121 0.007 0.041 
 157   (0.034) 0.004 0.154 0.002 0.010 0.006 0.141 0.005 0.002 0.034 0.002 0.006 0.004 0.004 0.006 0.019 0.003 0.032 0.003 0.034 0.022 0.008 0.002 0.004 0.003 0.003 0.093 0.003 0.003 
 153   (0.023) 0.002 0.003 0.001 0.008 0.004 0.002 0.003 0.001 0.023 0.002 0.004 0.002 0.003 0.004 0.014 0.002 0.022 0.278 0.023 0.014 0.005 0.001 0.003 0.002 0.265 0.001 0.002 0.002 

Values of parameters used in structure:
DATAFILE=/data/home/rchen/Hunting/blackgrouse-hunting/data_job_T28_3,	OUTFILE=data/structure/Results_stru_chicks_hunted/results_job_T28_3,	NUMINDS=236,	NUMLOCI=11,	MISSING=-9,	LABEL=1,	POPDATA=1,	POPFLAG=0,	PHENOTYPE=0,	EXTRACOLS=0,	MAXPOPS=28,	BURNIN=10000,	NUMREPS=10000,	USEPOPINFO=0,	INFERALPHA=1,	INFERLAMBDA=0,	POPSPECIFICLAMBDA=0,	POPALPHAS=0,	COMPUTEPROB=1,	NOADMIX=0,	ADMBURNIN=2500,	UPDATEFREQ=1,	PRINTLIKES=0,	INTERMEDSAVE=0,	PRINTKLD=0,	PRINTNET=0,	PRINTLAMBDA=0,	ANCESTDIST=0,	NUMBOXES=1000,	ANCESTPINT=0.90000,	GENSBACK=2,	MIGRPRIOR=0.05000,	PRINTQHAT=1,	PRINTQSUM=0,	ALPHA=1.0000,	FREQSCORR=1,	FPRIORMEAN=0.0100,	FPRIORSD=0.0500,	ONEFST=0,	LAMBDA=1.0000,	UNIFPRIORALPHA=1,	ALPHAMAX=10.0000,	ALPHAPRIORA=1.0000,	ALPHAPRIORB=2.0000,	ALPHAPROPSD=0.0250,	STARTATPOPINFO=0,	RANDOMIZE=1,	LINKAGE=0,	METROFREQ=10,	REPORTHITRATE=0,	MARKOVPHASE=-1,	PHASED=0,	PLOIDY=2,	PHASEINFO=0	LOCPRIOR=0, 	LOCPRIORINIT=1.000000, 	LOCDATA=0, 	LOCISPOP=0, 	LOCPRIORSTEP=0.100000, 	MAXLOCPRIOR=20.000000, 	SEED=1653047593,	
[STRAT parameters]:    NUMSIMSTATS=1000,	PHENOTYPECOL=-9,	POOLFREQ=10,	LOCUSxONLY=0,	EMERROR=0.00100,	MISSINGPHENO=-9,	