      H105.1  1 0.0024 0.0022 0.0032 0.0050 0.9522 0.0029 0.0021 0.0031 0.0025 0.0027 0.0023 0.0021 0.0031 0.0029 0.0030 0.0044 0.0039 
      H105.2  1 0.0084 0.0061 0.0026 0.0031 0.9300 0.0036 0.0056 0.0019 0.0032 0.0071 0.0029 0.0041 0.0036 0.0028 0.0050 0.0041 0.0058 
      H105.3  1 0.0019 0.0025 0.0028 0.0046 0.9564 0.0026 0.0021 0.0029 0.0022 0.0034 0.0026 0.0033 0.0025 0.0024 0.0026 0.0026 0.0025 
      H105.4  1 0.0028 0.0047 0.0031 0.0041 0.9440 0.0029 0.0024 0.0029 0.0025 0.0033 0.0032 0.0030 0.0035 0.0025 0.0063 0.0037 0.0050 
      H105.5  1 0.0046 0.0087 0.0040 0.0043 0.9151 0.0046 0.0024 0.0035 0.0067 0.0043 0.0030 0.0040 0.0037 0.0036 0.0052 0.0090 0.0135 
      H105.6  1 0.0034 0.0051 0.0039 0.0046 0.9138 0.0047 0.0031 0.0043 0.0086 0.0051 0.0053 0.0082 0.0064 0.0031 0.0112 0.0055 0.0039 
      H105.7  1 0.0062 0.0061 0.0031 0.0198 0.8937 0.0137 0.0046 0.0028 0.0069 0.0056 0.0030 0.0075 0.0041 0.0025 0.0067 0.0061 0.0075 
      H105.8  1 0.0024 0.0033 0.0031 0.0029 0.9531 0.0020 0.0029 0.0019 0.0028 0.0061 0.0024 0.0034 0.0021 0.0020 0.0033 0.0029 0.0033 
      H115.1  1 0.0059 0.8037 0.0045 0.0099 0.0045 0.0042 0.0066 0.0027 0.0321 0.0069 0.0032 0.0498 0.0039 0.0088 0.0348 0.0086 0.0100 
      H115.2  1 0.0070 0.8638 0.0032 0.0065 0.0036 0.0074 0.0099 0.0038 0.0494 0.0038 0.0031 0.0082 0.0043 0.0054 0.0039 0.0092 0.0073 
      H115.3  1 0.0028 0.9208 0.0040 0.0072 0.0037 0.0033 0.0069 0.0038 0.0126 0.0031 0.0046 0.0029 0.0038 0.0061 0.0031 0.0047 0.0066 
      H115.4  1 0.0088 0.8708 0.0026 0.0046 0.0041 0.0039 0.0081 0.0073 0.0051 0.0261 0.0046 0.0058 0.0092 0.0106 0.0031 0.0129 0.0124 
      H115.5  1 0.0062 0.8080 0.0036 0.0052 0.0120 0.0066 0.0046 0.0123 0.0172 0.0056 0.0092 0.0151 0.0131 0.0298 0.0063 0.0322 0.0130 
      H115.6  1 0.0049 0.8429 0.0090 0.0067 0.0039 0.0072 0.0373 0.0045 0.0162 0.0036 0.0030 0.0033 0.0170 0.0178 0.0056 0.0097 0.0073 
      H115.7  1 0.0122 0.8016 0.0063 0.0118 0.0064 0.0064 0.0138 0.0061 0.0150 0.0056 0.0037 0.0411 0.0050 0.0075 0.0110 0.0276 0.0188 
      H115.8  1 0.0048 0.9105 0.0040 0.0049 0.0068 0.0037 0.0106 0.0038 0.0139 0.0033 0.0021 0.0044 0.0034 0.0095 0.0036 0.0057 0.0051 
      H115.9  1 0.0050 0.7271 0.0036 0.0113 0.0058 0.0058 0.0066 0.0042 0.1452 0.0106 0.0030 0.0098 0.0031 0.0103 0.0248 0.0092 0.0147 
      H145.1  1 0.0042 0.0059 0.0089 0.0059 0.0024 0.0147 0.0139 0.8760 0.0150 0.0035 0.0043 0.0031 0.0103 0.0057 0.0059 0.0071 0.0132 
      H145.2  1 0.0019 0.0057 0.0050 0.0056 0.0026 0.0068 0.0079 0.9113 0.0050 0.0052 0.0055 0.0025 0.0079 0.0078 0.0041 0.0079 0.0073 
      H145.3  1 0.0024 0.0032 0.0031 0.0026 0.0030 0.0031 0.0173 0.9380 0.0025 0.0024 0.0040 0.0025 0.0024 0.0023 0.0031 0.0041 0.0042 
      H145.4  1 0.0039 0.0036 0.0053 0.0086 0.0027 0.0185 0.0051 0.9108 0.0048 0.0040 0.0025 0.0031 0.0047 0.0036 0.0069 0.0051 0.0069 
      H145.5  1 0.0029 0.0026 0.0045 0.0034 0.0029 0.0035 0.0290 0.9260 0.0021 0.0025 0.0021 0.0022 0.0025 0.0026 0.0032 0.0041 0.0037 
      H145.6  1 0.0020 0.0027 0.0040 0.0080 0.0025 0.0078 0.0051 0.9269 0.0037 0.0034 0.0054 0.0024 0.0070 0.0052 0.0026 0.0068 0.0044 
      H145.7  1 0.0022 0.0033 0.0031 0.0044 0.0023 0.0035 0.0031 0.9477 0.0018 0.0026 0.0036 0.0022 0.0038 0.0069 0.0031 0.0032 0.0032 
      H149.1  1 0.0027 0.0026 0.0038 0.0030 0.0026 0.0049 0.0057 0.0032 0.0030 0.0025 0.0027 0.0026 0.0028 0.9480 0.0049 0.0027 0.0024 
      H149.2  1 0.0029 0.0031 0.0035 0.0047 0.0043 0.0086 0.0045 0.0054 0.0026 0.0040 0.0039 0.0021 0.0040 0.9294 0.0054 0.0058 0.0060 
      H149.3  1 0.0161 0.0252 0.0057 0.0429 0.0094 0.0204 0.0118 0.0433 0.0051 0.0156 0.0081 0.0042 0.0068 0.6612 0.0109 0.0617 0.0516 
      H149.4  1 0.0046 0.0036 0.0030 0.0064 0.0072 0.0035 0.0058 0.0032 0.0033 0.0129 0.0037 0.0043 0.0042 0.9196 0.0053 0.0069 0.0025 
      H149.5  1 0.0105 0.0042 0.0059 0.0436 0.0157 0.0101 0.0033 0.0163 0.0026 0.0180 0.0086 0.0040 0.0089 0.7825 0.0073 0.0291 0.0294 
      H149.6  1 0.0036 0.0029 0.0034 0.0099 0.0056 0.0064 0.0045 0.0060 0.0023 0.0033 0.0030 0.0029 0.0039 0.9274 0.0049 0.0051 0.0047 
      H149.7  1 0.0472 0.0135 0.0091 0.0346 0.0172 0.0406 0.0085 0.0055 0.0041 0.0454 0.0049 0.0051 0.0142 0.6637 0.0124 0.0589 0.0153 
      H150.1  1 0.0047 0.7190 0.0031 0.0049 0.0047 0.0041 0.0070 0.0039 0.2103 0.0023 0.0019 0.0032 0.0050 0.0027 0.0059 0.0088 0.0085 
      H150.2  1 0.0091 0.8302 0.0045 0.0060 0.0035 0.0059 0.0090 0.0033 0.0797 0.0026 0.0038 0.0068 0.0061 0.0068 0.0043 0.0143 0.0040 
      H150.3  1 0.0129 0.2578 0.0087 0.0164 0.0052 0.0058 0.0331 0.0079 0.5830 0.0035 0.0020 0.0209 0.0070 0.0045 0.0089 0.0106 0.0120 
      H150.4  1 0.0089 0.1421 0.0044 0.0060 0.0042 0.0047 0.0081 0.0076 0.7771 0.0026 0.0014 0.0053 0.0064 0.0025 0.0065 0.0055 0.0067 
      H150.5  1 0.0104 0.8541 0.0051 0.0159 0.0045 0.0054 0.0058 0.0042 0.0508 0.0029 0.0028 0.0038 0.0081 0.0033 0.0063 0.0076 0.0090 
      H150.6  1 0.0099 0.9041 0.0097 0.0039 0.0054 0.0033 0.0044 0.0079 0.0075 0.0048 0.0034 0.0028 0.0080 0.0034 0.0078 0.0091 0.0045 
      H150.7  1 0.0033 0.2301 0.0030 0.0033 0.0142 0.0056 0.0169 0.0057 0.6773 0.0043 0.0019 0.0050 0.0046 0.0053 0.0032 0.0091 0.0072 
   H169607.1  1 0.0072 0.0073 0.0064 0.0038 0.0023 0.0040 0.0126 0.0083 0.0091 0.0075 0.0029 0.0045 0.0108 0.0041 0.0040 0.0072 0.8980 
   H169607.2  1 0.0036 0.0024 0.0038 0.0032 0.0035 0.0036 0.0043 0.0035 0.0063 0.0022 0.0031 0.0030 0.0034 0.0023 0.0029 0.0035 0.9454 
   H169607.3  1 0.0033 0.0066 0.0033 0.0036 0.0036 0.0060 0.0081 0.0088 0.0036 0.0066 0.0036 0.0028 0.0050 0.0034 0.0041 0.0063 0.9213 
   H169607.4  1 0.0020 0.0028 0.0084 0.0032 0.0035 0.0039 0.0073 0.0048 0.0048 0.0022 0.0029 0.0022 0.0052 0.0023 0.0023 0.0043 0.9380 
   H169607.5  1 0.0029 0.0030 0.0028 0.0028 0.0022 0.0047 0.0031 0.0029 0.0051 0.0024 0.0034 0.0034 0.0027 0.0026 0.0022 0.0037 0.9500 
   H169607.6  1 0.0030 0.0027 0.0033 0.0025 0.0046 0.0039 0.0045 0.0027 0.0039 0.0033 0.0030 0.0034 0.0041 0.0026 0.0022 0.0043 0.9460 
   H169607.7  1 0.0045 0.0092 0.0024 0.0032 0.0060 0.0036 0.0041 0.0050 0.0038 0.0074 0.0029 0.0027 0.0053 0.0029 0.0020 0.0049 0.9300 
   H169607.8  1 0.0031 0.0028 0.0050 0.0034 0.0037 0.0036 0.0038 0.0033 0.0058 0.0028 0.0031 0.0037 0.0035 0.0029 0.0044 0.0042 0.9410 
   H169633.1  1 0.0351 0.0053 0.0068 0.0088 0.0044 0.0067 0.0056 0.0165 0.0066 0.0037 0.0047 0.0153 0.0107 0.8489 0.0042 0.0132 0.0034 
   H169633.2  1 0.0239 0.0055 0.0049 0.0033 0.0095 0.0052 0.0024 0.0154 0.0022 0.0075 0.0088 0.0086 0.1204 0.7519 0.0085 0.0196 0.0022 
   H169633.3  1 0.0060 0.0086 0.0071 0.0089 0.0040 0.0396 0.0047 0.0073 0.0067 0.0049 0.0081 0.0104 0.0090 0.8343 0.0087 0.0277 0.0039 
   H169633.4  1 0.0030 0.0075 0.0075 0.0100 0.0040 0.0152 0.0050 0.0072 0.0083 0.0044 0.0071 0.0103 0.0046 0.8852 0.0057 0.0095 0.0055 
   H169633.5  1 0.0037 0.0055 0.0074 0.0085 0.0041 0.0198 0.0047 0.0091 0.0070 0.0035 0.0069 0.0129 0.0057 0.8837 0.0057 0.0065 0.0052 
   H169688.1  1 0.8571 0.0032 0.0075 0.0033 0.0032 0.0129 0.0184 0.0077 0.0073 0.0072 0.0111 0.0258 0.0035 0.0051 0.0051 0.0110 0.0106 
   H169688.2  1 0.9256 0.0028 0.0040 0.0047 0.0073 0.0086 0.0027 0.0029 0.0026 0.0067 0.0029 0.0037 0.0045 0.0026 0.0087 0.0060 0.0037 
   H169688.3  1 0.9479 0.0025 0.0028 0.0028 0.0045 0.0037 0.0030 0.0033 0.0029 0.0033 0.0016 0.0025 0.0041 0.0033 0.0057 0.0033 0.0028 
   H169688.4  1 0.9528 0.0040 0.0024 0.0024 0.0017 0.0027 0.0033 0.0029 0.0044 0.0022 0.0024 0.0025 0.0026 0.0029 0.0044 0.0031 0.0032 
   H169688.5  1 0.9501 0.0062 0.0022 0.0027 0.0019 0.0031 0.0028 0.0030 0.0038 0.0026 0.0028 0.0026 0.0025 0.0025 0.0052 0.0028 0.0032 
   H169688.6  1 0.9114 0.0027 0.0033 0.0027 0.0019 0.0040 0.0031 0.0028 0.0026 0.0360 0.0054 0.0040 0.0022 0.0070 0.0031 0.0051 0.0027 
   H169688.7  1 0.8928 0.0113 0.0053 0.0047 0.0043 0.0053 0.0116 0.0153 0.0072 0.0036 0.0018 0.0031 0.0053 0.0052 0.0126 0.0073 0.0033 
   H171901.1  1 0.0105 0.0892 0.0050 0.0313 0.0463 0.0886 0.0074 0.0300 0.0256 0.0068 0.0027 0.0375 0.0122 0.0064 0.0064 0.4637 0.1306 
   H171901.2  1 0.0048 0.0130 0.0231 0.0072 0.1017 0.0209 0.0126 0.0071 0.0227 0.0030 0.0048 0.0041 0.0102 0.7084 0.0046 0.0233 0.0285 
   H171901.3  1 0.0205 0.0362 0.0154 0.0071 0.0123 0.0307 0.0070 0.0043 0.0193 0.0066 0.0075 0.0164 0.0299 0.6051 0.0073 0.1044 0.0700 
   H171901.4  1 0.0074 0.0192 0.0147 0.0044 0.0704 0.0069 0.0071 0.0051 0.0116 0.0060 0.0048 0.0044 0.0375 0.7401 0.0075 0.0142 0.0388 
   H171901.5  1 0.0058 0.0464 0.0332 0.0053 0.0432 0.0195 0.0103 0.0054 0.0141 0.0102 0.0045 0.0030 0.1642 0.5597 0.0114 0.0318 0.0318 
   H171901.6  1 0.0107 0.0402 0.0133 0.0058 0.0197 0.0635 0.0221 0.0083 0.0365 0.0234 0.0071 0.0043 0.2901 0.3213 0.0129 0.0985 0.0224 
   H171901.7  1 0.0359 0.0261 0.0070 0.0048 0.0041 0.5168 0.0072 0.0063 0.0093 0.0097 0.0076 0.0086 0.0299 0.2506 0.0067 0.0520 0.0174 
   H171902.1  1 0.0033 0.0029 0.0024 0.0024 0.0020 0.0033 0.9454 0.0042 0.0028 0.0047 0.0022 0.0023 0.0079 0.0039 0.0032 0.0035 0.0036 
  H171902.10  1 0.0050 0.0061 0.0032 0.0037 0.0033 0.0038 0.9476 0.0021 0.0029 0.0033 0.0022 0.0020 0.0025 0.0030 0.0022 0.0034 0.0038 
   H171902.2  1 0.0046 0.0047 0.0030 0.0025 0.0030 0.0031 0.9225 0.0031 0.0039 0.0065 0.0025 0.0048 0.0106 0.0104 0.0041 0.0059 0.0049 
   H171902.3  1 0.0049 0.0045 0.0031 0.0024 0.0025 0.0036 0.9295 0.0028 0.0045 0.0037 0.0035 0.0029 0.0102 0.0080 0.0036 0.0049 0.0055 
   H171902.4  1 0.0026 0.0032 0.0038 0.0029 0.0026 0.0044 0.9384 0.0039 0.0029 0.0026 0.0022 0.0024 0.0027 0.0161 0.0032 0.0036 0.0025 
   H171902.6  1 0.0018 0.0033 0.0033 0.0021 0.0021 0.0032 0.9529 0.0027 0.0042 0.0033 0.0022 0.0020 0.0037 0.0042 0.0031 0.0028 0.0031 
   H171902.7  1 0.0033 0.0106 0.0044 0.0031 0.0073 0.0130 0.8854 0.0047 0.0028 0.0043 0.0022 0.0021 0.0047 0.0068 0.0043 0.0059 0.0349 
   H171902.8  1 0.0027 0.0046 0.0040 0.0028 0.0025 0.0046 0.9408 0.0034 0.0053 0.0032 0.0024 0.0031 0.0056 0.0044 0.0027 0.0037 0.0042 
   H171902.9  1 0.0021 0.0040 0.0040 0.0037 0.0028 0.0033 0.9456 0.0047 0.0053 0.0026 0.0021 0.0024 0.0035 0.0028 0.0034 0.0035 0.0042 
   H171903.1  1 0.0061 0.0219 0.0040 0.0059 0.0071 0.0077 0.0031 0.0029 0.0144 0.0034 0.0045 0.0041 0.0049 0.0031 0.0045 0.0046 0.8978 
   H171903.2  1 0.0056 0.0145 0.0084 0.0085 0.0476 0.0179 0.0038 0.0069 0.0255 0.0052 0.0096 0.0029 0.0098 0.0038 0.0095 0.0169 0.8035 
   H171903.3  1 0.0119 0.0114 0.0258 0.0072 0.0550 0.0880 0.0061 0.0038 0.0144 0.0045 0.0255 0.0065 0.0208 0.0083 0.0253 0.0590 0.6265 
   H171903.4  1 0.0862 0.0216 0.0091 0.0055 0.0037 0.0347 0.0210 0.0059 0.0115 0.0032 0.0031 0.0039 0.0069 0.0046 0.0045 0.0235 0.7512 
   H171903.5  1 0.0853 0.0125 0.0045 0.0092 0.0329 0.0170 0.0058 0.0054 0.0227 0.0067 0.0051 0.0046 0.0208 0.0173 0.0122 0.0795 0.6584 
   H171903.6  1 0.1620 0.0121 0.0033 0.0034 0.0041 0.0183 0.0046 0.0031 0.0076 0.0034 0.0043 0.0023 0.0030 0.0087 0.0056 0.0077 0.7466 
      H177.1  1 0.0139 0.0420 0.0549 0.0061 0.0045 0.6853 0.0092 0.0052 0.0167 0.0412 0.0132 0.0088 0.0052 0.0181 0.0063 0.0530 0.0165 
      H177.2  1 0.0060 0.0306 0.0486 0.0096 0.0048 0.0592 0.0087 0.1811 0.0148 0.0437 0.0110 0.0037 0.0085 0.0562 0.0142 0.4459 0.0534 
      H177.3  1 0.0079 0.0304 0.0313 0.0082 0.0048 0.3803 0.0210 0.0440 0.0125 0.0378 0.0203 0.0024 0.0069 0.0814 0.0063 0.2097 0.0947 
      H177.4  1 0.0031 0.0062 0.0060 0.0072 0.0073 0.5994 0.0067 0.0096 0.0041 0.2729 0.0240 0.0020 0.0069 0.0053 0.0043 0.0237 0.0111 
      H177.5  1 0.0205 0.0271 0.0304 0.0177 0.0080 0.6443 0.0059 0.0128 0.0061 0.0608 0.0049 0.0026 0.0170 0.0092 0.0126 0.1137 0.0065 
      H177.6  1 0.0087 0.0274 0.0377 0.0067 0.0039 0.4468 0.0191 0.0225 0.0114 0.0436 0.0091 0.0037 0.0108 0.1144 0.0066 0.1875 0.0402 
      H179.1  1 0.0254 0.0088 0.0044 0.0091 0.0060 0.0121 0.0042 0.0023 0.0069 0.8439 0.0023 0.0095 0.0081 0.0039 0.0396 0.0082 0.0055 
      H179.2  1 0.0208 0.0079 0.0074 0.0049 0.0051 0.0063 0.0064 0.0022 0.0052 0.8358 0.0214 0.0029 0.0163 0.0038 0.0364 0.0110 0.0062 
      H179.3  1 0.1486 0.0115 0.0050 0.0072 0.0033 0.0206 0.0045 0.0032 0.0182 0.7011 0.0042 0.0076 0.0110 0.0032 0.0137 0.0147 0.0225 
      H179.4  1 0.0252 0.0044 0.0333 0.0037 0.0062 0.0376 0.0049 0.0058 0.0047 0.6680 0.0591 0.0045 0.0750 0.0109 0.0149 0.0271 0.0146 
      H180.1  1 0.0043 0.9165 0.0039 0.0029 0.0050 0.0030 0.0068 0.0022 0.0047 0.0167 0.0030 0.0049 0.0040 0.0029 0.0048 0.0090 0.0054 
      H180.2  1 0.0039 0.9403 0.0028 0.0027 0.0033 0.0036 0.0024 0.0031 0.0032 0.0055 0.0037 0.0070 0.0034 0.0030 0.0058 0.0039 0.0026 
      H180.3  1 0.0045 0.9225 0.0024 0.0024 0.0027 0.0046 0.0031 0.0057 0.0090 0.0037 0.0051 0.0038 0.0053 0.0041 0.0070 0.0066 0.0074 
      H180.4  1 0.0023 0.9246 0.0044 0.0036 0.0059 0.0032 0.0041 0.0035 0.0043 0.0094 0.0036 0.0084 0.0050 0.0044 0.0037 0.0059 0.0037 
      H180.5  1 0.0031 0.9387 0.0033 0.0031 0.0025 0.0053 0.0040 0.0031 0.0032 0.0095 0.0029 0.0035 0.0034 0.0034 0.0027 0.0057 0.0029 
      H180.6  1 0.0031 0.8961 0.0023 0.0033 0.0048 0.0082 0.0066 0.0149 0.0062 0.0067 0.0046 0.0036 0.0076 0.0110 0.0056 0.0103 0.0050 
      H181.1  1 0.0166 0.0237 0.0056 0.0046 0.0307 0.0093 0.0165 0.0101 0.0073 0.1024 0.0068 0.0091 0.0051 0.0740 0.0104 0.6503 0.0175 
      H181.2  1 0.0079 0.0267 0.0116 0.0058 0.0085 0.0142 0.0344 0.0221 0.0069 0.3137 0.0038 0.0174 0.0656 0.0153 0.0069 0.4312 0.0078 
      H181.3  1 0.0097 0.0087 0.0147 0.0098 0.0138 0.0109 0.0301 0.0136 0.0083 0.2121 0.0048 0.0308 0.0164 0.0473 0.0051 0.5571 0.0070 
      H181.4  1 0.0102 0.0407 0.0116 0.0126 0.0224 0.0123 0.0083 0.0083 0.0829 0.0252 0.0110 0.0044 0.0123 0.0614 0.0180 0.6457 0.0126 
      H181.5  1 0.0135 0.0058 0.0090 0.0108 0.0291 0.0236 0.0102 0.0043 0.0044 0.6691 0.0062 0.0249 0.0071 0.0202 0.0176 0.1397 0.0044 
      H181.6  1 0.0047 0.0298 0.0047 0.0075 0.0318 0.0123 0.0054 0.0033 0.0195 0.6941 0.0095 0.0080 0.0482 0.0052 0.0078 0.0958 0.0124 
      H181.7  1 0.0221 0.0056 0.0042 0.0053 0.0851 0.0084 0.0039 0.0038 0.0100 0.6430 0.0080 0.0041 0.0064 0.0151 0.0072 0.1545 0.0133 
 H194.1_2004  1 0.0054 0.0036 0.0034 0.0038 0.0022 0.9311 0.0043 0.0041 0.0066 0.0023 0.0029 0.0024 0.0077 0.0045 0.0042 0.0048 0.0067 
 H194.2_2004  1 0.0024 0.0043 0.0035 0.0028 0.0037 0.9299 0.0042 0.0061 0.0046 0.0024 0.0023 0.0050 0.0041 0.0036 0.0035 0.0057 0.0119 
 H194.3_2004  1 0.0076 0.0026 0.0046 0.0034 0.0039 0.8663 0.0053 0.0108 0.0032 0.0069 0.0042 0.0025 0.0087 0.0184 0.0366 0.0100 0.0053 
 H194.4_2004  1 0.0027 0.0027 0.0041 0.0020 0.0033 0.9307 0.0054 0.0114 0.0035 0.0032 0.0037 0.0030 0.0075 0.0053 0.0031 0.0042 0.0042 
 H194.5_2004  1 0.0058 0.0030 0.0102 0.0038 0.0043 0.8737 0.0068 0.0054 0.0056 0.0048 0.0063 0.0026 0.0159 0.0124 0.0191 0.0078 0.0127 
 H194.6_2004  1 0.0047 0.0041 0.0073 0.0044 0.0035 0.8738 0.0125 0.0056 0.0051 0.0060 0.0120 0.0026 0.0129 0.0097 0.0239 0.0080 0.0041 
 H194.7_2004  1 0.0041 0.0028 0.0024 0.0046 0.0038 0.9453 0.0024 0.0036 0.0030 0.0024 0.0031 0.0035 0.0030 0.0027 0.0030 0.0038 0.0064 
 H194.8_2004  1 0.0030 0.0026 0.0048 0.0026 0.0046 0.9191 0.0047 0.0066 0.0052 0.0036 0.0062 0.0037 0.0111 0.0062 0.0054 0.0050 0.0055 
      H194.9  1 0.0030 0.0023 0.0029 0.0028 0.0030 0.9402 0.0037 0.0040 0.0056 0.0022 0.0036 0.0045 0.0067 0.0041 0.0030 0.0049 0.0035 
 H195.1_2003  1 0.0023 0.0027 0.0043 0.0023 0.0031 0.0037 0.0028 0.0041 0.0028 0.0027 0.0033 0.0026 0.9505 0.0035 0.0031 0.0033 0.0030 
 H195.1_2004  1 0.0038 0.0039 0.0084 0.0033 0.0028 0.0047 0.0034 0.9351 0.0023 0.0031 0.0032 0.0031 0.0054 0.0063 0.0026 0.0056 0.0030 
 H195.2_2003  1 0.0889 0.0070 0.0086 0.0063 0.0111 0.0089 0.0140 0.0421 0.0142 0.0045 0.0081 0.0040 0.7010 0.0041 0.0040 0.0522 0.0211 
 H195.2_2004  1 0.0072 0.0043 0.0048 0.0029 0.0028 0.0051 0.0039 0.9143 0.0030 0.0031 0.0029 0.0027 0.0261 0.0072 0.0036 0.0040 0.0023 
 H195.3_2003  1 0.0384 0.0112 0.0126 0.0087 0.0211 0.0116 0.0040 0.0255 0.0999 0.0030 0.0060 0.0078 0.6180 0.0030 0.0108 0.0895 0.0289 
 H195.3_2004  1 0.0046 0.0027 0.0085 0.0036 0.0031 0.0105 0.0067 0.8380 0.0021 0.0036 0.0043 0.0032 0.0801 0.0135 0.0035 0.0074 0.0044 
 H195.4_2003  1 0.0021 0.0025 0.0038 0.0063 0.0028 0.0046 0.0035 0.0463 0.0024 0.0025 0.0060 0.0022 0.8947 0.0086 0.0029 0.0060 0.0029 
 H195.4_2004  1 0.0076 0.0025 0.0041 0.0034 0.0019 0.0052 0.0028 0.9351 0.0027 0.0024 0.0045 0.0031 0.0091 0.0042 0.0028 0.0049 0.0036 
 H195.5_2003  1 0.0023 0.0051 0.0164 0.0048 0.0029 0.0033 0.0027 0.0066 0.0039 0.0029 0.0057 0.0089 0.9184 0.0047 0.0028 0.0057 0.0028 
 H195.5_2004  1 0.0027 0.0034 0.0049 0.0030 0.0026 0.0042 0.0038 0.9408 0.0031 0.0033 0.0037 0.0047 0.0053 0.0039 0.0028 0.0047 0.0031 
 H195.6_2003  1 0.0195 0.0068 0.0076 0.0102 0.0074 0.0050 0.0088 0.3755 0.0221 0.0033 0.0057 0.0030 0.4673 0.0032 0.0036 0.0358 0.0151 
 H195.6_2004  1 0.0044 0.0024 0.0046 0.0033 0.0054 0.0071 0.0027 0.9272 0.0020 0.0038 0.0039 0.0035 0.0128 0.0028 0.0043 0.0054 0.0044 
 H195.7_2003  1 0.0670 0.0031 0.0055 0.0058 0.0052 0.0075 0.0024 0.0734 0.0030 0.0042 0.0041 0.0030 0.7867 0.0034 0.0042 0.0119 0.0096 
 H195.7_2004  1 0.0040 0.0046 0.0039 0.0032 0.0020 0.0027 0.0032 0.9492 0.0041 0.0031 0.0025 0.0034 0.0031 0.0023 0.0024 0.0038 0.0024 
      H195.8  1 0.0032 0.0034 0.0035 0.0025 0.0019 0.0033 0.0034 0.9516 0.0035 0.0026 0.0032 0.0031 0.0038 0.0028 0.0023 0.0031 0.0029 
      H195.9  1 0.0040 0.0037 0.0046 0.0036 0.0024 0.0076 0.0033 0.9097 0.0024 0.0032 0.0074 0.0020 0.0190 0.0081 0.0050 0.0087 0.0052 
      H415.1  1 0.0175 0.0340 0.0168 0.0068 0.0052 0.0258 0.0124 0.0105 0.0599 0.0066 0.0022 0.0099 0.7329 0.0278 0.0095 0.0153 0.0071 
      H415.2  1 0.0096 0.0174 0.0269 0.0816 0.0074 0.0885 0.4280 0.0061 0.0146 0.0241 0.0037 0.0038 0.0465 0.0068 0.1187 0.1007 0.0154 
      H415.3  1 0.0050 0.0106 0.0099 0.0167 0.0051 0.0087 0.0096 0.0039 0.0068 0.1079 0.0038 0.0027 0.7440 0.0384 0.0083 0.0138 0.0047 
      H415.4  1 0.0033 0.0146 0.0089 0.0041 0.0054 0.0083 0.0089 0.0058 0.0115 0.0028 0.0028 0.0032 0.8740 0.0081 0.0272 0.0073 0.0038 
      H415.5  1 0.0039 0.0070 0.0065 0.0039 0.0031 0.0063 0.0242 0.0045 0.0038 0.0097 0.0038 0.0025 0.8638 0.0187 0.0251 0.0107 0.0025 
      H415.6  1 0.0035 0.0222 0.0059 0.0035 0.0047 0.0098 0.0094 0.0062 0.0093 0.0029 0.0034 0.0024 0.8701 0.0071 0.0296 0.0062 0.0039 
      H415.7  1 0.0117 0.0047 0.0433 0.0303 0.0088 0.1133 0.1731 0.0082 0.0117 0.0775 0.0149 0.0029 0.2232 0.0541 0.0094 0.1700 0.0429 
      H506.1  1 0.0020 0.0024 0.0025 0.0034 0.0036 0.0030 0.0019 0.0033 0.0019 0.9492 0.0034 0.0029 0.0035 0.0052 0.0064 0.0032 0.0022 
      H506.2  1 0.0020 0.0024 0.0028 0.0030 0.0029 0.0027 0.0027 0.0060 0.0018 0.9518 0.0028 0.0021 0.0036 0.0037 0.0037 0.0027 0.0033 
      H506.3  1 0.0092 0.0054 0.0051 0.0045 0.0046 0.0045 0.0036 0.0048 0.0030 0.9164 0.0035 0.0023 0.0035 0.0038 0.0122 0.0080 0.0058 
      H506.4  1 0.0039 0.0047 0.0030 0.0045 0.0026 0.0038 0.0063 0.0028 0.0035 0.9271 0.0105 0.0023 0.0049 0.0048 0.0043 0.0049 0.0061 
      H506.5  1 0.0021 0.0028 0.0041 0.0041 0.0025 0.0041 0.0034 0.0047 0.0032 0.9356 0.0059 0.0024 0.0055 0.0060 0.0048 0.0045 0.0043 
      H506.6  1 0.0091 0.0062 0.0141 0.0069 0.0029 0.0083 0.0042 0.0206 0.0060 0.8561 0.0060 0.0022 0.0092 0.0033 0.0035 0.0162 0.0252 
      H506.7  1 0.0028 0.0024 0.0027 0.0029 0.0028 0.0028 0.0030 0.0058 0.0020 0.9480 0.0037 0.0026 0.0038 0.0041 0.0045 0.0030 0.0031 
      H533.1  1 0.0021 0.0038 0.0023 0.0026 0.0070 0.0021 0.0020 0.0032 0.0020 0.9461 0.0036 0.0029 0.0030 0.0062 0.0052 0.0033 0.0027 
      H533.2  1 0.0020 0.0031 0.0027 0.0024 0.0063 0.0026 0.0027 0.0037 0.0018 0.9432 0.0030 0.0024 0.0028 0.0082 0.0067 0.0037 0.0027 
      H533.3  1 0.0023 0.0034 0.0020 0.0035 0.0036 0.0036 0.0023 0.0036 0.0029 0.9445 0.0028 0.0018 0.0025 0.0079 0.0041 0.0040 0.0052 
      H533.4  1 0.0040 0.0036 0.0050 0.0027 0.0043 0.0089 0.0030 0.0133 0.0036 0.8915 0.0070 0.0032 0.0115 0.0101 0.0030 0.0083 0.0168 
      H535.1  1 0.0020 0.0030 0.0029 0.0019 0.0024 0.0042 0.0047 0.0027 0.0043 0.0027 0.9491 0.0022 0.0040 0.0035 0.0037 0.0028 0.0039 
      H535.2  1 0.0020 0.0020 0.0031 0.0039 0.0034 0.0027 0.0027 0.0037 0.0022 0.0048 0.9527 0.0024 0.0027 0.0029 0.0027 0.0034 0.0028 
      H535.3  1 0.0021 0.0020 0.0024 0.0023 0.0030 0.0029 0.0020 0.0028 0.0023 0.0030 0.9600 0.0028 0.0021 0.0023 0.0030 0.0027 0.0024 
      H535.4  1 0.0020 0.0026 0.0027 0.0029 0.0028 0.0031 0.0019 0.0029 0.0022 0.0036 0.9542 0.0021 0.0033 0.0046 0.0035 0.0028 0.0026 
      H535.5  1 0.0022 0.0019 0.0026 0.0022 0.0026 0.0028 0.0026 0.0026 0.0021 0.0027 0.9575 0.0023 0.0031 0.0036 0.0032 0.0032 0.0028 
      H535.6  1 0.0021 0.0039 0.0028 0.0022 0.0026 0.0046 0.0066 0.0033 0.0059 0.0034 0.9363 0.0029 0.0053 0.0025 0.0042 0.0043 0.0071 
      H535.7  1 0.0019 0.0019 0.0018 0.0018 0.0024 0.0028 0.0018 0.0019 0.0021 0.0024 0.9645 0.0021 0.0025 0.0031 0.0024 0.0022 0.0026 
      H535.8  1 0.0019 0.0025 0.0035 0.0027 0.0036 0.0031 0.0024 0.0024 0.0028 0.0023 0.9544 0.0022 0.0043 0.0026 0.0036 0.0029 0.0027 
      H535.9  1 0.0019 0.0028 0.0024 0.0023 0.0022 0.0029 0.0036 0.0024 0.0032 0.0035 0.9548 0.0029 0.0029 0.0024 0.0029 0.0031 0.0038 
      H539.1  1 0.0019 0.0053 0.0027 0.0025 0.0031 0.0035 0.0055 0.0029 0.9517 0.0020 0.0026 0.0028 0.0028 0.0020 0.0018 0.0033 0.0036 
      H539.2  1 0.0320 0.1020 0.0152 0.0051 0.0036 0.0164 0.0054 0.0046 0.6222 0.0046 0.0098 0.0370 0.0061 0.0040 0.0055 0.0542 0.0723 
      H539.3  1 0.0085 0.0238 0.0065 0.0039 0.0032 0.0205 0.0059 0.0062 0.8524 0.0033 0.0093 0.0099 0.0092 0.0031 0.0041 0.0082 0.0219 
      H539.4  1 0.0054 0.0473 0.0045 0.0053 0.0031 0.0030 0.0042 0.0038 0.8856 0.0033 0.0029 0.0031 0.0030 0.0044 0.0057 0.0078 0.0076 
      H539.5  1 0.0033 0.0052 0.0026 0.0027 0.0026 0.0035 0.0034 0.0025 0.9491 0.0023 0.0030 0.0034 0.0020 0.0022 0.0033 0.0037 0.0051 
      H539.6  1 0.0028 0.0083 0.0025 0.0028 0.0031 0.0034 0.0046 0.0038 0.9435 0.0027 0.0027 0.0026 0.0028 0.0024 0.0026 0.0039 0.0055 
      H539.7  1 0.0061 0.0130 0.0027 0.0037 0.0022 0.0032 0.0039 0.0023 0.9353 0.0027 0.0022 0.0045 0.0046 0.0025 0.0026 0.0042 0.0043 
      H539.8  1 0.0113 0.0636 0.0063 0.0053 0.0037 0.0183 0.0049 0.0032 0.7994 0.0037 0.0212 0.0184 0.0101 0.0038 0.0058 0.0123 0.0085 
      H539.9  1 0.0046 0.0119 0.0035 0.0038 0.0046 0.0028 0.0027 0.0035 0.9372 0.0032 0.0027 0.0024 0.0025 0.0024 0.0037 0.0038 0.0047 
      H540.1  1 0.0032 0.0043 0.0036 0.0049 0.0038 0.0054 0.0047 0.0084 0.8677 0.0036 0.0063 0.0022 0.0031 0.0033 0.0037 0.0079 0.0639 
      H540.2  1 0.0045 0.0046 0.0030 0.0047 0.0031 0.0073 0.0044 0.0039 0.9310 0.0036 0.0022 0.0041 0.0030 0.0041 0.0040 0.0053 0.0075 
      H540.3  1 0.0118 0.0191 0.0198 0.0038 0.0051 0.0355 0.0060 0.0137 0.7724 0.0048 0.0048 0.0103 0.0128 0.0272 0.0080 0.0346 0.0103 
      H540.4  1 0.0101 0.0191 0.0040 0.0097 0.0030 0.0055 0.0062 0.0044 0.8895 0.0067 0.0046 0.0067 0.0036 0.0044 0.0034 0.0081 0.0111 
      H540.5  1 0.0093 0.0038 0.0068 0.0046 0.0035 0.0081 0.0049 0.0032 0.9239 0.0030 0.0026 0.0038 0.0024 0.0053 0.0047 0.0053 0.0047 
      H540.6  1 0.0109 0.0053 0.0089 0.0111 0.0066 0.0082 0.0059 0.0077 0.8428 0.0057 0.0036 0.0052 0.0026 0.0059 0.0066 0.0224 0.0404 
      H540.7  1 0.0044 0.0078 0.0064 0.0108 0.0024 0.0156 0.0065 0.0043 0.8690 0.0099 0.0031 0.0072 0.0084 0.0146 0.0054 0.0134 0.0110 
      H540.8  1 0.0062 0.0056 0.0029 0.0037 0.0025 0.0483 0.0112 0.0042 0.8384 0.0033 0.0045 0.0034 0.0064 0.0081 0.0052 0.0113 0.0351 
     H9558.1  1 0.0044 0.0023 0.0030 0.0021 0.0072 0.0033 0.0104 0.0022 0.9281 0.0049 0.0097 0.0032 0.0044 0.0023 0.0032 0.0048 0.0046 
     H9558.2  1 0.0049 0.0031 0.0067 0.0080 0.0146 0.0091 0.0088 0.0032 0.8662 0.0155 0.0100 0.0070 0.0115 0.0048 0.0068 0.0144 0.0055 
     H9558.3  1 0.0046 0.0041 0.0071 0.0058 0.0438 0.0071 0.0026 0.0027 0.8768 0.0041 0.0051 0.0102 0.0060 0.0021 0.0065 0.0067 0.0046 
     H9558.4  1 0.0072 0.0028 0.0027 0.0026 0.0040 0.0034 0.0038 0.0022 0.9378 0.0042 0.0072 0.0040 0.0037 0.0021 0.0025 0.0051 0.0046 
     H9558.5  1 0.0077 0.0066 0.0044 0.0045 0.0037 0.0025 0.0025 0.0018 0.9355 0.0030 0.0063 0.0055 0.0025 0.0029 0.0035 0.0044 0.0027 
     H9558.6  1 0.0028 0.0028 0.0065 0.0040 0.0286 0.0076 0.0047 0.0036 0.8926 0.0031 0.0058 0.0052 0.0042 0.0031 0.0046 0.0165 0.0042 
    kos339.1  1 0.0029 0.0047 0.0045 0.0163 0.0054 0.0029 0.0062 0.0024 0.0052 0.0207 0.0052 0.0030 0.0042 0.8973 0.0049 0.0065 0.0075 
    kos339.2  1 0.0043 0.0041 0.0065 0.0079 0.0041 0.0039 0.0045 0.0090 0.0033 0.0075 0.0041 0.0025 0.0051 0.9191 0.0053 0.0058 0.0030 
    kos339.3  1 0.0027 0.0038 0.0025 0.0020 0.0022 0.0031 0.0032 0.0031 0.0031 0.0042 0.0042 0.0031 0.0051 0.9476 0.0029 0.0032 0.0041 
    kos339.4  1 0.0031 0.0032 0.0030 0.0025 0.0029 0.0049 0.0040 0.0034 0.0037 0.0033 0.0042 0.0028 0.0078 0.9402 0.0032 0.0039 0.0039 
    kos339.5  1 0.0027 0.0033 0.0031 0.0054 0.0044 0.0030 0.0052 0.0025 0.0033 0.0111 0.0024 0.0031 0.0031 0.9348 0.0037 0.0040 0.0048 
    kos339.6  1 0.0026 0.0027 0.0036 0.0061 0.0029 0.0052 0.0035 0.0050 0.0026 0.0061 0.0026 0.0026 0.0034 0.9404 0.0026 0.0044 0.0036 
    kos339.7  1 0.0023 0.0035 0.0029 0.0023 0.0025 0.0038 0.0033 0.0035 0.0029 0.0048 0.0085 0.0026 0.0059 0.9411 0.0030 0.0037 0.0035 
    kos339.8  1 0.0033 0.0040 0.0035 0.0044 0.0031 0.0025 0.0040 0.0038 0.0025 0.0109 0.0032 0.0028 0.0064 0.9337 0.0037 0.0050 0.0030 
    kos339.9  1 0.0034 0.0134 0.0114 0.0076 0.0065 0.0081 0.0256 0.0065 0.0167 0.0073 0.0039 0.0024 0.0063 0.8541 0.0093 0.0091 0.0085 
      H409.1 12 0.0036 0.0021 0.0036 0.0038 0.0034 0.0039 0.0027 0.0028 0.0020 0.0038 0.0029 0.0029 0.0035 0.0050 0.9484 0.0035 0.0021 
     H409.10 12 0.0153 0.0079 0.0080 0.0085 0.0023 0.0025 0.0034 0.0035 0.0091 0.0259 0.0027 0.0073 0.0066 0.0043 0.8801 0.0071 0.0055 
      H409.2 12 0.0049 0.0025 0.0097 0.0036 0.0025 0.0041 0.0044 0.0031 0.0039 0.0048 0.0076 0.0024 0.0103 0.0077 0.9196 0.0050 0.0037 
      H409.3 12 0.0042 0.0037 0.0035 0.0031 0.0051 0.0061 0.0030 0.0037 0.0030 0.0052 0.0036 0.0026 0.0032 0.0037 0.9391 0.0039 0.0034 
      H409.4 12 0.0030 0.0027 0.0039 0.0033 0.0042 0.0037 0.0024 0.0026 0.0027 0.0029 0.0034 0.0025 0.0030 0.0035 0.9508 0.0031 0.0022 
      H409.5 12 0.0029 0.0033 0.0036 0.0031 0.0034 0.0036 0.0046 0.0032 0.0030 0.0035 0.0038 0.0032 0.0042 0.0021 0.9456 0.0028 0.0042 
      H409.6 12 0.0064 0.0063 0.0058 0.0086 0.0621 0.0085 0.0052 0.0063 0.0064 0.0122 0.0079 0.0075 0.0030 0.0034 0.8195 0.0203 0.0106 
      H409.7 12 0.0042 0.0028 0.0060 0.0052 0.0048 0.0059 0.0037 0.0044 0.0019 0.0046 0.0026 0.0030 0.0041 0.0062 0.9348 0.0035 0.0022 
      H409.8 12 0.0028 0.0027 0.0024 0.0059 0.0036 0.0042 0.0033 0.0029 0.0026 0.0045 0.0030 0.0036 0.0032 0.0036 0.9435 0.0038 0.0043 
      H409.9 12 0.0044 0.0344 0.0059 0.0327 0.0042 0.0053 0.0031 0.0055 0.2697 0.1146 0.0099 0.0216 0.0051 0.0024 0.4331 0.0311 0.0171 
      H413.1 12 0.0025 0.0043 0.0029 0.0050 0.0053 0.0024 0.0024 0.0021 0.0025 0.0019 0.0027 0.9531 0.0019 0.0036 0.0022 0.0030 0.0022 
      H413.2 12 0.0025 0.0032 0.0022 0.0027 0.0045 0.0028 0.0023 0.0023 0.0021 0.0024 0.0027 0.9581 0.0028 0.0027 0.0021 0.0025 0.0022 
      H413.3 12 0.0045 0.0032 0.0024 0.0042 0.0035 0.0035 0.0023 0.0021 0.0041 0.0025 0.0023 0.9529 0.0020 0.0017 0.0028 0.0034 0.0025 
      H413.4 12 0.0022 0.0043 0.0063 0.0084 0.0035 0.0042 0.0033 0.0037 0.0029 0.0046 0.0022 0.9344 0.0030 0.0062 0.0041 0.0043 0.0026 
      H413.5 12 0.0043 0.0127 0.0033 0.0031 0.0026 0.0036 0.0086 0.0028 0.0166 0.0028 0.0020 0.9235 0.0026 0.0024 0.0023 0.0042 0.0028 
      H413.6 12 0.0173 0.0086 0.0086 0.0052 0.0068 0.0043 0.0020 0.0032 0.0177 0.0022 0.0023 0.8929 0.0089 0.0046 0.0049 0.0079 0.0024 
      H413.7 12 0.0030 0.0018 0.0029 0.0030 0.0024 0.0030 0.0021 0.0023 0.0031 0.0030 0.0025 0.9572 0.0030 0.0030 0.0025 0.0029 0.0025 
      H563.1 12 0.0053 0.0028 0.0060 0.9288 0.0035 0.0028 0.0020 0.0030 0.0100 0.0023 0.0022 0.0134 0.0023 0.0030 0.0037 0.0050 0.0040 
      H563.2 12 0.0060 0.0042 0.0085 0.8887 0.0044 0.0133 0.0053 0.0037 0.0066 0.0044 0.0037 0.0102 0.0033 0.0117 0.0133 0.0083 0.0044 
      H563.3 12 0.0027 0.0029 0.0062 0.9431 0.0037 0.0028 0.0026 0.0027 0.0050 0.0034 0.0023 0.0046 0.0029 0.0024 0.0036 0.0039 0.0051 
      H563.4 12 0.0061 0.0052 0.0083 0.9005 0.0084 0.0063 0.0043 0.0031 0.0050 0.0034 0.0032 0.0194 0.0020 0.0044 0.0109 0.0052 0.0043 
      H563.5 12 0.0051 0.0041 0.0093 0.9357 0.0030 0.0027 0.0023 0.0023 0.0085 0.0023 0.0017 0.0056 0.0030 0.0027 0.0026 0.0042 0.0049 
      H563.6 12 0.0029 0.0044 0.0111 0.9116 0.0053 0.0058 0.0045 0.0034 0.0045 0.0043 0.0032 0.0086 0.0038 0.0099 0.0058 0.0070 0.0039 
      H563.7 12 0.0025 0.0033 0.0107 0.9187 0.0056 0.0044 0.0028 0.0028 0.0027 0.0033 0.0024 0.0110 0.0031 0.0116 0.0074 0.0051 0.0027 
      H563.8 12 0.0051 0.0049 0.0115 0.9185 0.0044 0.0044 0.0026 0.0026 0.0140 0.0035 0.0017 0.0055 0.0025 0.0031 0.0040 0.0050 0.0067 
      H563.9 12 0.0046 0.0049 0.0042 0.9028 0.0052 0.0072 0.0048 0.0038 0.0047 0.0055 0.0023 0.0074 0.0041 0.0094 0.0162 0.0088 0.0041 
     H7374.1 12 0.0034 0.0041 0.9148 0.0039 0.0102 0.0068 0.0032 0.0046 0.0045 0.0025 0.0043 0.0030 0.0132 0.0036 0.0056 0.0066 0.0058 
     H7374.2 12 0.0056 0.0027 0.9182 0.0069 0.0047 0.0074 0.0031 0.0041 0.0071 0.0042 0.0032 0.0065 0.0051 0.0024 0.0068 0.0048 0.0074 
     H7374.3 12 0.0040 0.0047 0.8529 0.0107 0.0063 0.0158 0.0055 0.0082 0.0070 0.0045 0.0049 0.0040 0.0426 0.0041 0.0083 0.0084 0.0082 
     H7374.4 12 0.0058 0.0037 0.9352 0.0039 0.0033 0.0037 0.0035 0.0032 0.0049 0.0033 0.0052 0.0035 0.0040 0.0057 0.0044 0.0043 0.0025 
     H7374.5 12 0.0023 0.0030 0.9454 0.0059 0.0041 0.0026 0.0028 0.0027 0.0055 0.0025 0.0022 0.0032 0.0041 0.0038 0.0031 0.0037 0.0029 
     H7374.6 12 0.0036 0.0044 0.8731 0.0070 0.0030 0.0184 0.0096 0.0085 0.0083 0.0059 0.0077 0.0041 0.0191 0.0076 0.0056 0.0097 0.0045 
     H7374.7 12 0.0030 0.0027 0.9431 0.0029 0.0041 0.0050 0.0034 0.0038 0.0026 0.0027 0.0035 0.0040 0.0031 0.0060 0.0040 0.0040 0.0024 
     H7374.8 12 0.0025 0.0026 0.9291 0.0070 0.0059 0.0043 0.0034 0.0044 0.0020 0.0040 0.0030 0.0027 0.0097 0.0059 0.0053 0.0048 0.0035 
     H7374.9 12 0.0037 0.0033 0.9421 0.0034 0.0049 0.0035 0.0044 0.0034 0.0061 0.0032 0.0024 0.0026 0.0031 0.0040 0.0031 0.0036 0.0032 
     H9563.1 12 0.0037 0.0032 0.0036 0.9380 0.0030 0.0044 0.0042 0.0030 0.0048 0.0043 0.0026 0.0043 0.0052 0.0047 0.0029 0.0040 0.0040 
     H9563.2 12 0.0036 0.0051 0.0024 0.9393 0.0030 0.0034 0.0030 0.0030 0.0064 0.0035 0.0032 0.0038 0.0044 0.0031 0.0021 0.0047 0.0058 
     H9563.3 12 0.0041 0.0044 0.0051 0.9294 0.0072 0.0037 0.0029 0.0042 0.0019 0.0070 0.0046 0.0028 0.0051 0.0040 0.0044 0.0053 0.0039 
     H9563.4 12 0.0071 0.0180 0.0067 0.8485 0.0061 0.0163 0.0039 0.0058 0.0053 0.0084 0.0181 0.0048 0.0108 0.0074 0.0116 0.0117 0.0095 
     H9563.5 12 0.0049 0.0092 0.0024 0.9004 0.0049 0.0076 0.0045 0.0047 0.0042 0.0067 0.0054 0.0045 0.0055 0.0071 0.0101 0.0074 0.0104 
     H9563.6 12 0.0029 0.0050 0.0052 0.9234 0.0172 0.0044 0.0019 0.0046 0.0021 0.0049 0.0041 0.0038 0.0044 0.0027 0.0038 0.0044 0.0053 
     H9563.7 12 0.0031 0.0031 0.0052 0.9349 0.0083 0.0031 0.0019 0.0037 0.0022 0.0050 0.0069 0.0026 0.0040 0.0020 0.0027 0.0049 0.0061 
     H9563.8 12 0.0093 0.0470 0.0050 0.8206 0.0088 0.0086 0.0073 0.0058 0.0061 0.0141 0.0067 0.0043 0.0118 0.0113 0.0078 0.0175 0.0081 
     H9563.9 12 0.0056 0.0074 0.0040 0.9153 0.0101 0.0044 0.0031 0.0034 0.0045 0.0064 0.0027 0.0043 0.0077 0.0041 0.0029 0.0076 0.0064 
     H9572.1 12 0.0062 0.0512 0.0185 0.2767 0.0204 0.0236 0.0371 0.0128 0.1035 0.0624 0.0139 0.0169 0.0074 0.0081 0.0185 0.3157 0.0071 
     H9572.2 12 0.0041 0.0653 0.0212 0.3336 0.0269 0.0898 0.0839 0.0806 0.0100 0.0093 0.0031 0.0108 0.0188 0.0071 0.0184 0.2105 0.0066 
     H9572.3 12 0.0043 0.0067 0.0782 0.0423 0.0275 0.0241 0.0135 0.0045 0.0431 0.0082 0.0187 0.0121 0.0173 0.0819 0.0489 0.4556 0.1130 
     H9572.4 12 0.0029 0.0132 0.0180 0.0590 0.0361 0.0742 0.0176 0.0111 0.0194 0.0143 0.0147 0.0061 0.0060 0.0692 0.0129 0.6177 0.0076 
     H9572.5 12 0.0039 0.0293 0.0034 0.0338 0.0349 0.0481 0.0193 0.0161 0.0227 0.0335 0.0101 0.0061 0.0050 0.1019 0.0049 0.6125 0.0146 
