      H105.1  1 0.0035 0.0030 0.0030 0.0042 0.0026 0.0033 0.0039 0.0030 0.0019 0.0039 0.0045 0.0029 0.0023 0.0028 0.0022 0.0037 0.0031 0.0047 0.0029 0.0029 0.0025 0.0021 0.9016 0.0079 0.0023 0.0026 0.0030 0.0032 0.0035 0.0046 0.0023 
      H105.2  1 0.0047 0.0020 0.0036 0.0031 0.0029 0.0087 0.0031 0.0031 0.0043 0.0021 0.0060 0.0076 0.0031 0.0030 0.0050 0.0032 0.0072 0.0107 0.0065 0.0051 0.0058 0.0027 0.8607 0.0043 0.0065 0.0030 0.0042 0.0044 0.0054 0.0041 0.0040 
      H105.3  1 0.0023 0.0031 0.0027 0.0050 0.0022 0.0028 0.0026 0.0033 0.0024 0.0027 0.0026 0.0024 0.0022 0.0025 0.0023 0.0020 0.0034 0.0028 0.0017 0.0028 0.0030 0.0023 0.9189 0.0033 0.0027 0.0028 0.0027 0.0024 0.0030 0.0022 0.0027 
      H105.4  1 0.0043 0.0031 0.0022 0.0047 0.0028 0.0058 0.0028 0.0035 0.0039 0.0024 0.0050 0.0060 0.0042 0.0061 0.0023 0.0035 0.0035 0.0034 0.0026 0.0042 0.0055 0.0041 0.8814 0.0042 0.0056 0.0036 0.0043 0.0038 0.0048 0.0037 0.0030 
      H105.5  1 0.0086 0.0037 0.0031 0.0041 0.0041 0.0063 0.0033 0.0045 0.0045 0.0035 0.0063 0.0053 0.0046 0.0050 0.0024 0.0067 0.0036 0.0086 0.0076 0.0049 0.0068 0.0027 0.8173 0.0308 0.0059 0.0094 0.0067 0.0065 0.0060 0.0039 0.0035 
      H105.6  1 0.0070 0.0035 0.0041 0.0043 0.0070 0.0055 0.0040 0.0040 0.0075 0.0030 0.0073 0.0046 0.0044 0.0099 0.0037 0.0056 0.0036 0.0030 0.0037 0.0048 0.0107 0.0044 0.8356 0.0033 0.0054 0.0112 0.0065 0.0060 0.0049 0.0030 0.0082 
      H105.7  1 0.0088 0.0034 0.0050 0.0132 0.0096 0.0062 0.0087 0.0035 0.0057 0.0027 0.0078 0.0065 0.0060 0.0042 0.0039 0.0049 0.0038 0.0097 0.0071 0.0035 0.0075 0.0039 0.8059 0.0114 0.0034 0.0059 0.0110 0.0085 0.0072 0.0037 0.0074 
      H105.8  1 0.0031 0.0027 0.0022 0.0033 0.0021 0.0028 0.0024 0.0029 0.0043 0.0027 0.0029 0.0029 0.0022 0.0022 0.0027 0.0021 0.0096 0.0037 0.0025 0.0030 0.0035 0.0023 0.9063 0.0033 0.0033 0.0034 0.0030 0.0036 0.0032 0.0021 0.0036 
      H115.1  1 0.0124 0.0034 0.0034 0.0063 0.0040 0.2618 0.0030 0.0026 0.0040 0.0121 0.0104 0.0056 0.0040 0.0029 0.0073 0.0079 0.0096 0.0035 0.0038 0.0626 0.0161 0.0035 0.0041 0.0328 0.0064 0.0410 0.0117 0.3808 0.0098 0.0056 0.0577 
      H115.2  1 0.0121 0.0042 0.0073 0.0035 0.0048 0.2365 0.0044 0.0041 0.0152 0.0065 0.0149 0.0054 0.0046 0.0041 0.0087 0.0292 0.0027 0.0088 0.0061 0.0958 0.0034 0.0030 0.0040 0.0110 0.0167 0.0862 0.0154 0.3588 0.0109 0.0049 0.0069 
      H115.3  1 0.0142 0.0042 0.0073 0.0093 0.0027 0.3880 0.0031 0.0030 0.0178 0.0084 0.0102 0.0050 0.0147 0.0025 0.0062 0.0076 0.0028 0.0038 0.0034 0.2368 0.0045 0.0053 0.0051 0.0135 0.0144 0.1610 0.0079 0.0130 0.0106 0.0097 0.0035 
      H115.4  1 0.0101 0.0078 0.0125 0.0037 0.0038 0.4084 0.0039 0.0021 0.0044 0.0158 0.0152 0.0098 0.0085 0.0047 0.0066 0.0048 0.0366 0.0167 0.0108 0.3273 0.0038 0.0063 0.0041 0.0057 0.0080 0.0046 0.0128 0.0128 0.0110 0.0130 0.0044 
      H115.5  1 0.0527 0.0113 0.0083 0.0063 0.0053 0.1073 0.0075 0.0029 0.0369 0.0624 0.0329 0.0077 0.0083 0.0067 0.0052 0.0062 0.0063 0.0070 0.0071 0.1899 0.0065 0.0084 0.0239 0.0220 0.0245 0.2027 0.0449 0.0149 0.0382 0.0138 0.0224 
      H115.6  1 0.0131 0.0044 0.0406 0.0088 0.0058 0.3549 0.0048 0.0083 0.0117 0.0139 0.0165 0.0042 0.0127 0.0044 0.0286 0.0132 0.0039 0.0064 0.0085 0.1133 0.0034 0.0024 0.0038 0.0097 0.0281 0.1941 0.0160 0.0161 0.0120 0.0328 0.0035 
      H115.7  1 0.0334 0.0056 0.0091 0.0103 0.0065 0.4004 0.0027 0.0065 0.0041 0.0064 0.0131 0.0115 0.0053 0.0056 0.0098 0.0222 0.0057 0.0087 0.0129 0.0515 0.0086 0.0033 0.0049 0.0107 0.0096 0.0690 0.0170 0.1557 0.0296 0.0180 0.0422 
      H115.8  1 0.0152 0.0042 0.0114 0.0084 0.0042 0.1739 0.0070 0.0057 0.0064 0.0126 0.0139 0.0054 0.0081 0.0034 0.0126 0.0120 0.0050 0.0078 0.0084 0.2116 0.0037 0.0021 0.0096 0.0177 0.0365 0.2938 0.0228 0.0390 0.0209 0.0121 0.0044 
      H115.9  1 0.0142 0.0031 0.0064 0.0080 0.0044 0.1518 0.0059 0.0032 0.0277 0.0065 0.0134 0.0052 0.0058 0.0024 0.0047 0.0329 0.0160 0.0050 0.0039 0.0471 0.0166 0.0041 0.0052 0.0366 0.0085 0.3086 0.0145 0.2096 0.0103 0.0079 0.0105 
      H145.1  1 0.0083 0.7981 0.0124 0.0050 0.0124 0.0056 0.0035 0.0074 0.0070 0.0063 0.0063 0.0099 0.0057 0.0054 0.0140 0.0091 0.0035 0.0039 0.0043 0.0043 0.0058 0.0043 0.0023 0.0085 0.0034 0.0133 0.0094 0.0070 0.0073 0.0040 0.0024 
      H145.2  1 0.0061 0.8343 0.0087 0.0055 0.0044 0.0052 0.0036 0.0045 0.0039 0.0070 0.0089 0.0054 0.0062 0.0084 0.0075 0.0031 0.0053 0.0043 0.0020 0.0039 0.0035 0.0050 0.0032 0.0076 0.0057 0.0083 0.0096 0.0059 0.0060 0.0047 0.0023 
      H145.3  1 0.0032 0.8965 0.0022 0.0024 0.0035 0.0033 0.0031 0.0028 0.0021 0.0024 0.0044 0.0034 0.0023 0.0019 0.0212 0.0028 0.0023 0.0024 0.0023 0.0027 0.0035 0.0025 0.0025 0.0034 0.0018 0.0038 0.0041 0.0030 0.0033 0.0029 0.0021 
      H145.4  1 0.0066 0.8528 0.0078 0.0065 0.0130 0.0032 0.0031 0.0058 0.0034 0.0040 0.0068 0.0080 0.0047 0.0043 0.0044 0.0072 0.0031 0.0030 0.0037 0.0024 0.0055 0.0030 0.0029 0.0040 0.0027 0.0057 0.0051 0.0053 0.0055 0.0040 0.0027 
      H145.5  1 0.0034 0.8753 0.0035 0.0028 0.0045 0.0032 0.0037 0.0039 0.0019 0.0025 0.0030 0.0042 0.0026 0.0024 0.0336 0.0026 0.0027 0.0026 0.0028 0.0025 0.0033 0.0022 0.0032 0.0031 0.0020 0.0046 0.0043 0.0044 0.0039 0.0032 0.0022 
      H145.6  1 0.0050 0.8702 0.0052 0.0062 0.0079 0.0025 0.0026 0.0039 0.0036 0.0053 0.0063 0.0038 0.0048 0.0072 0.0040 0.0030 0.0039 0.0045 0.0024 0.0025 0.0026 0.0043 0.0023 0.0065 0.0041 0.0036 0.0051 0.0045 0.0051 0.0045 0.0026 
      H145.7  1 0.0042 0.8909 0.0051 0.0050 0.0040 0.0032 0.0036 0.0031 0.0022 0.0056 0.0040 0.0029 0.0036 0.0055 0.0040 0.0022 0.0026 0.0035 0.0023 0.0031 0.0028 0.0027 0.0026 0.0033 0.0040 0.0025 0.0043 0.0032 0.0043 0.0073 0.0025 
      H149.1  1 0.0031 0.0042 0.0061 0.0026 0.0064 0.0040 0.0029 0.0039 0.0030 0.7798 0.0046 0.0024 0.0073 0.0025 0.0073 0.0036 0.0038 0.0037 0.0032 0.0031 0.0043 0.0030 0.0027 0.0043 0.0094 0.0024 0.0049 0.0046 0.0043 0.1000 0.0026 
      H149.2  1 0.0038 0.0051 0.0055 0.0030 0.0061 0.0046 0.0027 0.0031 0.0023 0.0587 0.0078 0.0036 0.0031 0.0025 0.0051 0.0037 0.0030 0.0058 0.0035 0.0027 0.0048 0.0023 0.0034 0.0041 0.0227 0.0027 0.0038 0.0046 0.0056 0.8076 0.0026 
      H149.3  1 0.0212 0.0162 0.0043 0.0127 0.0088 0.0176 0.0043 0.0053 0.0027 0.0484 0.0222 0.0068 0.0186 0.0048 0.0075 0.0094 0.0077 0.0082 0.0083 0.0056 0.0083 0.0050 0.0055 0.0166 0.0166 0.0042 0.0121 0.0132 0.0094 0.6644 0.0040 
      H149.4  1 0.0077 0.0037 0.0069 0.0080 0.0036 0.0036 0.0167 0.0036 0.0105 0.2046 0.0063 0.0028 0.0123 0.0036 0.0216 0.0069 0.0154 0.0075 0.0027 0.0050 0.0059 0.0040 0.0116 0.0038 0.0136 0.0054 0.0085 0.0065 0.0075 0.5763 0.0038 
      H149.5  1 0.0041 0.0047 0.0033 0.0071 0.0035 0.0079 0.0038 0.0025 0.0021 0.0153 0.0051 0.0062 0.0034 0.0035 0.0022 0.0025 0.0052 0.0097 0.0030 0.0027 0.0044 0.0035 0.0050 0.0045 0.0047 0.0019 0.0038 0.0036 0.0052 0.8632 0.0024 
      H149.6  1 0.0036 0.0042 0.0035 0.0025 0.0025 0.0034 0.0021 0.0026 0.0016 0.0278 0.0036 0.0022 0.0038 0.0026 0.0031 0.0019 0.0029 0.0028 0.0023 0.0023 0.0035 0.0023 0.0025 0.0030 0.0105 0.0017 0.0030 0.0034 0.0037 0.8825 0.0027 
      H149.7  1 0.0166 0.0042 0.0085 0.0079 0.0120 0.0063 0.0093 0.0049 0.0043 0.0218 0.0082 0.0061 0.0158 0.0067 0.0057 0.0032 0.0093 0.0072 0.0095 0.0057 0.0072 0.0053 0.0042 0.0106 0.0081 0.0030 0.0132 0.0085 0.0095 0.7537 0.0036 
      H150.1  1 0.0090 0.0036 0.0038 0.0039 0.0034 0.0829 0.0038 0.0031 0.0446 0.0026 0.0097 0.0045 0.0035 0.0040 0.0044 0.0117 0.0025 0.0038 0.0028 0.0604 0.0051 0.0020 0.0044 0.0044 0.0052 0.6807 0.0089 0.0075 0.0080 0.0025 0.0031 
      H150.2  1 0.0122 0.0023 0.0049 0.0040 0.0040 0.4081 0.0048 0.0041 0.0129 0.0068 0.0100 0.0037 0.0032 0.0058 0.0121 0.0140 0.0035 0.0052 0.0071 0.1281 0.0045 0.0031 0.0042 0.0038 0.0079 0.1917 0.0175 0.0819 0.0146 0.0033 0.0105 
      H150.3  1 0.0116 0.0050 0.0087 0.0090 0.0100 0.1452 0.0055 0.0091 0.0209 0.0077 0.0118 0.0092 0.0030 0.0045 0.0296 0.0250 0.0026 0.0045 0.0122 0.0104 0.0062 0.0025 0.0040 0.0082 0.0087 0.4512 0.0237 0.1109 0.0108 0.0042 0.0240 
      H150.4  1 0.0054 0.0061 0.0065 0.0048 0.0053 0.0119 0.0040 0.0044 0.0721 0.0027 0.0056 0.0037 0.0025 0.0035 0.0055 0.0218 0.0020 0.0036 0.0065 0.0048 0.0039 0.0017 0.0036 0.0049 0.0037 0.7686 0.0067 0.0073 0.0071 0.0040 0.0060 
      H150.5  1 0.0174 0.0043 0.0059 0.0150 0.0057 0.3612 0.0032 0.0058 0.0235 0.0042 0.0223 0.0079 0.0060 0.0051 0.0060 0.0499 0.0036 0.0066 0.0136 0.1132 0.0064 0.0027 0.0090 0.0128 0.0190 0.1314 0.0277 0.0819 0.0162 0.0081 0.0045 
      H150.6  1 0.0193 0.0058 0.0065 0.0039 0.0028 0.5485 0.0039 0.0089 0.0036 0.0034 0.0124 0.0047 0.0037 0.0055 0.0034 0.0061 0.0035 0.0129 0.0051 0.2033 0.0048 0.0032 0.0079 0.0045 0.0080 0.0408 0.0251 0.0222 0.0097 0.0033 0.0034 
      H150.7  1 0.0054 0.0048 0.0050 0.0043 0.0041 0.0113 0.0040 0.0028 0.0758 0.0045 0.0042 0.0038 0.0023 0.0034 0.0092 0.0105 0.0024 0.0060 0.0028 0.0079 0.0034 0.0019 0.0068 0.0034 0.0062 0.7801 0.0047 0.0069 0.0054 0.0027 0.0038 
   H169607.1  1 0.0110 0.0138 0.0146 0.0035 0.0047 0.0117 0.0028 0.0086 0.0077 0.0047 0.0288 0.6490 0.0048 0.0130 0.0227 0.0083 0.0110 0.0040 0.0096 0.0067 0.0038 0.0032 0.0026 0.0334 0.0101 0.0094 0.0589 0.0141 0.0143 0.0049 0.0043 
   H169607.2  1 0.0037 0.0027 0.0030 0.0043 0.0038 0.0029 0.0035 0.0027 0.0024 0.0020 0.0030 0.9082 0.0021 0.0050 0.0034 0.0050 0.0023 0.0030 0.0028 0.0022 0.0030 0.0030 0.0026 0.0028 0.0026 0.0043 0.0031 0.0027 0.0036 0.0021 0.0025 
   H169607.3  1 0.0172 0.0142 0.0083 0.0050 0.0083 0.0138 0.0042 0.0050 0.0058 0.0037 0.0177 0.5138 0.0056 0.0052 0.0140 0.0042 0.0097 0.0127 0.0068 0.0075 0.0053 0.0050 0.0054 0.1665 0.0077 0.0086 0.0737 0.0150 0.0198 0.0073 0.0031 
   H169607.4  1 0.0048 0.0051 0.0041 0.0037 0.0033 0.0029 0.0040 0.0095 0.0062 0.0025 0.0044 0.8637 0.0036 0.0110 0.0097 0.0054 0.0023 0.0026 0.0026 0.0025 0.0032 0.0032 0.0029 0.0089 0.0037 0.0066 0.0040 0.0040 0.0046 0.0027 0.0021 
   H169607.5  1 0.0072 0.0052 0.0030 0.0060 0.0069 0.0069 0.0033 0.0036 0.0032 0.0034 0.0068 0.7576 0.0066 0.0030 0.0042 0.0125 0.0036 0.0041 0.0062 0.0035 0.0027 0.0036 0.0026 0.0878 0.0051 0.0060 0.0135 0.0089 0.0055 0.0038 0.0036 
   H169607.6  1 0.0030 0.0022 0.0019 0.0025 0.0030 0.0023 0.0040 0.0024 0.0025 0.0020 0.0030 0.9138 0.0028 0.0054 0.0041 0.0033 0.0031 0.0030 0.0024 0.0021 0.0020 0.0030 0.0034 0.0032 0.0026 0.0039 0.0028 0.0031 0.0028 0.0021 0.0025 
   H169607.7  1 0.0086 0.0073 0.0040 0.0035 0.0038 0.0171 0.0035 0.0023 0.0025 0.0039 0.0053 0.8290 0.0128 0.0038 0.0062 0.0039 0.0074 0.0028 0.0100 0.0130 0.0022 0.0024 0.0053 0.0078 0.0048 0.0051 0.0090 0.0035 0.0037 0.0032 0.0022 
   H169607.8  1 0.0045 0.0046 0.0026 0.0030 0.0037 0.0035 0.0036 0.0040 0.0031 0.0030 0.0036 0.8798 0.0043 0.0038 0.0038 0.0042 0.0031 0.0036 0.0039 0.0034 0.0061 0.0048 0.0031 0.0075 0.0033 0.0054 0.0046 0.0040 0.0055 0.0041 0.0024 
   H169633.1  1 0.0104 0.0122 0.0060 0.0048 0.0061 0.0042 0.0032 0.0044 0.0035 0.8086 0.0097 0.0025 0.0035 0.0056 0.0032 0.0066 0.0029 0.0074 0.0272 0.0044 0.0036 0.0039 0.0033 0.0041 0.0075 0.0038 0.0084 0.0057 0.0093 0.0057 0.0082 
   H169633.2  1 0.0189 0.0109 0.0918 0.0033 0.0032 0.0070 0.0046 0.0047 0.0030 0.6682 0.0261 0.0020 0.0048 0.0096 0.0030 0.0021 0.0064 0.0064 0.0176 0.0055 0.0071 0.0060 0.0097 0.0041 0.0129 0.0029 0.0094 0.0110 0.0167 0.0148 0.0064 
   H169633.3  1 0.0089 0.0049 0.0093 0.0060 0.0199 0.0104 0.0060 0.0049 0.0048 0.7599 0.0089 0.0024 0.0172 0.0059 0.0067 0.0052 0.0047 0.0059 0.0070 0.0053 0.0058 0.0067 0.0029 0.0059 0.0133 0.0061 0.0098 0.0113 0.0098 0.0179 0.0066 
   H169633.4  1 0.0075 0.0080 0.0063 0.0072 0.0133 0.0055 0.0031 0.0067 0.0047 0.8107 0.0083 0.0050 0.0058 0.0032 0.0041 0.0064 0.0039 0.0049 0.0029 0.0051 0.0060 0.0048 0.0039 0.0083 0.0048 0.0050 0.0082 0.0107 0.0103 0.0087 0.0070 
   H169633.5  1 0.0084 0.0062 0.0068 0.0060 0.0096 0.0050 0.0036 0.0061 0.0045 0.8175 0.0084 0.0038 0.0064 0.0028 0.0041 0.0112 0.0040 0.0075 0.0029 0.0048 0.0056 0.0058 0.0038 0.0046 0.0070 0.0051 0.0108 0.0052 0.0094 0.0052 0.0077 
   H169688.1  1 0.0092 0.0056 0.0034 0.0031 0.0144 0.0059 0.0087 0.0056 0.0058 0.0049 0.0072 0.0155 0.0046 0.0070 0.0185 0.0048 0.0099 0.0159 0.7448 0.0034 0.0056 0.0122 0.0034 0.0051 0.0065 0.0061 0.0096 0.0078 0.0073 0.0083 0.0296 
   H169688.2  1 0.0061 0.0033 0.0028 0.0038 0.0090 0.0034 0.0043 0.0042 0.0049 0.0030 0.0053 0.0038 0.0053 0.0084 0.0028 0.0021 0.0066 0.0069 0.8481 0.0031 0.0122 0.0033 0.0112 0.0037 0.0037 0.0022 0.0045 0.0052 0.0065 0.0040 0.0063 
   H169688.3  1 0.0030 0.0026 0.0051 0.0037 0.0034 0.0027 0.0019 0.0032 0.0027 0.0039 0.0041 0.0025 0.0033 0.0033 0.0030 0.0045 0.0039 0.0030 0.8975 0.0029 0.0065 0.0022 0.0042 0.0040 0.0036 0.0029 0.0032 0.0036 0.0032 0.0039 0.0028 
   H169688.4  1 0.0043 0.0038 0.0024 0.0031 0.0026 0.0045 0.0019 0.0023 0.0028 0.0025 0.0026 0.0024 0.0028 0.0022 0.0026 0.0052 0.0025 0.0023 0.9001 0.0041 0.0038 0.0020 0.0017 0.0074 0.0029 0.0066 0.0041 0.0051 0.0036 0.0031 0.0026 
   H169688.5  1 0.0044 0.0032 0.0024 0.0028 0.0029 0.0053 0.0019 0.0024 0.0031 0.0031 0.0035 0.0025 0.0040 0.0020 0.0025 0.0042 0.0031 0.0026 0.8991 0.0046 0.0035 0.0022 0.0018 0.0066 0.0031 0.0056 0.0042 0.0034 0.0042 0.0029 0.0028 
   H169688.6  1 0.0052 0.0029 0.0021 0.0025 0.0041 0.0033 0.0040 0.0044 0.0032 0.0032 0.0052 0.0038 0.0036 0.0021 0.0023 0.0029 0.0497 0.0051 0.8238 0.0028 0.0028 0.0048 0.0029 0.0026 0.0039 0.0025 0.0041 0.0039 0.0053 0.0265 0.0046 
   H169688.7  1 0.0081 0.0150 0.0052 0.0041 0.0044 0.0124 0.0098 0.0062 0.0031 0.0039 0.0080 0.0023 0.0064 0.0057 0.0101 0.0053 0.0044 0.0038 0.8014 0.0063 0.0113 0.0020 0.0054 0.0057 0.0039 0.0139 0.0080 0.0058 0.0104 0.0047 0.0029 
   H171901.1  1 0.1251 0.0198 0.0100 0.0122 0.0491 0.0122 0.0028 0.0042 0.0095 0.0032 0.0979 0.0178 0.0043 0.0065 0.0048 0.0071 0.0056 0.0212 0.0075 0.0218 0.0046 0.0025 0.0180 0.1417 0.0394 0.0178 0.1214 0.0816 0.1051 0.0097 0.0157 
   H171901.2  1 0.0178 0.0058 0.0052 0.0057 0.0107 0.0042 0.0077 0.0139 0.0087 0.3098 0.0144 0.0105 0.0212 0.0070 0.0083 0.0297 0.0027 0.0068 0.0052 0.0089 0.0058 0.0030 0.0375 0.0102 0.3854 0.0061 0.0109 0.0074 0.0121 0.0144 0.0031 
   H171901.3  1 0.0105 0.0030 0.0057 0.0040 0.0107 0.0093 0.0031 0.0058 0.0052 0.0705 0.0088 0.0045 0.0059 0.0070 0.0052 0.0039 0.0044 0.0056 0.0057 0.0034 0.0045 0.0054 0.0062 0.0267 0.6993 0.0058 0.0161 0.0075 0.0106 0.0239 0.0121 
   H171901.4  1 0.0082 0.0027 0.0042 0.0035 0.0042 0.0050 0.0043 0.0043 0.0039 0.1053 0.0072 0.0055 0.0058 0.0063 0.0050 0.0032 0.0037 0.0035 0.0038 0.0045 0.0039 0.0040 0.0122 0.0078 0.7395 0.0041 0.0068 0.0053 0.0087 0.0085 0.0052 
   H171901.5  1 0.0048 0.0030 0.0060 0.0028 0.0031 0.0052 0.0030 0.0057 0.0045 0.0160 0.0043 0.0036 0.0079 0.0122 0.0064 0.0037 0.0055 0.0053 0.0028 0.0063 0.0050 0.0033 0.0055 0.0057 0.8260 0.0047 0.0106 0.0059 0.0054 0.0136 0.0022 
   H171901.6  1 0.0166 0.0037 0.0118 0.0036 0.0104 0.0088 0.0034 0.0054 0.0068 0.0109 0.0130 0.0054 0.0129 0.0279 0.0087 0.0066 0.0075 0.0075 0.0044 0.0068 0.0076 0.0043 0.0048 0.0068 0.7455 0.0087 0.0090 0.0058 0.0103 0.0121 0.0030 
   H171901.7  1 0.0304 0.0057 0.0073 0.0041 0.0658 0.0074 0.0065 0.0046 0.0037 0.0410 0.0231 0.0054 0.0696 0.0128 0.0046 0.0061 0.0068 0.0147 0.0074 0.0079 0.0069 0.0084 0.0034 0.0278 0.5204 0.0079 0.0303 0.0133 0.0217 0.0209 0.0040 
   H171902.1  1 0.0040 0.0032 0.0084 0.0029 0.0040 0.0027 0.0045 0.0028 0.0036 0.0049 0.0040 0.0054 0.0038 0.0088 0.8836 0.0032 0.0046 0.0040 0.0034 0.0026 0.0030 0.0023 0.0020 0.0028 0.0060 0.0036 0.0032 0.0036 0.0037 0.0030 0.0025 
  H171902.10  1 0.0040 0.0032 0.0042 0.0029 0.0031 0.0068 0.0034 0.0033 0.0025 0.0038 0.0036 0.0047 0.0084 0.0020 0.8864 0.0030 0.0049 0.0038 0.0039 0.0055 0.0024 0.0025 0.0029 0.0040 0.0041 0.0032 0.0042 0.0027 0.0036 0.0050 0.0021 
   H171902.2  1 0.0096 0.0036 0.0066 0.0028 0.0038 0.0048 0.0054 0.0025 0.0048 0.0091 0.0070 0.0046 0.0023 0.0136 0.8399 0.0034 0.0070 0.0036 0.0046 0.0031 0.0034 0.0021 0.0029 0.0042 0.0134 0.0054 0.0054 0.0046 0.0058 0.0063 0.0043 
   H171902.3  1 0.0060 0.0025 0.0060 0.0025 0.0040 0.0056 0.0052 0.0032 0.0053 0.0087 0.0046 0.0057 0.0032 0.0085 0.8308 0.0046 0.0038 0.0046 0.0033 0.0035 0.0038 0.0030 0.0028 0.0033 0.0270 0.0052 0.0068 0.0055 0.0084 0.0088 0.0036 
   H171902.4  1 0.0040 0.0035 0.0054 0.0034 0.0045 0.0039 0.0028 0.0045 0.0031 0.0121 0.0041 0.0026 0.0047 0.0025 0.8797 0.0027 0.0028 0.0040 0.0026 0.0027 0.0029 0.0020 0.0021 0.0033 0.0039 0.0029 0.0040 0.0056 0.0035 0.0115 0.0026 
   H171902.6  1 0.0031 0.0032 0.0041 0.0022 0.0032 0.0039 0.0038 0.0034 0.0036 0.0037 0.0033 0.0036 0.0032 0.0026 0.9015 0.0040 0.0031 0.0042 0.0019 0.0023 0.0029 0.0026 0.0024 0.0025 0.0042 0.0038 0.0038 0.0031 0.0033 0.0056 0.0019 
   H171902.7  1 0.0064 0.0047 0.0049 0.0039 0.0071 0.0214 0.0039 0.0047 0.0021 0.0039 0.0073 0.0209 0.0064 0.0032 0.7770 0.0036 0.0031 0.0042 0.0035 0.0046 0.0036 0.0023 0.0053 0.0233 0.0057 0.0055 0.0088 0.0086 0.0086 0.0301 0.0017 
   H171902.8  1 0.0058 0.0033 0.0048 0.0034 0.0046 0.0057 0.0036 0.0039 0.0057 0.0056 0.0040 0.0042 0.0039 0.0046 0.8671 0.0037 0.0035 0.0061 0.0032 0.0036 0.0026 0.0022 0.0026 0.0034 0.0084 0.0061 0.0047 0.0053 0.0041 0.0075 0.0028 
   H171902.9  1 0.0031 0.0045 0.0049 0.0030 0.0040 0.0039 0.0033 0.0036 0.0051 0.0022 0.0033 0.0049 0.0031 0.0030 0.8907 0.0044 0.0025 0.0032 0.0027 0.0030 0.0028 0.0028 0.0029 0.0029 0.0033 0.0086 0.0045 0.0043 0.0037 0.0028 0.0031 
   H171903.1  1 0.0100 0.0035 0.0063 0.0047 0.0079 0.0219 0.0041 0.0035 0.0098 0.0039 0.0128 0.5189 0.0177 0.0056 0.0032 0.0278 0.0029 0.0043 0.0080 0.0183 0.0042 0.0042 0.0076 0.2149 0.0081 0.0193 0.0101 0.0195 0.0086 0.0043 0.0040 
   H171903.2  1 0.0106 0.0074 0.0056 0.0068 0.0051 0.0061 0.0042 0.0087 0.0078 0.0021 0.0110 0.0461 0.0179 0.0093 0.0035 0.0073 0.0041 0.0041 0.0030 0.0057 0.0056 0.0110 0.0363 0.7141 0.0112 0.0108 0.0096 0.0074 0.0120 0.0030 0.0027 
   H171903.3  1 0.0072 0.0033 0.0175 0.0029 0.0215 0.0068 0.0032 0.0134 0.0046 0.0042 0.0080 0.0119 0.0054 0.0027 0.0034 0.0069 0.0025 0.0029 0.0040 0.0033 0.0081 0.0155 0.0152 0.7849 0.0053 0.0033 0.0095 0.0086 0.0067 0.0038 0.0034 
   H171903.4  1 0.0092 0.0066 0.0102 0.0047 0.0170 0.0325 0.0030 0.0120 0.0056 0.0024 0.0251 0.0821 0.0169 0.0085 0.0215 0.0076 0.0030 0.0035 0.0425 0.0079 0.0045 0.0038 0.0060 0.5229 0.0120 0.0110 0.0678 0.0207 0.0157 0.0104 0.0035 
   H171903.5  1 0.0066 0.0033 0.0088 0.0037 0.0047 0.0074 0.0033 0.0039 0.0033 0.0073 0.0080 0.0075 0.0048 0.0039 0.0031 0.0107 0.0035 0.0048 0.0146 0.0042 0.0055 0.0033 0.0074 0.8252 0.0096 0.0027 0.0057 0.0072 0.0065 0.0068 0.0027 
   H171903.6  1 0.0059 0.0037 0.0038 0.0025 0.0045 0.0067 0.0023 0.0027 0.0030 0.0073 0.0043 0.0436 0.0127 0.0028 0.0051 0.0119 0.0037 0.0032 0.0644 0.0081 0.0032 0.0048 0.0024 0.7312 0.0077 0.0030 0.0233 0.0052 0.0055 0.0093 0.0022 
      H177.1  1 0.0032 0.0028 0.0033 0.0031 0.0074 0.0061 0.0031 0.0062 0.0038 0.0044 0.0074 0.0056 0.8620 0.0029 0.0036 0.0082 0.0049 0.0051 0.0059 0.0046 0.0027 0.0045 0.0023 0.0038 0.0044 0.0047 0.0043 0.0059 0.0044 0.0037 0.0058 
      H177.2  1 0.0262 0.0819 0.0071 0.0094 0.0040 0.0082 0.0164 0.0202 0.0024 0.0116 0.0159 0.0129 0.5780 0.0045 0.0037 0.0134 0.0275 0.0145 0.0064 0.0187 0.0133 0.0034 0.0036 0.0210 0.0099 0.0046 0.0185 0.0131 0.0193 0.0080 0.0026 
      H177.3  1 0.0050 0.0150 0.0040 0.0044 0.0046 0.0050 0.0040 0.0049 0.0028 0.0058 0.0052 0.0047 0.8525 0.0024 0.0043 0.0050 0.0050 0.0044 0.0033 0.0031 0.0032 0.0053 0.0026 0.0135 0.0060 0.0029 0.0044 0.0035 0.0044 0.0066 0.0021 
      H177.4  1 0.0053 0.0060 0.0082 0.0091 0.0124 0.0040 0.0096 0.0056 0.0035 0.0056 0.0079 0.0045 0.7667 0.0070 0.0044 0.0036 0.0451 0.0067 0.0030 0.0040 0.0051 0.0180 0.0091 0.0087 0.0051 0.0024 0.0093 0.0052 0.0073 0.0057 0.0020 
      H177.5  1 0.0142 0.0064 0.0065 0.0111 0.0356 0.0080 0.0200 0.0148 0.0037 0.0052 0.0147 0.0032 0.7150 0.0115 0.0034 0.0056 0.0084 0.0048 0.0106 0.0129 0.0108 0.0030 0.0054 0.0054 0.0055 0.0038 0.0138 0.0093 0.0201 0.0041 0.0031 
      H177.6  1 0.0054 0.0088 0.0072 0.0032 0.0049 0.0039 0.0046 0.0059 0.0029 0.0138 0.0052 0.0030 0.8502 0.0028 0.0049 0.0046 0.0049 0.0044 0.0032 0.0042 0.0034 0.0035 0.0021 0.0091 0.0053 0.0028 0.0049 0.0044 0.0045 0.0094 0.0025 
      H179.1  1 0.0103 0.0024 0.0068 0.0071 0.0130 0.0083 0.0057 0.0041 0.0074 0.0038 0.0066 0.0042 0.0085 0.0090 0.0041 0.0147 0.7485 0.0053 0.0137 0.0048 0.0396 0.0027 0.0038 0.0066 0.0096 0.0104 0.0109 0.0074 0.0096 0.0044 0.0067 
      H179.2  1 0.0161 0.0024 0.0334 0.0037 0.0065 0.0113 0.0035 0.0088 0.0057 0.0031 0.0140 0.0053 0.0076 0.0060 0.0063 0.0093 0.6757 0.0106 0.0147 0.0104 0.0378 0.0148 0.0061 0.0097 0.0077 0.0109 0.0184 0.0189 0.0096 0.0093 0.0027 
      H179.3  1 0.0127 0.0026 0.0070 0.0074 0.0168 0.0097 0.0036 0.0067 0.0086 0.0036 0.0140 0.0126 0.0179 0.0137 0.0051 0.0132 0.6018 0.0046 0.0834 0.0071 0.0124 0.0047 0.0029 0.0183 0.0144 0.0307 0.0212 0.0190 0.0122 0.0062 0.0057 
      H179.4  1 0.0192 0.0050 0.0138 0.0037 0.0146 0.0073 0.0091 0.0322 0.0038 0.0056 0.0202 0.0065 0.0145 0.0599 0.0040 0.0035 0.5567 0.0065 0.0080 0.0039 0.0114 0.0641 0.0080 0.0283 0.0229 0.0055 0.0114 0.0107 0.0158 0.0199 0.0042 
      H180.1  1 0.0063 0.0023 0.0064 0.0039 0.0020 0.0507 0.0036 0.0033 0.0039 0.0029 0.0068 0.0057 0.0044 0.0031 0.0075 0.0066 0.0124 0.0152 0.0041 0.7895 0.0037 0.0027 0.0040 0.0045 0.0073 0.0059 0.0049 0.0142 0.0047 0.0033 0.0040 
      H180.2  1 0.0055 0.0026 0.0028 0.0027 0.0033 0.0187 0.0036 0.0023 0.0046 0.0034 0.0043 0.0028 0.0050 0.0029 0.0028 0.0040 0.0041 0.0030 0.0040 0.8499 0.0059 0.0040 0.0040 0.0043 0.0094 0.0056 0.0052 0.0111 0.0042 0.0033 0.0104 
      H180.3  1 0.0061 0.0067 0.0121 0.0029 0.0044 0.0127 0.0071 0.0024 0.0097 0.0071 0.0093 0.0060 0.0053 0.0035 0.0033 0.0073 0.0054 0.0030 0.0048 0.5382 0.0106 0.0042 0.0038 0.0053 0.0050 0.2832 0.0064 0.0070 0.0072 0.0048 0.0050 
      H180.4  1 0.0068 0.0028 0.0031 0.0037 0.0032 0.0247 0.0041 0.0035 0.0050 0.0059 0.0078 0.0042 0.0047 0.0043 0.0070 0.0035 0.0047 0.0078 0.0026 0.7732 0.0045 0.0028 0.0052 0.0073 0.0184 0.0085 0.0149 0.0350 0.0088 0.0032 0.0087 
      H180.5  1 0.0049 0.0032 0.0035 0.0022 0.0034 0.0255 0.0059 0.0026 0.0032 0.0032 0.0061 0.0026 0.0063 0.0035 0.0039 0.0041 0.0057 0.0052 0.0061 0.8403 0.0026 0.0025 0.0020 0.0039 0.0047 0.0064 0.0085 0.0138 0.0059 0.0045 0.0038 
      H180.6  1 0.0181 0.0184 0.0066 0.0030 0.0122 0.0270 0.0309 0.0026 0.0089 0.0187 0.0234 0.0053 0.0056 0.0056 0.0065 0.0028 0.0104 0.0050 0.0033 0.4425 0.0060 0.0044 0.0058 0.0067 0.0116 0.2391 0.0351 0.0134 0.0096 0.0069 0.0043 
      H181.1  1 0.0093 0.0049 0.0044 0.0027 0.0045 0.0071 0.0065 0.0035 0.0026 0.0079 0.0087 0.0068 0.0060 0.0030 0.0049 0.0044 0.0053 0.8114 0.0039 0.0061 0.0040 0.0032 0.0067 0.0190 0.0056 0.0035 0.0066 0.0046 0.0057 0.0243 0.0030 
      H181.2  1 0.0054 0.0090 0.0054 0.0027 0.0041 0.0054 0.0074 0.0052 0.0029 0.0069 0.0056 0.0036 0.0089 0.0117 0.0073 0.0042 0.0114 0.8319 0.0034 0.0079 0.0050 0.0040 0.0041 0.0027 0.0050 0.0025 0.0052 0.0042 0.0062 0.0067 0.0044 
      H181.3  1 0.0056 0.0043 0.0041 0.0037 0.0033 0.0044 0.0077 0.0046 0.0055 0.0069 0.0057 0.0051 0.0046 0.0057 0.0065 0.0042 0.0030 0.8453 0.0034 0.0048 0.0026 0.0029 0.0049 0.0027 0.0125 0.0043 0.0068 0.0056 0.0061 0.0076 0.0056 
      H181.4  1 0.0402 0.0053 0.0039 0.0065 0.0047 0.0119 0.0357 0.0042 0.0070 0.0115 0.0152 0.0072 0.0084 0.0128 0.0052 0.0244 0.0043 0.6338 0.0077 0.0070 0.0070 0.0061 0.0091 0.0080 0.0146 0.0114 0.0169 0.0195 0.0300 0.0161 0.0043 
      H181.5  1 0.0051 0.0030 0.0049 0.0035 0.0070 0.0031 0.0036 0.0032 0.0032 0.0036 0.0057 0.0035 0.0031 0.0037 0.0046 0.0064 0.0077 0.8686 0.0038 0.0026 0.0056 0.0047 0.0044 0.0033 0.0041 0.0040 0.0049 0.0043 0.0063 0.0036 0.0051 
      H181.6  1 0.0077 0.0027 0.0101 0.0039 0.0041 0.0064 0.0042 0.0038 0.0044 0.0040 0.0059 0.0047 0.0062 0.0095 0.0053 0.0055 0.0299 0.7969 0.0034 0.0111 0.0071 0.0051 0.0067 0.0045 0.0084 0.0057 0.0087 0.0082 0.0080 0.0042 0.0036 
      H181.7  1 0.0063 0.0046 0.0052 0.0040 0.0041 0.0052 0.0042 0.0026 0.0035 0.0049 0.0066 0.0033 0.0044 0.0033 0.0033 0.0046 0.0142 0.8499 0.0060 0.0031 0.0058 0.0047 0.0076 0.0063 0.0045 0.0049 0.0054 0.0038 0.0055 0.0045 0.0033 
 H194.1_2004  1 0.0064 0.0030 0.0114 0.0042 0.8456 0.0036 0.0030 0.0035 0.0043 0.0050 0.0052 0.0083 0.0048 0.0047 0.0050 0.0103 0.0029 0.0032 0.0083 0.0037 0.0044 0.0036 0.0025 0.0105 0.0059 0.0042 0.0066 0.0040 0.0055 0.0038 0.0026 
 H194.2_2004  1 0.0039 0.0061 0.0037 0.0023 0.8850 0.0030 0.0032 0.0033 0.0033 0.0031 0.0048 0.0095 0.0033 0.0039 0.0040 0.0033 0.0019 0.0029 0.0028 0.0030 0.0029 0.0022 0.0027 0.0045 0.0036 0.0037 0.0063 0.0055 0.0037 0.0044 0.0042 
 H194.3_2004  1 0.0100 0.0094 0.0101 0.0046 0.7069 0.0049 0.0044 0.0052 0.0029 0.0216 0.0083 0.0042 0.0145 0.0081 0.0063 0.0042 0.0086 0.0063 0.0070 0.0032 0.0570 0.0045 0.0041 0.0100 0.0103 0.0030 0.0091 0.0081 0.0130 0.0275 0.0026 
 H194.4_2004  1 0.0046 0.0080 0.0053 0.0022 0.8546 0.0030 0.0042 0.0048 0.0040 0.0063 0.0038 0.0039 0.0122 0.0046 0.0054 0.0032 0.0034 0.0049 0.0030 0.0025 0.0032 0.0032 0.0031 0.0053 0.0062 0.0032 0.0086 0.0053 0.0057 0.0089 0.0035 
 H194.5_2004  1 0.0121 0.0059 0.0126 0.0036 0.7722 0.0044 0.0082 0.0077 0.0037 0.0119 0.0110 0.0098 0.0050 0.0134 0.0048 0.0059 0.0045 0.0048 0.0049 0.0023 0.0265 0.0056 0.0042 0.0081 0.0106 0.0029 0.0097 0.0042 0.0071 0.0100 0.0025 
 H194.6_2004  1 0.0221 0.0061 0.0083 0.0036 0.5687 0.0067 0.0069 0.0062 0.0078 0.0150 0.0213 0.0062 0.1001 0.0116 0.0118 0.0060 0.0058 0.0063 0.0078 0.0042 0.0443 0.0134 0.0031 0.0173 0.0151 0.0053 0.0120 0.0099 0.0190 0.0237 0.0043 
 H194.7_2004  1 0.0049 0.0048 0.0036 0.0033 0.8859 0.0033 0.0045 0.0023 0.0030 0.0031 0.0044 0.0031 0.0054 0.0024 0.0025 0.0033 0.0021 0.0033 0.0045 0.0030 0.0041 0.0032 0.0028 0.0095 0.0028 0.0029 0.0044 0.0053 0.0048 0.0041 0.0033 
 H194.8_2004  1 0.0063 0.0053 0.0062 0.0027 0.8542 0.0033 0.0045 0.0058 0.0063 0.0058 0.0034 0.0045 0.0069 0.0076 0.0052 0.0041 0.0028 0.0045 0.0027 0.0024 0.0054 0.0058 0.0041 0.0050 0.0048 0.0028 0.0048 0.0063 0.0060 0.0072 0.0033 
      H194.9  1 0.0037 0.0036 0.0045 0.0028 0.8883 0.0030 0.0054 0.0032 0.0058 0.0041 0.0032 0.0042 0.0038 0.0075 0.0036 0.0046 0.0022 0.0032 0.0029 0.0021 0.0026 0.0029 0.0025 0.0041 0.0031 0.0031 0.0048 0.0039 0.0032 0.0037 0.0043 
 H195.1_2003  1 0.0027 0.0025 0.0046 0.0023 0.0036 0.0026 0.0030 0.0030 0.0025 0.0032 0.0027 0.0025 0.0026 0.9160 0.0031 0.0019 0.0022 0.0026 0.0025 0.0029 0.0022 0.0025 0.0024 0.0021 0.0048 0.0025 0.0036 0.0023 0.0034 0.0030 0.0020 
 H195.1_2004  1 0.0054 0.8657 0.0041 0.0042 0.0038 0.0047 0.0036 0.0105 0.0025 0.0069 0.0049 0.0026 0.0115 0.0069 0.0043 0.0030 0.0023 0.0039 0.0034 0.0037 0.0028 0.0032 0.0023 0.0040 0.0063 0.0026 0.0041 0.0042 0.0049 0.0053 0.0023 
 H195.2_2003  1 0.0090 0.0103 0.0070 0.0045 0.0065 0.0031 0.0139 0.0090 0.0234 0.0029 0.0085 0.0121 0.0036 0.7444 0.0098 0.0050 0.0025 0.0053 0.0577 0.0031 0.0035 0.0040 0.0054 0.0050 0.0062 0.0088 0.0065 0.0046 0.0088 0.0030 0.0027 
 H195.2_2004  1 0.0056 0.7149 0.0059 0.0034 0.0063 0.0040 0.0081 0.0054 0.0034 0.0077 0.0055 0.0039 0.0041 0.1484 0.0034 0.0034 0.0037 0.0032 0.0104 0.0046 0.0037 0.0036 0.0026 0.0024 0.0050 0.0037 0.0056 0.0036 0.0049 0.0064 0.0033 
 H195.3_2003  1 0.0102 0.0065 0.0033 0.0077 0.0090 0.0061 0.0085 0.0071 0.0500 0.0021 0.0136 0.0157 0.0051 0.7054 0.0039 0.0275 0.0029 0.0066 0.0122 0.0034 0.0068 0.0036 0.0092 0.0069 0.0084 0.0155 0.0120 0.0113 0.0107 0.0032 0.0058 
 H195.3_2004  1 0.0074 0.6094 0.0065 0.0033 0.0072 0.0034 0.0041 0.0109 0.0025 0.0110 0.0048 0.0040 0.0053 0.2211 0.0060 0.0034 0.0034 0.0059 0.0046 0.0030 0.0035 0.0051 0.0032 0.0030 0.0093 0.0029 0.0077 0.0047 0.0059 0.0244 0.0033 
 H195.4_2003  1 0.0072 0.0388 0.0109 0.0048 0.0067 0.0030 0.0029 0.0028 0.0030 0.0079 0.0049 0.0029 0.0049 0.8122 0.0030 0.0027 0.0038 0.0028 0.0022 0.0032 0.0031 0.0042 0.0029 0.0033 0.0061 0.0030 0.0064 0.0036 0.0044 0.0305 0.0021 
 H195.4_2004  1 0.0062 0.8132 0.0037 0.0028 0.0060 0.0027 0.0041 0.0043 0.0026 0.0057 0.0057 0.0048 0.0061 0.0558 0.0041 0.0028 0.0036 0.0040 0.0119 0.0033 0.0031 0.0075 0.0017 0.0033 0.0066 0.0027 0.0048 0.0039 0.0042 0.0051 0.0036 
 H195.5_2003  1 0.0052 0.0043 0.0052 0.0061 0.0035 0.0079 0.0025 0.0100 0.0039 0.0070 0.0047 0.0027 0.0028 0.8700 0.0026 0.0029 0.0022 0.0029 0.0024 0.0055 0.0026 0.0037 0.0028 0.0027 0.0045 0.0029 0.0059 0.0061 0.0046 0.0032 0.0066 
 H195.5_2004  1 0.0052 0.8419 0.0038 0.0032 0.0035 0.0037 0.0026 0.0043 0.0029 0.0035 0.0052 0.0032 0.0059 0.0373 0.0033 0.0029 0.0038 0.0042 0.0032 0.0036 0.0029 0.0039 0.0045 0.0027 0.0032 0.0029 0.0064 0.0067 0.0053 0.0055 0.0089 
 H195.6_2003  1 0.0100 0.0812 0.0038 0.0109 0.0032 0.0048 0.0068 0.0086 0.0125 0.0027 0.0086 0.0162 0.0056 0.7116 0.0096 0.0095 0.0026 0.0049 0.0187 0.0043 0.0030 0.0045 0.0049 0.0048 0.0068 0.0105 0.0088 0.0055 0.0084 0.0045 0.0024 
 H195.6_2004  1 0.0048 0.7137 0.0038 0.0031 0.0069 0.0033 0.0040 0.0063 0.0019 0.0040 0.0058 0.0064 0.0056 0.1625 0.0031 0.0021 0.0034 0.0052 0.0035 0.0022 0.0060 0.0042 0.0052 0.0042 0.0040 0.0029 0.0034 0.0041 0.0060 0.0051 0.0032 
 H195.7_2003  1 0.0063 0.0335 0.0047 0.0051 0.0045 0.0038 0.0048 0.0041 0.0026 0.0030 0.0058 0.0067 0.0028 0.8017 0.0027 0.0024 0.0023 0.0059 0.0455 0.0029 0.0036 0.0034 0.0042 0.0033 0.0059 0.0023 0.0070 0.0048 0.0063 0.0052 0.0029 
 H195.7_2004  1 0.0035 0.8866 0.0027 0.0024 0.0029 0.0051 0.0038 0.0044 0.0042 0.0025 0.0053 0.0027 0.0030 0.0065 0.0023 0.0047 0.0023 0.0038 0.0065 0.0041 0.0026 0.0027 0.0022 0.0031 0.0025 0.0072 0.0061 0.0048 0.0041 0.0025 0.0030 
      H195.8  1 0.0030 0.9048 0.0024 0.0025 0.0039 0.0032 0.0024 0.0039 0.0025 0.0028 0.0034 0.0025 0.0034 0.0043 0.0033 0.0038 0.0023 0.0037 0.0035 0.0041 0.0022 0.0045 0.0024 0.0032 0.0027 0.0028 0.0035 0.0033 0.0036 0.0030 0.0031 
      H195.9  1 0.0062 0.7442 0.0049 0.0037 0.0088 0.0033 0.0058 0.0068 0.0024 0.0086 0.0088 0.0065 0.0191 0.0801 0.0048 0.0029 0.0030 0.0038 0.0070 0.0054 0.0055 0.0106 0.0031 0.0056 0.0091 0.0031 0.0063 0.0046 0.0060 0.0077 0.0022 
      H415.1  1 0.0083 0.0040 0.8231 0.0046 0.0060 0.0084 0.0024 0.0043 0.0085 0.0061 0.0081 0.0036 0.0050 0.0042 0.0034 0.0098 0.0044 0.0048 0.0108 0.0044 0.0048 0.0019 0.0041 0.0055 0.0069 0.0123 0.0055 0.0075 0.0061 0.0052 0.0059 
      H415.2  1 0.0193 0.0043 0.5271 0.0202 0.0113 0.0100 0.0081 0.0131 0.0082 0.0041 0.0258 0.0085 0.0194 0.0036 0.0891 0.0401 0.0137 0.0050 0.0108 0.0057 0.0187 0.0029 0.0044 0.0352 0.0156 0.0065 0.0145 0.0239 0.0229 0.0050 0.0030 
      H415.3  1 0.0044 0.0032 0.8494 0.0052 0.0035 0.0054 0.0063 0.0038 0.0025 0.0090 0.0051 0.0022 0.0051 0.0041 0.0047 0.0044 0.0224 0.0061 0.0050 0.0042 0.0040 0.0024 0.0027 0.0037 0.0043 0.0053 0.0047 0.0054 0.0037 0.0043 0.0033 
      H415.4  1 0.0052 0.0037 0.8841 0.0025 0.0046 0.0047 0.0028 0.0044 0.0035 0.0042 0.0041 0.0029 0.0026 0.0043 0.0047 0.0039 0.0030 0.0030 0.0025 0.0036 0.0062 0.0025 0.0036 0.0030 0.0053 0.0054 0.0039 0.0043 0.0042 0.0055 0.0019 
      H415.5  1 0.0029 0.0027 0.8939 0.0025 0.0033 0.0032 0.0030 0.0034 0.0025 0.0061 0.0041 0.0020 0.0044 0.0042 0.0035 0.0031 0.0038 0.0045 0.0028 0.0050 0.0041 0.0023 0.0026 0.0037 0.0060 0.0023 0.0040 0.0029 0.0033 0.0054 0.0024 
      H415.6  1 0.0033 0.0032 0.8853 0.0033 0.0045 0.0062 0.0023 0.0042 0.0042 0.0041 0.0035 0.0030 0.0025 0.0056 0.0047 0.0046 0.0031 0.0031 0.0023 0.0029 0.0057 0.0023 0.0026 0.0035 0.0045 0.0047 0.0044 0.0044 0.0037 0.0059 0.0023 
      H415.7  1 0.0245 0.0062 0.6515 0.0112 0.0078 0.0038 0.0087 0.0089 0.0059 0.0092 0.0112 0.0129 0.0109 0.0058 0.0399 0.0097 0.0163 0.0038 0.0077 0.0039 0.0044 0.0052 0.0033 0.0369 0.0228 0.0036 0.0198 0.0181 0.0187 0.0049 0.0024 
      H506.1  1 0.0031 0.0026 0.0022 0.0028 0.0024 0.0022 0.0050 0.0023 0.0019 0.0043 0.0034 0.0025 0.0030 0.0028 0.0023 0.0018 0.9132 0.0044 0.0022 0.0023 0.0053 0.0037 0.0033 0.0019 0.0032 0.0019 0.0029 0.0026 0.0028 0.0031 0.0028 
      H506.2  1 0.0028 0.0081 0.0031 0.0029 0.0025 0.0024 0.0039 0.0039 0.0017 0.0044 0.0034 0.0038 0.0061 0.0053 0.0024 0.0019 0.8967 0.0050 0.0022 0.0031 0.0041 0.0032 0.0039 0.0023 0.0029 0.0020 0.0035 0.0030 0.0038 0.0035 0.0022 
      H506.3  1 0.0070 0.0063 0.0049 0.0065 0.0031 0.0064 0.0053 0.0067 0.0031 0.0047 0.0107 0.0032 0.0172 0.0039 0.0039 0.0061 0.7949 0.0195 0.0129 0.0055 0.0166 0.0038 0.0028 0.0056 0.0049 0.0031 0.0091 0.0070 0.0084 0.0049 0.0022 
      H506.4  1 0.0058 0.0034 0.0056 0.0044 0.0039 0.0059 0.0037 0.0026 0.0062 0.0060 0.0064 0.0041 0.0081 0.0035 0.0064 0.0045 0.8417 0.0080 0.0035 0.0063 0.0036 0.0103 0.0024 0.0099 0.0065 0.0040 0.0060 0.0054 0.0049 0.0046 0.0024 
      H506.5  1 0.0048 0.0048 0.0054 0.0041 0.0025 0.0026 0.0027 0.0048 0.0026 0.0055 0.0049 0.0047 0.0076 0.0077 0.0034 0.0025 0.8738 0.0060 0.0023 0.0028 0.0038 0.0074 0.0034 0.0034 0.0063 0.0020 0.0038 0.0034 0.0045 0.0038 0.0026 
      H506.6  1 0.0141 0.0211 0.0081 0.0069 0.0040 0.0062 0.0040 0.0163 0.0047 0.0039 0.0099 0.0093 0.0792 0.0112 0.0046 0.0062 0.6863 0.0091 0.0071 0.0048 0.0037 0.0060 0.0025 0.0183 0.0058 0.0032 0.0184 0.0084 0.0103 0.0037 0.0026 
      H506.7  1 0.0028 0.0050 0.0028 0.0033 0.0022 0.0021 0.0038 0.0032 0.0018 0.0048 0.0029 0.0035 0.0075 0.0064 0.0024 0.0021 0.9001 0.0048 0.0020 0.0029 0.0040 0.0035 0.0032 0.0023 0.0032 0.0020 0.0032 0.0026 0.0034 0.0038 0.0023 
      H533.1  1 0.0042 0.0029 0.0034 0.0029 0.0021 0.0037 0.0029 0.0020 0.0019 0.0069 0.0046 0.0022 0.0029 0.0020 0.0022 0.0018 0.8783 0.0124 0.0020 0.0059 0.0062 0.0042 0.0099 0.0042 0.0076 0.0026 0.0039 0.0041 0.0033 0.0044 0.0025 
      H533.2  1 0.0038 0.0028 0.0037 0.0023 0.0028 0.0042 0.0027 0.0027 0.0019 0.0084 0.0045 0.0024 0.0042 0.0021 0.0026 0.0022 0.8692 0.0152 0.0025 0.0055 0.0049 0.0034 0.0103 0.0040 0.0082 0.0027 0.0041 0.0054 0.0040 0.0041 0.0030 
      H533.3  1 0.0047 0.0050 0.0024 0.0028 0.0031 0.0029 0.0044 0.0018 0.0018 0.0085 0.0040 0.0069 0.0028 0.0022 0.0017 0.0046 0.8829 0.0062 0.0025 0.0029 0.0044 0.0029 0.0035 0.0115 0.0031 0.0028 0.0035 0.0038 0.0048 0.0030 0.0026 
      H533.4  1 0.0066 0.0155 0.0060 0.0029 0.0139 0.0067 0.0050 0.0050 0.0033 0.0137 0.0091 0.0195 0.0057 0.0107 0.0033 0.0058 0.7951 0.0072 0.0037 0.0038 0.0033 0.0066 0.0048 0.0069 0.0049 0.0046 0.0060 0.0065 0.0075 0.0040 0.0027 
      H535.1  1 0.0031 0.0025 0.0029 0.0021 0.0028 0.0030 0.0032 0.0030 0.0038 0.0026 0.0029 0.0035 0.0059 0.0037 0.0052 0.0032 0.0038 0.0036 0.0020 0.0022 0.0031 0.9027 0.0022 0.0043 0.0041 0.0030 0.0028 0.0037 0.0037 0.0026 0.0030 
      H535.2  1 0.0031 0.0044 0.0022 0.0040 0.0029 0.0025 0.0038 0.0037 0.0021 0.0028 0.0038 0.0027 0.0058 0.0024 0.0026 0.0028 0.0036 0.0057 0.0021 0.0031 0.0032 0.9041 0.0033 0.0031 0.0025 0.0020 0.0041 0.0029 0.0032 0.0035 0.0020 
      H535.3  1 0.0028 0.0034 0.0019 0.0034 0.0024 0.0028 0.0028 0.0028 0.0022 0.0024 0.0031 0.0027 0.0034 0.0034 0.0023 0.0023 0.0034 0.0040 0.0019 0.0029 0.0034 0.9155 0.0031 0.0024 0.0022 0.0022 0.0027 0.0028 0.0026 0.0025 0.0043 
      H535.4  1 0.0030 0.0030 0.0028 0.0028 0.0030 0.0032 0.0027 0.0035 0.0020 0.0043 0.0027 0.0033 0.0031 0.0042 0.0023 0.0025 0.0031 0.0023 0.0025 0.0024 0.0032 0.9112 0.0030 0.0026 0.0035 0.0022 0.0028 0.0028 0.0027 0.0044 0.0026 
      H535.5  1 0.0029 0.0025 0.0027 0.0022 0.0031 0.0023 0.0029 0.0031 0.0025 0.0037 0.0027 0.0041 0.0034 0.0046 0.0020 0.0031 0.0032 0.0025 0.0020 0.0020 0.0037 0.9128 0.0030 0.0034 0.0041 0.0022 0.0023 0.0030 0.0031 0.0024 0.0023 
      H535.6  1 0.0038 0.0033 0.0037 0.0022 0.0044 0.0049 0.0038 0.0027 0.0065 0.0021 0.0036 0.0086 0.0044 0.0051 0.0082 0.0059 0.0030 0.0063 0.0023 0.0027 0.0052 0.8697 0.0028 0.0047 0.0040 0.0066 0.0043 0.0047 0.0038 0.0035 0.0031 
      H535.7  1 0.0023 0.0019 0.0022 0.0018 0.0025 0.0017 0.0018 0.0022 0.0022 0.0038 0.0019 0.0027 0.0027 0.0032 0.0020 0.0019 0.0024 0.0025 0.0020 0.0017 0.0031 0.9301 0.0024 0.0030 0.0023 0.0019 0.0025 0.0019 0.0023 0.0028 0.0020 
      H535.8  1 0.0032 0.0025 0.0025 0.0029 0.0041 0.0031 0.0032 0.0039 0.0041 0.0026 0.0035 0.0047 0.0023 0.0063 0.0022 0.0025 0.0025 0.0037 0.0024 0.0017 0.0038 0.9051 0.0036 0.0023 0.0038 0.0025 0.0033 0.0024 0.0031 0.0043 0.0020 
      H535.9  1 0.0029 0.0030 0.0029 0.0023 0.0027 0.0035 0.0026 0.0027 0.0031 0.0027 0.0029 0.0038 0.0035 0.0028 0.0039 0.0028 0.0030 0.0035 0.0024 0.0036 0.0029 0.9109 0.0023 0.0032 0.0025 0.0026 0.0030 0.0034 0.0031 0.0027 0.0028 
      H539.1  1 0.0036 0.0032 0.0041 0.0026 0.0038 0.0048 0.0040 0.0032 0.4153 0.0029 0.0032 0.0040 0.0056 0.0027 0.0064 0.0090 0.0019 0.0026 0.0021 0.0040 0.0021 0.0023 0.0028 0.0046 0.0043 0.4768 0.0039 0.0044 0.0045 0.0020 0.0033 
      H539.2  1 0.0282 0.0043 0.0029 0.0040 0.0115 0.1638 0.0084 0.0245 0.0212 0.0038 0.0234 0.0263 0.0269 0.0045 0.0053 0.0718 0.0030 0.0041 0.0152 0.0350 0.0042 0.0075 0.0025 0.0372 0.0102 0.0716 0.0392 0.2751 0.0368 0.0035 0.0242 
      H539.3  1 0.0126 0.0040 0.0038 0.0039 0.0205 0.0241 0.0034 0.0060 0.2508 0.0033 0.0104 0.0192 0.0086 0.0159 0.0064 0.0357 0.0039 0.0033 0.0120 0.0050 0.0044 0.0094 0.0025 0.0196 0.0107 0.4132 0.0186 0.0425 0.0116 0.0039 0.0110 
      H539.4  1 0.0093 0.0041 0.0058 0.0058 0.0030 0.0474 0.0036 0.0122 0.3541 0.0039 0.0106 0.0035 0.0070 0.0032 0.0050 0.0194 0.0028 0.0041 0.0086 0.0576 0.0055 0.0035 0.0036 0.0321 0.0111 0.2031 0.0358 0.1062 0.0204 0.0034 0.0041 
      H539.5  1 0.0039 0.0025 0.0023 0.0021 0.0055 0.0054 0.0045 0.0040 0.1518 0.0024 0.0048 0.0099 0.0123 0.0020 0.0038 0.0895 0.0021 0.0026 0.0029 0.0035 0.0030 0.0048 0.0023 0.0059 0.0042 0.6377 0.0039 0.0094 0.0041 0.0022 0.0045 
      H539.6  1 0.0032 0.0026 0.0027 0.0019 0.0066 0.0057 0.0037 0.0027 0.0947 0.0028 0.0044 0.0130 0.0068 0.0028 0.0046 0.0231 0.0023 0.0025 0.0027 0.0033 0.0023 0.0046 0.0028 0.0057 0.0048 0.7684 0.0041 0.0044 0.0049 0.0025 0.0031 
      H539.7  1 0.0084 0.0031 0.0059 0.0038 0.0052 0.0322 0.0023 0.0038 0.3784 0.0032 0.0095 0.0037 0.0044 0.0048 0.0060 0.0622 0.0030 0.0048 0.0111 0.0066 0.0029 0.0036 0.0022 0.0070 0.0131 0.3287 0.0195 0.0382 0.0067 0.0042 0.0113 
      H539.8  1 0.0150 0.0032 0.0050 0.0038 0.0131 0.0820 0.0041 0.0075 0.2782 0.0038 0.0172 0.0089 0.0048 0.0144 0.0062 0.0249 0.0047 0.0028 0.0139 0.0190 0.0066 0.0163 0.0038 0.0101 0.0097 0.1680 0.0574 0.1555 0.0134 0.0032 0.0234 
      H539.9  1 0.0064 0.0038 0.0043 0.0043 0.0031 0.0108 0.0029 0.0091 0.3913 0.0023 0.0098 0.0056 0.0058 0.0026 0.0025 0.0381 0.0036 0.0033 0.0120 0.0077 0.0074 0.0024 0.0053 0.0135 0.0050 0.3793 0.0143 0.0304 0.0068 0.0027 0.0038 
      H540.1  1 0.0036 0.0041 0.0038 0.0030 0.0037 0.0046 0.0043 0.0026 0.0281 0.0024 0.0047 0.0202 0.0034 0.0043 0.0036 0.8431 0.0025 0.0033 0.0031 0.0028 0.0031 0.0033 0.0030 0.0077 0.0035 0.0089 0.0048 0.0064 0.0037 0.0023 0.0020 
      H540.2  1 0.0024 0.0025 0.0036 0.0031 0.0038 0.0039 0.0030 0.0030 0.0071 0.0024 0.0031 0.0044 0.0027 0.0026 0.0031 0.9035 0.0020 0.0031 0.0031 0.0024 0.0025 0.0020 0.0020 0.0029 0.0026 0.0083 0.0032 0.0040 0.0027 0.0020 0.0028 
      H540.3  1 0.0312 0.0123 0.0136 0.0055 0.0185 0.0164 0.0045 0.0206 0.3534 0.0101 0.0221 0.0056 0.0119 0.0036 0.0062 0.0993 0.0041 0.0043 0.0086 0.0072 0.0081 0.0050 0.0045 0.0101 0.0080 0.0305 0.1232 0.0994 0.0288 0.0137 0.0097 
      H540.4  1 0.0089 0.0030 0.0048 0.0054 0.0037 0.0449 0.0035 0.0038 0.0140 0.0032 0.0117 0.0065 0.0037 0.0039 0.0048 0.7153 0.0028 0.0065 0.0093 0.0067 0.0028 0.0040 0.0024 0.0049 0.0038 0.0307 0.0186 0.0442 0.0073 0.0041 0.0107 
      H540.5  1 0.0045 0.0025 0.0046 0.0037 0.0044 0.0035 0.0038 0.0063 0.0414 0.0027 0.0039 0.0031 0.0043 0.0022 0.0038 0.8427 0.0021 0.0039 0.0061 0.0023 0.0041 0.0021 0.0035 0.0058 0.0039 0.0083 0.0054 0.0051 0.0037 0.0026 0.0036 
      H540.6  1 0.0061 0.0038 0.0029 0.0046 0.0044 0.0055 0.0048 0.0047 0.0104 0.0029 0.0047 0.0100 0.0057 0.0025 0.0052 0.8498 0.0030 0.0071 0.0054 0.0029 0.0039 0.0028 0.0034 0.0077 0.0032 0.0084 0.0049 0.0048 0.0055 0.0046 0.0043 
      H540.7  1 0.0048 0.0030 0.0059 0.0068 0.0048 0.0095 0.0067 0.0052 0.0090 0.0064 0.0053 0.0059 0.0042 0.0048 0.0044 0.8364 0.0036 0.0051 0.0028 0.0057 0.0028 0.0026 0.0021 0.0038 0.0034 0.0085 0.0063 0.0112 0.0054 0.0035 0.0102 
      H540.8  1 0.0077 0.0030 0.0231 0.0031 0.0228 0.0131 0.0039 0.0029 0.0171 0.0053 0.0083 0.0098 0.0053 0.0045 0.0122 0.7203 0.0027 0.0067 0.0054 0.0040 0.0028 0.0047 0.0027 0.0378 0.0123 0.0097 0.0153 0.0186 0.0069 0.0038 0.0041 
     H9558.1  1 0.0028 0.0025 0.0036 0.0020 0.0032 0.0026 0.0022 0.0024 0.9015 0.0019 0.0033 0.0048 0.0027 0.0034 0.0063 0.0050 0.0025 0.0028 0.0023 0.0019 0.0025 0.0033 0.0034 0.0027 0.0031 0.0101 0.0044 0.0027 0.0032 0.0019 0.0031 
     H9558.2  1 0.0050 0.0021 0.0045 0.0037 0.0069 0.0030 0.0078 0.0038 0.8599 0.0036 0.0054 0.0045 0.0024 0.0109 0.0052 0.0043 0.0042 0.0102 0.0032 0.0027 0.0037 0.0027 0.0051 0.0025 0.0037 0.0051 0.0060 0.0043 0.0050 0.0044 0.0042 
     H9558.3  1 0.0052 0.0019 0.0039 0.0054 0.0051 0.0068 0.0117 0.0059 0.7938 0.0033 0.0054 0.0064 0.0031 0.0042 0.0034 0.0148 0.0027 0.0068 0.0048 0.0043 0.0045 0.0041 0.0163 0.0031 0.0028 0.0399 0.0047 0.0076 0.0055 0.0020 0.0107 
     H9558.4  1 0.0047 0.0017 0.0038 0.0023 0.0060 0.0039 0.0053 0.0029 0.8683 0.0037 0.0040 0.0047 0.0066 0.0022 0.0030 0.0111 0.0028 0.0028 0.0048 0.0033 0.0022 0.0063 0.0027 0.0101 0.0051 0.0055 0.0047 0.0042 0.0049 0.0023 0.0038 
     H9558.5  1 0.0057 0.0022 0.0044 0.0063 0.0028 0.0178 0.0031 0.0078 0.6952 0.0030 0.0060 0.0033 0.0037 0.0020 0.0023 0.0244 0.0044 0.0055 0.0142 0.0081 0.0044 0.0042 0.0035 0.0096 0.0053 0.0156 0.0334 0.0824 0.0073 0.0023 0.0100 
     H9558.6  1 0.0101 0.0024 0.0043 0.0044 0.0062 0.0037 0.0052 0.0057 0.8185 0.0026 0.0105 0.0057 0.0029 0.0040 0.0066 0.0097 0.0029 0.0047 0.0025 0.0028 0.0044 0.0056 0.0084 0.0034 0.0039 0.0253 0.0105 0.0074 0.0093 0.0026 0.0036 
    kos339.1  1 0.0101 0.0028 0.0122 0.0163 0.0032 0.0057 0.0339 0.0058 0.0034 0.7023 0.0084 0.0088 0.0075 0.0029 0.0105 0.0132 0.0310 0.0078 0.0027 0.0039 0.0039 0.0058 0.0062 0.0093 0.0284 0.0036 0.0115 0.0118 0.0086 0.0155 0.0029 
    kos339.2  1 0.0052 0.0059 0.0053 0.0085 0.0048 0.0046 0.0059 0.0064 0.0029 0.8607 0.0043 0.0027 0.0043 0.0040 0.0044 0.0034 0.0096 0.0032 0.0031 0.0033 0.0038 0.0029 0.0045 0.0030 0.0043 0.0052 0.0052 0.0051 0.0050 0.0063 0.0021 
    kos339.3  1 0.0038 0.0026 0.0045 0.0022 0.0030 0.0041 0.0029 0.0021 0.0027 0.8878 0.0042 0.0048 0.0031 0.0038 0.0027 0.0032 0.0040 0.0034 0.0028 0.0034 0.0036 0.0057 0.0019 0.0035 0.0095 0.0030 0.0034 0.0039 0.0033 0.0082 0.0027 
    kos339.4  1 0.0033 0.0028 0.0065 0.0022 0.0036 0.0050 0.0033 0.0022 0.0030 0.8815 0.0029 0.0036 0.0035 0.0053 0.0045 0.0032 0.0036 0.0039 0.0030 0.0031 0.0028 0.0045 0.0026 0.0029 0.0116 0.0031 0.0034 0.0038 0.0046 0.0078 0.0029 
    kos339.5  1 0.0044 0.0026 0.0039 0.0063 0.0032 0.0047 0.0654 0.0026 0.0028 0.7808 0.0055 0.0038 0.0055 0.0031 0.0079 0.0096 0.0106 0.0087 0.0033 0.0036 0.0051 0.0027 0.0044 0.0027 0.0102 0.0034 0.0038 0.0041 0.0055 0.0164 0.0033 
    kos339.6  1 0.0029 0.0053 0.0037 0.0052 0.0050 0.0033 0.0088 0.0039 0.0023 0.8909 0.0029 0.0035 0.0046 0.0026 0.0034 0.0037 0.0049 0.0030 0.0030 0.0021 0.0023 0.0022 0.0033 0.0029 0.0026 0.0024 0.0031 0.0031 0.0033 0.0076 0.0023 
    kos339.7  1 0.0038 0.0031 0.0051 0.0021 0.0027 0.0051 0.0024 0.0023 0.0026 0.8815 0.0032 0.0043 0.0033 0.0044 0.0033 0.0027 0.0056 0.0042 0.0026 0.0033 0.0027 0.0083 0.0021 0.0034 0.0090 0.0029 0.0032 0.0039 0.0037 0.0105 0.0026 
    kos339.8  1 0.0051 0.0034 0.0063 0.0044 0.0027 0.0036 0.0044 0.0041 0.0023 0.8705 0.0049 0.0027 0.0033 0.0043 0.0029 0.0024 0.0146 0.0033 0.0037 0.0035 0.0035 0.0029 0.0028 0.0030 0.0100 0.0031 0.0035 0.0052 0.0048 0.0062 0.0026 
    kos339.9  1 0.0104 0.0081 0.0077 0.0066 0.0063 0.0073 0.0284 0.0100 0.0062 0.5995 0.0126 0.0074 0.0222 0.0065 0.0319 0.0483 0.0077 0.0176 0.0039 0.0078 0.0093 0.0041 0.0069 0.0051 0.0313 0.0147 0.0110 0.0084 0.0165 0.0339 0.0023 
      H409.1 12 0.0038 0.0031 0.0036 0.0041 0.0047 0.0021 0.0047 0.0027 0.0021 0.0063 0.0032 0.0019 0.0038 0.0031 0.0031 0.0028 0.0049 0.0050 0.0038 0.0025 0.8984 0.0025 0.0030 0.0025 0.0031 0.0019 0.0035 0.0030 0.0028 0.0053 0.0026 
     H409.10 12 0.0088 0.0042 0.0100 0.0081 0.0022 0.0080 0.0041 0.0069 0.0027 0.0048 0.0144 0.0062 0.0035 0.0052 0.0034 0.0130 0.0214 0.0103 0.0106 0.0042 0.7806 0.0039 0.0027 0.0027 0.0035 0.0125 0.0074 0.0188 0.0046 0.0042 0.0070 
      H409.2 12 0.0060 0.0036 0.0186 0.0034 0.0045 0.0034 0.0024 0.0085 0.0046 0.0066 0.0045 0.0020 0.0052 0.0046 0.0049 0.0034 0.0042 0.0034 0.0035 0.0024 0.8575 0.0072 0.0028 0.0042 0.0053 0.0026 0.0046 0.0043 0.0048 0.0049 0.0022 
      H409.3 12 0.0034 0.0034 0.0030 0.0030 0.0053 0.0038 0.0038 0.0046 0.0029 0.0042 0.0039 0.0030 0.0034 0.0034 0.0036 0.0036 0.0046 0.0029 0.0030 0.0024 0.8886 0.0040 0.0044 0.0035 0.0042 0.0039 0.0046 0.0041 0.0039 0.0043 0.0033 
      H409.4 12 0.0040 0.0024 0.0033 0.0027 0.0045 0.0031 0.0040 0.0048 0.0036 0.0031 0.0042 0.0025 0.0033 0.0030 0.0023 0.0032 0.0024 0.0039 0.0031 0.0025 0.9034 0.0028 0.0043 0.0025 0.0028 0.0022 0.0033 0.0035 0.0034 0.0031 0.0029 
      H409.5 12 0.0041 0.0035 0.0046 0.0030 0.0024 0.0044 0.0044 0.0040 0.0030 0.0024 0.0046 0.0034 0.0037 0.0037 0.0041 0.0051 0.0034 0.0026 0.0020 0.0031 0.8862 0.0042 0.0040 0.0056 0.0046 0.0039 0.0038 0.0041 0.0055 0.0031 0.0035 
      H409.6 12 0.0116 0.0055 0.0033 0.0069 0.0072 0.0060 0.0104 0.0067 0.0049 0.0032 0.0124 0.0051 0.0047 0.0030 0.0043 0.0038 0.0065 0.0063 0.0045 0.0042 0.7545 0.0054 0.0367 0.0183 0.0039 0.0096 0.0136 0.0167 0.0109 0.0032 0.0068 
      H409.7 12 0.0052 0.0051 0.0047 0.0058 0.0083 0.0032 0.0079 0.0080 0.0029 0.0067 0.0049 0.0030 0.0027 0.0049 0.0034 0.0029 0.0036 0.0061 0.0050 0.0022 0.8633 0.0021 0.0057 0.0027 0.0033 0.0024 0.0054 0.0047 0.0040 0.0061 0.0037 
      H409.8 12 0.0044 0.0028 0.0035 0.0071 0.0042 0.0039 0.0070 0.0028 0.0023 0.0031 0.0035 0.0046 0.0031 0.0034 0.0040 0.0031 0.0074 0.0046 0.0028 0.0034 0.8812 0.0034 0.0034 0.0048 0.0046 0.0029 0.0033 0.0046 0.0038 0.0034 0.0036 
      H409.9 12 0.0323 0.0049 0.0092 0.0396 0.0044 0.0103 0.0042 0.0042 0.0695 0.0032 0.0493 0.0062 0.0157 0.0038 0.0038 0.0770 0.0799 0.0138 0.0053 0.0087 0.3721 0.0117 0.0042 0.0115 0.0055 0.0632 0.0251 0.0148 0.0272 0.0033 0.0162 
      H413.1 12 0.0041 0.0020 0.0021 0.0047 0.0030 0.0050 0.0042 0.0036 0.0022 0.0031 0.0036 0.0029 0.0025 0.0029 0.0021 0.0019 0.0018 0.0051 0.0032 0.0035 0.0029 0.0025 0.0056 0.0031 0.0047 0.0032 0.0033 0.0039 0.0033 0.0035 0.9005 
      H413.2 12 0.0031 0.0019 0.0023 0.0022 0.0032 0.0035 0.0028 0.0023 0.0027 0.0042 0.0031 0.0021 0.0018 0.0042 0.0025 0.0020 0.0030 0.0036 0.0026 0.0026 0.0026 0.0027 0.0054 0.0025 0.0040 0.0027 0.0029 0.0039 0.0030 0.0027 0.9118 
      H413.3 12 0.0036 0.0019 0.0021 0.0047 0.0049 0.0029 0.0024 0.0031 0.0035 0.0025 0.0032 0.0042 0.0021 0.0026 0.0030 0.0027 0.0029 0.0046 0.0030 0.0030 0.0025 0.0019 0.0027 0.0025 0.0022 0.0030 0.0034 0.0035 0.0032 0.0020 0.9103 
      H413.4 12 0.0046 0.0030 0.0028 0.0079 0.0047 0.0041 0.0091 0.0077 0.0037 0.0069 0.0037 0.0030 0.0046 0.0035 0.0034 0.0030 0.0050 0.0068 0.0019 0.0039 0.0055 0.0024 0.0034 0.0022 0.0031 0.0030 0.0055 0.0051 0.0047 0.0052 0.8667 
      H413.5 12 0.0043 0.0035 0.0028 0.0027 0.0034 0.0098 0.0051 0.0030 0.0062 0.0025 0.0041 0.0032 0.0023 0.0019 0.0073 0.0048 0.0027 0.0039 0.0034 0.0078 0.0023 0.0021 0.0028 0.0030 0.0025 0.0200 0.0060 0.0073 0.0039 0.0020 0.8634 
      H413.6 12 0.0059 0.0031 0.0030 0.0062 0.0060 0.0059 0.0219 0.0080 0.0153 0.0054 0.0062 0.0025 0.0041 0.0134 0.0020 0.0053 0.0023 0.0034 0.0093 0.0072 0.0043 0.0023 0.0062 0.0027 0.0039 0.0067 0.0080 0.0085 0.0059 0.0049 0.8100 
      H413.7 12 0.0026 0.0020 0.0024 0.0033 0.0036 0.0026 0.0032 0.0033 0.0031 0.0034 0.0027 0.0025 0.0025 0.0051 0.0023 0.0027 0.0032 0.0025 0.0031 0.0020 0.0021 0.0026 0.0030 0.0018 0.0031 0.0029 0.0026 0.0034 0.0031 0.0026 0.9146 
      H563.1 12 0.0051 0.0029 0.0026 0.8678 0.0035 0.0044 0.0038 0.0069 0.0078 0.0026 0.0049 0.0042 0.0039 0.0023 0.0020 0.0109 0.0025 0.0032 0.0042 0.0027 0.0048 0.0021 0.0030 0.0031 0.0041 0.0058 0.0048 0.0053 0.0052 0.0029 0.0106 
      H563.2 12 0.0130 0.0052 0.0086 0.7625 0.0134 0.0117 0.0052 0.0085 0.0051 0.0081 0.0150 0.0041 0.0069 0.0033 0.0061 0.0082 0.0047 0.0047 0.0047 0.0027 0.0146 0.0031 0.0060 0.0038 0.0046 0.0080 0.0136 0.0102 0.0178 0.0097 0.0070 
      H563.3 12 0.0043 0.0029 0.0024 0.8722 0.0035 0.0029 0.0097 0.0066 0.0062 0.0022 0.0042 0.0088 0.0031 0.0025 0.0027 0.0084 0.0028 0.0036 0.0027 0.0023 0.0040 0.0023 0.0039 0.0035 0.0033 0.0068 0.0051 0.0054 0.0050 0.0027 0.0040 
      H563.4 12 0.0076 0.0036 0.0033 0.8213 0.0057 0.0081 0.0034 0.0053 0.0041 0.0058 0.0084 0.0051 0.0046 0.0019 0.0053 0.0054 0.0037 0.0049 0.0066 0.0035 0.0084 0.0033 0.0075 0.0058 0.0055 0.0045 0.0095 0.0131 0.0060 0.0050 0.0136 
      H563.5 12 0.0034 0.0033 0.0030 0.8771 0.0028 0.0036 0.0049 0.0105 0.0066 0.0025 0.0037 0.0039 0.0047 0.0021 0.0022 0.0082 0.0023 0.0036 0.0039 0.0035 0.0037 0.0016 0.0032 0.0044 0.0036 0.0052 0.0043 0.0049 0.0044 0.0029 0.0060 
      H563.6 12 0.0069 0.0032 0.0042 0.8189 0.0068 0.0085 0.0086 0.0122 0.0037 0.0103 0.0075 0.0051 0.0036 0.0029 0.0043 0.0077 0.0035 0.0048 0.0033 0.0031 0.0063 0.0032 0.0050 0.0037 0.0055 0.0045 0.0115 0.0060 0.0077 0.0096 0.0079 
      H563.7 12 0.0060 0.0026 0.0042 0.8408 0.0053 0.0048 0.0121 0.0105 0.0027 0.0139 0.0058 0.0039 0.0027 0.0039 0.0029 0.0035 0.0033 0.0052 0.0026 0.0028 0.0065 0.0025 0.0058 0.0022 0.0050 0.0035 0.0063 0.0063 0.0056 0.0083 0.0085 
      H563.8 12 0.0058 0.0031 0.0033 0.8304 0.0035 0.0049 0.0081 0.0094 0.0103 0.0039 0.0056 0.0041 0.0073 0.0026 0.0022 0.0193 0.0031 0.0040 0.0046 0.0036 0.0039 0.0019 0.0037 0.0057 0.0057 0.0093 0.0057 0.0082 0.0067 0.0040 0.0059 
      H563.9 12 0.0109 0.0046 0.0060 0.7961 0.0118 0.0057 0.0104 0.0053 0.0032 0.0079 0.0070 0.0038 0.0036 0.0045 0.0042 0.0067 0.0057 0.0081 0.0061 0.0026 0.0195 0.0021 0.0059 0.0041 0.0058 0.0069 0.0098 0.0078 0.0067 0.0107 0.0063 
     H7374.1 12 0.0050 0.0044 0.0067 0.0046 0.0076 0.0043 0.0039 0.8394 0.0038 0.0035 0.0050 0.0064 0.0036 0.0178 0.0037 0.0041 0.0030 0.0031 0.0023 0.0025 0.0080 0.0041 0.0105 0.0039 0.0088 0.0036 0.0070 0.0054 0.0062 0.0044 0.0036 
     H7374.2 12 0.0054 0.0036 0.0071 0.0083 0.0066 0.0036 0.0028 0.8464 0.0085 0.0022 0.0061 0.0065 0.0051 0.0050 0.0028 0.0087 0.0028 0.0040 0.0067 0.0028 0.0039 0.0038 0.0055 0.0054 0.0037 0.0050 0.0060 0.0065 0.0060 0.0018 0.0073 
     H7374.3 12 0.0083 0.0053 0.0108 0.0065 0.0165 0.0062 0.0044 0.7403 0.0059 0.0044 0.0068 0.0066 0.0058 0.0657 0.0053 0.0096 0.0044 0.0047 0.0032 0.0040 0.0095 0.0056 0.0075 0.0052 0.0073 0.0064 0.0076 0.0076 0.0095 0.0049 0.0041 
     H7374.4 12 0.0049 0.0037 0.0043 0.0035 0.0034 0.0050 0.0038 0.8747 0.0039 0.0055 0.0047 0.0027 0.0037 0.0021 0.0041 0.0056 0.0034 0.0043 0.0066 0.0029 0.0034 0.0043 0.0036 0.0030 0.0045 0.0044 0.0054 0.0053 0.0047 0.0039 0.0048 
     H7374.5 12 0.0044 0.0024 0.0024 0.0054 0.0032 0.0038 0.0054 0.8817 0.0081 0.0043 0.0035 0.0038 0.0035 0.0034 0.0037 0.0052 0.0029 0.0044 0.0030 0.0025 0.0027 0.0024 0.0056 0.0026 0.0053 0.0058 0.0038 0.0041 0.0034 0.0037 0.0037 
     H7374.6 12 0.0097 0.0060 0.0145 0.0064 0.0135 0.0048 0.0060 0.7800 0.0068 0.0080 0.0147 0.0035 0.0076 0.0151 0.0060 0.0083 0.0049 0.0078 0.0044 0.0032 0.0052 0.0085 0.0040 0.0049 0.0058 0.0051 0.0080 0.0082 0.0096 0.0050 0.0047 
     H7374.7 12 0.0034 0.0045 0.0033 0.0027 0.0038 0.0031 0.0038 0.8976 0.0028 0.0062 0.0045 0.0022 0.0043 0.0026 0.0026 0.0022 0.0021 0.0040 0.0028 0.0025 0.0036 0.0042 0.0039 0.0030 0.0034 0.0021 0.0036 0.0036 0.0034 0.0039 0.0044 
     H7374.8 12 0.0045 0.0046 0.0066 0.0070 0.0051 0.0028 0.0052 0.8664 0.0028 0.0050 0.0055 0.0036 0.0037 0.0110 0.0034 0.0028 0.0035 0.0042 0.0022 0.0029 0.0056 0.0041 0.0042 0.0040 0.0049 0.0021 0.0049 0.0044 0.0052 0.0051 0.0028 
     H7374.9 12 0.0037 0.0036 0.0033 0.0045 0.0029 0.0038 0.0051 0.8749 0.0075 0.0044 0.0034 0.0038 0.0065 0.0026 0.0050 0.0073 0.0029 0.0043 0.0033 0.0028 0.0029 0.0021 0.0043 0.0027 0.0058 0.0080 0.0039 0.0039 0.0040 0.0031 0.0036 
     H9563.1 12 0.0040 0.0025 0.0051 0.8726 0.0045 0.0044 0.0041 0.0032 0.0053 0.0043 0.0047 0.0037 0.0048 0.0052 0.0039 0.0037 0.0044 0.0035 0.0038 0.0045 0.0026 0.0026 0.0032 0.0055 0.0061 0.0041 0.0046 0.0047 0.0055 0.0053 0.0038 
     H9563.2 12 0.0054 0.0038 0.0059 0.8524 0.0033 0.0107 0.0034 0.0036 0.0053 0.0026 0.0054 0.0038 0.0034 0.0037 0.0034 0.0056 0.0030 0.0040 0.0030 0.0084 0.0023 0.0027 0.0033 0.0114 0.0052 0.0050 0.0049 0.0108 0.0054 0.0039 0.0047 
     H9563.3 12 0.0057 0.0055 0.0044 0.8514 0.0046 0.0073 0.0042 0.0047 0.0025 0.0035 0.0062 0.0033 0.0067 0.0088 0.0033 0.0022 0.0086 0.0033 0.0057 0.0054 0.0049 0.0040 0.0086 0.0043 0.0034 0.0024 0.0064 0.0050 0.0056 0.0051 0.0031 
     H9563.4 12 0.0327 0.0063 0.0128 0.6810 0.0100 0.0235 0.0071 0.0056 0.0067 0.0078 0.0126 0.0061 0.0186 0.0092 0.0035 0.0052 0.0054 0.0064 0.0049 0.0079 0.0097 0.0128 0.0081 0.0246 0.0064 0.0065 0.0171 0.0175 0.0115 0.0069 0.0056 
     H9563.5 12 0.0095 0.0040 0.0065 0.7993 0.0057 0.0112 0.0032 0.0030 0.0030 0.0051 0.0075 0.0058 0.0063 0.0047 0.0048 0.0034 0.0061 0.0053 0.0045 0.0077 0.0058 0.0056 0.0040 0.0185 0.0090 0.0045 0.0066 0.0174 0.0054 0.0126 0.0041 
     H9563.6 12 0.0079 0.0045 0.0036 0.8314 0.0032 0.0065 0.0088 0.0056 0.0030 0.0025 0.0068 0.0039 0.0040 0.0091 0.0022 0.0029 0.0084 0.0035 0.0041 0.0065 0.0035 0.0046 0.0249 0.0066 0.0029 0.0034 0.0056 0.0067 0.0063 0.0030 0.0042 
     H9563.7 12 0.0044 0.0039 0.0032 0.8714 0.0034 0.0046 0.0044 0.0055 0.0031 0.0020 0.0041 0.0064 0.0047 0.0059 0.0022 0.0021 0.0054 0.0028 0.0031 0.0029 0.0035 0.0088 0.0115 0.0066 0.0025 0.0024 0.0054 0.0040 0.0040 0.0027 0.0030 
     H9563.8 12 0.0184 0.0049 0.0306 0.6260 0.0047 0.0438 0.0025 0.0029 0.0062 0.0075 0.0112 0.0034 0.0102 0.0063 0.0043 0.0035 0.0088 0.0096 0.0072 0.0474 0.0084 0.0039 0.0062 0.0313 0.0107 0.0053 0.0147 0.0161 0.0171 0.0233 0.0035 
     H9563.9 12 0.0083 0.0040 0.0119 0.7929 0.0037 0.0125 0.0045 0.0044 0.0054 0.0033 0.0069 0.0030 0.0055 0.0052 0.0031 0.0033 0.0105 0.0056 0.0051 0.0159 0.0032 0.0029 0.0112 0.0182 0.0056 0.0046 0.0090 0.0109 0.0086 0.0061 0.0049 
     H9572.1 12 0.0111 0.0043 0.0041 0.0076 0.0089 0.0134 0.7550 0.0078 0.0069 0.0033 0.0073 0.0116 0.0044 0.0050 0.0059 0.0265 0.0054 0.0091 0.0044 0.0046 0.0061 0.0043 0.0041 0.0048 0.0033 0.0261 0.0072 0.0111 0.0102 0.0050 0.0112 
     H9572.2 12 0.0104 0.0161 0.0149 0.0284 0.0126 0.0124 0.6834 0.0206 0.0027 0.0049 0.0146 0.0089 0.0070 0.0100 0.0108 0.0059 0.0038 0.0056 0.0039 0.0086 0.0092 0.0025 0.0090 0.0215 0.0061 0.0117 0.0138 0.0166 0.0141 0.0053 0.0047 
     H9572.3 12 0.0231 0.0034 0.0165 0.0105 0.0077 0.0053 0.5433 0.0555 0.0048 0.0240 0.0125 0.0857 0.0063 0.0049 0.0063 0.0353 0.0049 0.0097 0.0039 0.0032 0.0280 0.0085 0.0140 0.0077 0.0070 0.0055 0.0142 0.0145 0.0198 0.0076 0.0065 
     H9572.4 12 0.0038 0.0026 0.0023 0.0038 0.0030 0.0025 0.8903 0.0059 0.0059 0.0066 0.0036 0.0059 0.0065 0.0041 0.0030 0.0039 0.0035 0.0041 0.0020 0.0023 0.0038 0.0038 0.0023 0.0023 0.0040 0.0029 0.0029 0.0023 0.0031 0.0039 0.0030 
     H9572.5 12 0.0048 0.0038 0.0021 0.0024 0.0084 0.0028 0.8550 0.0023 0.0026 0.0118 0.0041 0.0216 0.0034 0.0032 0.0027 0.0050 0.0033 0.0042 0.0025 0.0031 0.0022 0.0040 0.0045 0.0096 0.0036 0.0040 0.0046 0.0042 0.0046 0.0072 0.0023 
