      H105.1  1 0.9438 0.0071 0.0235 0.0073 0.0063 0.0070 0.0051 
      H105.2  1 0.9143 0.0102 0.0163 0.0058 0.0330 0.0120 0.0084 
      H105.3  1 0.9706 0.0039 0.0032 0.0062 0.0067 0.0041 0.0052 
      H105.4  1 0.9129 0.0055 0.0193 0.0136 0.0168 0.0159 0.0160 
      H105.5  1 0.6856 0.0119 0.2287 0.0093 0.0231 0.0236 0.0178 
      H105.6  1 0.9131 0.0067 0.0087 0.0183 0.0114 0.0240 0.0178 
      H105.7  1 0.9583 0.0043 0.0171 0.0046 0.0065 0.0051 0.0040 
      H105.8  1 0.9576 0.0048 0.0044 0.0039 0.0167 0.0074 0.0052 
      H115.1  1 0.0393 0.0271 0.0140 0.0048 0.0256 0.8832 0.0059 
      H115.2  1 0.0067 0.0081 0.0063 0.0040 0.0068 0.9650 0.0031 
      H115.3  1 0.0082 0.0119 0.0040 0.0045 0.0053 0.9619 0.0043 
      H115.4  1 0.0094 0.1118 0.0248 0.0153 0.0455 0.7843 0.0089 
      H115.5  1 0.0149 0.0773 0.0140 0.0192 0.0198 0.8419 0.0128 
      H115.6  1 0.0065 0.0427 0.0080 0.0079 0.0060 0.9267 0.0022 
      H115.7  1 0.0698 0.0181 0.0220 0.0064 0.0147 0.8637 0.0052 
      H115.8  1 0.0089 0.0149 0.0086 0.0046 0.0060 0.9549 0.0021 
      H115.9  1 0.0163 0.0094 0.0073 0.0036 0.0190 0.9403 0.0041 
      H145.1  1 0.0048 0.0125 0.0139 0.9485 0.0058 0.0093 0.0051 
      H145.2  1 0.0063 0.0086 0.0062 0.9599 0.0055 0.0074 0.0061 
      H145.3  1 0.0035 0.0054 0.0046 0.9745 0.0030 0.0039 0.0051 
      H145.4  1 0.0052 0.0055 0.0119 0.9647 0.0043 0.0045 0.0040 
      H145.5  1 0.0034 0.0095 0.0059 0.9713 0.0035 0.0036 0.0028 
      H145.6  1 0.0053 0.0056 0.0049 0.9728 0.0038 0.0036 0.0041 
      H145.7  1 0.0043 0.0052 0.0047 0.9757 0.0035 0.0028 0.0037 
      H149.1  1 0.0035 0.9774 0.0036 0.0039 0.0050 0.0033 0.0034 
      H149.2  1 0.0057 0.9667 0.0065 0.0076 0.0059 0.0032 0.0045 
      H149.3  1 0.0337 0.8420 0.0383 0.0344 0.0273 0.0103 0.0140 
      H149.4  1 0.0073 0.9627 0.0040 0.0047 0.0134 0.0033 0.0046 
      H149.5  1 0.0560 0.8191 0.0377 0.0263 0.0405 0.0032 0.0172 
      H149.6  1 0.0094 0.9631 0.0057 0.0094 0.0043 0.0035 0.0046 
      H149.7  1 0.0279 0.8128 0.0633 0.0089 0.0762 0.0057 0.0051 
      H150.1  1 0.0042 0.0030 0.0036 0.0046 0.0030 0.9796 0.0020 
      H150.2  1 0.0056 0.0071 0.0034 0.0033 0.0037 0.9733 0.0036 
      H150.3  1 0.0130 0.0108 0.0088 0.0060 0.0050 0.9543 0.0022 
      H150.4  1 0.0049 0.0038 0.0061 0.0048 0.0032 0.9753 0.0019 
      H150.5  1 0.0232 0.0063 0.0110 0.0062 0.0042 0.9463 0.0030 
      H150.6  1 0.0069 0.0087 0.0060 0.0089 0.0069 0.9581 0.0045 
      H150.7  1 0.0042 0.0046 0.0050 0.0053 0.0030 0.9753 0.0025 
   H169607.1  1 0.0079 0.0102 0.8157 0.0847 0.0222 0.0553 0.0040 
   H169607.2  1 0.0086 0.0063 0.9521 0.0091 0.0040 0.0134 0.0065 
   H169607.3  1 0.0054 0.0058 0.9511 0.0146 0.0101 0.0071 0.0060 
   H169607.4  1 0.0075 0.0074 0.9033 0.0595 0.0041 0.0134 0.0048 
   H169607.5  1 0.0057 0.0042 0.9683 0.0054 0.0030 0.0078 0.0055 
   H169607.6  1 0.0054 0.0053 0.9623 0.0081 0.0059 0.0077 0.0053 
   H169607.7  1 0.0066 0.0053 0.9560 0.0089 0.0073 0.0113 0.0047 
   H169607.8  1 0.0103 0.0056 0.9598 0.0084 0.0039 0.0072 0.0048 
   H169633.1  1 0.0095 0.9467 0.0074 0.0180 0.0054 0.0066 0.0064 
   H169633.2  1 0.0110 0.9335 0.0059 0.0242 0.0117 0.0047 0.0090 
   H169633.3  1 0.0094 0.9469 0.0090 0.0096 0.0071 0.0065 0.0115 
   H169633.4  1 0.0096 0.9478 0.0079 0.0096 0.0057 0.0086 0.0108 
   H169633.5  1 0.0098 0.9510 0.0061 0.0076 0.0066 0.0078 0.0111 
   H169688.1  1 0.0068 0.0079 0.9560 0.0072 0.0119 0.0046 0.0057 
   H169688.2  1 0.0103 0.0046 0.9560 0.0077 0.0091 0.0092 0.0031 
   H169688.3  1 0.0096 0.0091 0.9585 0.0081 0.0067 0.0060 0.0021 
   H169688.4  1 0.0029 0.0053 0.8924 0.0107 0.0068 0.0787 0.0032 
   H169688.5  1 0.0033 0.0047 0.8937 0.0085 0.0070 0.0792 0.0036 
   H169688.6  1 0.0058 0.0080 0.9073 0.0053 0.0537 0.0120 0.0079 
   H169688.7  1 0.0054 0.0198 0.8497 0.0665 0.0094 0.0470 0.0022 
   H171901.1  1 0.2362 0.0206 0.5497 0.0237 0.0195 0.1472 0.0031 
   H171901.2  1 0.0160 0.9255 0.0246 0.0089 0.0058 0.0156 0.0037 
   H171901.3  1 0.0261 0.8036 0.0844 0.0133 0.0135 0.0471 0.0120 
   H171901.4  1 0.0065 0.9382 0.0209 0.0064 0.0065 0.0156 0.0060 
   H171901.5  1 0.0088 0.9136 0.0184 0.0175 0.0122 0.0242 0.0054 
   H171901.6  1 0.0081 0.8677 0.0275 0.0230 0.0225 0.0444 0.0067 
   H171901.7  1 0.0104 0.6121 0.2983 0.0198 0.0208 0.0233 0.0153 
   H171902.1  1 0.0059 0.8978 0.0167 0.0245 0.0100 0.0372 0.0079 
  H171902.10  1 0.0041 0.9506 0.0169 0.0050 0.0078 0.0127 0.0029 
   H171902.2  1 0.0049 0.9347 0.0134 0.0139 0.0124 0.0164 0.0041 
   H171902.3  1 0.0044 0.9337 0.0083 0.0061 0.0086 0.0351 0.0037 
   H171902.4  1 0.0040 0.9712 0.0058 0.0075 0.0033 0.0055 0.0027 
   H171902.6  1 0.0038 0.9556 0.0086 0.0054 0.0064 0.0159 0.0043 
   H171902.7  1 0.0045 0.9290 0.0357 0.0061 0.0048 0.0168 0.0031 
   H171902.8  1 0.0050 0.9392 0.0094 0.0066 0.0073 0.0286 0.0038 
   H171902.9  1 0.0101 0.8377 0.0273 0.0390 0.0060 0.0744 0.0056 
   H171903.1  1 0.0089 0.0065 0.9399 0.0057 0.0039 0.0285 0.0065 
   H171903.2  1 0.0265 0.0045 0.8910 0.0095 0.0076 0.0456 0.0152 
   H171903.3  1 0.0160 0.0094 0.9249 0.0053 0.0091 0.0138 0.0216 
   H171903.4  1 0.0042 0.0045 0.9673 0.0063 0.0046 0.0090 0.0042 
   H171903.5  1 0.0125 0.0114 0.9363 0.0049 0.0088 0.0210 0.0051 
   H171903.6  1 0.0031 0.0055 0.9706 0.0036 0.0044 0.0070 0.0058 
      H177.1  1 0.0068 0.0682 0.8465 0.0162 0.0290 0.0194 0.0140 
      H177.2  1 0.0114 0.0952 0.3351 0.3654 0.1266 0.0459 0.0204 
      H177.3  1 0.0096 0.2035 0.5411 0.0932 0.0605 0.0673 0.0247 
      H177.4  1 0.0117 0.0764 0.5694 0.0251 0.2549 0.0049 0.0575 
      H177.5  1 0.0228 0.0337 0.8218 0.0185 0.0756 0.0205 0.0072 
      H177.6  1 0.0104 0.4141 0.3884 0.0567 0.0570 0.0622 0.0112 
      H179.1  1 0.0054 0.0038 0.0063 0.0029 0.9743 0.0049 0.0025 
      H179.2  1 0.0041 0.0052 0.0097 0.0034 0.9598 0.0085 0.0093 
      H179.3  1 0.0056 0.0051 0.0379 0.0058 0.9264 0.0128 0.0063 
      H179.4  1 0.0124 0.0225 0.0463 0.0371 0.8230 0.0084 0.0502 
      H180.1  1 0.0082 0.0146 0.0079 0.0053 0.0433 0.9164 0.0044 
      H180.2  1 0.0098 0.0082 0.0068 0.0072 0.0253 0.9349 0.0079 
      H180.3  1 0.0036 0.0128 0.0131 0.0124 0.0204 0.9311 0.0066 
      H180.4  1 0.0123 0.0120 0.0059 0.0083 0.0286 0.9265 0.0063 
      H180.5  1 0.0086 0.0141 0.0198 0.0119 0.0376 0.9028 0.0052 
      H180.6  1 0.0057 0.0478 0.0249 0.0427 0.0269 0.8454 0.0064 
      H181.1  1 0.0266 0.3581 0.0871 0.0073 0.4802 0.0328 0.0080 
      H181.2  1 0.0251 0.1005 0.0270 0.0629 0.7366 0.0404 0.0075 
      H181.3  1 0.0656 0.2612 0.0176 0.0237 0.5942 0.0329 0.0048 
      H181.4  1 0.0553 0.1870 0.1210 0.0375 0.2469 0.3317 0.0205 
      H181.5  1 0.0104 0.0113 0.0084 0.0038 0.9556 0.0045 0.0060 
      H181.6  1 0.0111 0.0134 0.0171 0.0072 0.9095 0.0333 0.0084 
      H181.7  1 0.0090 0.0174 0.0258 0.0067 0.9189 0.0152 0.0070 
 H194.1_2004  1 0.0049 0.0048 0.9701 0.0072 0.0030 0.0064 0.0036 
 H194.2_2004  1 0.0052 0.0069 0.9555 0.0208 0.0039 0.0053 0.0025 
 H194.3_2004  1 0.0058 0.0675 0.7516 0.0761 0.0887 0.0041 0.0062 
 H194.4_2004  1 0.0044 0.0562 0.8126 0.1069 0.0100 0.0050 0.0050 
 H194.5_2004  1 0.0083 0.0310 0.8970 0.0318 0.0173 0.0057 0.0089 
 H194.6_2004  1 0.0048 0.0475 0.8712 0.0248 0.0271 0.0062 0.0184 
 H194.7_2004  1 0.0057 0.0045 0.9672 0.0105 0.0039 0.0045 0.0037 
 H194.8_2004  1 0.0057 0.0288 0.8846 0.0551 0.0120 0.0053 0.0085 
      H194.9  1 0.0074 0.0111 0.9351 0.0306 0.0048 0.0056 0.0054 
 H195.1_2003  1 0.0063 0.0216 0.0106 0.9445 0.0056 0.0059 0.0054 
 H195.1_2004  1 0.0039 0.0076 0.0049 0.9738 0.0030 0.0036 0.0032 
 H195.2_2003  1 0.0098 0.0121 0.0720 0.8801 0.0067 0.0119 0.0073 
 H195.2_2004  1 0.0034 0.0050 0.0033 0.9799 0.0027 0.0033 0.0024 
 H195.3_2003  1 0.0251 0.0071 0.2329 0.6689 0.0056 0.0536 0.0069 
 H195.3_2004  1 0.0036 0.0091 0.0050 0.9729 0.0033 0.0026 0.0034 
 H195.4_2003  1 0.0037 0.0126 0.0046 0.9645 0.0061 0.0042 0.0044 
 H195.4_2004  1 0.0033 0.0041 0.0069 0.9750 0.0035 0.0029 0.0043 
 H195.5_2003  1 0.0107 0.0171 0.0085 0.9454 0.0043 0.0080 0.0060 
 H195.5_2004  1 0.0033 0.0043 0.0035 0.9760 0.0039 0.0034 0.0057 
 H195.6_2003  1 0.0052 0.0064 0.0076 0.9604 0.0031 0.0124 0.0048 
 H195.6_2004  1 0.0036 0.0045 0.0049 0.9770 0.0042 0.0023 0.0035 
 H195.7_2003  1 0.0099 0.0107 0.0912 0.8695 0.0075 0.0044 0.0070 
 H195.7_2004  1 0.0032 0.0032 0.0043 0.9779 0.0034 0.0050 0.0029 
      H195.8  1 0.0039 0.0038 0.0062 0.9744 0.0027 0.0042 0.0048 
      H195.9  1 0.0027 0.0058 0.0074 0.9717 0.0040 0.0037 0.0047 
      H415.1  1 0.0096 0.6943 0.0193 0.0201 0.0133 0.2404 0.0030 
      H415.2  1 0.0183 0.5312 0.2398 0.0132 0.1417 0.0515 0.0042 
      H415.3  1 0.0189 0.8751 0.0114 0.0094 0.0579 0.0180 0.0092 
      H415.4  1 0.0093 0.7596 0.0093 0.0266 0.0213 0.1649 0.0089 
      H415.5  1 0.0098 0.9063 0.0088 0.0139 0.0409 0.0125 0.0077 
      H415.6  1 0.0115 0.7724 0.0110 0.0222 0.0173 0.1575 0.0080 
      H415.7  1 0.0118 0.8727 0.0574 0.0162 0.0184 0.0105 0.0130 
      H506.1  1 0.0040 0.0044 0.0034 0.0027 0.9791 0.0024 0.0040 
      H506.2  1 0.0035 0.0059 0.0039 0.0097 0.9706 0.0022 0.0042 
      H506.3  1 0.0043 0.0051 0.0071 0.0046 0.9709 0.0044 0.0036 
      H506.4  1 0.0053 0.0072 0.0090 0.0036 0.9553 0.0074 0.0121 
      H506.5  1 0.0039 0.0091 0.0042 0.0083 0.9629 0.0030 0.0086 
      H506.6  1 0.0090 0.0075 0.0278 0.0410 0.8942 0.0096 0.0110 
      H506.7  1 0.0042 0.0053 0.0033 0.0054 0.9755 0.0023 0.0040 
      H533.1  1 0.0032 0.0049 0.0029 0.0033 0.9796 0.0027 0.0034 
      H533.2  1 0.0033 0.0068 0.0026 0.0043 0.9767 0.0029 0.0035 
      H533.3  1 0.0040 0.0057 0.0058 0.0039 0.9736 0.0035 0.0035 
      H533.4  1 0.0050 0.0129 0.0167 0.0319 0.9215 0.0046 0.0074 
      H535.1  1 0.0025 0.0037 0.0038 0.0036 0.0040 0.0034 0.9789 
      H535.2  1 0.0040 0.0031 0.0038 0.0043 0.0039 0.0026 0.9782 
      H535.3  1 0.0034 0.0025 0.0030 0.0030 0.0033 0.0022 0.9825 
      H535.4  1 0.0032 0.0039 0.0036 0.0041 0.0034 0.0021 0.9797 
      H535.5  1 0.0026 0.0031 0.0027 0.0034 0.0038 0.0024 0.9819 
      H535.6  1 0.0029 0.0042 0.0042 0.0043 0.0042 0.0058 0.9743 
      H535.7  1 0.0023 0.0031 0.0032 0.0024 0.0029 0.0019 0.9843 
      H535.8  1 0.0027 0.0031 0.0041 0.0031 0.0033 0.0026 0.9811 
      H535.9  1 0.0026 0.0030 0.0032 0.0033 0.0030 0.0036 0.9812 
      H539.1  1 0.0035 0.0041 0.0043 0.0032 0.0025 0.9794 0.0030 
      H539.2  1 0.0072 0.0052 0.0674 0.0083 0.0052 0.8924 0.0143 
      H539.3  1 0.0044 0.0038 0.0229 0.0101 0.0038 0.9432 0.0118 
      H539.4  1 0.0043 0.0034 0.0048 0.0041 0.0035 0.9770 0.0028 
      H539.5  1 0.0029 0.0030 0.0053 0.0025 0.0029 0.9802 0.0032 
      H539.6  1 0.0031 0.0040 0.0064 0.0040 0.0031 0.9752 0.0042 
      H539.7  1 0.0041 0.0033 0.0042 0.0030 0.0028 0.9788 0.0037 
      H539.8  1 0.0082 0.0047 0.0143 0.0073 0.0048 0.9417 0.0190 
      H539.9  1 0.0038 0.0031 0.0049 0.0027 0.0031 0.9806 0.0018 
      H540.1  1 0.0042 0.0095 0.0891 0.0080 0.0056 0.8765 0.0072 
      H540.2  1 0.0056 0.0061 0.0183 0.0053 0.0050 0.9572 0.0025 
      H540.3  1 0.0074 0.0127 0.0304 0.0149 0.0072 0.9208 0.0065 
      H540.4  1 0.0062 0.0043 0.0148 0.0040 0.0067 0.9590 0.0049 
      H540.5  1 0.0050 0.0080 0.0353 0.0042 0.0062 0.9377 0.0036 
      H540.6  1 0.0079 0.0088 0.0954 0.0051 0.0086 0.8689 0.0053 
      H540.7  1 0.0070 0.0166 0.0299 0.0064 0.0066 0.9297 0.0038 
      H540.8  1 0.0042 0.0253 0.4315 0.0060 0.0042 0.5194 0.0094 
     H9558.1  1 0.0048 0.0040 0.0096 0.0035 0.0056 0.9145 0.0581 
     H9558.2  1 0.0203 0.0070 0.0123 0.0054 0.0143 0.8871 0.0536 
     H9558.3  1 0.0356 0.0038 0.0128 0.0056 0.0080 0.9234 0.0108 
     H9558.4  1 0.0054 0.0044 0.0189 0.0030 0.0043 0.9150 0.0489 
     H9558.5  1 0.0053 0.0032 0.0039 0.0030 0.0029 0.9553 0.0264 
     H9558.6  1 0.0134 0.0073 0.0117 0.0056 0.0069 0.9465 0.0086 
    kos339.1  1 0.0092 0.9615 0.0056 0.0033 0.0088 0.0050 0.0067 
    kos339.2  1 0.0064 0.9662 0.0036 0.0064 0.0065 0.0042 0.0066 
    kos339.3  1 0.0028 0.9687 0.0050 0.0043 0.0059 0.0035 0.0098 
    kos339.4  1 0.0035 0.9704 0.0047 0.0040 0.0063 0.0043 0.0068 
    kos339.5  1 0.0113 0.9605 0.0047 0.0036 0.0130 0.0038 0.0032 
    kos339.6  1 0.0058 0.9640 0.0082 0.0061 0.0086 0.0038 0.0035 
    kos339.7  1 0.0030 0.9580 0.0044 0.0041 0.0079 0.0031 0.0194 
    kos339.8  1 0.0051 0.9650 0.0038 0.0037 0.0143 0.0033 0.0048 
    kos339.9  1 0.0048 0.9603 0.0059 0.0070 0.0073 0.0104 0.0043 
      H409.1 12 0.0120 0.0090 0.0966 0.0048 0.8716 0.0031 0.0028 
     H409.10 12 0.0103 0.0060 0.1021 0.0100 0.8607 0.0065 0.0045 
      H409.2 12 0.0064 0.0136 0.1054 0.0082 0.8540 0.0042 0.0083 
      H409.3 12 0.0135 0.0082 0.1038 0.0072 0.8551 0.0074 0.0048 
      H409.4 12 0.0082 0.0055 0.1202 0.0074 0.8444 0.0083 0.0060 
      H409.5 12 0.0060 0.0063 0.1189 0.0075 0.8461 0.0070 0.0081 
      H409.6 12 0.1423 0.0073 0.0448 0.0076 0.7693 0.0134 0.0152 
      H409.7 12 0.0357 0.0100 0.1107 0.0182 0.8157 0.0064 0.0033 
      H409.8 12 0.0209 0.0066 0.1027 0.0046 0.8561 0.0037 0.0054 
      H409.9 12 0.0497 0.0041 0.0083 0.0043 0.5872 0.3338 0.0127 
      H413.1 12 0.9645 0.0048 0.0071 0.0039 0.0033 0.0106 0.0058 
      H413.2 12 0.9639 0.0067 0.0056 0.0054 0.0036 0.0081 0.0066 
      H413.3 12 0.9620 0.0034 0.0107 0.0031 0.0068 0.0108 0.0033 
      H413.4 12 0.9594 0.0052 0.0041 0.0053 0.0092 0.0129 0.0039 
      H413.5 12 0.7803 0.0069 0.0064 0.0041 0.0066 0.1918 0.0039 
      H413.6 12 0.8687 0.0051 0.0104 0.0090 0.0034 0.0991 0.0043 
      H413.7 12 0.9662 0.0036 0.0061 0.0046 0.0030 0.0098 0.0067 
      H563.1 12 0.9747 0.0031 0.0044 0.0051 0.0037 0.0065 0.0024 
      H563.2 12 0.9474 0.0120 0.0136 0.0060 0.0081 0.0089 0.0041 
      H563.3 12 0.9688 0.0040 0.0075 0.0064 0.0050 0.0061 0.0023 
      H563.4 12 0.9728 0.0047 0.0046 0.0044 0.0056 0.0053 0.0028 
      H563.5 12 0.9746 0.0039 0.0043 0.0059 0.0038 0.0055 0.0020 
      H563.6 12 0.9646 0.0091 0.0057 0.0058 0.0057 0.0055 0.0035 
      H563.7 12 0.9740 0.0069 0.0044 0.0040 0.0048 0.0034 0.0024 
      H563.8 12 0.9619 0.0060 0.0062 0.0061 0.0047 0.0130 0.0021 
      H563.9 12 0.9485 0.0084 0.0106 0.0065 0.0164 0.0073 0.0021 
     H7374.1 12 0.2701 0.0105 0.0285 0.6529 0.0093 0.0097 0.0190 
     H7374.2 12 0.3271 0.0057 0.0556 0.5803 0.0093 0.0170 0.0051 
     H7374.3 12 0.2094 0.0069 0.0161 0.7467 0.0071 0.0070 0.0068 
     H7374.4 12 0.1823 0.0428 0.0401 0.6329 0.0177 0.0466 0.0375 
     H7374.5 12 0.2335 0.0152 0.0159 0.6764 0.0132 0.0375 0.0083 
     H7374.6 12 0.1514 0.0133 0.0193 0.7713 0.0070 0.0082 0.0295 
     H7374.7 12 0.2002 0.0145 0.0116 0.7309 0.0123 0.0065 0.0239 
     H7374.8 12 0.2189 0.0136 0.0085 0.7389 0.0068 0.0037 0.0096 
     H7374.9 12 0.1904 0.0163 0.0167 0.7349 0.0101 0.0259 0.0058 
     H9563.1 12 0.9594 0.0079 0.0073 0.0062 0.0079 0.0075 0.0038 
     H9563.2 12 0.9559 0.0061 0.0085 0.0069 0.0052 0.0120 0.0054 
     H9563.3 12 0.9611 0.0058 0.0064 0.0085 0.0099 0.0037 0.0045 
     H9563.4 12 0.8743 0.0150 0.0293 0.0146 0.0178 0.0223 0.0267 
     H9563.5 12 0.9372 0.0096 0.0131 0.0083 0.0145 0.0105 0.0068 
     H9563.6 12 0.9715 0.0036 0.0038 0.0062 0.0061 0.0045 0.0042 
     H9563.7 12 0.9712 0.0033 0.0046 0.0052 0.0047 0.0044 0.0066 
     H9563.8 12 0.8579 0.0351 0.0197 0.0140 0.0287 0.0340 0.0105 
     H9563.9 12 0.9539 0.0083 0.0069 0.0059 0.0086 0.0125 0.0040 
     H9572.1 12 0.4998 0.0196 0.0229 0.0334 0.2108 0.1899 0.0235 
     H9572.2 12 0.6472 0.0688 0.0548 0.1373 0.0271 0.0595 0.0052 
     H9572.3 12 0.3612 0.3522 0.1551 0.0257 0.0438 0.0340 0.0280 
     H9572.4 12 0.4267 0.3443 0.0515 0.0616 0.0435 0.0234 0.0489 
     H9572.5 12 0.2257 0.4700 0.1227 0.0375 0.0560 0.0697 0.0184 
