T1_1 1,2,3,4,5,6,7,8,9,10,11,12 1 10000 10000
T1_2 1,2,3,4,5,6,7,8,9,10,11,12 1 10000 10000
T1_3 1,2,3,4,5,6,7,8,9,10,11,12 1 10000 10000
T1_4 1,2,3,4,5,6,7,8,9,10,11,12 1 10000 10000
T1_5 1,2,3,4,5,6,7,8,9,10,11,12 1 10000 10000
T1_6 1,2,3,4,5,6,7,8,9,10,11,12 1 10000 10000
T1_7 1,2,3,4,5,6,7,8,9,10,11,12 1 10000 10000
T1_8 1,2,3,4,5,6,7,8,9,10,11,12 1 10000 10000
T1_9 1,2,3,4,5,6,7,8,9,10,11,12 1 10000 10000
T1_10 1,2,3,4,5,6,7,8,9,10,11,12 1 10000 10000
T1_11 1,2,3,4,5,6,7,8,9,10,11,12 1 10000 10000
T1_12 1,2,3,4,5,6,7,8,9,10,11,12 1 10000 10000
T1_13 1,2,3,4,5,6,7,8,9,10,11,12 1 10000 10000
T1_14 1,2,3,4,5,6,7,8,9,10,11,12 1 10000 10000
T1_15 1,2,3,4,5,6,7,8,9,10,11,12 1 10000 10000
T1_16 1,2,3,4,5,6,7,8,9,10,11,12 1 10000 10000
T1_17 1,2,3,4,5,6,7,8,9,10,11,12 1 10000 10000
T1_18 1,2,3,4,5,6,7,8,9,10,11,12 1 10000 10000
T1_19 1,2,3,4,5,6,7,8,9,10,11,12 1 10000 10000
T1_20 1,2,3,4,5,6,7,8,9,10,11,12 1 10000 10000
T1_21 1,2,3,4,5,6,7,8,9,10,11,12 1 10000 10000
T1_22 1,2,3,4,5,6,7,8,9,10,11,12 1 10000 10000
T1_23 1,2,3,4,5,6,7,8,9,10,11,12 1 10000 10000
T1_24 1,2,3,4,5,6,7,8,9,10,11,12 1 10000 10000
T1_25 1,2,3,4,5,6,7,8,9,10,11,12 1 10000 10000
T1_26 1,2,3,4,5,6,7,8,9,10,11,12 1 10000 10000
T1_27 1,2,3,4,5,6,7,8,9,10,11,12 1 10000 10000
T1_28 1,2,3,4,5,6,7,8,9,10,11,12 1 10000 10000
T1_29 1,2,3,4,5,6,7,8,9,10,11,12 1 10000 10000
T1_30 1,2,3,4,5,6,7,8,9,10,11,12 1 10000 10000
T1_31 1,2,3,4,5,6,7,8,9,10,11,12 1 10000 10000
T1_32 1,2,3,4,5,6,7,8,9,10,11,12 1 10000 10000
T1_33 1,2,3,4,5,6,7,8,9,10,11,12 1 10000 10000
T1_34 1,2,3,4,5,6,7,8,9,10,11,12 1 10000 10000
T1_35 1,2,3,4,5,6,7,8,9,10,11,12 1 10000 10000
T1_36 1,2,3,4,5,6,7,8,9,10,11,12 1 10000 10000
T1_37 1,2,3,4,5,6,7,8,9,10,11,12 1 10000 10000
T1_38 1,2,3,4,5,6,7,8,9,10,11,12 1 10000 10000
T1_39 1,2,3,4,5,6,7,8,9,10,11,12 1 10000 10000
T1_40 1,2,3,4,5,6,7,8,9,10,11,12 1 10000 10000
T1_41 1,2,3,4,5,6,7,8,9,10,11,12 1 10000 10000
T1_42 1,2,3,4,5,6,7,8,9,10,11,12 1 10000 10000
T1_43 1,2,3,4,5,6,7,8,9,10,11,12 1 10000 10000
T1_44 1,2,3,4,5,6,7,8,9,10,11,12 1 10000 10000
T1_45 1,2,3,4,5,6,7,8,9,10,11,12 1 10000 10000
T1_46 1,2,3,4,5,6,7,8,9,10,11,12 1 10000 10000
T1_47 1,2,3,4,5,6,7,8,9,10,11,12 1 10000 10000
T1_48 1,2,3,4,5,6,7,8,9,10,11,12 1 10000 10000
T1_49 1,2,3,4,5,6,7,8,9,10,11,12 1 10000 10000
T1_50 1,2,3,4,5,6,7,8,9,10,11,12 1 10000 10000
T1_51 1,2,3,4,5,6,7,8,9,10,11,12 1 10000 10000
T1_52 1,2,3,4,5,6,7,8,9,10,11,12 1 10000 10000
T1_53 1,2,3,4,5,6,7,8,9,10,11,12 1 10000 10000
T1_54 1,2,3,4,5,6,7,8,9,10,11,12 1 10000 10000
T1_55 1,2,3,4,5,6,7,8,9,10,11,12 1 10000 10000
T1_56 1,2,3,4,5,6,7,8,9,10,11,12 1 10000 10000
T1_57 1,2,3,4,5,6,7,8,9,10,11,12 1 10000 10000
T1_58 1,2,3,4,5,6,7,8,9,10,11,12 1 10000 10000
T1_59 1,2,3,4,5,6,7,8,9,10,11,12 1 10000 10000
T1_60 1,2,3,4,5,6,7,8,9,10,11,12 1 10000 10000
T1_61 1,2,3,4,5,6,7,8,9,10,11,12 1 10000 10000
T1_62 1,2,3,4,5,6,7,8,9,10,11,12 1 10000 10000
T1_63 1,2,3,4,5,6,7,8,9,10,11,12 1 10000 10000
T1_64 1,2,3,4,5,6,7,8,9,10,11,12 1 10000 10000
T1_65 1,2,3,4,5,6,7,8,9,10,11,12 1 10000 10000
T1_66 1,2,3,4,5,6,7,8,9,10,11,12 1 10000 10000
T1_67 1,2,3,4,5,6,7,8,9,10,11,12 1 10000 10000
T1_68 1,2,3,4,5,6,7,8,9,10,11,12 1 10000 10000
T1_69 1,2,3,4,5,6,7,8,9,10,11,12 1 10000 10000
T1_70 1,2,3,4,5,6,7,8,9,10,11,12 1 10000 10000
T1_71 1,2,3,4,5,6,7,8,9,10,11,12 1 10000 10000
T1_72 1,2,3,4,5,6,7,8,9,10,11,12 1 10000 10000
T1_73 1,2,3,4,5,6,7,8,9,10,11,12 1 10000 10000
T1_74 1,2,3,4,5,6,7,8,9,10,11,12 1 10000 10000
T1_75 1,2,3,4,5,6,7,8,9,10,11,12 1 10000 10000
T1_76 1,2,3,4,5,6,7,8,9,10,11,12 1 10000 10000
T1_77 1,2,3,4,5,6,7,8,9,10,11,12 1 10000 10000
T1_78 1,2,3,4,5,6,7,8,9,10,11,12 1 10000 10000
T1_79 1,2,3,4,5,6,7,8,9,10,11,12 1 10000 10000
T1_80 1,2,3,4,5,6,7,8,9,10,11,12 1 10000 10000
T1_81 1,2,3,4,5,6,7,8,9,10,11,12 1 10000 10000
T1_82 1,2,3,4,5,6,7,8,9,10,11,12 1 10000 10000
T1_83 1,2,3,4,5,6,7,8,9,10,11,12 1 10000 10000
T1_84 1,2,3,4,5,6,7,8,9,10,11,12 1 10000 10000
T1_85 1,2,3,4,5,6,7,8,9,10,11,12 1 10000 10000
T1_86 1,2,3,4,5,6,7,8,9,10,11,12 1 10000 10000
T1_87 1,2,3,4,5,6,7,8,9,10,11,12 1 10000 10000
T1_88 1,2,3,4,5,6,7,8,9,10,11,12 1 10000 10000
T1_89 1,2,3,4,5,6,7,8,9,10,11,12 1 10000 10000
T1_90 1,2,3,4,5,6,7,8,9,10,11,12 1 10000 10000
T1_91 1,2,3,4,5,6,7,8,9,10,11,12 1 10000 10000
T1_92 1,2,3,4,5,6,7,8,9,10,11,12 1 10000 10000
T1_93 1,2,3,4,5,6,7,8,9,10,11,12 1 10000 10000
T1_94 1,2,3,4,5,6,7,8,9,10,11,12 1 10000 10000
T1_95 1,2,3,4,5,6,7,8,9,10,11,12 1 10000 10000
T1_96 1,2,3,4,5,6,7,8,9,10,11,12 1 10000 10000
T1_97 1,2,3,4,5,6,7,8,9,10,11,12 1 10000 10000
T1_98 1,2,3,4,5,6,7,8,9,10,11,12 1 10000 10000
T1_99 1,2,3,4,5,6,7,8,9,10,11,12 1 10000 10000
T1_100 1,2,3,4,5,6,7,8,9,10,11,12 1 10000 10000
T2_1 1,2,3,4,5,6,7,8,9,10,11,12 2 10000 10000
T2_2 1,2,3,4,5,6,7,8,9,10,11,12 2 10000 10000
T2_3 1,2,3,4,5,6,7,8,9,10,11,12 2 10000 10000
T2_4 1,2,3,4,5,6,7,8,9,10,11,12 2 10000 10000
T2_5 1,2,3,4,5,6,7,8,9,10,11,12 2 10000 10000
T2_6 1,2,3,4,5,6,7,8,9,10,11,12 2 10000 10000
T2_7 1,2,3,4,5,6,7,8,9,10,11,12 2 10000 10000
T2_8 1,2,3,4,5,6,7,8,9,10,11,12 2 10000 10000
T2_9 1,2,3,4,5,6,7,8,9,10,11,12 2 10000 10000
T2_10 1,2,3,4,5,6,7,8,9,10,11,12 2 10000 10000
T2_11 1,2,3,4,5,6,7,8,9,10,11,12 2 10000 10000
T2_12 1,2,3,4,5,6,7,8,9,10,11,12 2 10000 10000
T2_13 1,2,3,4,5,6,7,8,9,10,11,12 2 10000 10000
T2_14 1,2,3,4,5,6,7,8,9,10,11,12 2 10000 10000
T2_15 1,2,3,4,5,6,7,8,9,10,11,12 2 10000 10000
T2_16 1,2,3,4,5,6,7,8,9,10,11,12 2 10000 10000
T2_17 1,2,3,4,5,6,7,8,9,10,11,12 2 10000 10000
T2_18 1,2,3,4,5,6,7,8,9,10,11,12 2 10000 10000
T2_19 1,2,3,4,5,6,7,8,9,10,11,12 2 10000 10000
T2_20 1,2,3,4,5,6,7,8,9,10,11,12 2 10000 10000
T2_21 1,2,3,4,5,6,7,8,9,10,11,12 2 10000 10000
T2_22 1,2,3,4,5,6,7,8,9,10,11,12 2 10000 10000
T2_23 1,2,3,4,5,6,7,8,9,10,11,12 2 10000 10000
T2_24 1,2,3,4,5,6,7,8,9,10,11,12 2 10000 10000
T2_25 1,2,3,4,5,6,7,8,9,10,11,12 2 10000 10000
T2_26 1,2,3,4,5,6,7,8,9,10,11,12 2 10000 10000
T2_27 1,2,3,4,5,6,7,8,9,10,11,12 2 10000 10000
T2_28 1,2,3,4,5,6,7,8,9,10,11,12 2 10000 10000
T2_29 1,2,3,4,5,6,7,8,9,10,11,12 2 10000 10000
T2_30 1,2,3,4,5,6,7,8,9,10,11,12 2 10000 10000
T2_31 1,2,3,4,5,6,7,8,9,10,11,12 2 10000 10000
T2_32 1,2,3,4,5,6,7,8,9,10,11,12 2 10000 10000
T2_33 1,2,3,4,5,6,7,8,9,10,11,12 2 10000 10000
T2_34 1,2,3,4,5,6,7,8,9,10,11,12 2 10000 10000
T2_35 1,2,3,4,5,6,7,8,9,10,11,12 2 10000 10000
T2_36 1,2,3,4,5,6,7,8,9,10,11,12 2 10000 10000
T2_37 1,2,3,4,5,6,7,8,9,10,11,12 2 10000 10000
T2_38 1,2,3,4,5,6,7,8,9,10,11,12 2 10000 10000
T2_39 1,2,3,4,5,6,7,8,9,10,11,12 2 10000 10000
T2_40 1,2,3,4,5,6,7,8,9,10,11,12 2 10000 10000
T2_41 1,2,3,4,5,6,7,8,9,10,11,12 2 10000 10000
T2_42 1,2,3,4,5,6,7,8,9,10,11,12 2 10000 10000
T2_43 1,2,3,4,5,6,7,8,9,10,11,12 2 10000 10000
T2_44 1,2,3,4,5,6,7,8,9,10,11,12 2 10000 10000
T2_45 1,2,3,4,5,6,7,8,9,10,11,12 2 10000 10000
T2_46 1,2,3,4,5,6,7,8,9,10,11,12 2 10000 10000
T2_47 1,2,3,4,5,6,7,8,9,10,11,12 2 10000 10000
T2_48 1,2,3,4,5,6,7,8,9,10,11,12 2 10000 10000
T2_49 1,2,3,4,5,6,7,8,9,10,11,12 2 10000 10000
T2_50 1,2,3,4,5,6,7,8,9,10,11,12 2 10000 10000
T2_51 1,2,3,4,5,6,7,8,9,10,11,12 2 10000 10000
T2_52 1,2,3,4,5,6,7,8,9,10,11,12 2 10000 10000
T2_53 1,2,3,4,5,6,7,8,9,10,11,12 2 10000 10000
T2_54 1,2,3,4,5,6,7,8,9,10,11,12 2 10000 10000
T2_55 1,2,3,4,5,6,7,8,9,10,11,12 2 10000 10000
T2_56 1,2,3,4,5,6,7,8,9,10,11,12 2 10000 10000
T2_57 1,2,3,4,5,6,7,8,9,10,11,12 2 10000 10000
T2_58 1,2,3,4,5,6,7,8,9,10,11,12 2 10000 10000
T2_59 1,2,3,4,5,6,7,8,9,10,11,12 2 10000 10000
T2_60 1,2,3,4,5,6,7,8,9,10,11,12 2 10000 10000
T2_61 1,2,3,4,5,6,7,8,9,10,11,12 2 10000 10000
T2_62 1,2,3,4,5,6,7,8,9,10,11,12 2 10000 10000
T2_63 1,2,3,4,5,6,7,8,9,10,11,12 2 10000 10000
T2_64 1,2,3,4,5,6,7,8,9,10,11,12 2 10000 10000
T2_65 1,2,3,4,5,6,7,8,9,10,11,12 2 10000 10000
T2_66 1,2,3,4,5,6,7,8,9,10,11,12 2 10000 10000
T2_67 1,2,3,4,5,6,7,8,9,10,11,12 2 10000 10000
T2_68 1,2,3,4,5,6,7,8,9,10,11,12 2 10000 10000
T2_69 1,2,3,4,5,6,7,8,9,10,11,12 2 10000 10000
T2_70 1,2,3,4,5,6,7,8,9,10,11,12 2 10000 10000
T2_71 1,2,3,4,5,6,7,8,9,10,11,12 2 10000 10000
T2_72 1,2,3,4,5,6,7,8,9,10,11,12 2 10000 10000
T2_73 1,2,3,4,5,6,7,8,9,10,11,12 2 10000 10000
T2_74 1,2,3,4,5,6,7,8,9,10,11,12 2 10000 10000
T2_75 1,2,3,4,5,6,7,8,9,10,11,12 2 10000 10000
T2_76 1,2,3,4,5,6,7,8,9,10,11,12 2 10000 10000
T2_77 1,2,3,4,5,6,7,8,9,10,11,12 2 10000 10000
T2_78 1,2,3,4,5,6,7,8,9,10,11,12 2 10000 10000
T2_79 1,2,3,4,5,6,7,8,9,10,11,12 2 10000 10000
T2_80 1,2,3,4,5,6,7,8,9,10,11,12 2 10000 10000
T2_81 1,2,3,4,5,6,7,8,9,10,11,12 2 10000 10000
T2_82 1,2,3,4,5,6,7,8,9,10,11,12 2 10000 10000
T2_83 1,2,3,4,5,6,7,8,9,10,11,12 2 10000 10000
T2_84 1,2,3,4,5,6,7,8,9,10,11,12 2 10000 10000
T2_85 1,2,3,4,5,6,7,8,9,10,11,12 2 10000 10000
T2_86 1,2,3,4,5,6,7,8,9,10,11,12 2 10000 10000
T2_87 1,2,3,4,5,6,7,8,9,10,11,12 2 10000 10000
T2_88 1,2,3,4,5,6,7,8,9,10,11,12 2 10000 10000
T2_89 1,2,3,4,5,6,7,8,9,10,11,12 2 10000 10000
T2_90 1,2,3,4,5,6,7,8,9,10,11,12 2 10000 10000
T2_91 1,2,3,4,5,6,7,8,9,10,11,12 2 10000 10000
T2_92 1,2,3,4,5,6,7,8,9,10,11,12 2 10000 10000
T2_93 1,2,3,4,5,6,7,8,9,10,11,12 2 10000 10000
T2_94 1,2,3,4,5,6,7,8,9,10,11,12 2 10000 10000
T2_95 1,2,3,4,5,6,7,8,9,10,11,12 2 10000 10000
T2_96 1,2,3,4,5,6,7,8,9,10,11,12 2 10000 10000
T2_97 1,2,3,4,5,6,7,8,9,10,11,12 2 10000 10000
T2_98 1,2,3,4,5,6,7,8,9,10,11,12 2 10000 10000
T2_99 1,2,3,4,5,6,7,8,9,10,11,12 2 10000 10000
T2_100 1,2,3,4,5,6,7,8,9,10,11,12 2 10000 10000
T3_1 1,2,3,4,5,6,7,8,9,10,11,12 3 10000 10000
T3_2 1,2,3,4,5,6,7,8,9,10,11,12 3 10000 10000
T3_3 1,2,3,4,5,6,7,8,9,10,11,12 3 10000 10000
T3_4 1,2,3,4,5,6,7,8,9,10,11,12 3 10000 10000
T3_5 1,2,3,4,5,6,7,8,9,10,11,12 3 10000 10000
T3_6 1,2,3,4,5,6,7,8,9,10,11,12 3 10000 10000
T3_7 1,2,3,4,5,6,7,8,9,10,11,12 3 10000 10000
T3_8 1,2,3,4,5,6,7,8,9,10,11,12 3 10000 10000
T3_9 1,2,3,4,5,6,7,8,9,10,11,12 3 10000 10000
T3_10 1,2,3,4,5,6,7,8,9,10,11,12 3 10000 10000
T3_11 1,2,3,4,5,6,7,8,9,10,11,12 3 10000 10000
T3_12 1,2,3,4,5,6,7,8,9,10,11,12 3 10000 10000
T3_13 1,2,3,4,5,6,7,8,9,10,11,12 3 10000 10000
T3_14 1,2,3,4,5,6,7,8,9,10,11,12 3 10000 10000
T3_15 1,2,3,4,5,6,7,8,9,10,11,12 3 10000 10000
T3_16 1,2,3,4,5,6,7,8,9,10,11,12 3 10000 10000
T3_17 1,2,3,4,5,6,7,8,9,10,11,12 3 10000 10000
T3_18 1,2,3,4,5,6,7,8,9,10,11,12 3 10000 10000
T3_19 1,2,3,4,5,6,7,8,9,10,11,12 3 10000 10000
T3_20 1,2,3,4,5,6,7,8,9,10,11,12 3 10000 10000
T3_21 1,2,3,4,5,6,7,8,9,10,11,12 3 10000 10000
T3_22 1,2,3,4,5,6,7,8,9,10,11,12 3 10000 10000
T3_23 1,2,3,4,5,6,7,8,9,10,11,12 3 10000 10000
T3_24 1,2,3,4,5,6,7,8,9,10,11,12 3 10000 10000
T3_25 1,2,3,4,5,6,7,8,9,10,11,12 3 10000 10000
T3_26 1,2,3,4,5,6,7,8,9,10,11,12 3 10000 10000
T3_27 1,2,3,4,5,6,7,8,9,10,11,12 3 10000 10000
T3_28 1,2,3,4,5,6,7,8,9,10,11,12 3 10000 10000
T3_29 1,2,3,4,5,6,7,8,9,10,11,12 3 10000 10000
T3_30 1,2,3,4,5,6,7,8,9,10,11,12 3 10000 10000
T3_31 1,2,3,4,5,6,7,8,9,10,11,12 3 10000 10000
T3_32 1,2,3,4,5,6,7,8,9,10,11,12 3 10000 10000
T3_33 1,2,3,4,5,6,7,8,9,10,11,12 3 10000 10000
T3_34 1,2,3,4,5,6,7,8,9,10,11,12 3 10000 10000
T3_35 1,2,3,4,5,6,7,8,9,10,11,12 3 10000 10000
T3_36 1,2,3,4,5,6,7,8,9,10,11,12 3 10000 10000
T3_37 1,2,3,4,5,6,7,8,9,10,11,12 3 10000 10000
T3_38 1,2,3,4,5,6,7,8,9,10,11,12 3 10000 10000
T3_39 1,2,3,4,5,6,7,8,9,10,11,12 3 10000 10000
T3_40 1,2,3,4,5,6,7,8,9,10,11,12 3 10000 10000
T3_41 1,2,3,4,5,6,7,8,9,10,11,12 3 10000 10000
T3_42 1,2,3,4,5,6,7,8,9,10,11,12 3 10000 10000
T3_43 1,2,3,4,5,6,7,8,9,10,11,12 3 10000 10000
T3_44 1,2,3,4,5,6,7,8,9,10,11,12 3 10000 10000
T3_45 1,2,3,4,5,6,7,8,9,10,11,12 3 10000 10000
T3_46 1,2,3,4,5,6,7,8,9,10,11,12 3 10000 10000
T3_47 1,2,3,4,5,6,7,8,9,10,11,12 3 10000 10000
T3_48 1,2,3,4,5,6,7,8,9,10,11,12 3 10000 10000
T3_49 1,2,3,4,5,6,7,8,9,10,11,12 3 10000 10000
T3_50 1,2,3,4,5,6,7,8,9,10,11,12 3 10000 10000
T3_51 1,2,3,4,5,6,7,8,9,10,11,12 3 10000 10000
T3_52 1,2,3,4,5,6,7,8,9,10,11,12 3 10000 10000
T3_53 1,2,3,4,5,6,7,8,9,10,11,12 3 10000 10000
T3_54 1,2,3,4,5,6,7,8,9,10,11,12 3 10000 10000
T3_55 1,2,3,4,5,6,7,8,9,10,11,12 3 10000 10000
T3_56 1,2,3,4,5,6,7,8,9,10,11,12 3 10000 10000
T3_57 1,2,3,4,5,6,7,8,9,10,11,12 3 10000 10000
T3_58 1,2,3,4,5,6,7,8,9,10,11,12 3 10000 10000
T3_59 1,2,3,4,5,6,7,8,9,10,11,12 3 10000 10000
T3_60 1,2,3,4,5,6,7,8,9,10,11,12 3 10000 10000
T3_61 1,2,3,4,5,6,7,8,9,10,11,12 3 10000 10000
T3_62 1,2,3,4,5,6,7,8,9,10,11,12 3 10000 10000
T3_63 1,2,3,4,5,6,7,8,9,10,11,12 3 10000 10000
T3_64 1,2,3,4,5,6,7,8,9,10,11,12 3 10000 10000
T3_65 1,2,3,4,5,6,7,8,9,10,11,12 3 10000 10000
T3_66 1,2,3,4,5,6,7,8,9,10,11,12 3 10000 10000
T3_67 1,2,3,4,5,6,7,8,9,10,11,12 3 10000 10000
T3_68 1,2,3,4,5,6,7,8,9,10,11,12 3 10000 10000
T3_69 1,2,3,4,5,6,7,8,9,10,11,12 3 10000 10000
T3_70 1,2,3,4,5,6,7,8,9,10,11,12 3 10000 10000
T3_71 1,2,3,4,5,6,7,8,9,10,11,12 3 10000 10000
T3_72 1,2,3,4,5,6,7,8,9,10,11,12 3 10000 10000
T3_73 1,2,3,4,5,6,7,8,9,10,11,12 3 10000 10000
T3_74 1,2,3,4,5,6,7,8,9,10,11,12 3 10000 10000
T3_75 1,2,3,4,5,6,7,8,9,10,11,12 3 10000 10000
T3_76 1,2,3,4,5,6,7,8,9,10,11,12 3 10000 10000
T3_77 1,2,3,4,5,6,7,8,9,10,11,12 3 10000 10000
T3_78 1,2,3,4,5,6,7,8,9,10,11,12 3 10000 10000
T3_79 1,2,3,4,5,6,7,8,9,10,11,12 3 10000 10000
T3_80 1,2,3,4,5,6,7,8,9,10,11,12 3 10000 10000
T3_81 1,2,3,4,5,6,7,8,9,10,11,12 3 10000 10000
T3_82 1,2,3,4,5,6,7,8,9,10,11,12 3 10000 10000
T3_83 1,2,3,4,5,6,7,8,9,10,11,12 3 10000 10000
T3_84 1,2,3,4,5,6,7,8,9,10,11,12 3 10000 10000
T3_85 1,2,3,4,5,6,7,8,9,10,11,12 3 10000 10000
T3_86 1,2,3,4,5,6,7,8,9,10,11,12 3 10000 10000
T3_87 1,2,3,4,5,6,7,8,9,10,11,12 3 10000 10000
T3_88 1,2,3,4,5,6,7,8,9,10,11,12 3 10000 10000
T3_89 1,2,3,4,5,6,7,8,9,10,11,12 3 10000 10000
T3_90 1,2,3,4,5,6,7,8,9,10,11,12 3 10000 10000
T3_91 1,2,3,4,5,6,7,8,9,10,11,12 3 10000 10000
T3_92 1,2,3,4,5,6,7,8,9,10,11,12 3 10000 10000
T3_93 1,2,3,4,5,6,7,8,9,10,11,12 3 10000 10000
T3_94 1,2,3,4,5,6,7,8,9,10,11,12 3 10000 10000
T3_95 1,2,3,4,5,6,7,8,9,10,11,12 3 10000 10000
T3_96 1,2,3,4,5,6,7,8,9,10,11,12 3 10000 10000
T3_97 1,2,3,4,5,6,7,8,9,10,11,12 3 10000 10000
T3_98 1,2,3,4,5,6,7,8,9,10,11,12 3 10000 10000
T3_99 1,2,3,4,5,6,7,8,9,10,11,12 3 10000 10000
T3_100 1,2,3,4,5,6,7,8,9,10,11,12 3 10000 10000
T4_1 1,2,3,4,5,6,7,8,9,10,11,12 4 10000 10000
T4_2 1,2,3,4,5,6,7,8,9,10,11,12 4 10000 10000
T4_3 1,2,3,4,5,6,7,8,9,10,11,12 4 10000 10000
T4_4 1,2,3,4,5,6,7,8,9,10,11,12 4 10000 10000
T4_5 1,2,3,4,5,6,7,8,9,10,11,12 4 10000 10000
T4_6 1,2,3,4,5,6,7,8,9,10,11,12 4 10000 10000
T4_7 1,2,3,4,5,6,7,8,9,10,11,12 4 10000 10000
T4_8 1,2,3,4,5,6,7,8,9,10,11,12 4 10000 10000
T4_9 1,2,3,4,5,6,7,8,9,10,11,12 4 10000 10000
T4_10 1,2,3,4,5,6,7,8,9,10,11,12 4 10000 10000
T4_11 1,2,3,4,5,6,7,8,9,10,11,12 4 10000 10000
T4_12 1,2,3,4,5,6,7,8,9,10,11,12 4 10000 10000
T4_13 1,2,3,4,5,6,7,8,9,10,11,12 4 10000 10000
T4_14 1,2,3,4,5,6,7,8,9,10,11,12 4 10000 10000
T4_15 1,2,3,4,5,6,7,8,9,10,11,12 4 10000 10000
T4_16 1,2,3,4,5,6,7,8,9,10,11,12 4 10000 10000
T4_17 1,2,3,4,5,6,7,8,9,10,11,12 4 10000 10000
T4_18 1,2,3,4,5,6,7,8,9,10,11,12 4 10000 10000
T4_19 1,2,3,4,5,6,7,8,9,10,11,12 4 10000 10000
T4_20 1,2,3,4,5,6,7,8,9,10,11,12 4 10000 10000
T4_21 1,2,3,4,5,6,7,8,9,10,11,12 4 10000 10000
T4_22 1,2,3,4,5,6,7,8,9,10,11,12 4 10000 10000
T4_23 1,2,3,4,5,6,7,8,9,10,11,12 4 10000 10000
T4_24 1,2,3,4,5,6,7,8,9,10,11,12 4 10000 10000
T4_25 1,2,3,4,5,6,7,8,9,10,11,12 4 10000 10000
T4_26 1,2,3,4,5,6,7,8,9,10,11,12 4 10000 10000
T4_27 1,2,3,4,5,6,7,8,9,10,11,12 4 10000 10000
T4_28 1,2,3,4,5,6,7,8,9,10,11,12 4 10000 10000
T4_29 1,2,3,4,5,6,7,8,9,10,11,12 4 10000 10000
T4_30 1,2,3,4,5,6,7,8,9,10,11,12 4 10000 10000
T4_31 1,2,3,4,5,6,7,8,9,10,11,12 4 10000 10000
T4_32 1,2,3,4,5,6,7,8,9,10,11,12 4 10000 10000
T4_33 1,2,3,4,5,6,7,8,9,10,11,12 4 10000 10000
T4_34 1,2,3,4,5,6,7,8,9,10,11,12 4 10000 10000
T4_35 1,2,3,4,5,6,7,8,9,10,11,12 4 10000 10000
T4_36 1,2,3,4,5,6,7,8,9,10,11,12 4 10000 10000
T4_37 1,2,3,4,5,6,7,8,9,10,11,12 4 10000 10000
T4_38 1,2,3,4,5,6,7,8,9,10,11,12 4 10000 10000
T4_39 1,2,3,4,5,6,7,8,9,10,11,12 4 10000 10000
T4_40 1,2,3,4,5,6,7,8,9,10,11,12 4 10000 10000
T4_41 1,2,3,4,5,6,7,8,9,10,11,12 4 10000 10000
T4_42 1,2,3,4,5,6,7,8,9,10,11,12 4 10000 10000
T4_43 1,2,3,4,5,6,7,8,9,10,11,12 4 10000 10000
T4_44 1,2,3,4,5,6,7,8,9,10,11,12 4 10000 10000
T4_45 1,2,3,4,5,6,7,8,9,10,11,12 4 10000 10000
T4_46 1,2,3,4,5,6,7,8,9,10,11,12 4 10000 10000
T4_47 1,2,3,4,5,6,7,8,9,10,11,12 4 10000 10000
T4_48 1,2,3,4,5,6,7,8,9,10,11,12 4 10000 10000
T4_49 1,2,3,4,5,6,7,8,9,10,11,12 4 10000 10000
T4_50 1,2,3,4,5,6,7,8,9,10,11,12 4 10000 10000
T4_51 1,2,3,4,5,6,7,8,9,10,11,12 4 10000 10000
T4_52 1,2,3,4,5,6,7,8,9,10,11,12 4 10000 10000
T4_53 1,2,3,4,5,6,7,8,9,10,11,12 4 10000 10000
T4_54 1,2,3,4,5,6,7,8,9,10,11,12 4 10000 10000
T4_55 1,2,3,4,5,6,7,8,9,10,11,12 4 10000 10000
T4_56 1,2,3,4,5,6,7,8,9,10,11,12 4 10000 10000
T4_57 1,2,3,4,5,6,7,8,9,10,11,12 4 10000 10000
T4_58 1,2,3,4,5,6,7,8,9,10,11,12 4 10000 10000
T4_59 1,2,3,4,5,6,7,8,9,10,11,12 4 10000 10000
T4_60 1,2,3,4,5,6,7,8,9,10,11,12 4 10000 10000
T4_61 1,2,3,4,5,6,7,8,9,10,11,12 4 10000 10000
T4_62 1,2,3,4,5,6,7,8,9,10,11,12 4 10000 10000
T4_63 1,2,3,4,5,6,7,8,9,10,11,12 4 10000 10000
T4_64 1,2,3,4,5,6,7,8,9,10,11,12 4 10000 10000
T4_65 1,2,3,4,5,6,7,8,9,10,11,12 4 10000 10000
T4_66 1,2,3,4,5,6,7,8,9,10,11,12 4 10000 10000
T4_67 1,2,3,4,5,6,7,8,9,10,11,12 4 10000 10000
T4_68 1,2,3,4,5,6,7,8,9,10,11,12 4 10000 10000
T4_69 1,2,3,4,5,6,7,8,9,10,11,12 4 10000 10000
T4_70 1,2,3,4,5,6,7,8,9,10,11,12 4 10000 10000
T4_71 1,2,3,4,5,6,7,8,9,10,11,12 4 10000 10000
T4_72 1,2,3,4,5,6,7,8,9,10,11,12 4 10000 10000
T4_73 1,2,3,4,5,6,7,8,9,10,11,12 4 10000 10000
T4_74 1,2,3,4,5,6,7,8,9,10,11,12 4 10000 10000
T4_75 1,2,3,4,5,6,7,8,9,10,11,12 4 10000 10000
T4_76 1,2,3,4,5,6,7,8,9,10,11,12 4 10000 10000
T4_77 1,2,3,4,5,6,7,8,9,10,11,12 4 10000 10000
T4_78 1,2,3,4,5,6,7,8,9,10,11,12 4 10000 10000
T4_79 1,2,3,4,5,6,7,8,9,10,11,12 4 10000 10000
T4_80 1,2,3,4,5,6,7,8,9,10,11,12 4 10000 10000
T4_81 1,2,3,4,5,6,7,8,9,10,11,12 4 10000 10000
T4_82 1,2,3,4,5,6,7,8,9,10,11,12 4 10000 10000
T4_83 1,2,3,4,5,6,7,8,9,10,11,12 4 10000 10000
T4_84 1,2,3,4,5,6,7,8,9,10,11,12 4 10000 10000
T4_85 1,2,3,4,5,6,7,8,9,10,11,12 4 10000 10000
T4_86 1,2,3,4,5,6,7,8,9,10,11,12 4 10000 10000
T4_87 1,2,3,4,5,6,7,8,9,10,11,12 4 10000 10000
T4_88 1,2,3,4,5,6,7,8,9,10,11,12 4 10000 10000
T4_89 1,2,3,4,5,6,7,8,9,10,11,12 4 10000 10000
T4_90 1,2,3,4,5,6,7,8,9,10,11,12 4 10000 10000
T4_91 1,2,3,4,5,6,7,8,9,10,11,12 4 10000 10000
T4_92 1,2,3,4,5,6,7,8,9,10,11,12 4 10000 10000
T4_93 1,2,3,4,5,6,7,8,9,10,11,12 4 10000 10000
T4_94 1,2,3,4,5,6,7,8,9,10,11,12 4 10000 10000
T4_95 1,2,3,4,5,6,7,8,9,10,11,12 4 10000 10000
T4_96 1,2,3,4,5,6,7,8,9,10,11,12 4 10000 10000
T4_97 1,2,3,4,5,6,7,8,9,10,11,12 4 10000 10000
T4_98 1,2,3,4,5,6,7,8,9,10,11,12 4 10000 10000
T4_99 1,2,3,4,5,6,7,8,9,10,11,12 4 10000 10000
T4_100 1,2,3,4,5,6,7,8,9,10,11,12 4 10000 10000
T5_1 1,2,3,4,5,6,7,8,9,10,11,12 5 10000 10000
T5_2 1,2,3,4,5,6,7,8,9,10,11,12 5 10000 10000
T5_3 1,2,3,4,5,6,7,8,9,10,11,12 5 10000 10000
T5_4 1,2,3,4,5,6,7,8,9,10,11,12 5 10000 10000
T5_5 1,2,3,4,5,6,7,8,9,10,11,12 5 10000 10000
T5_6 1,2,3,4,5,6,7,8,9,10,11,12 5 10000 10000
T5_7 1,2,3,4,5,6,7,8,9,10,11,12 5 10000 10000
T5_8 1,2,3,4,5,6,7,8,9,10,11,12 5 10000 10000
T5_9 1,2,3,4,5,6,7,8,9,10,11,12 5 10000 10000
T5_10 1,2,3,4,5,6,7,8,9,10,11,12 5 10000 10000
T5_11 1,2,3,4,5,6,7,8,9,10,11,12 5 10000 10000
T5_12 1,2,3,4,5,6,7,8,9,10,11,12 5 10000 10000
T5_13 1,2,3,4,5,6,7,8,9,10,11,12 5 10000 10000
T5_14 1,2,3,4,5,6,7,8,9,10,11,12 5 10000 10000
T5_15 1,2,3,4,5,6,7,8,9,10,11,12 5 10000 10000
T5_16 1,2,3,4,5,6,7,8,9,10,11,12 5 10000 10000
T5_17 1,2,3,4,5,6,7,8,9,10,11,12 5 10000 10000
T5_18 1,2,3,4,5,6,7,8,9,10,11,12 5 10000 10000
T5_19 1,2,3,4,5,6,7,8,9,10,11,12 5 10000 10000
T5_20 1,2,3,4,5,6,7,8,9,10,11,12 5 10000 10000
T5_21 1,2,3,4,5,6,7,8,9,10,11,12 5 10000 10000
T5_22 1,2,3,4,5,6,7,8,9,10,11,12 5 10000 10000
T5_23 1,2,3,4,5,6,7,8,9,10,11,12 5 10000 10000
T5_24 1,2,3,4,5,6,7,8,9,10,11,12 5 10000 10000
T5_25 1,2,3,4,5,6,7,8,9,10,11,12 5 10000 10000
T5_26 1,2,3,4,5,6,7,8,9,10,11,12 5 10000 10000
T5_27 1,2,3,4,5,6,7,8,9,10,11,12 5 10000 10000
T5_28 1,2,3,4,5,6,7,8,9,10,11,12 5 10000 10000
T5_29 1,2,3,4,5,6,7,8,9,10,11,12 5 10000 10000
T5_30 1,2,3,4,5,6,7,8,9,10,11,12 5 10000 10000
T5_31 1,2,3,4,5,6,7,8,9,10,11,12 5 10000 10000
T5_32 1,2,3,4,5,6,7,8,9,10,11,12 5 10000 10000
T5_33 1,2,3,4,5,6,7,8,9,10,11,12 5 10000 10000
T5_34 1,2,3,4,5,6,7,8,9,10,11,12 5 10000 10000
T5_35 1,2,3,4,5,6,7,8,9,10,11,12 5 10000 10000
T5_36 1,2,3,4,5,6,7,8,9,10,11,12 5 10000 10000
T5_37 1,2,3,4,5,6,7,8,9,10,11,12 5 10000 10000
T5_38 1,2,3,4,5,6,7,8,9,10,11,12 5 10000 10000
T5_39 1,2,3,4,5,6,7,8,9,10,11,12 5 10000 10000
T5_40 1,2,3,4,5,6,7,8,9,10,11,12 5 10000 10000
T5_41 1,2,3,4,5,6,7,8,9,10,11,12 5 10000 10000
T5_42 1,2,3,4,5,6,7,8,9,10,11,12 5 10000 10000
T5_43 1,2,3,4,5,6,7,8,9,10,11,12 5 10000 10000
T5_44 1,2,3,4,5,6,7,8,9,10,11,12 5 10000 10000
T5_45 1,2,3,4,5,6,7,8,9,10,11,12 5 10000 10000
T5_46 1,2,3,4,5,6,7,8,9,10,11,12 5 10000 10000
T5_47 1,2,3,4,5,6,7,8,9,10,11,12 5 10000 10000
T5_48 1,2,3,4,5,6,7,8,9,10,11,12 5 10000 10000
T5_49 1,2,3,4,5,6,7,8,9,10,11,12 5 10000 10000
T5_50 1,2,3,4,5,6,7,8,9,10,11,12 5 10000 10000
T5_51 1,2,3,4,5,6,7,8,9,10,11,12 5 10000 10000
T5_52 1,2,3,4,5,6,7,8,9,10,11,12 5 10000 10000
T5_53 1,2,3,4,5,6,7,8,9,10,11,12 5 10000 10000
T5_54 1,2,3,4,5,6,7,8,9,10,11,12 5 10000 10000
T5_55 1,2,3,4,5,6,7,8,9,10,11,12 5 10000 10000
T5_56 1,2,3,4,5,6,7,8,9,10,11,12 5 10000 10000
T5_57 1,2,3,4,5,6,7,8,9,10,11,12 5 10000 10000
T5_58 1,2,3,4,5,6,7,8,9,10,11,12 5 10000 10000
T5_59 1,2,3,4,5,6,7,8,9,10,11,12 5 10000 10000
T5_60 1,2,3,4,5,6,7,8,9,10,11,12 5 10000 10000
T5_61 1,2,3,4,5,6,7,8,9,10,11,12 5 10000 10000
T5_62 1,2,3,4,5,6,7,8,9,10,11,12 5 10000 10000
T5_63 1,2,3,4,5,6,7,8,9,10,11,12 5 10000 10000
T5_64 1,2,3,4,5,6,7,8,9,10,11,12 5 10000 10000
T5_65 1,2,3,4,5,6,7,8,9,10,11,12 5 10000 10000
T5_66 1,2,3,4,5,6,7,8,9,10,11,12 5 10000 10000
T5_67 1,2,3,4,5,6,7,8,9,10,11,12 5 10000 10000
T5_68 1,2,3,4,5,6,7,8,9,10,11,12 5 10000 10000
T5_69 1,2,3,4,5,6,7,8,9,10,11,12 5 10000 10000
T5_70 1,2,3,4,5,6,7,8,9,10,11,12 5 10000 10000
T5_71 1,2,3,4,5,6,7,8,9,10,11,12 5 10000 10000
T5_72 1,2,3,4,5,6,7,8,9,10,11,12 5 10000 10000
T5_73 1,2,3,4,5,6,7,8,9,10,11,12 5 10000 10000
T5_74 1,2,3,4,5,6,7,8,9,10,11,12 5 10000 10000
T5_75 1,2,3,4,5,6,7,8,9,10,11,12 5 10000 10000
T5_76 1,2,3,4,5,6,7,8,9,10,11,12 5 10000 10000
T5_77 1,2,3,4,5,6,7,8,9,10,11,12 5 10000 10000
T5_78 1,2,3,4,5,6,7,8,9,10,11,12 5 10000 10000
T5_79 1,2,3,4,5,6,7,8,9,10,11,12 5 10000 10000
T5_80 1,2,3,4,5,6,7,8,9,10,11,12 5 10000 10000
T5_81 1,2,3,4,5,6,7,8,9,10,11,12 5 10000 10000
T5_82 1,2,3,4,5,6,7,8,9,10,11,12 5 10000 10000
T5_83 1,2,3,4,5,6,7,8,9,10,11,12 5 10000 10000
T5_84 1,2,3,4,5,6,7,8,9,10,11,12 5 10000 10000
T5_85 1,2,3,4,5,6,7,8,9,10,11,12 5 10000 10000
T5_86 1,2,3,4,5,6,7,8,9,10,11,12 5 10000 10000
T5_87 1,2,3,4,5,6,7,8,9,10,11,12 5 10000 10000
T5_88 1,2,3,4,5,6,7,8,9,10,11,12 5 10000 10000
T5_89 1,2,3,4,5,6,7,8,9,10,11,12 5 10000 10000
T5_90 1,2,3,4,5,6,7,8,9,10,11,12 5 10000 10000
T5_91 1,2,3,4,5,6,7,8,9,10,11,12 5 10000 10000
T5_92 1,2,3,4,5,6,7,8,9,10,11,12 5 10000 10000
T5_93 1,2,3,4,5,6,7,8,9,10,11,12 5 10000 10000
T5_94 1,2,3,4,5,6,7,8,9,10,11,12 5 10000 10000
T5_95 1,2,3,4,5,6,7,8,9,10,11,12 5 10000 10000
T5_96 1,2,3,4,5,6,7,8,9,10,11,12 5 10000 10000
T5_97 1,2,3,4,5,6,7,8,9,10,11,12 5 10000 10000
T5_98 1,2,3,4,5,6,7,8,9,10,11,12 5 10000 10000
T5_99 1,2,3,4,5,6,7,8,9,10,11,12 5 10000 10000
T5_100 1,2,3,4,5,6,7,8,9,10,11,12 5 10000 10000
T6_1 1,2,3,4,5,6,7,8,9,10,11,12 6 10000 10000
T6_2 1,2,3,4,5,6,7,8,9,10,11,12 6 10000 10000
T6_3 1,2,3,4,5,6,7,8,9,10,11,12 6 10000 10000
T6_4 1,2,3,4,5,6,7,8,9,10,11,12 6 10000 10000
T6_5 1,2,3,4,5,6,7,8,9,10,11,12 6 10000 10000
T6_6 1,2,3,4,5,6,7,8,9,10,11,12 6 10000 10000
T6_7 1,2,3,4,5,6,7,8,9,10,11,12 6 10000 10000
T6_8 1,2,3,4,5,6,7,8,9,10,11,12 6 10000 10000
T6_9 1,2,3,4,5,6,7,8,9,10,11,12 6 10000 10000
T6_10 1,2,3,4,5,6,7,8,9,10,11,12 6 10000 10000
T6_11 1,2,3,4,5,6,7,8,9,10,11,12 6 10000 10000
T6_12 1,2,3,4,5,6,7,8,9,10,11,12 6 10000 10000
T6_13 1,2,3,4,5,6,7,8,9,10,11,12 6 10000 10000
T6_14 1,2,3,4,5,6,7,8,9,10,11,12 6 10000 10000
T6_15 1,2,3,4,5,6,7,8,9,10,11,12 6 10000 10000
T6_16 1,2,3,4,5,6,7,8,9,10,11,12 6 10000 10000
T6_17 1,2,3,4,5,6,7,8,9,10,11,12 6 10000 10000
T6_18 1,2,3,4,5,6,7,8,9,10,11,12 6 10000 10000
T6_19 1,2,3,4,5,6,7,8,9,10,11,12 6 10000 10000
T6_20 1,2,3,4,5,6,7,8,9,10,11,12 6 10000 10000
T6_21 1,2,3,4,5,6,7,8,9,10,11,12 6 10000 10000
T6_22 1,2,3,4,5,6,7,8,9,10,11,12 6 10000 10000
T6_23 1,2,3,4,5,6,7,8,9,10,11,12 6 10000 10000
T6_24 1,2,3,4,5,6,7,8,9,10,11,12 6 10000 10000
T6_25 1,2,3,4,5,6,7,8,9,10,11,12 6 10000 10000
T6_26 1,2,3,4,5,6,7,8,9,10,11,12 6 10000 10000
T6_27 1,2,3,4,5,6,7,8,9,10,11,12 6 10000 10000
T6_28 1,2,3,4,5,6,7,8,9,10,11,12 6 10000 10000
T6_29 1,2,3,4,5,6,7,8,9,10,11,12 6 10000 10000
T6_30 1,2,3,4,5,6,7,8,9,10,11,12 6 10000 10000
T6_31 1,2,3,4,5,6,7,8,9,10,11,12 6 10000 10000
T6_32 1,2,3,4,5,6,7,8,9,10,11,12 6 10000 10000
T6_33 1,2,3,4,5,6,7,8,9,10,11,12 6 10000 10000
T6_34 1,2,3,4,5,6,7,8,9,10,11,12 6 10000 10000
T6_35 1,2,3,4,5,6,7,8,9,10,11,12 6 10000 10000
T6_36 1,2,3,4,5,6,7,8,9,10,11,12 6 10000 10000
T6_37 1,2,3,4,5,6,7,8,9,10,11,12 6 10000 10000
T6_38 1,2,3,4,5,6,7,8,9,10,11,12 6 10000 10000
T6_39 1,2,3,4,5,6,7,8,9,10,11,12 6 10000 10000
T6_40 1,2,3,4,5,6,7,8,9,10,11,12 6 10000 10000
T6_41 1,2,3,4,5,6,7,8,9,10,11,12 6 10000 10000
T6_42 1,2,3,4,5,6,7,8,9,10,11,12 6 10000 10000
T6_43 1,2,3,4,5,6,7,8,9,10,11,12 6 10000 10000
T6_44 1,2,3,4,5,6,7,8,9,10,11,12 6 10000 10000
T6_45 1,2,3,4,5,6,7,8,9,10,11,12 6 10000 10000
T6_46 1,2,3,4,5,6,7,8,9,10,11,12 6 10000 10000
T6_47 1,2,3,4,5,6,7,8,9,10,11,12 6 10000 10000
T6_48 1,2,3,4,5,6,7,8,9,10,11,12 6 10000 10000
T6_49 1,2,3,4,5,6,7,8,9,10,11,12 6 10000 10000
T6_50 1,2,3,4,5,6,7,8,9,10,11,12 6 10000 10000
T6_51 1,2,3,4,5,6,7,8,9,10,11,12 6 10000 10000
T6_52 1,2,3,4,5,6,7,8,9,10,11,12 6 10000 10000
T6_53 1,2,3,4,5,6,7,8,9,10,11,12 6 10000 10000
T6_54 1,2,3,4,5,6,7,8,9,10,11,12 6 10000 10000
T6_55 1,2,3,4,5,6,7,8,9,10,11,12 6 10000 10000
T6_56 1,2,3,4,5,6,7,8,9,10,11,12 6 10000 10000
T6_57 1,2,3,4,5,6,7,8,9,10,11,12 6 10000 10000
T6_58 1,2,3,4,5,6,7,8,9,10,11,12 6 10000 10000
T6_59 1,2,3,4,5,6,7,8,9,10,11,12 6 10000 10000
T6_60 1,2,3,4,5,6,7,8,9,10,11,12 6 10000 10000
T6_61 1,2,3,4,5,6,7,8,9,10,11,12 6 10000 10000
T6_62 1,2,3,4,5,6,7,8,9,10,11,12 6 10000 10000
T6_63 1,2,3,4,5,6,7,8,9,10,11,12 6 10000 10000
T6_64 1,2,3,4,5,6,7,8,9,10,11,12 6 10000 10000
T6_65 1,2,3,4,5,6,7,8,9,10,11,12 6 10000 10000
T6_66 1,2,3,4,5,6,7,8,9,10,11,12 6 10000 10000
T6_67 1,2,3,4,5,6,7,8,9,10,11,12 6 10000 10000
T6_68 1,2,3,4,5,6,7,8,9,10,11,12 6 10000 10000
T6_69 1,2,3,4,5,6,7,8,9,10,11,12 6 10000 10000
T6_70 1,2,3,4,5,6,7,8,9,10,11,12 6 10000 10000
T6_71 1,2,3,4,5,6,7,8,9,10,11,12 6 10000 10000
T6_72 1,2,3,4,5,6,7,8,9,10,11,12 6 10000 10000
T6_73 1,2,3,4,5,6,7,8,9,10,11,12 6 10000 10000
T6_74 1,2,3,4,5,6,7,8,9,10,11,12 6 10000 10000
T6_75 1,2,3,4,5,6,7,8,9,10,11,12 6 10000 10000
T6_76 1,2,3,4,5,6,7,8,9,10,11,12 6 10000 10000
T6_77 1,2,3,4,5,6,7,8,9,10,11,12 6 10000 10000
T6_78 1,2,3,4,5,6,7,8,9,10,11,12 6 10000 10000
T6_79 1,2,3,4,5,6,7,8,9,10,11,12 6 10000 10000
T6_80 1,2,3,4,5,6,7,8,9,10,11,12 6 10000 10000
T6_81 1,2,3,4,5,6,7,8,9,10,11,12 6 10000 10000
T6_82 1,2,3,4,5,6,7,8,9,10,11,12 6 10000 10000
T6_83 1,2,3,4,5,6,7,8,9,10,11,12 6 10000 10000
T6_84 1,2,3,4,5,6,7,8,9,10,11,12 6 10000 10000
T6_85 1,2,3,4,5,6,7,8,9,10,11,12 6 10000 10000
T6_86 1,2,3,4,5,6,7,8,9,10,11,12 6 10000 10000
T6_87 1,2,3,4,5,6,7,8,9,10,11,12 6 10000 10000
T6_88 1,2,3,4,5,6,7,8,9,10,11,12 6 10000 10000
T6_89 1,2,3,4,5,6,7,8,9,10,11,12 6 10000 10000
T6_90 1,2,3,4,5,6,7,8,9,10,11,12 6 10000 10000
T6_91 1,2,3,4,5,6,7,8,9,10,11,12 6 10000 10000
T6_92 1,2,3,4,5,6,7,8,9,10,11,12 6 10000 10000
T6_93 1,2,3,4,5,6,7,8,9,10,11,12 6 10000 10000
T6_94 1,2,3,4,5,6,7,8,9,10,11,12 6 10000 10000
T6_95 1,2,3,4,5,6,7,8,9,10,11,12 6 10000 10000
T6_96 1,2,3,4,5,6,7,8,9,10,11,12 6 10000 10000
T6_97 1,2,3,4,5,6,7,8,9,10,11,12 6 10000 10000
T6_98 1,2,3,4,5,6,7,8,9,10,11,12 6 10000 10000
T6_99 1,2,3,4,5,6,7,8,9,10,11,12 6 10000 10000
T6_100 1,2,3,4,5,6,7,8,9,10,11,12 6 10000 10000
T7_1 1,2,3,4,5,6,7,8,9,10,11,12 7 10000 10000
T7_2 1,2,3,4,5,6,7,8,9,10,11,12 7 10000 10000
T7_3 1,2,3,4,5,6,7,8,9,10,11,12 7 10000 10000
T7_4 1,2,3,4,5,6,7,8,9,10,11,12 7 10000 10000
T7_5 1,2,3,4,5,6,7,8,9,10,11,12 7 10000 10000
T7_6 1,2,3,4,5,6,7,8,9,10,11,12 7 10000 10000
T7_7 1,2,3,4,5,6,7,8,9,10,11,12 7 10000 10000
T7_8 1,2,3,4,5,6,7,8,9,10,11,12 7 10000 10000
T7_9 1,2,3,4,5,6,7,8,9,10,11,12 7 10000 10000
T7_10 1,2,3,4,5,6,7,8,9,10,11,12 7 10000 10000
T7_11 1,2,3,4,5,6,7,8,9,10,11,12 7 10000 10000
T7_12 1,2,3,4,5,6,7,8,9,10,11,12 7 10000 10000
T7_13 1,2,3,4,5,6,7,8,9,10,11,12 7 10000 10000
T7_14 1,2,3,4,5,6,7,8,9,10,11,12 7 10000 10000
T7_15 1,2,3,4,5,6,7,8,9,10,11,12 7 10000 10000
T7_16 1,2,3,4,5,6,7,8,9,10,11,12 7 10000 10000
T7_17 1,2,3,4,5,6,7,8,9,10,11,12 7 10000 10000
T7_18 1,2,3,4,5,6,7,8,9,10,11,12 7 10000 10000
T7_19 1,2,3,4,5,6,7,8,9,10,11,12 7 10000 10000
T7_20 1,2,3,4,5,6,7,8,9,10,11,12 7 10000 10000
T7_21 1,2,3,4,5,6,7,8,9,10,11,12 7 10000 10000
T7_22 1,2,3,4,5,6,7,8,9,10,11,12 7 10000 10000
T7_23 1,2,3,4,5,6,7,8,9,10,11,12 7 10000 10000
T7_24 1,2,3,4,5,6,7,8,9,10,11,12 7 10000 10000
T7_25 1,2,3,4,5,6,7,8,9,10,11,12 7 10000 10000
T7_26 1,2,3,4,5,6,7,8,9,10,11,12 7 10000 10000
T7_27 1,2,3,4,5,6,7,8,9,10,11,12 7 10000 10000
T7_28 1,2,3,4,5,6,7,8,9,10,11,12 7 10000 10000
T7_29 1,2,3,4,5,6,7,8,9,10,11,12 7 10000 10000
T7_30 1,2,3,4,5,6,7,8,9,10,11,12 7 10000 10000
T7_31 1,2,3,4,5,6,7,8,9,10,11,12 7 10000 10000
T7_32 1,2,3,4,5,6,7,8,9,10,11,12 7 10000 10000
T7_33 1,2,3,4,5,6,7,8,9,10,11,12 7 10000 10000
T7_34 1,2,3,4,5,6,7,8,9,10,11,12 7 10000 10000
T7_35 1,2,3,4,5,6,7,8,9,10,11,12 7 10000 10000
T7_36 1,2,3,4,5,6,7,8,9,10,11,12 7 10000 10000
T7_37 1,2,3,4,5,6,7,8,9,10,11,12 7 10000 10000
T7_38 1,2,3,4,5,6,7,8,9,10,11,12 7 10000 10000
T7_39 1,2,3,4,5,6,7,8,9,10,11,12 7 10000 10000
T7_40 1,2,3,4,5,6,7,8,9,10,11,12 7 10000 10000
T7_41 1,2,3,4,5,6,7,8,9,10,11,12 7 10000 10000
T7_42 1,2,3,4,5,6,7,8,9,10,11,12 7 10000 10000
T7_43 1,2,3,4,5,6,7,8,9,10,11,12 7 10000 10000
T7_44 1,2,3,4,5,6,7,8,9,10,11,12 7 10000 10000
T7_45 1,2,3,4,5,6,7,8,9,10,11,12 7 10000 10000
T7_46 1,2,3,4,5,6,7,8,9,10,11,12 7 10000 10000
T7_47 1,2,3,4,5,6,7,8,9,10,11,12 7 10000 10000
T7_48 1,2,3,4,5,6,7,8,9,10,11,12 7 10000 10000
T7_49 1,2,3,4,5,6,7,8,9,10,11,12 7 10000 10000
T7_50 1,2,3,4,5,6,7,8,9,10,11,12 7 10000 10000
T7_51 1,2,3,4,5,6,7,8,9,10,11,12 7 10000 10000
T7_52 1,2,3,4,5,6,7,8,9,10,11,12 7 10000 10000
T7_53 1,2,3,4,5,6,7,8,9,10,11,12 7 10000 10000
T7_54 1,2,3,4,5,6,7,8,9,10,11,12 7 10000 10000
T7_55 1,2,3,4,5,6,7,8,9,10,11,12 7 10000 10000
T7_56 1,2,3,4,5,6,7,8,9,10,11,12 7 10000 10000
T7_57 1,2,3,4,5,6,7,8,9,10,11,12 7 10000 10000
T7_58 1,2,3,4,5,6,7,8,9,10,11,12 7 10000 10000
T7_59 1,2,3,4,5,6,7,8,9,10,11,12 7 10000 10000
T7_60 1,2,3,4,5,6,7,8,9,10,11,12 7 10000 10000
T7_61 1,2,3,4,5,6,7,8,9,10,11,12 7 10000 10000
T7_62 1,2,3,4,5,6,7,8,9,10,11,12 7 10000 10000
T7_63 1,2,3,4,5,6,7,8,9,10,11,12 7 10000 10000
T7_64 1,2,3,4,5,6,7,8,9,10,11,12 7 10000 10000
T7_65 1,2,3,4,5,6,7,8,9,10,11,12 7 10000 10000
T7_66 1,2,3,4,5,6,7,8,9,10,11,12 7 10000 10000
T7_67 1,2,3,4,5,6,7,8,9,10,11,12 7 10000 10000
T7_68 1,2,3,4,5,6,7,8,9,10,11,12 7 10000 10000
T7_69 1,2,3,4,5,6,7,8,9,10,11,12 7 10000 10000
T7_70 1,2,3,4,5,6,7,8,9,10,11,12 7 10000 10000
T7_71 1,2,3,4,5,6,7,8,9,10,11,12 7 10000 10000
T7_72 1,2,3,4,5,6,7,8,9,10,11,12 7 10000 10000
T7_73 1,2,3,4,5,6,7,8,9,10,11,12 7 10000 10000
T7_74 1,2,3,4,5,6,7,8,9,10,11,12 7 10000 10000
T7_75 1,2,3,4,5,6,7,8,9,10,11,12 7 10000 10000
T7_76 1,2,3,4,5,6,7,8,9,10,11,12 7 10000 10000
T7_77 1,2,3,4,5,6,7,8,9,10,11,12 7 10000 10000
T7_78 1,2,3,4,5,6,7,8,9,10,11,12 7 10000 10000
T7_79 1,2,3,4,5,6,7,8,9,10,11,12 7 10000 10000
T7_80 1,2,3,4,5,6,7,8,9,10,11,12 7 10000 10000
T7_81 1,2,3,4,5,6,7,8,9,10,11,12 7 10000 10000
T7_82 1,2,3,4,5,6,7,8,9,10,11,12 7 10000 10000
T7_83 1,2,3,4,5,6,7,8,9,10,11,12 7 10000 10000
T7_84 1,2,3,4,5,6,7,8,9,10,11,12 7 10000 10000
T7_85 1,2,3,4,5,6,7,8,9,10,11,12 7 10000 10000
T7_86 1,2,3,4,5,6,7,8,9,10,11,12 7 10000 10000
T7_87 1,2,3,4,5,6,7,8,9,10,11,12 7 10000 10000
T7_88 1,2,3,4,5,6,7,8,9,10,11,12 7 10000 10000
T7_89 1,2,3,4,5,6,7,8,9,10,11,12 7 10000 10000
T7_90 1,2,3,4,5,6,7,8,9,10,11,12 7 10000 10000
T7_91 1,2,3,4,5,6,7,8,9,10,11,12 7 10000 10000
T7_92 1,2,3,4,5,6,7,8,9,10,11,12 7 10000 10000
T7_93 1,2,3,4,5,6,7,8,9,10,11,12 7 10000 10000
T7_94 1,2,3,4,5,6,7,8,9,10,11,12 7 10000 10000
T7_95 1,2,3,4,5,6,7,8,9,10,11,12 7 10000 10000
T7_96 1,2,3,4,5,6,7,8,9,10,11,12 7 10000 10000
T7_97 1,2,3,4,5,6,7,8,9,10,11,12 7 10000 10000
T7_98 1,2,3,4,5,6,7,8,9,10,11,12 7 10000 10000
T7_99 1,2,3,4,5,6,7,8,9,10,11,12 7 10000 10000
T7_100 1,2,3,4,5,6,7,8,9,10,11,12 7 10000 10000
T8_1 1,2,3,4,5,6,7,8,9,10,11,12 8 10000 10000
T8_2 1,2,3,4,5,6,7,8,9,10,11,12 8 10000 10000
T8_3 1,2,3,4,5,6,7,8,9,10,11,12 8 10000 10000
T8_4 1,2,3,4,5,6,7,8,9,10,11,12 8 10000 10000
T8_5 1,2,3,4,5,6,7,8,9,10,11,12 8 10000 10000
T8_6 1,2,3,4,5,6,7,8,9,10,11,12 8 10000 10000
T8_7 1,2,3,4,5,6,7,8,9,10,11,12 8 10000 10000
T8_8 1,2,3,4,5,6,7,8,9,10,11,12 8 10000 10000
T8_9 1,2,3,4,5,6,7,8,9,10,11,12 8 10000 10000
T8_10 1,2,3,4,5,6,7,8,9,10,11,12 8 10000 10000
T8_11 1,2,3,4,5,6,7,8,9,10,11,12 8 10000 10000
T8_12 1,2,3,4,5,6,7,8,9,10,11,12 8 10000 10000
T8_13 1,2,3,4,5,6,7,8,9,10,11,12 8 10000 10000
T8_14 1,2,3,4,5,6,7,8,9,10,11,12 8 10000 10000
T8_15 1,2,3,4,5,6,7,8,9,10,11,12 8 10000 10000
T8_16 1,2,3,4,5,6,7,8,9,10,11,12 8 10000 10000
T8_17 1,2,3,4,5,6,7,8,9,10,11,12 8 10000 10000
T8_18 1,2,3,4,5,6,7,8,9,10,11,12 8 10000 10000
T8_19 1,2,3,4,5,6,7,8,9,10,11,12 8 10000 10000
T8_20 1,2,3,4,5,6,7,8,9,10,11,12 8 10000 10000
T8_21 1,2,3,4,5,6,7,8,9,10,11,12 8 10000 10000
T8_22 1,2,3,4,5,6,7,8,9,10,11,12 8 10000 10000
T8_23 1,2,3,4,5,6,7,8,9,10,11,12 8 10000 10000
T8_24 1,2,3,4,5,6,7,8,9,10,11,12 8 10000 10000
T8_25 1,2,3,4,5,6,7,8,9,10,11,12 8 10000 10000
T8_26 1,2,3,4,5,6,7,8,9,10,11,12 8 10000 10000
T8_27 1,2,3,4,5,6,7,8,9,10,11,12 8 10000 10000
T8_28 1,2,3,4,5,6,7,8,9,10,11,12 8 10000 10000
T8_29 1,2,3,4,5,6,7,8,9,10,11,12 8 10000 10000
T8_30 1,2,3,4,5,6,7,8,9,10,11,12 8 10000 10000
T8_31 1,2,3,4,5,6,7,8,9,10,11,12 8 10000 10000
T8_32 1,2,3,4,5,6,7,8,9,10,11,12 8 10000 10000
T8_33 1,2,3,4,5,6,7,8,9,10,11,12 8 10000 10000
T8_34 1,2,3,4,5,6,7,8,9,10,11,12 8 10000 10000
T8_35 1,2,3,4,5,6,7,8,9,10,11,12 8 10000 10000
T8_36 1,2,3,4,5,6,7,8,9,10,11,12 8 10000 10000
T8_37 1,2,3,4,5,6,7,8,9,10,11,12 8 10000 10000
T8_38 1,2,3,4,5,6,7,8,9,10,11,12 8 10000 10000
T8_39 1,2,3,4,5,6,7,8,9,10,11,12 8 10000 10000
T8_40 1,2,3,4,5,6,7,8,9,10,11,12 8 10000 10000
T8_41 1,2,3,4,5,6,7,8,9,10,11,12 8 10000 10000
T8_42 1,2,3,4,5,6,7,8,9,10,11,12 8 10000 10000
T8_43 1,2,3,4,5,6,7,8,9,10,11,12 8 10000 10000
T8_44 1,2,3,4,5,6,7,8,9,10,11,12 8 10000 10000
T8_45 1,2,3,4,5,6,7,8,9,10,11,12 8 10000 10000
T8_46 1,2,3,4,5,6,7,8,9,10,11,12 8 10000 10000
T8_47 1,2,3,4,5,6,7,8,9,10,11,12 8 10000 10000
T8_48 1,2,3,4,5,6,7,8,9,10,11,12 8 10000 10000
T8_49 1,2,3,4,5,6,7,8,9,10,11,12 8 10000 10000
T8_50 1,2,3,4,5,6,7,8,9,10,11,12 8 10000 10000
T8_51 1,2,3,4,5,6,7,8,9,10,11,12 8 10000 10000
T8_52 1,2,3,4,5,6,7,8,9,10,11,12 8 10000 10000
T8_53 1,2,3,4,5,6,7,8,9,10,11,12 8 10000 10000
T8_54 1,2,3,4,5,6,7,8,9,10,11,12 8 10000 10000
T8_55 1,2,3,4,5,6,7,8,9,10,11,12 8 10000 10000
T8_56 1,2,3,4,5,6,7,8,9,10,11,12 8 10000 10000
T8_57 1,2,3,4,5,6,7,8,9,10,11,12 8 10000 10000
T8_58 1,2,3,4,5,6,7,8,9,10,11,12 8 10000 10000
T8_59 1,2,3,4,5,6,7,8,9,10,11,12 8 10000 10000
T8_60 1,2,3,4,5,6,7,8,9,10,11,12 8 10000 10000
T8_61 1,2,3,4,5,6,7,8,9,10,11,12 8 10000 10000
T8_62 1,2,3,4,5,6,7,8,9,10,11,12 8 10000 10000
T8_63 1,2,3,4,5,6,7,8,9,10,11,12 8 10000 10000
T8_64 1,2,3,4,5,6,7,8,9,10,11,12 8 10000 10000
T8_65 1,2,3,4,5,6,7,8,9,10,11,12 8 10000 10000
T8_66 1,2,3,4,5,6,7,8,9,10,11,12 8 10000 10000
T8_67 1,2,3,4,5,6,7,8,9,10,11,12 8 10000 10000
T8_68 1,2,3,4,5,6,7,8,9,10,11,12 8 10000 10000
T8_69 1,2,3,4,5,6,7,8,9,10,11,12 8 10000 10000
T8_70 1,2,3,4,5,6,7,8,9,10,11,12 8 10000 10000
T8_71 1,2,3,4,5,6,7,8,9,10,11,12 8 10000 10000
T8_72 1,2,3,4,5,6,7,8,9,10,11,12 8 10000 10000
T8_73 1,2,3,4,5,6,7,8,9,10,11,12 8 10000 10000
T8_74 1,2,3,4,5,6,7,8,9,10,11,12 8 10000 10000
T8_75 1,2,3,4,5,6,7,8,9,10,11,12 8 10000 10000
T8_76 1,2,3,4,5,6,7,8,9,10,11,12 8 10000 10000
T8_77 1,2,3,4,5,6,7,8,9,10,11,12 8 10000 10000
T8_78 1,2,3,4,5,6,7,8,9,10,11,12 8 10000 10000
T8_79 1,2,3,4,5,6,7,8,9,10,11,12 8 10000 10000
T8_80 1,2,3,4,5,6,7,8,9,10,11,12 8 10000 10000
T8_81 1,2,3,4,5,6,7,8,9,10,11,12 8 10000 10000
T8_82 1,2,3,4,5,6,7,8,9,10,11,12 8 10000 10000
T8_83 1,2,3,4,5,6,7,8,9,10,11,12 8 10000 10000
T8_84 1,2,3,4,5,6,7,8,9,10,11,12 8 10000 10000
T8_85 1,2,3,4,5,6,7,8,9,10,11,12 8 10000 10000
T8_86 1,2,3,4,5,6,7,8,9,10,11,12 8 10000 10000
T8_87 1,2,3,4,5,6,7,8,9,10,11,12 8 10000 10000
T8_88 1,2,3,4,5,6,7,8,9,10,11,12 8 10000 10000
T8_89 1,2,3,4,5,6,7,8,9,10,11,12 8 10000 10000
T8_90 1,2,3,4,5,6,7,8,9,10,11,12 8 10000 10000
T8_91 1,2,3,4,5,6,7,8,9,10,11,12 8 10000 10000
T8_92 1,2,3,4,5,6,7,8,9,10,11,12 8 10000 10000
T8_93 1,2,3,4,5,6,7,8,9,10,11,12 8 10000 10000
T8_94 1,2,3,4,5,6,7,8,9,10,11,12 8 10000 10000
T8_95 1,2,3,4,5,6,7,8,9,10,11,12 8 10000 10000
T8_96 1,2,3,4,5,6,7,8,9,10,11,12 8 10000 10000
T8_97 1,2,3,4,5,6,7,8,9,10,11,12 8 10000 10000
T8_98 1,2,3,4,5,6,7,8,9,10,11,12 8 10000 10000
T8_99 1,2,3,4,5,6,7,8,9,10,11,12 8 10000 10000
T8_100 1,2,3,4,5,6,7,8,9,10,11,12 8 10000 10000
T9_1 1,2,3,4,5,6,7,8,9,10,11,12 9 10000 10000
T9_2 1,2,3,4,5,6,7,8,9,10,11,12 9 10000 10000
T9_3 1,2,3,4,5,6,7,8,9,10,11,12 9 10000 10000
T9_4 1,2,3,4,5,6,7,8,9,10,11,12 9 10000 10000
T9_5 1,2,3,4,5,6,7,8,9,10,11,12 9 10000 10000
T9_6 1,2,3,4,5,6,7,8,9,10,11,12 9 10000 10000
T9_7 1,2,3,4,5,6,7,8,9,10,11,12 9 10000 10000
T9_8 1,2,3,4,5,6,7,8,9,10,11,12 9 10000 10000
T9_9 1,2,3,4,5,6,7,8,9,10,11,12 9 10000 10000
T9_10 1,2,3,4,5,6,7,8,9,10,11,12 9 10000 10000
T9_11 1,2,3,4,5,6,7,8,9,10,11,12 9 10000 10000
T9_12 1,2,3,4,5,6,7,8,9,10,11,12 9 10000 10000
T9_13 1,2,3,4,5,6,7,8,9,10,11,12 9 10000 10000
T9_14 1,2,3,4,5,6,7,8,9,10,11,12 9 10000 10000
T9_15 1,2,3,4,5,6,7,8,9,10,11,12 9 10000 10000
T9_16 1,2,3,4,5,6,7,8,9,10,11,12 9 10000 10000
T9_17 1,2,3,4,5,6,7,8,9,10,11,12 9 10000 10000
T9_18 1,2,3,4,5,6,7,8,9,10,11,12 9 10000 10000
T9_19 1,2,3,4,5,6,7,8,9,10,11,12 9 10000 10000
T9_20 1,2,3,4,5,6,7,8,9,10,11,12 9 10000 10000
T9_21 1,2,3,4,5,6,7,8,9,10,11,12 9 10000 10000
T9_22 1,2,3,4,5,6,7,8,9,10,11,12 9 10000 10000
T9_23 1,2,3,4,5,6,7,8,9,10,11,12 9 10000 10000
T9_24 1,2,3,4,5,6,7,8,9,10,11,12 9 10000 10000
T9_25 1,2,3,4,5,6,7,8,9,10,11,12 9 10000 10000
T9_26 1,2,3,4,5,6,7,8,9,10,11,12 9 10000 10000
T9_27 1,2,3,4,5,6,7,8,9,10,11,12 9 10000 10000
T9_28 1,2,3,4,5,6,7,8,9,10,11,12 9 10000 10000
T9_29 1,2,3,4,5,6,7,8,9,10,11,12 9 10000 10000
T9_30 1,2,3,4,5,6,7,8,9,10,11,12 9 10000 10000
T9_31 1,2,3,4,5,6,7,8,9,10,11,12 9 10000 10000
T9_32 1,2,3,4,5,6,7,8,9,10,11,12 9 10000 10000
T9_33 1,2,3,4,5,6,7,8,9,10,11,12 9 10000 10000
T9_34 1,2,3,4,5,6,7,8,9,10,11,12 9 10000 10000
T9_35 1,2,3,4,5,6,7,8,9,10,11,12 9 10000 10000
T9_36 1,2,3,4,5,6,7,8,9,10,11,12 9 10000 10000
T9_37 1,2,3,4,5,6,7,8,9,10,11,12 9 10000 10000
T9_38 1,2,3,4,5,6,7,8,9,10,11,12 9 10000 10000
T9_39 1,2,3,4,5,6,7,8,9,10,11,12 9 10000 10000
T9_40 1,2,3,4,5,6,7,8,9,10,11,12 9 10000 10000
T9_41 1,2,3,4,5,6,7,8,9,10,11,12 9 10000 10000
T9_42 1,2,3,4,5,6,7,8,9,10,11,12 9 10000 10000
T9_43 1,2,3,4,5,6,7,8,9,10,11,12 9 10000 10000
T9_44 1,2,3,4,5,6,7,8,9,10,11,12 9 10000 10000
T9_45 1,2,3,4,5,6,7,8,9,10,11,12 9 10000 10000
T9_46 1,2,3,4,5,6,7,8,9,10,11,12 9 10000 10000
T9_47 1,2,3,4,5,6,7,8,9,10,11,12 9 10000 10000
T9_48 1,2,3,4,5,6,7,8,9,10,11,12 9 10000 10000
T9_49 1,2,3,4,5,6,7,8,9,10,11,12 9 10000 10000
T9_50 1,2,3,4,5,6,7,8,9,10,11,12 9 10000 10000
T9_51 1,2,3,4,5,6,7,8,9,10,11,12 9 10000 10000
T9_52 1,2,3,4,5,6,7,8,9,10,11,12 9 10000 10000
T9_53 1,2,3,4,5,6,7,8,9,10,11,12 9 10000 10000
T9_54 1,2,3,4,5,6,7,8,9,10,11,12 9 10000 10000
T9_55 1,2,3,4,5,6,7,8,9,10,11,12 9 10000 10000
T9_56 1,2,3,4,5,6,7,8,9,10,11,12 9 10000 10000
T9_57 1,2,3,4,5,6,7,8,9,10,11,12 9 10000 10000
T9_58 1,2,3,4,5,6,7,8,9,10,11,12 9 10000 10000
T9_59 1,2,3,4,5,6,7,8,9,10,11,12 9 10000 10000
T9_60 1,2,3,4,5,6,7,8,9,10,11,12 9 10000 10000
T9_61 1,2,3,4,5,6,7,8,9,10,11,12 9 10000 10000
T9_62 1,2,3,4,5,6,7,8,9,10,11,12 9 10000 10000
T9_63 1,2,3,4,5,6,7,8,9,10,11,12 9 10000 10000
T9_64 1,2,3,4,5,6,7,8,9,10,11,12 9 10000 10000
T9_65 1,2,3,4,5,6,7,8,9,10,11,12 9 10000 10000
T9_66 1,2,3,4,5,6,7,8,9,10,11,12 9 10000 10000
T9_67 1,2,3,4,5,6,7,8,9,10,11,12 9 10000 10000
T9_68 1,2,3,4,5,6,7,8,9,10,11,12 9 10000 10000
T9_69 1,2,3,4,5,6,7,8,9,10,11,12 9 10000 10000
T9_70 1,2,3,4,5,6,7,8,9,10,11,12 9 10000 10000
T9_71 1,2,3,4,5,6,7,8,9,10,11,12 9 10000 10000
T9_72 1,2,3,4,5,6,7,8,9,10,11,12 9 10000 10000
T9_73 1,2,3,4,5,6,7,8,9,10,11,12 9 10000 10000
T9_74 1,2,3,4,5,6,7,8,9,10,11,12 9 10000 10000
T9_75 1,2,3,4,5,6,7,8,9,10,11,12 9 10000 10000
T9_76 1,2,3,4,5,6,7,8,9,10,11,12 9 10000 10000
T9_77 1,2,3,4,5,6,7,8,9,10,11,12 9 10000 10000
T9_78 1,2,3,4,5,6,7,8,9,10,11,12 9 10000 10000
T9_79 1,2,3,4,5,6,7,8,9,10,11,12 9 10000 10000
T9_80 1,2,3,4,5,6,7,8,9,10,11,12 9 10000 10000
T9_81 1,2,3,4,5,6,7,8,9,10,11,12 9 10000 10000
T9_82 1,2,3,4,5,6,7,8,9,10,11,12 9 10000 10000
T9_83 1,2,3,4,5,6,7,8,9,10,11,12 9 10000 10000
T9_84 1,2,3,4,5,6,7,8,9,10,11,12 9 10000 10000
T9_85 1,2,3,4,5,6,7,8,9,10,11,12 9 10000 10000
T9_86 1,2,3,4,5,6,7,8,9,10,11,12 9 10000 10000
T9_87 1,2,3,4,5,6,7,8,9,10,11,12 9 10000 10000
T9_88 1,2,3,4,5,6,7,8,9,10,11,12 9 10000 10000
T9_89 1,2,3,4,5,6,7,8,9,10,11,12 9 10000 10000
T9_90 1,2,3,4,5,6,7,8,9,10,11,12 9 10000 10000
T9_91 1,2,3,4,5,6,7,8,9,10,11,12 9 10000 10000
T9_92 1,2,3,4,5,6,7,8,9,10,11,12 9 10000 10000
T9_93 1,2,3,4,5,6,7,8,9,10,11,12 9 10000 10000
T9_94 1,2,3,4,5,6,7,8,9,10,11,12 9 10000 10000
T9_95 1,2,3,4,5,6,7,8,9,10,11,12 9 10000 10000
T9_96 1,2,3,4,5,6,7,8,9,10,11,12 9 10000 10000
T9_97 1,2,3,4,5,6,7,8,9,10,11,12 9 10000 10000
T9_98 1,2,3,4,5,6,7,8,9,10,11,12 9 10000 10000
T9_99 1,2,3,4,5,6,7,8,9,10,11,12 9 10000 10000
T9_100 1,2,3,4,5,6,7,8,9,10,11,12 9 10000 10000
T10_1 1,2,3,4,5,6,7,8,9,10,11,12 10 10000 10000
T10_2 1,2,3,4,5,6,7,8,9,10,11,12 10 10000 10000
T10_3 1,2,3,4,5,6,7,8,9,10,11,12 10 10000 10000
T10_4 1,2,3,4,5,6,7,8,9,10,11,12 10 10000 10000
T10_5 1,2,3,4,5,6,7,8,9,10,11,12 10 10000 10000
T10_6 1,2,3,4,5,6,7,8,9,10,11,12 10 10000 10000
T10_7 1,2,3,4,5,6,7,8,9,10,11,12 10 10000 10000
T10_8 1,2,3,4,5,6,7,8,9,10,11,12 10 10000 10000
T10_9 1,2,3,4,5,6,7,8,9,10,11,12 10 10000 10000
T10_10 1,2,3,4,5,6,7,8,9,10,11,12 10 10000 10000
T10_11 1,2,3,4,5,6,7,8,9,10,11,12 10 10000 10000
T10_12 1,2,3,4,5,6,7,8,9,10,11,12 10 10000 10000
T10_13 1,2,3,4,5,6,7,8,9,10,11,12 10 10000 10000
T10_14 1,2,3,4,5,6,7,8,9,10,11,12 10 10000 10000
T10_15 1,2,3,4,5,6,7,8,9,10,11,12 10 10000 10000
T10_16 1,2,3,4,5,6,7,8,9,10,11,12 10 10000 10000
T10_17 1,2,3,4,5,6,7,8,9,10,11,12 10 10000 10000
T10_18 1,2,3,4,5,6,7,8,9,10,11,12 10 10000 10000
T10_19 1,2,3,4,5,6,7,8,9,10,11,12 10 10000 10000
T10_20 1,2,3,4,5,6,7,8,9,10,11,12 10 10000 10000
T10_21 1,2,3,4,5,6,7,8,9,10,11,12 10 10000 10000
T10_22 1,2,3,4,5,6,7,8,9,10,11,12 10 10000 10000
T10_23 1,2,3,4,5,6,7,8,9,10,11,12 10 10000 10000
T10_24 1,2,3,4,5,6,7,8,9,10,11,12 10 10000 10000
T10_25 1,2,3,4,5,6,7,8,9,10,11,12 10 10000 10000
T10_26 1,2,3,4,5,6,7,8,9,10,11,12 10 10000 10000
T10_27 1,2,3,4,5,6,7,8,9,10,11,12 10 10000 10000
T10_28 1,2,3,4,5,6,7,8,9,10,11,12 10 10000 10000
T10_29 1,2,3,4,5,6,7,8,9,10,11,12 10 10000 10000
T10_30 1,2,3,4,5,6,7,8,9,10,11,12 10 10000 10000
T10_31 1,2,3,4,5,6,7,8,9,10,11,12 10 10000 10000
T10_32 1,2,3,4,5,6,7,8,9,10,11,12 10 10000 10000
T10_33 1,2,3,4,5,6,7,8,9,10,11,12 10 10000 10000
T10_34 1,2,3,4,5,6,7,8,9,10,11,12 10 10000 10000
T10_35 1,2,3,4,5,6,7,8,9,10,11,12 10 10000 10000
T10_36 1,2,3,4,5,6,7,8,9,10,11,12 10 10000 10000
T10_37 1,2,3,4,5,6,7,8,9,10,11,12 10 10000 10000
T10_38 1,2,3,4,5,6,7,8,9,10,11,12 10 10000 10000
T10_39 1,2,3,4,5,6,7,8,9,10,11,12 10 10000 10000
T10_40 1,2,3,4,5,6,7,8,9,10,11,12 10 10000 10000
T10_41 1,2,3,4,5,6,7,8,9,10,11,12 10 10000 10000
T10_42 1,2,3,4,5,6,7,8,9,10,11,12 10 10000 10000
T10_43 1,2,3,4,5,6,7,8,9,10,11,12 10 10000 10000
T10_44 1,2,3,4,5,6,7,8,9,10,11,12 10 10000 10000
T10_45 1,2,3,4,5,6,7,8,9,10,11,12 10 10000 10000
T10_46 1,2,3,4,5,6,7,8,9,10,11,12 10 10000 10000
T10_47 1,2,3,4,5,6,7,8,9,10,11,12 10 10000 10000
T10_48 1,2,3,4,5,6,7,8,9,10,11,12 10 10000 10000
T10_49 1,2,3,4,5,6,7,8,9,10,11,12 10 10000 10000
T10_50 1,2,3,4,5,6,7,8,9,10,11,12 10 10000 10000
T10_51 1,2,3,4,5,6,7,8,9,10,11,12 10 10000 10000
T10_52 1,2,3,4,5,6,7,8,9,10,11,12 10 10000 10000
T10_53 1,2,3,4,5,6,7,8,9,10,11,12 10 10000 10000
T10_54 1,2,3,4,5,6,7,8,9,10,11,12 10 10000 10000
T10_55 1,2,3,4,5,6,7,8,9,10,11,12 10 10000 10000
T10_56 1,2,3,4,5,6,7,8,9,10,11,12 10 10000 10000
T10_57 1,2,3,4,5,6,7,8,9,10,11,12 10 10000 10000
T10_58 1,2,3,4,5,6,7,8,9,10,11,12 10 10000 10000
T10_59 1,2,3,4,5,6,7,8,9,10,11,12 10 10000 10000
T10_60 1,2,3,4,5,6,7,8,9,10,11,12 10 10000 10000
T10_61 1,2,3,4,5,6,7,8,9,10,11,12 10 10000 10000
T10_62 1,2,3,4,5,6,7,8,9,10,11,12 10 10000 10000
T10_63 1,2,3,4,5,6,7,8,9,10,11,12 10 10000 10000
T10_64 1,2,3,4,5,6,7,8,9,10,11,12 10 10000 10000
T10_65 1,2,3,4,5,6,7,8,9,10,11,12 10 10000 10000
T10_66 1,2,3,4,5,6,7,8,9,10,11,12 10 10000 10000
T10_67 1,2,3,4,5,6,7,8,9,10,11,12 10 10000 10000
T10_68 1,2,3,4,5,6,7,8,9,10,11,12 10 10000 10000
T10_69 1,2,3,4,5,6,7,8,9,10,11,12 10 10000 10000
T10_70 1,2,3,4,5,6,7,8,9,10,11,12 10 10000 10000
T10_71 1,2,3,4,5,6,7,8,9,10,11,12 10 10000 10000
T10_72 1,2,3,4,5,6,7,8,9,10,11,12 10 10000 10000
T10_73 1,2,3,4,5,6,7,8,9,10,11,12 10 10000 10000
T10_74 1,2,3,4,5,6,7,8,9,10,11,12 10 10000 10000
T10_75 1,2,3,4,5,6,7,8,9,10,11,12 10 10000 10000
T10_76 1,2,3,4,5,6,7,8,9,10,11,12 10 10000 10000
T10_77 1,2,3,4,5,6,7,8,9,10,11,12 10 10000 10000
T10_78 1,2,3,4,5,6,7,8,9,10,11,12 10 10000 10000
T10_79 1,2,3,4,5,6,7,8,9,10,11,12 10 10000 10000
T10_80 1,2,3,4,5,6,7,8,9,10,11,12 10 10000 10000
T10_81 1,2,3,4,5,6,7,8,9,10,11,12 10 10000 10000
T10_82 1,2,3,4,5,6,7,8,9,10,11,12 10 10000 10000
T10_83 1,2,3,4,5,6,7,8,9,10,11,12 10 10000 10000
T10_84 1,2,3,4,5,6,7,8,9,10,11,12 10 10000 10000
T10_85 1,2,3,4,5,6,7,8,9,10,11,12 10 10000 10000
T10_86 1,2,3,4,5,6,7,8,9,10,11,12 10 10000 10000
T10_87 1,2,3,4,5,6,7,8,9,10,11,12 10 10000 10000
T10_88 1,2,3,4,5,6,7,8,9,10,11,12 10 10000 10000
T10_89 1,2,3,4,5,6,7,8,9,10,11,12 10 10000 10000
T10_90 1,2,3,4,5,6,7,8,9,10,11,12 10 10000 10000
T10_91 1,2,3,4,5,6,7,8,9,10,11,12 10 10000 10000
T10_92 1,2,3,4,5,6,7,8,9,10,11,12 10 10000 10000
T10_93 1,2,3,4,5,6,7,8,9,10,11,12 10 10000 10000
T10_94 1,2,3,4,5,6,7,8,9,10,11,12 10 10000 10000
T10_95 1,2,3,4,5,6,7,8,9,10,11,12 10 10000 10000
T10_96 1,2,3,4,5,6,7,8,9,10,11,12 10 10000 10000
T10_97 1,2,3,4,5,6,7,8,9,10,11,12 10 10000 10000
T10_98 1,2,3,4,5,6,7,8,9,10,11,12 10 10000 10000
T10_99 1,2,3,4,5,6,7,8,9,10,11,12 10 10000 10000
T10_100 1,2,3,4,5,6,7,8,9,10,11,12 10 10000 10000
T11_1 1,2,3,4,5,6,7,8,9,10,11,12 11 10000 10000
T11_2 1,2,3,4,5,6,7,8,9,10,11,12 11 10000 10000
T11_3 1,2,3,4,5,6,7,8,9,10,11,12 11 10000 10000
T11_4 1,2,3,4,5,6,7,8,9,10,11,12 11 10000 10000
T11_5 1,2,3,4,5,6,7,8,9,10,11,12 11 10000 10000
T11_6 1,2,3,4,5,6,7,8,9,10,11,12 11 10000 10000
T11_7 1,2,3,4,5,6,7,8,9,10,11,12 11 10000 10000
T11_8 1,2,3,4,5,6,7,8,9,10,11,12 11 10000 10000
T11_9 1,2,3,4,5,6,7,8,9,10,11,12 11 10000 10000
T11_10 1,2,3,4,5,6,7,8,9,10,11,12 11 10000 10000
T11_11 1,2,3,4,5,6,7,8,9,10,11,12 11 10000 10000
T11_12 1,2,3,4,5,6,7,8,9,10,11,12 11 10000 10000
T11_13 1,2,3,4,5,6,7,8,9,10,11,12 11 10000 10000
T11_14 1,2,3,4,5,6,7,8,9,10,11,12 11 10000 10000
T11_15 1,2,3,4,5,6,7,8,9,10,11,12 11 10000 10000
T11_16 1,2,3,4,5,6,7,8,9,10,11,12 11 10000 10000
T11_17 1,2,3,4,5,6,7,8,9,10,11,12 11 10000 10000
T11_18 1,2,3,4,5,6,7,8,9,10,11,12 11 10000 10000
T11_19 1,2,3,4,5,6,7,8,9,10,11,12 11 10000 10000
T11_20 1,2,3,4,5,6,7,8,9,10,11,12 11 10000 10000
T11_21 1,2,3,4,5,6,7,8,9,10,11,12 11 10000 10000
T11_22 1,2,3,4,5,6,7,8,9,10,11,12 11 10000 10000
T11_23 1,2,3,4,5,6,7,8,9,10,11,12 11 10000 10000
T11_24 1,2,3,4,5,6,7,8,9,10,11,12 11 10000 10000
T11_25 1,2,3,4,5,6,7,8,9,10,11,12 11 10000 10000
T11_26 1,2,3,4,5,6,7,8,9,10,11,12 11 10000 10000
T11_27 1,2,3,4,5,6,7,8,9,10,11,12 11 10000 10000
T11_28 1,2,3,4,5,6,7,8,9,10,11,12 11 10000 10000
T11_29 1,2,3,4,5,6,7,8,9,10,11,12 11 10000 10000
T11_30 1,2,3,4,5,6,7,8,9,10,11,12 11 10000 10000
T11_31 1,2,3,4,5,6,7,8,9,10,11,12 11 10000 10000
T11_32 1,2,3,4,5,6,7,8,9,10,11,12 11 10000 10000
T11_33 1,2,3,4,5,6,7,8,9,10,11,12 11 10000 10000
T11_34 1,2,3,4,5,6,7,8,9,10,11,12 11 10000 10000
T11_35 1,2,3,4,5,6,7,8,9,10,11,12 11 10000 10000
T11_36 1,2,3,4,5,6,7,8,9,10,11,12 11 10000 10000
T11_37 1,2,3,4,5,6,7,8,9,10,11,12 11 10000 10000
T11_38 1,2,3,4,5,6,7,8,9,10,11,12 11 10000 10000
T11_39 1,2,3,4,5,6,7,8,9,10,11,12 11 10000 10000
T11_40 1,2,3,4,5,6,7,8,9,10,11,12 11 10000 10000
T11_41 1,2,3,4,5,6,7,8,9,10,11,12 11 10000 10000
T11_42 1,2,3,4,5,6,7,8,9,10,11,12 11 10000 10000
T11_43 1,2,3,4,5,6,7,8,9,10,11,12 11 10000 10000
T11_44 1,2,3,4,5,6,7,8,9,10,11,12 11 10000 10000
T11_45 1,2,3,4,5,6,7,8,9,10,11,12 11 10000 10000
T11_46 1,2,3,4,5,6,7,8,9,10,11,12 11 10000 10000
T11_47 1,2,3,4,5,6,7,8,9,10,11,12 11 10000 10000
T11_48 1,2,3,4,5,6,7,8,9,10,11,12 11 10000 10000
T11_49 1,2,3,4,5,6,7,8,9,10,11,12 11 10000 10000
T11_50 1,2,3,4,5,6,7,8,9,10,11,12 11 10000 10000
T11_51 1,2,3,4,5,6,7,8,9,10,11,12 11 10000 10000
T11_52 1,2,3,4,5,6,7,8,9,10,11,12 11 10000 10000
T11_53 1,2,3,4,5,6,7,8,9,10,11,12 11 10000 10000
T11_54 1,2,3,4,5,6,7,8,9,10,11,12 11 10000 10000
T11_55 1,2,3,4,5,6,7,8,9,10,11,12 11 10000 10000
T11_56 1,2,3,4,5,6,7,8,9,10,11,12 11 10000 10000
T11_57 1,2,3,4,5,6,7,8,9,10,11,12 11 10000 10000
T11_58 1,2,3,4,5,6,7,8,9,10,11,12 11 10000 10000
T11_59 1,2,3,4,5,6,7,8,9,10,11,12 11 10000 10000
T11_60 1,2,3,4,5,6,7,8,9,10,11,12 11 10000 10000
T11_61 1,2,3,4,5,6,7,8,9,10,11,12 11 10000 10000
T11_62 1,2,3,4,5,6,7,8,9,10,11,12 11 10000 10000
T11_63 1,2,3,4,5,6,7,8,9,10,11,12 11 10000 10000
T11_64 1,2,3,4,5,6,7,8,9,10,11,12 11 10000 10000
T11_65 1,2,3,4,5,6,7,8,9,10,11,12 11 10000 10000
T11_66 1,2,3,4,5,6,7,8,9,10,11,12 11 10000 10000
T11_67 1,2,3,4,5,6,7,8,9,10,11,12 11 10000 10000
T11_68 1,2,3,4,5,6,7,8,9,10,11,12 11 10000 10000
T11_69 1,2,3,4,5,6,7,8,9,10,11,12 11 10000 10000
T11_70 1,2,3,4,5,6,7,8,9,10,11,12 11 10000 10000
T11_71 1,2,3,4,5,6,7,8,9,10,11,12 11 10000 10000
T11_72 1,2,3,4,5,6,7,8,9,10,11,12 11 10000 10000
T11_73 1,2,3,4,5,6,7,8,9,10,11,12 11 10000 10000
T11_74 1,2,3,4,5,6,7,8,9,10,11,12 11 10000 10000
T11_75 1,2,3,4,5,6,7,8,9,10,11,12 11 10000 10000
T11_76 1,2,3,4,5,6,7,8,9,10,11,12 11 10000 10000
T11_77 1,2,3,4,5,6,7,8,9,10,11,12 11 10000 10000
T11_78 1,2,3,4,5,6,7,8,9,10,11,12 11 10000 10000
T11_79 1,2,3,4,5,6,7,8,9,10,11,12 11 10000 10000
T11_80 1,2,3,4,5,6,7,8,9,10,11,12 11 10000 10000
T11_81 1,2,3,4,5,6,7,8,9,10,11,12 11 10000 10000
T11_82 1,2,3,4,5,6,7,8,9,10,11,12 11 10000 10000
T11_83 1,2,3,4,5,6,7,8,9,10,11,12 11 10000 10000
T11_84 1,2,3,4,5,6,7,8,9,10,11,12 11 10000 10000
T11_85 1,2,3,4,5,6,7,8,9,10,11,12 11 10000 10000
T11_86 1,2,3,4,5,6,7,8,9,10,11,12 11 10000 10000
T11_87 1,2,3,4,5,6,7,8,9,10,11,12 11 10000 10000
T11_88 1,2,3,4,5,6,7,8,9,10,11,12 11 10000 10000
T11_89 1,2,3,4,5,6,7,8,9,10,11,12 11 10000 10000
T11_90 1,2,3,4,5,6,7,8,9,10,11,12 11 10000 10000
T11_91 1,2,3,4,5,6,7,8,9,10,11,12 11 10000 10000
T11_92 1,2,3,4,5,6,7,8,9,10,11,12 11 10000 10000
T11_93 1,2,3,4,5,6,7,8,9,10,11,12 11 10000 10000
T11_94 1,2,3,4,5,6,7,8,9,10,11,12 11 10000 10000
T11_95 1,2,3,4,5,6,7,8,9,10,11,12 11 10000 10000
T11_96 1,2,3,4,5,6,7,8,9,10,11,12 11 10000 10000
T11_97 1,2,3,4,5,6,7,8,9,10,11,12 11 10000 10000
T11_98 1,2,3,4,5,6,7,8,9,10,11,12 11 10000 10000
T11_99 1,2,3,4,5,6,7,8,9,10,11,12 11 10000 10000
T11_100 1,2,3,4,5,6,7,8,9,10,11,12 11 10000 10000
T12_1 1,2,3,4,5,6,7,8,9,10,11,12 12 10000 10000
T12_2 1,2,3,4,5,6,7,8,9,10,11,12 12 10000 10000
T12_3 1,2,3,4,5,6,7,8,9,10,11,12 12 10000 10000
T12_4 1,2,3,4,5,6,7,8,9,10,11,12 12 10000 10000
T12_5 1,2,3,4,5,6,7,8,9,10,11,12 12 10000 10000
T12_6 1,2,3,4,5,6,7,8,9,10,11,12 12 10000 10000
T12_7 1,2,3,4,5,6,7,8,9,10,11,12 12 10000 10000
T12_8 1,2,3,4,5,6,7,8,9,10,11,12 12 10000 10000
T12_9 1,2,3,4,5,6,7,8,9,10,11,12 12 10000 10000
T12_10 1,2,3,4,5,6,7,8,9,10,11,12 12 10000 10000
T12_11 1,2,3,4,5,6,7,8,9,10,11,12 12 10000 10000
T12_12 1,2,3,4,5,6,7,8,9,10,11,12 12 10000 10000
T12_13 1,2,3,4,5,6,7,8,9,10,11,12 12 10000 10000
T12_14 1,2,3,4,5,6,7,8,9,10,11,12 12 10000 10000
T12_15 1,2,3,4,5,6,7,8,9,10,11,12 12 10000 10000
T12_16 1,2,3,4,5,6,7,8,9,10,11,12 12 10000 10000
T12_17 1,2,3,4,5,6,7,8,9,10,11,12 12 10000 10000
T12_18 1,2,3,4,5,6,7,8,9,10,11,12 12 10000 10000
T12_19 1,2,3,4,5,6,7,8,9,10,11,12 12 10000 10000
T12_20 1,2,3,4,5,6,7,8,9,10,11,12 12 10000 10000
T12_21 1,2,3,4,5,6,7,8,9,10,11,12 12 10000 10000
T12_22 1,2,3,4,5,6,7,8,9,10,11,12 12 10000 10000
T12_23 1,2,3,4,5,6,7,8,9,10,11,12 12 10000 10000
T12_24 1,2,3,4,5,6,7,8,9,10,11,12 12 10000 10000
T12_25 1,2,3,4,5,6,7,8,9,10,11,12 12 10000 10000
T12_26 1,2,3,4,5,6,7,8,9,10,11,12 12 10000 10000
T12_27 1,2,3,4,5,6,7,8,9,10,11,12 12 10000 10000
T12_28 1,2,3,4,5,6,7,8,9,10,11,12 12 10000 10000
T12_29 1,2,3,4,5,6,7,8,9,10,11,12 12 10000 10000
T12_30 1,2,3,4,5,6,7,8,9,10,11,12 12 10000 10000
T12_31 1,2,3,4,5,6,7,8,9,10,11,12 12 10000 10000
T12_32 1,2,3,4,5,6,7,8,9,10,11,12 12 10000 10000
T12_33 1,2,3,4,5,6,7,8,9,10,11,12 12 10000 10000
T12_34 1,2,3,4,5,6,7,8,9,10,11,12 12 10000 10000
T12_35 1,2,3,4,5,6,7,8,9,10,11,12 12 10000 10000
T12_36 1,2,3,4,5,6,7,8,9,10,11,12 12 10000 10000
T12_37 1,2,3,4,5,6,7,8,9,10,11,12 12 10000 10000
T12_38 1,2,3,4,5,6,7,8,9,10,11,12 12 10000 10000
T12_39 1,2,3,4,5,6,7,8,9,10,11,12 12 10000 10000
T12_40 1,2,3,4,5,6,7,8,9,10,11,12 12 10000 10000
T12_41 1,2,3,4,5,6,7,8,9,10,11,12 12 10000 10000
T12_42 1,2,3,4,5,6,7,8,9,10,11,12 12 10000 10000
T12_43 1,2,3,4,5,6,7,8,9,10,11,12 12 10000 10000
T12_44 1,2,3,4,5,6,7,8,9,10,11,12 12 10000 10000
T12_45 1,2,3,4,5,6,7,8,9,10,11,12 12 10000 10000
T12_46 1,2,3,4,5,6,7,8,9,10,11,12 12 10000 10000
T12_47 1,2,3,4,5,6,7,8,9,10,11,12 12 10000 10000
T12_48 1,2,3,4,5,6,7,8,9,10,11,12 12 10000 10000
T12_49 1,2,3,4,5,6,7,8,9,10,11,12 12 10000 10000
T12_50 1,2,3,4,5,6,7,8,9,10,11,12 12 10000 10000
T12_51 1,2,3,4,5,6,7,8,9,10,11,12 12 10000 10000
T12_52 1,2,3,4,5,6,7,8,9,10,11,12 12 10000 10000
T12_53 1,2,3,4,5,6,7,8,9,10,11,12 12 10000 10000
T12_54 1,2,3,4,5,6,7,8,9,10,11,12 12 10000 10000
T12_55 1,2,3,4,5,6,7,8,9,10,11,12 12 10000 10000
T12_56 1,2,3,4,5,6,7,8,9,10,11,12 12 10000 10000
T12_57 1,2,3,4,5,6,7,8,9,10,11,12 12 10000 10000
T12_58 1,2,3,4,5,6,7,8,9,10,11,12 12 10000 10000
T12_59 1,2,3,4,5,6,7,8,9,10,11,12 12 10000 10000
T12_60 1,2,3,4,5,6,7,8,9,10,11,12 12 10000 10000
T12_61 1,2,3,4,5,6,7,8,9,10,11,12 12 10000 10000
T12_62 1,2,3,4,5,6,7,8,9,10,11,12 12 10000 10000
T12_63 1,2,3,4,5,6,7,8,9,10,11,12 12 10000 10000
T12_64 1,2,3,4,5,6,7,8,9,10,11,12 12 10000 10000
T12_65 1,2,3,4,5,6,7,8,9,10,11,12 12 10000 10000
T12_66 1,2,3,4,5,6,7,8,9,10,11,12 12 10000 10000
T12_67 1,2,3,4,5,6,7,8,9,10,11,12 12 10000 10000
T12_68 1,2,3,4,5,6,7,8,9,10,11,12 12 10000 10000
T12_69 1,2,3,4,5,6,7,8,9,10,11,12 12 10000 10000
T12_70 1,2,3,4,5,6,7,8,9,10,11,12 12 10000 10000
T12_71 1,2,3,4,5,6,7,8,9,10,11,12 12 10000 10000
T12_72 1,2,3,4,5,6,7,8,9,10,11,12 12 10000 10000
T12_73 1,2,3,4,5,6,7,8,9,10,11,12 12 10000 10000
T12_74 1,2,3,4,5,6,7,8,9,10,11,12 12 10000 10000
T12_75 1,2,3,4,5,6,7,8,9,10,11,12 12 10000 10000
T12_76 1,2,3,4,5,6,7,8,9,10,11,12 12 10000 10000
T12_77 1,2,3,4,5,6,7,8,9,10,11,12 12 10000 10000
T12_78 1,2,3,4,5,6,7,8,9,10,11,12 12 10000 10000
T12_79 1,2,3,4,5,6,7,8,9,10,11,12 12 10000 10000
T12_80 1,2,3,4,5,6,7,8,9,10,11,12 12 10000 10000
T12_81 1,2,3,4,5,6,7,8,9,10,11,12 12 10000 10000
T12_82 1,2,3,4,5,6,7,8,9,10,11,12 12 10000 10000
T12_83 1,2,3,4,5,6,7,8,9,10,11,12 12 10000 10000
T12_84 1,2,3,4,5,6,7,8,9,10,11,12 12 10000 10000
T12_85 1,2,3,4,5,6,7,8,9,10,11,12 12 10000 10000
T12_86 1,2,3,4,5,6,7,8,9,10,11,12 12 10000 10000
T12_87 1,2,3,4,5,6,7,8,9,10,11,12 12 10000 10000
T12_88 1,2,3,4,5,6,7,8,9,10,11,12 12 10000 10000
T12_89 1,2,3,4,5,6,7,8,9,10,11,12 12 10000 10000
T12_90 1,2,3,4,5,6,7,8,9,10,11,12 12 10000 10000
T12_91 1,2,3,4,5,6,7,8,9,10,11,12 12 10000 10000
T12_92 1,2,3,4,5,6,7,8,9,10,11,12 12 10000 10000
T12_93 1,2,3,4,5,6,7,8,9,10,11,12 12 10000 10000
T12_94 1,2,3,4,5,6,7,8,9,10,11,12 12 10000 10000
T12_95 1,2,3,4,5,6,7,8,9,10,11,12 12 10000 10000
T12_96 1,2,3,4,5,6,7,8,9,10,11,12 12 10000 10000
T12_97 1,2,3,4,5,6,7,8,9,10,11,12 12 10000 10000
T12_98 1,2,3,4,5,6,7,8,9,10,11,12 12 10000 10000
T12_99 1,2,3,4,5,6,7,8,9,10,11,12 12 10000 10000
T12_100 1,2,3,4,5,6,7,8,9,10,11,12 12 10000 10000
