        H102  1 0.1540 0.1545 0.2158 0.1581 0.1552 0.1625 
        H103  1 0.1833 0.1778 0.1363 0.1600 0.1727 0.1699 
        H104  1 0.1535 0.1494 0.2129 0.1542 0.1486 0.1814 
        H105  1 0.1624 0.1620 0.1714 0.1780 0.1698 0.1564 
        H106  1 0.1697 0.1714 0.1598 0.1688 0.1662 0.1641 
        H112  1 0.1734 0.1533 0.1706 0.1601 0.1622 0.1804 
        H113  1 0.1641 0.1508 0.1967 0.1558 0.1463 0.1863 
        H114  1 0.1589 0.1556 0.1785 0.1574 0.1647 0.1848 
        H115  1 0.1631 0.1520 0.1892 0.1477 0.1497 0.1983 
        H143  1 0.1625 0.1673 0.1751 0.1675 0.1591 0.1686 
        H144  1 0.1673 0.1777 0.1571 0.1703 0.1749 0.1527 
        H145  1 0.1706 0.1798 0.1405 0.1685 0.1709 0.1697 
        H149  1 0.1704 0.1677 0.1740 0.1606 0.1546 0.1726 
        H150  1 0.1556 0.1764 0.1535 0.1729 0.1673 0.1743 
     H167542  1 0.1523 0.1411 0.2277 0.1413 0.1421 0.1956 
     H169604  1 0.1607 0.1672 0.1751 0.1548 0.1743 0.1679 
     H169607  1 0.1642 0.1665 0.1459 0.1828 0.1706 0.1699 
     H169608  1 0.1622 0.1683 0.1684 0.1707 0.1632 0.1672 
     H169633  1 0.1602 0.1715 0.1753 0.1578 0.1750 0.1602 
     H169688  1 0.1616 0.1788 0.1500 0.1671 0.1765 0.1659 
     H169714  1 0.1559 0.1583 0.1845 0.1659 0.1623 0.1731 
     H171802  1 0.1747 0.1727 0.1682 0.1520 0.1659 0.1665 
     H171805  1 0.1750 0.1640 0.1591 0.1717 0.1726 0.1576 
     H171807  1 0.1644 0.1758 0.1525 0.1661 0.1746 0.1666 
     H171814  1 0.1646 0.1782 0.1437 0.1685 0.1738 0.1713 
     H171816  1 0.1694 0.1671 0.1567 0.1634 0.1712 0.1723 
     H171817  1 0.1582 0.1534 0.2050 0.1504 0.1581 0.1749 
     H171818  1 0.1602 0.1633 0.1903 0.1665 0.1530 0.1666 
     H171819  1 0.1717 0.1653 0.1627 0.1605 0.1710 0.1687 
     H171834  1 0.1765 0.1535 0.1797 0.1690 0.1585 0.1628 
     H171835  1 0.1585 0.1548 0.1879 0.1533 0.1555 0.1899 
     H171836  1 0.1745 0.1708 0.1569 0.1609 0.1751 0.1618 
     H171837  1 0.1646 0.1518 0.1941 0.1652 0.1528 0.1715 
     H171838  1 0.1725 0.1823 0.1403 0.1729 0.1766 0.1554 
     H171839  1 0.1530 0.1537 0.1727 0.1707 0.1672 0.1827 
     H171841  1 0.1706 0.1632 0.1459 0.1755 0.1732 0.1717 
     H171860  1 0.1614 0.1592 0.1760 0.1574 0.1618 0.1842 
     H171861  1 0.1634 0.1585 0.1731 0.1731 0.1575 0.1744 
     H171862  1 0.1629 0.1673 0.1649 0.1608 0.1760 0.1680 
     H171868  1 0.1604 0.1428 0.2052 0.1649 0.1509 0.1758 
     H171869  1 0.1765 0.1677 0.1592 0.1714 0.1646 0.1606 
     H171870  1 0.1643 0.1675 0.1648 0.1680 0.1756 0.1598 
     H171871  1 0.1762 0.1664 0.1454 0.1773 0.1666 0.1681 
     H171872  1 0.1504 0.1556 0.2142 0.1524 0.1593 0.1681 
     H171873  1 0.1755 0.1753 0.1581 0.1666 0.1661 0.1585 
     H171874  1 0.1744 0.1693 0.1421 0.1838 0.1851 0.1454 
     H171875  1 0.1747 0.1708 0.1576 0.1665 0.1633 0.1671 
     H171876  1 0.1582 0.1634 0.1644 0.1711 0.1741 0.1687 
     H171877  1 0.1484 0.1434 0.2275 0.1482 0.1410 0.1915 
     H171878  1 0.1658 0.1732 0.1504 0.1768 0.1775 0.1562 
     H171901  1 0.1641 0.1601 0.1972 0.1560 0.1610 0.1615 
     H171902  1 0.1610 0.1765 0.1500 0.1712 0.1744 0.1670 
     H171903  1 0.1582 0.1644 0.1804 0.1633 0.1660 0.1677 
     H171935  1 0.1789 0.1740 0.1450 0.1773 0.1684 0.1564 
     H171936  1 0.1576 0.1627 0.1770 0.1643 0.1681 0.1703 
     H171940  1 0.1779 0.1604 0.1795 0.1590 0.1602 0.1630 
     H171945  1 0.1491 0.1764 0.1576 0.1717 0.1818 0.1634 
     H171948  1 0.1783 0.1594 0.1498 0.1599 0.1656 0.1869 
     H171949  1 0.1560 0.1597 0.1884 0.1701 0.1562 0.1697 
     H171950  1 0.1474 0.1551 0.2234 0.1604 0.1496 0.1641 
     H171963  1 0.1827 0.1741 0.1608 0.1643 0.1590 0.1591 
     H171964  1 0.1687 0.1806 0.1365 0.1745 0.1745 0.1652 
     H171966  1 0.1696 0.1748 0.1567 0.1794 0.1654 0.1540 
     H171968  1 0.1570 0.1629 0.1875 0.1641 0.1602 0.1683 
     H171971  1 0.1602 0.1702 0.1582 0.1777 0.1741 0.1595 
     H171972  1 0.1638 0.1730 0.1566 0.1679 0.1827 0.1561 
     H171977  1 0.1666 0.1671 0.1555 0.1770 0.1714 0.1624 
     H171978  1 0.1716 0.1711 0.1416 0.1900 0.1698 0.1558 
     H171979  1 0.1707 0.1699 0.1465 0.1756 0.1760 0.1613 
        H176  1 0.1545 0.1640 0.1823 0.1568 0.1720 0.1703 
        H177  1 0.1681 0.1529 0.2012 0.1589 0.1564 0.1625 
        H179  1 0.1498 0.1444 0.2289 0.1533 0.1475 0.1761 
        H181  1 0.1807 0.1736 0.1422 0.1700 0.1689 0.1645 
        H182  1 0.1717 0.1693 0.1396 0.1841 0.1726 0.1627 
        H183  1 0.1692 0.1908 0.1384 0.1709 0.1767 0.1541 
        H184  1 0.1728 0.1602 0.1706 0.1737 0.1538 0.1690 
        H185  1 0.1698 0.1762 0.1492 0.1696 0.1724 0.1630 
        H186  1 0.1719 0.1605 0.1718 0.1744 0.1617 0.1599 
        H187  1 0.1676 0.1714 0.1694 0.1593 0.1591 0.1731 
        H188  1 0.1549 0.1546 0.1947 0.1549 0.1564 0.1845 
        H192  1 0.1799 0.1555 0.1687 0.1621 0.1650 0.1688 
        H193  1 0.1681 0.1598 0.1518 0.1840 0.1710 0.1653 
        H194  1 0.1646 0.1582 0.1704 0.1682 0.1643 0.1743 
        H195  1 0.1806 0.1751 0.1316 0.1765 0.1669 0.1692 
        H199  1 0.1762 0.1701 0.1609 0.1816 0.1658 0.1453 
        H200  1 0.1612 0.1752 0.1605 0.1845 0.1734 0.1453 
        H414  1 0.1579 0.1849 0.1526 0.1732 0.1761 0.1553 
        H415  1 0.1556 0.1623 0.1678 0.1607 0.1727 0.1809 
        H422  1 0.1499 0.1784 0.1698 0.1764 0.1807 0.1447 
        H423  1 0.1745 0.1722 0.1509 0.1601 0.1723 0.1700 
        H424  1 0.1656 0.1667 0.1463 0.1786 0.1657 0.1772 
        H425  1 0.1693 0.1772 0.1478 0.1835 0.1826 0.1396 
        H426  1 0.1667 0.1934 0.1173 0.1838 0.1828 0.1560 
        H443  1 0.1527 0.1907 0.1534 0.1619 0.1845 0.1568 
        H466  1 0.1719 0.1600 0.1565 0.1757 0.1740 0.1620 
        H467  1 0.1845 0.1619 0.1489 0.1692 0.1682 0.1674 
        H472  1 0.1735 0.1767 0.1551 0.1562 0.1737 0.1648 
        H483  1 0.1839 0.1725 0.1645 0.1611 0.1689 0.1492 
        H504  1 0.1672 0.1732 0.1435 0.1835 0.1829 0.1498 
        H505  1 0.1668 0.1506 0.1951 0.1554 0.1627 0.1694 
        H506  1 0.1707 0.1657 0.1688 0.1730 0.1616 0.1602 
        H507  1 0.1723 0.1692 0.1461 0.1640 0.1840 0.1644 
        H508  1 0.1625 0.1671 0.1565 0.1759 0.1691 0.1689 
        H524  1 0.1506 0.1596 0.1951 0.1616 0.1628 0.1702 
        H525  1 0.1679 0.1572 0.1775 0.1681 0.1654 0.1640 
        H526  1 0.1768 0.1680 0.1716 0.1506 0.1722 0.1607 
        H527  1 0.1614 0.1563 0.1983 0.1556 0.1544 0.1739 
        H528  1 0.1600 0.1942 0.1348 0.1754 0.1750 0.1606 
        H529  1 0.1529 0.1777 0.1540 0.1666 0.1777 0.1711 
        H533  1 0.1663 0.1696 0.1586 0.1646 0.1664 0.1745 
        H538  1 0.1710 0.1595 0.1761 0.1663 0.1668 0.1603 
        H539  1 0.1627 0.1647 0.1696 0.1628 0.1743 0.1659 
        H540  1 0.1770 0.1628 0.1748 0.1691 0.1587 0.1576 
        H541  1 0.1635 0.1572 0.1918 0.1650 0.1555 0.1670 
        H558  1 0.1793 0.1783 0.1364 0.1801 0.1789 0.1470 
        H559  1 0.1703 0.1734 0.1669 0.1698 0.1649 0.1547 
        H579  1 0.1536 0.1839 0.1325 0.1798 0.1870 0.1632 
        H584  1 0.1716 0.1741 0.1395 0.1761 0.1737 0.1650 
        H585  1 0.1609 0.1758 0.1478 0.1784 0.1713 0.1657 
        H605  1 0.1558 0.1783 0.2019 0.1453 0.1546 0.1641 
        H606  1 0.1598 0.1519 0.2235 0.1467 0.1517 0.1664 
        H632  1 0.1811 0.1758 0.1308 0.1832 0.1768 0.1523 
        H634  1 0.1654 0.1609 0.1744 0.1717 0.1622 0.1652 
        H671  1 0.1575 0.1635 0.1778 0.1624 0.1589 0.1799 
        H672  1 0.1608 0.1652 0.1805 0.1555 0.1729 0.1651 
        H673  1 0.1594 0.1688 0.1468 0.1789 0.1823 0.1638 
        H689  1 0.1665 0.1715 0.1425 0.1765 0.1669 0.1761 
        H690  1 0.1606 0.1412 0.2157 0.1400 0.1433 0.1992 
        H691  1 0.1771 0.1752 0.1634 0.1617 0.1693 0.1533 
        H692  1 0.1577 0.1894 0.1307 0.1751 0.1870 0.1601 
        H709  1 0.1652 0.1653 0.1545 0.1713 0.1740 0.1697 
        H710  1 0.1799 0.1831 0.1322 0.1704 0.1746 0.1599 
       H7355  1 0.1678 0.1596 0.1891 0.1533 0.1554 0.1748 
       H7356  1 0.1696 0.1701 0.1536 0.1701 0.1693 0.1672 
       H7357  1 0.1577 0.1547 0.2080 0.1556 0.1582 0.1658 
       H7358  1 0.1726 0.1611 0.1670 0.1635 0.1642 0.1716 
       H7380  1 0.1603 0.1808 0.1762 0.1587 0.1584 0.1657 
       H7381  1 0.1648 0.1649 0.1567 0.1729 0.1702 0.1705 
       H7382  1 0.1689 0.1705 0.1632 0.1776 0.1609 0.1589 
        H904  1 0.1628 0.1560 0.2241 0.1459 0.1530 0.1582 
        H923  1 0.1723 0.1707 0.1522 0.1615 0.1675 0.1759 
        H924  1 0.1606 0.1539 0.2035 0.1556 0.1507 0.1756 
        H925  1 0.1557 0.1615 0.1826 0.1634 0.1647 0.1721 
       H9558  1 0.1741 0.1796 0.1315 0.1768 0.1845 0.1536 
        H111  3 0.1629 0.1799 0.1427 0.1838 0.1703 0.1604 
        H951  3 0.1758 0.1701 0.1579 0.1809 0.1635 0.1518 
        H952  3 0.1694 0.1666 0.1469 0.1810 0.1669 0.1692 
        H953  3 0.1727 0.1662 0.1819 0.1506 0.1570 0.1716 
        H954  3 0.1563 0.1437 0.2135 0.1549 0.1571 0.1745 
        H955  3 0.1692 0.1777 0.1499 0.1710 0.1743 0.1579 
        H956  3 0.1709 0.1654 0.1738 0.1582 0.1586 0.1730 
       H9563  3 0.1488 0.1518 0.2126 0.1444 0.1641 0.1782 
      H_PALI  6 0.1727 0.1578 0.1867 0.1609 0.1643 0.1577 
        H581  6 0.1545 0.1723 0.1651 0.1743 0.1762 0.1576 
        H582  6 0.1790 0.1670 0.1461 0.1749 0.1709 0.1622 
        H583  6 0.1603 0.1615 0.1969 0.1660 0.1693 0.1460 
        H595  6 0.1777 0.1714 0.1405 0.1652 0.1804 0.1649 
        H596  6 0.1765 0.1656 0.1654 0.1751 0.1617 0.1557 
        H597  6 0.1712 0.1893 0.1391 0.1695 0.1821 0.1488 
        H598  6 0.1688 0.1703 0.1588 0.1668 0.1631 0.1722 
        H599  6 0.1733 0.1729 0.1631 0.1637 0.1703 0.1567 
        H642  6 0.1811 0.1631 0.1397 0.1868 0.1750 0.1543 
        H643  6 0.1576 0.1634 0.1900 0.1589 0.1555 0.1747 
        H664  6 0.1688 0.1818 0.1496 0.1745 0.1682 0.1572 
        H665  6 0.1501 0.1532 0.1836 0.1633 0.1642 0.1856 
        H674  6 0.1733 0.1745 0.1313 0.1883 0.1813 0.1512 
        H675  6 0.1748 0.1785 0.1431 0.1666 0.1804 0.1565 
        H676  6 0.1693 0.1915 0.1313 0.1771 0.1692 0.1617 
        H686  6 0.1531 0.1703 0.1514 0.1784 0.1897 0.1571 
        H687  6 0.1669 0.1748 0.1503 0.1756 0.1698 0.1626 
        H917  6 0.1639 0.1537 0.1938 0.1604 0.1517 0.1766 
        H918  6 0.1687 0.1516 0.1940 0.1551 0.1687 0.1619 
        H919  6 0.1571 0.1507 0.2006 0.1534 0.1621 0.1763 
        H920  6 0.1686 0.1647 0.1793 0.1632 0.1684 0.1558 
        H631  7 0.1629 0.1515 0.1842 0.1593 0.1577 0.1844 
        H684  7 0.1656 0.1838 0.1293 0.1806 0.1829 0.1578 
        H685  7 0.1600 0.1617 0.1798 0.1612 0.1612 0.1761 
        H713  7 0.1667 0.1676 0.1927 0.1531 0.1549 0.1651 
        H715  7 0.1640 0.1919 0.1425 0.1723 0.1733 0.1561 
        H716  7 0.1633 0.1737 0.1661 0.1570 0.1684 0.1715 
        H717  7 0.1714 0.1582 0.1698 0.1603 0.1739 0.1664 
        H729  7 0.1563 0.1663 0.1593 0.1738 0.1689 0.1754 
        H730  7 0.1526 0.1535 0.1987 0.1631 0.1505 0.1817 
        H600  9 0.1631 0.1695 0.1743 0.1662 0.1480 0.1788 
        H648  9 0.1780 0.1719 0.1330 0.1711 0.1753 0.1707 
        H696  9 0.1642 0.1788 0.1435 0.1772 0.1814 0.1548 
        H697  9 0.1653 0.1718 0.1614 0.1630 0.1703 0.1681 
        H698  9 0.1626 0.1760 0.1616 0.1662 0.1752 0.1583 
        H699  9 0.1748 0.1674 0.1453 0.1758 0.1788 0.1578 
        H700  9 0.1516 0.1443 0.2230 0.1499 0.1547 0.1766 
        H732  9 0.1630 0.1712 0.1680 0.1615 0.1747 0.1616 
        H733  9 0.1621 0.1682 0.1778 0.1625 0.1643 0.1650 
        H734  9 0.1649 0.1829 0.1390 0.1687 0.1856 0.1589 
        H735  9 0.1679 0.1720 0.1786 0.1604 0.1550 0.1660 
        H736  9 0.1745 0.1759 0.1619 0.1647 0.1553 0.1676 
        H737  9 0.1669 0.1752 0.1597 0.1694 0.1622 0.1666 
        H905  9 0.1612 0.1731 0.1649 0.1691 0.1576 0.1741 
        H921  9 0.1568 0.1609 0.1835 0.1505 0.1545 0.1937 
        H922  9 0.1654 0.1652 0.1574 0.1745 0.1661 0.1714 
        H409 12 0.1734 0.1737 0.1641 0.1659 0.1634 0.1596 
        H413 12 0.1734 0.1735 0.1312 0.1709 0.1836 0.1674 
        H419 12 0.1677 0.1534 0.1619 0.1727 0.1556 0.1887 
        H420 12 0.1665 0.1522 0.1619 0.1741 0.1621 0.1832 
        H421 12 0.1607 0.1690 0.1560 0.1786 0.1782 0.1575 
        H435 12 0.1812 0.1614 0.1532 0.1671 0.1563 0.1808 
        H436 12 0.1583 0.1641 0.2009 0.1515 0.1647 0.1605 
        H437 12 0.1646 0.1626 0.1755 0.1731 0.1593 0.1648 
        H445 12 0.1567 0.1700 0.1874 0.1574 0.1533 0.1753 
        H449 12 0.1632 0.1690 0.1447 0.1753 0.1799 0.1680 
        H463 12 0.1650 0.1718 0.1584 0.1737 0.1673 0.1638 
        H464 12 0.1851 0.1812 0.1440 0.1837 0.1630 0.1431 
        H465 12 0.1719 0.1812 0.1383 0.1809 0.1784 0.1494 
        H490 12 0.1670 0.1816 0.1309 0.1801 0.1914 0.1491 
        H561 12 0.1690 0.1711 0.1464 0.1710 0.1725 0.1700 
        H562 12 0.1641 0.1619 0.1786 0.1581 0.1666 0.1707 
        H563 12 0.1495 0.1488 0.2259 0.1431 0.1401 0.1925 
        H570 12 0.1603 0.1518 0.1955 0.1598 0.1625 0.1701 
        H571 12 0.1776 0.1804 0.1561 0.1555 0.1726 0.1579 
        H572 12 0.1714 0.1595 0.1617 0.1624 0.1710 0.1740 
        H573 12 0.1721 0.1595 0.1636 0.1696 0.1678 0.1674 
       H7372 12 0.1677 0.1597 0.1703 0.1647 0.1669 0.1705 
       H7373 12 0.1571 0.1972 0.1395 0.1666 0.1810 0.1586 
       H7374 12 0.1614 0.1609 0.1715 0.1742 0.1744 0.1576 
       H7375 12 0.1529 0.1631 0.1873 0.1554 0.1600 0.1814 
       H7376 12 0.1740 0.1561 0.1757 0.1687 0.1567 0.1688 
       H7377 12 0.1596 0.1545 0.2014 0.1612 0.1584 0.1650 
