        H102  1 0.0804 0.0826 0.0838 0.0811 0.0818 0.0863 0.0803 0.0826 0.0951 0.0810 0.0803 0.0847 
        H103  1 0.0850 0.0837 0.0828 0.0831 0.0836 0.0788 0.0862 0.0824 0.0825 0.0864 0.0845 0.0810 
        H104  1 0.0835 0.0858 0.0830 0.0820 0.0845 0.0854 0.0833 0.0806 0.0848 0.0832 0.0819 0.0820 
        H105  1 0.0827 0.0836 0.0851 0.0838 0.0836 0.0832 0.0823 0.0833 0.0831 0.0830 0.0834 0.0827 
        H106  1 0.0818 0.0838 0.0826 0.0831 0.0851 0.0831 0.0834 0.0851 0.0842 0.0824 0.0829 0.0826 
        H112  1 0.0827 0.0826 0.0852 0.0826 0.0837 0.0829 0.0835 0.0828 0.0845 0.0834 0.0821 0.0841 
        H113  1 0.0826 0.0834 0.0852 0.0847 0.0831 0.0844 0.0831 0.0834 0.0799 0.0832 0.0832 0.0839 
        H114  1 0.0815 0.0827 0.0841 0.0833 0.0846 0.0839 0.0836 0.0833 0.0796 0.0832 0.0838 0.0863 
        H115  1 0.0801 0.0827 0.0853 0.0823 0.0823 0.0885 0.0812 0.0822 0.0879 0.0815 0.0813 0.0847 
        H143  1 0.0855 0.0822 0.0833 0.0843 0.0838 0.0817 0.0834 0.0829 0.0857 0.0831 0.0828 0.0811 
        H144  1 0.0845 0.0828 0.0818 0.0826 0.0828 0.0839 0.0843 0.0827 0.0822 0.0833 0.0859 0.0833 
        H145  1 0.0842 0.0828 0.0866 0.0847 0.0824 0.0803 0.0850 0.0830 0.0800 0.0844 0.0843 0.0824 
        H149  1 0.0821 0.0825 0.0826 0.0808 0.0832 0.0894 0.0829 0.0830 0.0860 0.0818 0.0829 0.0826 
        H150  1 0.0826 0.0817 0.0847 0.0821 0.0819 0.0874 0.0827 0.0821 0.0816 0.0822 0.0832 0.0877 
     H167542  1 0.0819 0.0829 0.0827 0.0819 0.0832 0.0868 0.0821 0.0836 0.0849 0.0834 0.0823 0.0843 
     H169604  1 0.0823 0.0817 0.0849 0.0830 0.0815 0.0848 0.0823 0.0835 0.0844 0.0821 0.0814 0.0880 
     H169607  1 0.0842 0.0817 0.0845 0.0840 0.0834 0.0821 0.0843 0.0848 0.0793 0.0832 0.0826 0.0860 
     H169608  1 0.0823 0.0833 0.0846 0.0812 0.0828 0.0838 0.0817 0.0842 0.0856 0.0835 0.0820 0.0848 
     H169633  1 0.0837 0.0825 0.0842 0.0834 0.0817 0.0844 0.0827 0.0855 0.0812 0.0846 0.0837 0.0825 
     H169688  1 0.0839 0.0845 0.0817 0.0841 0.0833 0.0804 0.0838 0.0834 0.0852 0.0835 0.0837 0.0824 
     H169714  1 0.0841 0.0836 0.0833 0.0825 0.0816 0.0865 0.0821 0.0836 0.0851 0.0817 0.0823 0.0835 
     H171802  1 0.0833 0.0837 0.0834 0.0823 0.0839 0.0833 0.0837 0.0829 0.0835 0.0819 0.0835 0.0847 
     H171805  1 0.0823 0.0831 0.0820 0.0837 0.0834 0.0840 0.0838 0.0843 0.0839 0.0827 0.0821 0.0848 
     H171807  1 0.0822 0.0825 0.0837 0.0831 0.0838 0.0848 0.0827 0.0843 0.0817 0.0836 0.0827 0.0848 
     H171814  1 0.0882 0.0839 0.0833 0.0853 0.0837 0.0779 0.0880 0.0828 0.0765 0.0866 0.0873 0.0763 
     H171816  1 0.0840 0.0839 0.0841 0.0829 0.0822 0.0847 0.0831 0.0833 0.0820 0.0815 0.0832 0.0852 
     H171817  1 0.0802 0.0823 0.0850 0.0820 0.0824 0.0872 0.0824 0.0838 0.0861 0.0815 0.0801 0.0869 
     H171818  1 0.0828 0.0856 0.0838 0.0833 0.0844 0.0831 0.0835 0.0820 0.0831 0.0830 0.0839 0.0815 
     H171819  1 0.0822 0.0823 0.0835 0.0820 0.0834 0.0881 0.0820 0.0828 0.0823 0.0817 0.0810 0.0887 
     H171834  1 0.0813 0.0833 0.0823 0.0817 0.0810 0.0893 0.0819 0.0829 0.0898 0.0819 0.0815 0.0831 
     H171835  1 0.0817 0.0830 0.0838 0.0824 0.0831 0.0867 0.0824 0.0826 0.0819 0.0826 0.0826 0.0870 
     H171836  1 0.0835 0.0834 0.0831 0.0854 0.0859 0.0790 0.0851 0.0832 0.0815 0.0842 0.0839 0.0819 
     H171837  1 0.0830 0.0823 0.0838 0.0841 0.0830 0.0853 0.0811 0.0836 0.0852 0.0833 0.0826 0.0829 
     H171838  1 0.0836 0.0844 0.0842 0.0837 0.0825 0.0844 0.0821 0.0840 0.0818 0.0822 0.0829 0.0841 
     H171839  1 0.0843 0.0838 0.0845 0.0825 0.0827 0.0832 0.0818 0.0832 0.0823 0.0835 0.0830 0.0851 
     H171841  1 0.0836 0.0829 0.0827 0.0830 0.0839 0.0832 0.0830 0.0838 0.0829 0.0835 0.0833 0.0840 
     H171860  1 0.0836 0.0827 0.0854 0.0829 0.0838 0.0831 0.0823 0.0830 0.0812 0.0820 0.0817 0.0884 
     H171861  1 0.0835 0.0837 0.0823 0.0835 0.0851 0.0800 0.0837 0.0835 0.0835 0.0831 0.0836 0.0844 
     H171862  1 0.0826 0.0842 0.0835 0.0833 0.0837 0.0851 0.0826 0.0822 0.0847 0.0814 0.0827 0.0840 
     H171868  1 0.0832 0.0812 0.0842 0.0823 0.0831 0.0867 0.0824 0.0821 0.0856 0.0824 0.0833 0.0835 
     H171869  1 0.0842 0.0844 0.0823 0.0843 0.0835 0.0818 0.0843 0.0838 0.0841 0.0838 0.0836 0.0800 
     H171870  1 0.0822 0.0829 0.0835 0.0830 0.0822 0.0808 0.0832 0.0854 0.0869 0.0841 0.0838 0.0821 
     H171871  1 0.0834 0.0851 0.0848 0.0836 0.0846 0.0813 0.0847 0.0825 0.0786 0.0838 0.0849 0.0827 
     H171872  1 0.0821 0.0818 0.0855 0.0824 0.0823 0.0852 0.0830 0.0840 0.0849 0.0814 0.0816 0.0860 
     H171873  1 0.0834 0.0838 0.0818 0.0824 0.0839 0.0840 0.0839 0.0830 0.0868 0.0821 0.0827 0.0821 
     H171874  1 0.0839 0.0815 0.0827 0.0822 0.0825 0.0821 0.0828 0.0835 0.0863 0.0836 0.0830 0.0859 
     H171875  1 0.0832 0.0833 0.0829 0.0851 0.0843 0.0792 0.0844 0.0834 0.0825 0.0852 0.0841 0.0825 
     H171876  1 0.0822 0.0833 0.0838 0.0816 0.0840 0.0836 0.0828 0.0821 0.0856 0.0837 0.0815 0.0858 
     H171877  1 0.0814 0.0833 0.0831 0.0830 0.0833 0.0847 0.0821 0.0839 0.0852 0.0821 0.0820 0.0859 
     H171878  1 0.0840 0.0876 0.0830 0.0835 0.0828 0.0801 0.0835 0.0839 0.0833 0.0842 0.0839 0.0801 
     H171901  1 0.0819 0.0820 0.0863 0.0820 0.0841 0.0830 0.0822 0.0854 0.0838 0.0804 0.0836 0.0853 
     H171902  1 0.0833 0.0834 0.0833 0.0844 0.0822 0.0826 0.0853 0.0836 0.0808 0.0842 0.0823 0.0845 
     H171903  1 0.0826 0.0824 0.0849 0.0825 0.0833 0.0837 0.0834 0.0821 0.0844 0.0830 0.0823 0.0853 
     H171935  1 0.0836 0.0846 0.0837 0.0832 0.0825 0.0817 0.0839 0.0828 0.0846 0.0840 0.0835 0.0819 
     H171936  1 0.0829 0.0823 0.0836 0.0829 0.0837 0.0854 0.0828 0.0834 0.0834 0.0820 0.0843 0.0833 
     H171940  1 0.0829 0.0836 0.0818 0.0821 0.0846 0.0829 0.0830 0.0832 0.0862 0.0844 0.0827 0.0826 
     H171945  1 0.0850 0.0826 0.0827 0.0833 0.0835 0.0825 0.0847 0.0841 0.0812 0.0833 0.0845 0.0826 
     H171948  1 0.0821 0.0821 0.0831 0.0817 0.0837 0.0888 0.0825 0.0826 0.0841 0.0816 0.0817 0.0860 
     H171949  1 0.0817 0.0820 0.0839 0.0815 0.0819 0.0876 0.0826 0.0837 0.0881 0.0815 0.0814 0.0842 
     H171950  1 0.0818 0.0820 0.0836 0.0818 0.0825 0.0828 0.0818 0.0822 0.0941 0.0821 0.0820 0.0832 
     H171963  1 0.0829 0.0846 0.0833 0.0840 0.0836 0.0810 0.0831 0.0837 0.0844 0.0827 0.0848 0.0818 
     H171964  1 0.0867 0.0846 0.0808 0.0846 0.0823 0.0835 0.0869 0.0812 0.0777 0.0854 0.0858 0.0804 
     H171966  1 0.0837 0.0831 0.0813 0.0838 0.0840 0.0828 0.0844 0.0835 0.0803 0.0845 0.0850 0.0837 
     H171968  1 0.0827 0.0821 0.0827 0.0832 0.0827 0.0839 0.0835 0.0824 0.0876 0.0835 0.0827 0.0831 
     H171971  1 0.0826 0.0867 0.0826 0.0832 0.0823 0.0832 0.0817 0.0829 0.0873 0.0833 0.0833 0.0810 
     H171972  1 0.0833 0.0821 0.0839 0.0817 0.0829 0.0836 0.0826 0.0822 0.0845 0.0824 0.0843 0.0866 
     H171977  1 0.0852 0.0835 0.0820 0.0847 0.0830 0.0841 0.0827 0.0842 0.0794 0.0848 0.0850 0.0816 
     H171978  1 0.0835 0.0827 0.0814 0.0832 0.0824 0.0822 0.0834 0.0845 0.0858 0.0840 0.0840 0.0830 
     H171979  1 0.0841 0.0849 0.0854 0.0846 0.0831 0.0820 0.0831 0.0833 0.0791 0.0836 0.0828 0.0838 
        H176  1 0.0843 0.0820 0.0847 0.0832 0.0837 0.0841 0.0839 0.0838 0.0821 0.0825 0.0832 0.0823 
        H177  1 0.0794 0.0837 0.0841 0.0814 0.0840 0.0846 0.0818 0.0852 0.0894 0.0814 0.0822 0.0828 
        H179  1 0.0821 0.0830 0.0830 0.0825 0.0825 0.0857 0.0814 0.0833 0.0876 0.0821 0.0817 0.0850 
        H181  1 0.0841 0.0841 0.0845 0.0843 0.0841 0.0806 0.0848 0.0831 0.0803 0.0850 0.0852 0.0801 
        H182  1 0.0848 0.0818 0.0853 0.0829 0.0831 0.0812 0.0834 0.0829 0.0830 0.0841 0.0833 0.0839 
        H183  1 0.0858 0.0823 0.0817 0.0850 0.0839 0.0797 0.0855 0.0841 0.0782 0.0851 0.0865 0.0820 
        H184  1 0.0821 0.0835 0.0839 0.0832 0.0838 0.0842 0.0814 0.0825 0.0866 0.0820 0.0821 0.0847 
        H185  1 0.0836 0.0831 0.0828 0.0841 0.0835 0.0830 0.0829 0.0833 0.0813 0.0846 0.0862 0.0815 
        H186  1 0.0829 0.0836 0.0827 0.0838 0.0828 0.0818 0.0835 0.0813 0.0865 0.0842 0.0844 0.0825 
        H187  1 0.0826 0.0845 0.0833 0.0839 0.0843 0.0821 0.0824 0.0818 0.0833 0.0842 0.0842 0.0833 
        H188  1 0.0833 0.0836 0.0817 0.0846 0.0833 0.0835 0.0839 0.0838 0.0812 0.0842 0.0834 0.0835 
        H192  1 0.0831 0.0819 0.0833 0.0825 0.0824 0.0892 0.0816 0.0829 0.0864 0.0825 0.0812 0.0829 
        H193  1 0.0832 0.0839 0.0844 0.0851 0.0837 0.0797 0.0857 0.0822 0.0848 0.0841 0.0831 0.0802 
        H194  1 0.0819 0.0820 0.0843 0.0824 0.0838 0.0883 0.0825 0.0824 0.0860 0.0819 0.0809 0.0835 
        H195  1 0.0843 0.0847 0.0824 0.0859 0.0832 0.0770 0.0859 0.0846 0.0798 0.0858 0.0867 0.0796 
        H199  1 0.0850 0.0827 0.0812 0.0838 0.0849 0.0812 0.0851 0.0844 0.0827 0.0847 0.0832 0.0810 
        H200  1 0.0835 0.0835 0.0835 0.0849 0.0848 0.0806 0.0832 0.0837 0.0841 0.0833 0.0827 0.0823 
        H414  1 0.0843 0.0820 0.0836 0.0836 0.0814 0.0822 0.0848 0.0829 0.0849 0.0840 0.0840 0.0824 
        H415  1 0.0827 0.0823 0.0837 0.0826 0.0831 0.0852 0.0821 0.0833 0.0853 0.0816 0.0822 0.0859 
        H422  1 0.0862 0.0828 0.0828 0.0833 0.0826 0.0808 0.0845 0.0824 0.0849 0.0856 0.0846 0.0795 
        H423  1 0.0830 0.0829 0.0841 0.0837 0.0832 0.0859 0.0836 0.0821 0.0820 0.0827 0.0830 0.0838 
        H424  1 0.0844 0.0829 0.0822 0.0845 0.0832 0.0823 0.0845 0.0835 0.0798 0.0845 0.0854 0.0829 
        H425  1 0.0868 0.0816 0.0812 0.0835 0.0832 0.0825 0.0851 0.0836 0.0789 0.0847 0.0872 0.0816 
        H426  1 0.0841 0.0841 0.0802 0.0850 0.0829 0.0796 0.0873 0.0817 0.0791 0.0866 0.0872 0.0823 
        H443  1 0.0856 0.0814 0.0818 0.0840 0.0808 0.0811 0.0861 0.0831 0.0817 0.0857 0.0861 0.0826 
        H466  1 0.0824 0.0832 0.0835 0.0830 0.0836 0.0840 0.0829 0.0832 0.0846 0.0832 0.0834 0.0831 
        H467  1 0.0825 0.0830 0.0832 0.0829 0.0820 0.0875 0.0830 0.0825 0.0850 0.0825 0.0825 0.0834 
        H472  1 0.0837 0.0839 0.0837 0.0839 0.0847 0.0816 0.0839 0.0850 0.0789 0.0837 0.0844 0.0824 
        H483  1 0.0827 0.0831 0.0834 0.0828 0.0828 0.0855 0.0828 0.0839 0.0840 0.0832 0.0839 0.0818 
        H504  1 0.0863 0.0826 0.0813 0.0838 0.0839 0.0811 0.0863 0.0846 0.0774 0.0861 0.0856 0.0810 
        H505  1 0.0834 0.0847 0.0824 0.0843 0.0851 0.0811 0.0827 0.0829 0.0870 0.0817 0.0832 0.0813 
        H506  1 0.0839 0.0848 0.0835 0.0842 0.0838 0.0807 0.0836 0.0827 0.0820 0.0853 0.0846 0.0810 
        H507  1 0.0834 0.0840 0.0844 0.0841 0.0844 0.0829 0.0833 0.0851 0.0792 0.0832 0.0825 0.0836 
        H508  1 0.0838 0.0832 0.0837 0.0847 0.0834 0.0790 0.0850 0.0841 0.0817 0.0856 0.0849 0.0811 
        H524  1 0.0847 0.0841 0.0832 0.0833 0.0849 0.0808 0.0821 0.0855 0.0829 0.0840 0.0835 0.0810 
        H525  1 0.0836 0.0836 0.0843 0.0827 0.0839 0.0828 0.0836 0.0822 0.0836 0.0835 0.0822 0.0842 
        H526  1 0.0824 0.0827 0.0837 0.0829 0.0839 0.0839 0.0828 0.0844 0.0856 0.0827 0.0825 0.0825 
        H527  1 0.0810 0.0843 0.0835 0.0814 0.0831 0.0849 0.0805 0.0839 0.0916 0.0811 0.0811 0.0837 
        H528  1 0.0836 0.0827 0.0821 0.0827 0.0828 0.0840 0.0842 0.0827 0.0802 0.0841 0.0857 0.0852 
        H529  1 0.0854 0.0829 0.0818 0.0833 0.0829 0.0814 0.0838 0.0841 0.0816 0.0843 0.0856 0.0829 
        H533  1 0.0833 0.0837 0.0848 0.0838 0.0835 0.0829 0.0831 0.0845 0.0810 0.0823 0.0830 0.0840 
        H538  1 0.0825 0.0819 0.0846 0.0841 0.0824 0.0849 0.0826 0.0843 0.0811 0.0824 0.0832 0.0859 
        H539  1 0.0841 0.0834 0.0827 0.0821 0.0835 0.0824 0.0837 0.0835 0.0852 0.0832 0.0830 0.0832 
        H540  1 0.0824 0.0822 0.0835 0.0827 0.0833 0.0863 0.0813 0.0839 0.0864 0.0817 0.0822 0.0840 
        H541  1 0.0828 0.0822 0.0834 0.0832 0.0837 0.0858 0.0835 0.0842 0.0828 0.0825 0.0821 0.0839 
        H558  1 0.0849 0.0849 0.0817 0.0832 0.0835 0.0803 0.0856 0.0839 0.0801 0.0848 0.0835 0.0835 
        H559  1 0.0828 0.0835 0.0814 0.0841 0.0831 0.0819 0.0844 0.0836 0.0848 0.0833 0.0837 0.0834 
        H579  1 0.0843 0.0832 0.0829 0.0831 0.0832 0.0823 0.0845 0.0818 0.0830 0.0838 0.0828 0.0849 
        H584  1 0.0856 0.0836 0.0826 0.0851 0.0831 0.0800 0.0860 0.0823 0.0787 0.0844 0.0864 0.0822 
        H585  1 0.0833 0.0841 0.0822 0.0839 0.0831 0.0837 0.0837 0.0821 0.0838 0.0829 0.0826 0.0846 
        H605  1 0.0828 0.0844 0.0818 0.0827 0.0831 0.0835 0.0828 0.0822 0.0891 0.0827 0.0821 0.0827 
        H606  1 0.0815 0.0811 0.0821 0.0832 0.0829 0.0858 0.0841 0.0832 0.0907 0.0824 0.0829 0.0801 
        H632  1 0.0846 0.0838 0.0853 0.0852 0.0833 0.0785 0.0858 0.0834 0.0780 0.0863 0.0854 0.0804 
        H634  1 0.0832 0.0828 0.0812 0.0830 0.0830 0.0839 0.0833 0.0827 0.0872 0.0824 0.0830 0.0844 
        H671  1 0.0825 0.0825 0.0840 0.0847 0.0816 0.0852 0.0826 0.0834 0.0814 0.0829 0.0830 0.0862 
        H672  1 0.0852 0.0821 0.0811 0.0834 0.0833 0.0824 0.0832 0.0831 0.0853 0.0847 0.0831 0.0833 
        H673  1 0.0858 0.0856 0.0815 0.0849 0.0843 0.0813 0.0835 0.0818 0.0797 0.0847 0.0835 0.0834 
        H689  1 0.0855 0.0832 0.0827 0.0846 0.0831 0.0813 0.0854 0.0826 0.0784 0.0849 0.0850 0.0834 
        H690  1 0.0813 0.0822 0.0845 0.0831 0.0842 0.0855 0.0818 0.0825 0.0887 0.0810 0.0817 0.0835 
        H691  1 0.0829 0.0833 0.0846 0.0836 0.0831 0.0852 0.0825 0.0827 0.0824 0.0818 0.0827 0.0851 
        H692  1 0.0866 0.0833 0.0819 0.0846 0.0838 0.0791 0.0850 0.0821 0.0800 0.0851 0.0849 0.0834 
        H709  1 0.0838 0.0827 0.0833 0.0839 0.0840 0.0806 0.0852 0.0833 0.0851 0.0839 0.0841 0.0802 
        H710  1 0.0843 0.0828 0.0835 0.0845 0.0839 0.0790 0.0853 0.0831 0.0806 0.0853 0.0845 0.0832 
       H7355  1 0.0831 0.0827 0.0871 0.0828 0.0836 0.0849 0.0822 0.0837 0.0806 0.0819 0.0825 0.0848 
       H7356  1 0.0837 0.0823 0.0838 0.0821 0.0820 0.0854 0.0828 0.0827 0.0856 0.0830 0.0829 0.0837 
       H7357  1 0.0825 0.0822 0.0854 0.0815 0.0825 0.0850 0.0810 0.0844 0.0877 0.0815 0.0832 0.0832 
       H7358  1 0.0854 0.0842 0.0832 0.0847 0.0846 0.0799 0.0842 0.0853 0.0788 0.0852 0.0840 0.0807 
       H7380  1 0.0830 0.0818 0.0829 0.0824 0.0825 0.0847 0.0830 0.0839 0.0865 0.0832 0.0830 0.0832 
       H7381  1 0.0844 0.0865 0.0834 0.0837 0.0831 0.0816 0.0845 0.0818 0.0813 0.0846 0.0828 0.0824 
       H7382  1 0.0830 0.0835 0.0841 0.0834 0.0832 0.0826 0.0830 0.0830 0.0862 0.0821 0.0817 0.0841 
        H904  1 0.0809 0.0828 0.0818 0.0805 0.0829 0.0889 0.0811 0.0827 0.0943 0.0802 0.0806 0.0833 
        H923  1 0.0844 0.0831 0.0830 0.0851 0.0829 0.0813 0.0847 0.0849 0.0815 0.0838 0.0837 0.0817 
        H924  1 0.0822 0.0820 0.0832 0.0830 0.0840 0.0873 0.0817 0.0842 0.0845 0.0817 0.0831 0.0831 
        H925  1 0.0845 0.0823 0.0812 0.0826 0.0827 0.0847 0.0829 0.0853 0.0830 0.0828 0.0847 0.0833 
       H9558  1 0.0858 0.0856 0.0814 0.0847 0.0827 0.0800 0.0857 0.0833 0.0784 0.0859 0.0848 0.0818 
        H111  3 0.0846 0.0856 0.0821 0.0847 0.0837 0.0808 0.0839 0.0842 0.0813 0.0847 0.0846 0.0797 
        H951  3 0.0832 0.0833 0.0830 0.0826 0.0843 0.0848 0.0823 0.0839 0.0821 0.0831 0.0832 0.0842 
        H952  3 0.0839 0.0827 0.0839 0.0844 0.0843 0.0821 0.0845 0.0819 0.0810 0.0842 0.0850 0.0820 
        H953  3 0.0845 0.0836 0.0826 0.0845 0.0832 0.0854 0.0847 0.0836 0.0771 0.0843 0.0831 0.0834 
        H954  3 0.0811 0.0851 0.0830 0.0816 0.0821 0.0864 0.0802 0.0822 0.0913 0.0809 0.0811 0.0849 
        H955  3 0.0839 0.0845 0.0819 0.0835 0.0836 0.0799 0.0853 0.0833 0.0826 0.0843 0.0845 0.0828 
        H956  3 0.0835 0.0820 0.0845 0.0827 0.0820 0.0846 0.0822 0.0823 0.0819 0.0832 0.0826 0.0886 
       H9563  3 0.0831 0.0860 0.0823 0.0821 0.0843 0.0874 0.0817 0.0834 0.0824 0.0823 0.0824 0.0826 
      H_PALI  6 0.0810 0.0849 0.0832 0.0816 0.0838 0.0857 0.0823 0.0817 0.0917 0.0805 0.0814 0.0822 
        H581  6 0.0833 0.0839 0.0830 0.0828 0.0838 0.0835 0.0833 0.0835 0.0836 0.0826 0.0811 0.0855 
        H582  6 0.0831 0.0840 0.0824 0.0827 0.0829 0.0833 0.0834 0.0822 0.0865 0.0850 0.0833 0.0812 
        H583  6 0.0815 0.0825 0.0821 0.0825 0.0834 0.0843 0.0833 0.0832 0.0902 0.0825 0.0826 0.0819 
        H595  6 0.0826 0.0846 0.0849 0.0832 0.0844 0.0815 0.0838 0.0840 0.0801 0.0839 0.0843 0.0829 
        H596  6 0.0844 0.0839 0.0820 0.0831 0.0859 0.0818 0.0848 0.0840 0.0791 0.0844 0.0841 0.0825 
        H597  6 0.0861 0.0835 0.0830 0.0855 0.0830 0.0811 0.0853 0.0829 0.0809 0.0854 0.0842 0.0791 
        H598  6 0.0829 0.0817 0.0856 0.0821 0.0824 0.0859 0.0821 0.0818 0.0855 0.0824 0.0821 0.0858 
        H599  6 0.0826 0.0834 0.0822 0.0826 0.0842 0.0854 0.0838 0.0835 0.0816 0.0820 0.0854 0.0834 
        H642  6 0.0853 0.0837 0.0832 0.0844 0.0831 0.0791 0.0842 0.0846 0.0797 0.0854 0.0853 0.0820 
        H643  6 0.0818 0.0812 0.0856 0.0824 0.0839 0.0842 0.0830 0.0826 0.0844 0.0823 0.0836 0.0851 
        H664  6 0.0834 0.0845 0.0820 0.0836 0.0830 0.0815 0.0833 0.0840 0.0879 0.0832 0.0842 0.0795 
        H665  6 0.0822 0.0841 0.0832 0.0812 0.0813 0.0905 0.0815 0.0837 0.0850 0.0810 0.0802 0.0860 
        H674  6 0.0845 0.0852 0.0828 0.0851 0.0853 0.0803 0.0849 0.0835 0.0775 0.0847 0.0846 0.0817 
        H675  6 0.0837 0.0825 0.0832 0.0838 0.0841 0.0833 0.0846 0.0835 0.0816 0.0829 0.0843 0.0825 
        H676  6 0.0847 0.0847 0.0837 0.0843 0.0836 0.0790 0.0844 0.0844 0.0809 0.0846 0.0857 0.0801 
        H686  6 0.0833 0.0841 0.0849 0.0829 0.0843 0.0805 0.0850 0.0822 0.0802 0.0850 0.0841 0.0834 
        H687  6 0.0847 0.0862 0.0823 0.0834 0.0834 0.0822 0.0833 0.0818 0.0817 0.0839 0.0847 0.0825 
        H917  6 0.0802 0.0834 0.0836 0.0816 0.0828 0.0874 0.0809 0.0828 0.0863 0.0828 0.0821 0.0860 
        H918  6 0.0816 0.0824 0.0827 0.0817 0.0828 0.0853 0.0822 0.0838 0.0881 0.0824 0.0821 0.0850 
        H919  6 0.0793 0.0840 0.0843 0.0820 0.0823 0.0911 0.0819 0.0828 0.0825 0.0820 0.0823 0.0854 
        H920  6 0.0820 0.0840 0.0833 0.0814 0.0836 0.0857 0.0820 0.0824 0.0890 0.0811 0.0820 0.0835 
        H631  7 0.0827 0.0834 0.0844 0.0832 0.0828 0.0836 0.0831 0.0834 0.0854 0.0820 0.0819 0.0840 
        H684  7 0.0846 0.0837 0.0831 0.0832 0.0840 0.0803 0.0839 0.0826 0.0805 0.0850 0.0834 0.0857 
        H685  7 0.0837 0.0831 0.0835 0.0847 0.0840 0.0830 0.0831 0.0822 0.0803 0.0839 0.0834 0.0852 
        H713  7 0.0825 0.0826 0.0837 0.0824 0.0812 0.0831 0.0818 0.0822 0.0914 0.0836 0.0828 0.0829 
        H715  7 0.0846 0.0835 0.0842 0.0834 0.0838 0.0799 0.0837 0.0830 0.0813 0.0841 0.0839 0.0846 
        H716  7 0.0834 0.0830 0.0827 0.0823 0.0807 0.0860 0.0838 0.0828 0.0875 0.0830 0.0832 0.0816 
        H717  7 0.0838 0.0834 0.0834 0.0838 0.0845 0.0828 0.0841 0.0833 0.0820 0.0848 0.0844 0.0797 
        H729  7 0.0820 0.0826 0.0837 0.0838 0.0833 0.0848 0.0827 0.0824 0.0820 0.0843 0.0825 0.0859 
        H730  7 0.0827 0.0832 0.0839 0.0826 0.0828 0.0881 0.0813 0.0826 0.0819 0.0832 0.0823 0.0854 
        H600  9 0.0813 0.0833 0.0829 0.0828 0.0825 0.0846 0.0827 0.0824 0.0889 0.0836 0.0833 0.0818 
        H648  9 0.0831 0.0842 0.0833 0.0843 0.0830 0.0836 0.0848 0.0855 0.0771 0.0837 0.0833 0.0841 
        H696  9 0.0856 0.0844 0.0816 0.0846 0.0849 0.0799 0.0849 0.0828 0.0790 0.0863 0.0860 0.0801 
        H697  9 0.0835 0.0826 0.0851 0.0835 0.0834 0.0853 0.0842 0.0829 0.0807 0.0835 0.0832 0.0821 
        H698  9 0.0848 0.0823 0.0813 0.0826 0.0835 0.0840 0.0836 0.0843 0.0824 0.0851 0.0826 0.0834 
        H699  9 0.0831 0.0845 0.0838 0.0824 0.0838 0.0811 0.0843 0.0839 0.0814 0.0847 0.0842 0.0828 
        H700  9 0.0808 0.0825 0.0864 0.0809 0.0812 0.0832 0.0804 0.0842 0.0959 0.0802 0.0804 0.0839 
        H732  9 0.0853 0.0861 0.0819 0.0837 0.0832 0.0816 0.0846 0.0825 0.0816 0.0845 0.0845 0.0806 
        H733  9 0.0837 0.0841 0.0838 0.0852 0.0846 0.0826 0.0841 0.0832 0.0826 0.0831 0.0828 0.0803 
        H734  9 0.0832 0.0831 0.0855 0.0835 0.0849 0.0807 0.0834 0.0834 0.0803 0.0836 0.0838 0.0847 
        H735  9 0.0840 0.0851 0.0826 0.0847 0.0845 0.0819 0.0844 0.0838 0.0799 0.0841 0.0831 0.0819 
        H736  9 0.0821 0.0838 0.0849 0.0833 0.0842 0.0816 0.0831 0.0834 0.0839 0.0833 0.0825 0.0837 
        H737  9 0.0836 0.0830 0.0834 0.0825 0.0832 0.0852 0.0851 0.0812 0.0813 0.0835 0.0843 0.0838 
        H905  9 0.0816 0.0824 0.0843 0.0819 0.0835 0.0865 0.0807 0.0828 0.0875 0.0819 0.0817 0.0851 
        H921  9 0.0815 0.0836 0.0822 0.0818 0.0832 0.0887 0.0820 0.0819 0.0858 0.0809 0.0807 0.0877 
        H922  9 0.0849 0.0847 0.0829 0.0835 0.0845 0.0849 0.0828 0.0833 0.0812 0.0830 0.0813 0.0831 
        H409 12 0.0828 0.0840 0.0831 0.0828 0.0841 0.0845 0.0817 0.0825 0.0833 0.0830 0.0826 0.0855 
        H413 12 0.0843 0.0842 0.0827 0.0847 0.0851 0.0797 0.0836 0.0839 0.0840 0.0839 0.0843 0.0796 
        H419 12 0.0838 0.0842 0.0837 0.0838 0.0833 0.0842 0.0829 0.0824 0.0807 0.0828 0.0836 0.0846 
        H420 12 0.0827 0.0830 0.0841 0.0846 0.0819 0.0853 0.0820 0.0821 0.0848 0.0828 0.0832 0.0835 
        H421 12 0.0827 0.0823 0.0821 0.0830 0.0830 0.0831 0.0824 0.0838 0.0860 0.0831 0.0828 0.0857 
        H435 12 0.0819 0.0824 0.0857 0.0837 0.0814 0.0869 0.0817 0.0818 0.0846 0.0822 0.0807 0.0870 
        H436 12 0.0833 0.0808 0.0843 0.0823 0.0835 0.0833 0.0817 0.0835 0.0878 0.0814 0.0825 0.0854 
        H437 12 0.0822 0.0839 0.0838 0.0828 0.0806 0.0878 0.0818 0.0835 0.0869 0.0811 0.0813 0.0842 
        H445 12 0.0829 0.0832 0.0824 0.0843 0.0844 0.0822 0.0836 0.0832 0.0847 0.0834 0.0823 0.0834 
        H449 12 0.0846 0.0829 0.0804 0.0849 0.0832 0.0806 0.0853 0.0822 0.0830 0.0859 0.0853 0.0816 
        H463 12 0.0828 0.0822 0.0842 0.0823 0.0840 0.0856 0.0817 0.0839 0.0864 0.0836 0.0808 0.0827 
        H464 12 0.0844 0.0824 0.0823 0.0844 0.0831 0.0789 0.0855 0.0841 0.0828 0.0858 0.0843 0.0821 
        H465 12 0.0862 0.0856 0.0824 0.0854 0.0828 0.0788 0.0845 0.0844 0.0797 0.0855 0.0865 0.0781 
        H490 12 0.0850 0.0835 0.0817 0.0848 0.0839 0.0799 0.0842 0.0827 0.0806 0.0858 0.0847 0.0833 
        H561 12 0.0818 0.0821 0.0825 0.0836 0.0843 0.0867 0.0834 0.0832 0.0811 0.0825 0.0819 0.0870 
        H562 12 0.0810 0.0825 0.0825 0.0817 0.0830 0.0886 0.0819 0.0818 0.0857 0.0822 0.0827 0.0863 
        H563 12 0.0826 0.0854 0.0824 0.0836 0.0839 0.0873 0.0825 0.0831 0.0814 0.0822 0.0817 0.0839 
        H570 12 0.0822 0.0819 0.0849 0.0818 0.0826 0.0873 0.0808 0.0818 0.0885 0.0821 0.0807 0.0854 
        H571 12 0.0851 0.0831 0.0821 0.0852 0.0831 0.0811 0.0842 0.0835 0.0841 0.0849 0.0839 0.0796 
        H572 12 0.0834 0.0826 0.0822 0.0831 0.0843 0.0867 0.0833 0.0849 0.0796 0.0829 0.0836 0.0836 
        H573 12 0.0813 0.0830 0.0844 0.0838 0.0837 0.0839 0.0825 0.0831 0.0867 0.0820 0.0821 0.0835 
       H7372 12 0.0831 0.0825 0.0855 0.0840 0.0829 0.0823 0.0830 0.0820 0.0833 0.0834 0.0828 0.0853 
       H7373 12 0.0845 0.0841 0.0834 0.0848 0.0821 0.0783 0.0848 0.0835 0.0801 0.0854 0.0871 0.0818 
       H7374 12 0.0829 0.0820 0.0827 0.0822 0.0836 0.0842 0.0838 0.0824 0.0882 0.0835 0.0820 0.0825 
       H7375 12 0.0831 0.0831 0.0822 0.0825 0.0810 0.0833 0.0816 0.0837 0.0884 0.0818 0.0829 0.0863 
       H7376 12 0.0834 0.0830 0.0832 0.0821 0.0839 0.0857 0.0820 0.0837 0.0818 0.0835 0.0817 0.0862 
       H7377 12 0.0807 0.0821 0.0845 0.0819 0.0825 0.0874 0.0814 0.0820 0.0899 0.0816 0.0807 0.0854 
