        H102  1 0.3932 0.3169 0.2900 
        H103  1 0.2989 0.3264 0.3748 
        H104  1 0.3623 0.3507 0.2870 
        H105  1 0.3591 0.3409 0.3000 
        H106  1 0.3213 0.3489 0.3298 
        H112  1 0.3582 0.3405 0.3013 
        H113  1 0.3566 0.3493 0.2940 
        H114  1 0.3664 0.3403 0.2933 
        H115  1 0.3999 0.3202 0.2799 
        H143  1 0.3527 0.3290 0.3184 
        H144  1 0.3628 0.2933 0.3439 
        H145  1 0.2720 0.3449 0.3831 
        H149  1 0.3424 0.3409 0.3168 
        H150  1 0.3750 0.3037 0.3213 
     H167542  1 0.4064 0.3150 0.2785 
     H169604  1 0.3689 0.3274 0.3037 
     H169607  1 0.3215 0.3396 0.3389 
     H169608  1 0.3491 0.3242 0.3267 
     H169633  1 0.3306 0.3395 0.3300 
     H169688  1 0.3215 0.3120 0.3665 
     H169714  1 0.3502 0.3232 0.3266 
     H171802  1 0.3248 0.3324 0.3429 
     H171805  1 0.3791 0.3092 0.3116 
     H171807  1 0.3089 0.3481 0.3431 
     H171814  1 0.2795 0.3129 0.4076 
     H171816  1 0.3254 0.3463 0.3283 
     H171817  1 0.3990 0.3193 0.2818 
     H171818  1 0.3569 0.3418 0.3013 
     H171819  1 0.3709 0.3320 0.2972 
     H171834  1 0.3708 0.3345 0.2947 
     H171835  1 0.3416 0.3241 0.3343 
     H171836  1 0.3235 0.3394 0.3371 
     H171837  1 0.3623 0.3296 0.3081 
     H171838  1 0.3219 0.3316 0.3466 
     H171839  1 0.3754 0.3126 0.3121 
     H171841  1 0.3067 0.3457 0.3476 
     H171860  1 0.3535 0.3389 0.3077 
     H171861  1 0.3545 0.3304 0.3150 
     H171862  1 0.3870 0.3041 0.3089 
     H171868  1 0.3916 0.3172 0.2911 
     H171869  1 0.2730 0.3514 0.3757 
     H171870  1 0.3480 0.3063 0.3457 
     H171871  1 0.2992 0.3451 0.3558 
     H171872  1 0.3738 0.3393 0.2869 
     H171873  1 0.3469 0.3020 0.3511 
     H171874  1 0.3059 0.3315 0.3626 
     H171875  1 0.3388 0.3243 0.3369 
     H171876  1 0.3141 0.3569 0.3289 
     H171877  1 0.3696 0.3434 0.2869 
     H171878  1 0.2798 0.3514 0.3688 
     H171901  1 0.3688 0.3396 0.2915 
     H171902  1 0.3411 0.3002 0.3587 
     H171903  1 0.3619 0.3349 0.3032 
     H171935  1 0.2904 0.3609 0.3487 
     H171936  1 0.3519 0.3514 0.2968 
     H171940  1 0.3801 0.3200 0.2999 
     H171945  1 0.3696 0.3104 0.3200 
     H171948  1 0.3429 0.3520 0.3051 
     H171949  1 0.3616 0.3317 0.3067 
     H171950  1 0.3535 0.3390 0.3076 
     H171963  1 0.3026 0.3391 0.3583 
     H171964  1 0.2882 0.2965 0.4153 
     H171966  1 0.2808 0.3528 0.3664 
     H171968  1 0.3591 0.3015 0.3394 
     H171971  1 0.2968 0.3580 0.3452 
     H171972  1 0.3069 0.3407 0.3524 
     H171977  1 0.3129 0.3149 0.3722 
     H171978  1 0.2959 0.3560 0.3481 
     H171979  1 0.2970 0.3736 0.3293 
        H176  1 0.3461 0.3379 0.3160 
        H177  1 0.3678 0.3386 0.2936 
        H179  1 0.4238 0.3096 0.2666 
        H181  1 0.2948 0.3574 0.3478 
        H182  1 0.3199 0.3346 0.3456 
        H183  1 0.2802 0.3305 0.3893 
        H184  1 0.3607 0.3405 0.2988 
        H185  1 0.3288 0.3347 0.3365 
        H186  1 0.3273 0.3027 0.3700 
        H187  1 0.3186 0.3597 0.3216 
        H188  1 0.3329 0.3622 0.3049 
        H192  1 0.3929 0.3127 0.2944 
        H193  1 0.3253 0.3146 0.3601 
        H194  1 0.3449 0.3429 0.3122 
        H195  1 0.2582 0.3332 0.4086 
        H199  1 0.3295 0.3221 0.3483 
        H200  1 0.3420 0.3303 0.3277 
        H414  1 0.3259 0.3218 0.3522 
        H415  1 0.3516 0.3428 0.3056 
        H422  1 0.3280 0.3069 0.3651 
        H423  1 0.3495 0.3253 0.3252 
        H424  1 0.3432 0.3193 0.3375 
        H425  1 0.3485 0.2982 0.3533 
        H426  1 0.2468 0.3215 0.4316 
        H443  1 0.3267 0.2868 0.3865 
        H466  1 0.2992 0.3643 0.3365 
        H467  1 0.3443 0.3112 0.3444 
        H472  1 0.3070 0.3568 0.3362 
        H483  1 0.3559 0.3196 0.3245 
        H504  1 0.3096 0.3187 0.3716 
        H505  1 0.3683 0.3397 0.2920 
        H506  1 0.3071 0.3415 0.3515 
        H507  1 0.2932 0.3662 0.3406 
        H508  1 0.2998 0.3419 0.3583 
        H524  1 0.3407 0.3354 0.3239 
        H525  1 0.3302 0.3238 0.3460 
        H526  1 0.3956 0.3021 0.3023 
        H527  1 0.3304 0.3625 0.3070 
        H528  1 0.3087 0.3262 0.3651 
        H529  1 0.3437 0.3143 0.3420 
        H533  1 0.3390 0.3425 0.3185 
        H538  1 0.3460 0.3533 0.3007 
        H539  1 0.3232 0.3308 0.3459 
        H540  1 0.3670 0.3375 0.2956 
        H541  1 0.3613 0.3235 0.3152 
        H558  1 0.2741 0.3326 0.3933 
        H559  1 0.3416 0.3247 0.3337 
        H579  1 0.2861 0.3365 0.3774 
        H584  1 0.2881 0.3225 0.3894 
        H585  1 0.3247 0.3393 0.3359 
        H605  1 0.3660 0.3046 0.3294 
        H606  1 0.4002 0.3013 0.2986 
        H632  1 0.2822 0.3152 0.4026 
        H634  1 0.3324 0.3255 0.3421 
        H671  1 0.3450 0.3284 0.3266 
        H672  1 0.3480 0.3320 0.3200 
        H673  1 0.2786 0.3465 0.3750 
        H689  1 0.3145 0.3199 0.3657 
        H690  1 0.4110 0.3086 0.2804 
        H691  1 0.3427 0.3425 0.3148 
        H692  1 0.2874 0.3541 0.3585 
        H709  1 0.3094 0.3227 0.3679 
        H710  1 0.2871 0.3227 0.3902 
       H7355  1 0.3683 0.3390 0.2926 
       H7356  1 0.3587 0.3114 0.3299 
       H7357  1 0.4311 0.2968 0.2721 
       H7358  1 0.3050 0.3505 0.3445 
       H7380  1 0.3852 0.3019 0.3129 
       H7381  1 0.2873 0.3565 0.3562 
       H7382  1 0.3184 0.3486 0.3330 
        H904  1 0.3808 0.3261 0.2931 
        H923  1 0.3511 0.3091 0.3398 
        H924  1 0.3651 0.3273 0.3076 
        H925  1 0.3623 0.3186 0.3191 
       H9558  1 0.2633 0.3257 0.4111 
        H111  3 0.3297 0.3198 0.3505 
        H951  3 0.3353 0.3296 0.3351 
        H952  3 0.2723 0.3350 0.3927 
        H953  3 0.3332 0.3356 0.3312 
        H954  3 0.3699 0.3477 0.2825 
        H955  3 0.3063 0.3500 0.3438 
        H956  3 0.3483 0.3240 0.3277 
       H9563  3 0.3368 0.3751 0.2881 
      H_PALI  6 0.3594 0.3434 0.2971 
        H581  6 0.3395 0.3416 0.3189 
        H582  6 0.2808 0.3554 0.3638 
        H583  6 0.3370 0.3491 0.3139 
        H595  6 0.3148 0.3581 0.3271 
        H596  6 0.3221 0.3274 0.3506 
        H597  6 0.3273 0.3068 0.3659 
        H598  6 0.3691 0.3302 0.3007 
        H599  6 0.3053 0.3587 0.3360 
        H642  6 0.2537 0.3445 0.4018 
        H643  6 0.3925 0.3019 0.3056 
        H664  6 0.2861 0.3382 0.3757 
        H665  6 0.3975 0.3245 0.2781 
        H674  6 0.2682 0.3373 0.3945 
        H675  6 0.3012 0.3346 0.3641 
        H676  6 0.2966 0.3326 0.3709 
        H686  6 0.3005 0.3462 0.3533 
        H687  6 0.3322 0.3185 0.3492 
        H917  6 0.3945 0.3168 0.2887 
        H918  6 0.3717 0.3156 0.3127 
        H919  6 0.3774 0.3406 0.2820 
        H920  6 0.3595 0.3262 0.3143 
        H631  7 0.3577 0.3237 0.3185 
        H684  7 0.2598 0.3376 0.4026 
        H685  7 0.3055 0.3374 0.3572 
        H713  7 0.3474 0.3297 0.3228 
        H715  7 0.2957 0.3238 0.3805 
        H716  7 0.3404 0.3156 0.3440 
        H717  7 0.3049 0.3545 0.3406 
        H729  7 0.3187 0.3587 0.3226 
        H730  7 0.3575 0.3383 0.3042 
        H600  9 0.3766 0.3060 0.3173 
        H648  9 0.2805 0.3415 0.3780 
        H696  9 0.2698 0.3246 0.4056 
        H697  9 0.3103 0.3527 0.3370 
        H698  9 0.3339 0.3156 0.3505 
        H699  9 0.3092 0.3425 0.3483 
        H700  9 0.4001 0.3130 0.2869 
        H732  9 0.3024 0.3398 0.3578 
        H733  9 0.3300 0.3658 0.3041 
        H734  9 0.2974 0.3403 0.3623 
        H735  9 0.3013 0.3414 0.3574 
        H736  9 0.3138 0.3471 0.3391 
        H737  9 0.3260 0.3044 0.3696 
        H905  9 0.3563 0.3452 0.2985 
        H921  9 0.3465 0.3594 0.2941 
        H922  9 0.3114 0.3687 0.3198 
        H409 12 0.3704 0.3342 0.2954 
        H413 12 0.2574 0.3337 0.4089 
        H419 12 0.3605 0.3426 0.2969 
        H420 12 0.3231 0.3425 0.3344 
        H421 12 0.3327 0.3367 0.3306 
        H435 12 0.3394 0.3060 0.3546 
        H436 12 0.3784 0.3223 0.2993 
        H437 12 0.3484 0.3328 0.3188 
        H445 12 0.3732 0.3216 0.3053 
        H449 12 0.2776 0.3264 0.3960 
        H463 12 0.3381 0.3439 0.3180 
        H464 12 0.3073 0.3184 0.3742 
        H465 12 0.2395 0.3490 0.4115 
        H490 12 0.2952 0.3359 0.3689 
        H561 12 0.3484 0.3437 0.3079 
        H562 12 0.3476 0.3526 0.2998 
        H563 12 0.3396 0.3748 0.2856 
        H570 12 0.3946 0.3256 0.2798 
        H571 12 0.2828 0.3400 0.3772 
        H572 12 0.3152 0.3573 0.3276 
        H573 12 0.3400 0.3510 0.3090 
       H7372 12 0.3390 0.3359 0.3251 
       H7373 12 0.2676 0.3216 0.4109 
       H7374 12 0.3505 0.3238 0.3258 
       H7375 12 0.3378 0.3528 0.3094 
       H7376 12 0.3499 0.3485 0.3016 
       H7377 12 0.3893 0.3294 0.2813 
