        D023  2 0.0602 0.6006 0.2729 0.0663 
        D130  2 0.0288 0.1624 0.1515 0.6573 
        D131  2 0.1550 0.0460 0.5658 0.2333 
        D163  2 0.1490 0.3632 0.0547 0.4331 
        D164  2 0.0206 0.2624 0.3883 0.3287 
        D165  2 0.0445 0.6712 0.1603 0.1240 
        D166  2 0.0832 0.3597 0.0763 0.4808 
        D167  2 0.0532 0.6864 0.2246 0.0359 
        D192  2 0.0386 0.7858 0.1561 0.0195 
        D193  2 0.1280 0.6092 0.0745 0.1883 
        D206  2 0.0417 0.2502 0.4499 0.2581 
        D207  2 0.1386 0.2078 0.5396 0.1140 
        D208  2 0.7003 0.1162 0.1177 0.0658 
        D209  2 0.0306 0.8782 0.0567 0.0344 
        D210  2 0.6745 0.1431 0.1167 0.0656 
     D229599  2 0.1912 0.6388 0.0940 0.0761 
     D229600  2 0.0566 0.4719 0.2301 0.2414 
     D237227  2 0.6499 0.1387 0.0632 0.1481 
     D237228  2 0.2904 0.0711 0.0752 0.5634 
     D237258  2 0.1382 0.5033 0.1709 0.1875 
     D237310  2 0.0604 0.0574 0.0386 0.8436 
     D237311  2 0.0602 0.0859 0.0960 0.7579 
     D237312  2 0.0520 0.0613 0.0590 0.8276 
     D237313  2 0.2075 0.3138 0.2057 0.2729 
     D237322  2 0.5424 0.1174 0.1292 0.2109 
     D237323  2 0.3011 0.0506 0.0338 0.6145 
     D237324  2 0.0733 0.4167 0.3012 0.2088 
     D237325  2 0.0936 0.1126 0.0756 0.7181 
     D237326  2 0.1206 0.0771 0.2901 0.5122 
     D237327  2 0.6324 0.2069 0.1111 0.0497 
     D237337  2 0.0556 0.0248 0.0398 0.8797 
     D237338  2 0.2245 0.2272 0.1165 0.4318 
     D237339  2 0.0465 0.2309 0.6765 0.0461 
     D237340  2 0.2574 0.1585 0.1506 0.4335 
     D237389  2 0.0296 0.0836 0.0283 0.8585 
     D237390  2 0.1211 0.0625 0.0832 0.7332 
     D244017  2 0.3949 0.4673 0.0967 0.0411 
     D244112  2 0.0410 0.7695 0.1010 0.0885 
     D244118  2 0.0505 0.8678 0.0485 0.0332 
     D244119  2 0.5506 0.1417 0.2544 0.0534 
     D244120  2 0.1883 0.6248 0.0440 0.1430 
     D244122  2 0.0588 0.7802 0.1113 0.0497 
        D291  2 0.5623 0.1889 0.1737 0.0751 
        D292  2 0.3914 0.4629 0.1006 0.0451 
        D293  2 0.0185 0.0224 0.9397 0.0194 
        D322  2 0.0283 0.0969 0.8442 0.0306 
        D323  2 0.1035 0.1770 0.5619 0.1576 
        D324  2 0.3075 0.0727 0.4562 0.1637 
        D325  2 0.0267 0.0329 0.9041 0.0363 
        D326  2 0.0776 0.0558 0.8223 0.0443 
        D340  2 0.0350 0.0426 0.8853 0.0371 
        D341  2 0.0833 0.1017 0.6495 0.1656 
        D342  2 0.0573 0.6878 0.1661 0.0888 
        D343  2 0.0201 0.0241 0.9335 0.0224 
        D344  2 0.0269 0.8049 0.1037 0.0645 
        D345  2 0.0902 0.6266 0.2348 0.0484 
        D346  2 0.3099 0.1624 0.3793 0.1484 
        D351  2 0.0967 0.0475 0.7595 0.0963 
        D352  2 0.1320 0.3692 0.3873 0.1114 
        D353  2 0.0711 0.3663 0.4375 0.1252 
        D354  2 0.0636 0.7524 0.1063 0.0778 
        D362  2 0.1038 0.5068 0.2988 0.0906 
        D363  2 0.1451 0.4546 0.3194 0.0808 
        D364  2 0.0371 0.8454 0.0740 0.0435 
        D365  2 0.0252 0.0194 0.9306 0.0248 
        D369  2 0.2204 0.1074 0.4108 0.2614 
        D374  2 0.1546 0.7317 0.0485 0.0652 
        D375  2 0.0293 0.8284 0.0705 0.0718 
        D376  2 0.1002 0.8150 0.0292 0.0556 
        D377  2 0.1165 0.1471 0.2590 0.4774 
        D378  2 0.0490 0.1114 0.8090 0.0306 
        D379  2 0.0757 0.1177 0.6989 0.1076 
        D384  2 0.1099 0.0465 0.7491 0.0945 
        D385  2 0.0328 0.1022 0.8199 0.0452 
        D386  2 0.0459 0.2882 0.6137 0.0522 
        D391  2 0.0279 0.0356 0.8978 0.0386 
        D392  2 0.0527 0.1048 0.7698 0.0727 
        D393  2 0.0833 0.0797 0.7886 0.0484 
        D394  2 0.1142 0.6520 0.0915 0.1423 
        D395  2 0.0472 0.2839 0.6059 0.0630 
        D401  2 0.0439 0.0311 0.0308 0.8942 
        D402  2 0.0567 0.0759 0.8323 0.0351 
        D403  2 0.0550 0.5926 0.1757 0.1767 
        D415  2 0.0319 0.1328 0.3830 0.4524 
        D435  2 0.0501 0.1419 0.6926 0.1154 
        D436  2 0.0906 0.2801 0.2800 0.3493 
        D438  2 0.0302 0.0431 0.8884 0.0383 
        D439  2 0.0466 0.4892 0.4313 0.0328 
        D449  2 0.0311 0.6913 0.1958 0.0819 
        D450  2 0.1869 0.2142 0.1260 0.4730 
        D456  2 0.0961 0.0475 0.8045 0.0520 
        D462  2 0.0217 0.0507 0.9057 0.0218 
        D463  2 0.0784 0.0556 0.8085 0.0575 
        D464  2 0.0544 0.3127 0.5034 0.1294 
        D465  2 0.0282 0.0393 0.7261 0.2064 
        D473  2 0.5195 0.0926 0.1130 0.2749 
        D474  2 0.3148 0.3331 0.2831 0.0690 
        D476  2 0.0375 0.4917 0.3044 0.1663 
        D477  2 0.2066 0.2510 0.4408 0.1016 
        D478  2 0.2749 0.5024 0.1622 0.0605 
        D480  2 0.1086 0.0916 0.7462 0.0536 
        D481  2 0.2840 0.4774 0.1908 0.0477 
        D482  2 0.5106 0.2307 0.0905 0.1682 
        D483  2 0.1144 0.5328 0.3237 0.0292 
        D484  2 0.1450 0.5786 0.1946 0.0818 
        D510  2 0.5345 0.3032 0.0702 0.0921 
        D511  2 0.0472 0.2019 0.6926 0.0584 
        D512  2 0.0291 0.0483 0.1130 0.8095 
        D513  2 0.0828 0.0395 0.7923 0.0854 
        D635  2 0.0926 0.4460 0.4031 0.0583 
        D636  2 0.0597 0.5340 0.1547 0.2516 
        D637  2 0.1017 0.2172 0.3087 0.3725 
        D658  2 0.0951 0.3642 0.2529 0.2878 
        D659  2 0.1600 0.4732 0.2048 0.1620 
        D677  2 0.0694 0.1375 0.1965 0.5966 
        D678  2 0.0317 0.8614 0.0645 0.0424 
        D679  2 0.1503 0.0505 0.7257 0.0736 
        D719  2 0.2222 0.0628 0.6337 0.0812 
        D720  2 0.1067 0.0263 0.8144 0.0527 
        D721  2 0.0599 0.5549 0.3223 0.0629 
        D722  2 0.1451 0.6018 0.1381 0.1150 
        D734  2 0.2052 0.1424 0.5775 0.0748 
        D735  2 0.1402 0.1651 0.5928 0.1018 
        D736  2 0.5730 0.1938 0.1294 0.1038 
        D737  2 0.1157 0.7955 0.0418 0.0470 
        D807  2 0.4235 0.1682 0.2193 0.1890 
        D808  2 0.0738 0.0985 0.3498 0.4779 
        D817  2 0.1154 0.1569 0.4763 0.2514 
        D818  2 0.1221 0.0672 0.6813 0.1294 
        D819  2 0.0748 0.1240 0.2446 0.5565 
        D820  2 0.0398 0.0532 0.8443 0.0628 
        D895  2 0.0639 0.5974 0.1035 0.2352 
        D896  2 0.0462 0.0206 0.0348 0.8984 
        D897  2 0.1001 0.4719 0.2880 0.1399 
        D898  2 0.3997 0.3078 0.0740 0.2184 
        D918  2 0.1226 0.0437 0.1246 0.7091 
        D919  2 0.0651 0.3534 0.5456 0.0359 
        D920  2 0.0515 0.3184 0.0407 0.5895 
        D923  2 0.0413 0.2333 0.6667 0.0587 
        D930  2 0.1152 0.0776 0.6049 0.2024 
        D931  2 0.0919 0.3447 0.4279 0.1356 
        D968  2 0.0374 0.0514 0.8876 0.0235 
        D969  2 0.3113 0.3059 0.3051 0.0778 
        D977  2 0.0516 0.1394 0.6692 0.1398 
        D978  2 0.4651 0.1463 0.3150 0.0736 
        D009  4 0.0891 0.2181 0.0498 0.6430 
        D057  4 0.1005 0.4960 0.2694 0.1341 
        D109  4 0.0430 0.0466 0.0434 0.8670 
     D237222  4 0.1355 0.5688 0.0894 0.2063 
     D237223  4 0.1201 0.1018 0.1567 0.6214 
     D237224  4 0.1719 0.4626 0.3147 0.0508 
     D237225  4 0.1761 0.2113 0.1489 0.4637 
     D237299  4 0.1710 0.0537 0.1207 0.6546 
     D237300  4 0.7230 0.1693 0.0378 0.0699 
     D237306  4 0.1659 0.1833 0.1122 0.5385 
     D237307  4 0.4463 0.1079 0.2011 0.2447 
     D237308  4 0.1237 0.4779 0.3130 0.0854 
     D237309  4 0.0760 0.7228 0.0791 0.1222 
     D237317  4 0.3411 0.4106 0.1688 0.0795 
     D237318  4 0.7662 0.0652 0.1180 0.0505 
     D237319  4 0.0944 0.2399 0.1337 0.5319 
     D237320  4 0.1260 0.0783 0.1624 0.6333 
     D237321  4 0.6670 0.1698 0.0618 0.1013 
     D237397  4 0.2546 0.1776 0.1249 0.4430 
     D237398  4 0.4982 0.0840 0.3322 0.0855 
     D237399  4 0.6727 0.1016 0.1270 0.0987 
     D244001  4 0.0393 0.8214 0.0480 0.0914 
        D289  4 0.3828 0.2240 0.3201 0.0731 
        D290  4 0.5116 0.2667 0.0885 0.1332 
        D294  4 0.2499 0.4501 0.2110 0.0890 
        D295  4 0.1259 0.1071 0.0923 0.6747 
        D301  4 0.1426 0.4246 0.0429 0.3899 
        D302  4 0.0511 0.4326 0.4575 0.0588 
        D303  4 0.4363 0.2383 0.0592 0.2662 
        D304  4 0.7160 0.1501 0.0742 0.0597 
        D305  4 0.0417 0.8102 0.1116 0.0365 
        D306  4 0.4001 0.3740 0.0922 0.1337 
        D307  4 0.2299 0.3730 0.0452 0.3519 
        D327  4 0.1126 0.1360 0.5110 0.2405 
        D328  4 0.2026 0.3028 0.0806 0.4140 
        D329  4 0.1127 0.7943 0.0442 0.0489 
        D330  4 0.0374 0.3820 0.2571 0.3235 
        D331  4 0.5699 0.1914 0.1261 0.1126 
        D333  4 0.1777 0.3888 0.0889 0.3446 
        D334  4 0.6728 0.0817 0.1356 0.1099 
        D335  4 0.0511 0.2137 0.6906 0.0447 
        D370  4 0.0863 0.7256 0.0604 0.1277 
        D371  4 0.2808 0.3312 0.1595 0.2285 
        D372  4 0.8300 0.1131 0.0278 0.0291 
        D373  4 0.0575 0.7488 0.0877 0.1060 
        D455  4 0.1928 0.5299 0.0799 0.1974 
        D490  4 0.0340 0.0442 0.0209 0.9009 
        D497  4 0.0641 0.1303 0.0244 0.7811 
        D498  4 0.5977 0.1226 0.0906 0.1891 
        D499  4 0.0919 0.2186 0.4126 0.2769 
        D514  4 0.0729 0.3354 0.1631 0.4286 
        D515  4 0.0321 0.0620 0.0844 0.8215 
        D516  4 0.1457 0.1322 0.2106 0.5115 
        D517  4 0.1298 0.6315 0.0617 0.1770 
        D518  4 0.0571 0.4513 0.3042 0.1874 
        D519  4 0.0616 0.0379 0.1024 0.7981 
        D560  4 0.0407 0.1064 0.1137 0.7392 
        D561  4 0.0361 0.1602 0.6898 0.1140 
        D562  4 0.3069 0.3006 0.2935 0.0989 
        D563  4 0.0483 0.2906 0.5777 0.0834 
        D572  4 0.0773 0.4573 0.3627 0.1028 
        D629  4 0.1103 0.1953 0.4925 0.2019 
        D630  4 0.2449 0.2709 0.2100 0.2742 
        D631  4 0.0962 0.3568 0.4159 0.1311 
        D632  4 0.0252 0.6851 0.1513 0.1384 
        D646  4 0.0651 0.2200 0.1776 0.5373 
        D647  4 0.0475 0.2260 0.4752 0.2513 
        D648  4 0.0651 0.5097 0.0954 0.3297 
        D649  4 0.0484 0.2938 0.1812 0.4766 
        D650  4 0.1573 0.0498 0.3519 0.4410 
        D708  4 0.2472 0.3651 0.0935 0.2942 
        D709  4 0.2636 0.2386 0.1329 0.3648 
        D738  4 0.3793 0.0822 0.1342 0.4043 
        D739  4 0.1734 0.1815 0.0991 0.5460 
        D740  4 0.6301 0.0914 0.0755 0.2029 
        D741  4 0.0272 0.0326 0.3142 0.6259 
        D742  4 0.1399 0.0955 0.6087 0.1559 
        D743  4 0.0762 0.1193 0.7244 0.0802 
        D744  4 0.0607 0.1595 0.7140 0.0658 
        D745  4 0.0549 0.0349 0.0486 0.8615 
        D814  4 0.0636 0.7429 0.0790 0.1145 
        D815  4 0.1053 0.4548 0.3100 0.1299 
        D828  4 0.3157 0.4936 0.0486 0.1421 
        D845  4 0.8364 0.0327 0.1032 0.0277 
        D846  4 0.0486 0.5238 0.3686 0.0590 
        D847  4 0.5298 0.1070 0.1533 0.2098 
        D848  4 0.2185 0.5849 0.1155 0.0811 
        D849  4 0.0419 0.1200 0.0813 0.7568 
        D850  4 0.2811 0.0790 0.5349 0.1050 
        D856  4 0.0764 0.1372 0.2142 0.5723 
        D857  4 0.0431 0.1647 0.0325 0.7597 
        D859  4 0.1246 0.5703 0.0968 0.2083 
        D860  4 0.6692 0.1090 0.1950 0.0268 
        D883  4 0.1689 0.2435 0.0728 0.5147 
        D884  4 0.0418 0.0437 0.0564 0.8580 
        D885  4 0.0848 0.0405 0.4895 0.3853 
        D886  4 0.1314 0.3291 0.2586 0.2808 
        D887  4 0.2050 0.4601 0.1341 0.2008 
        D889  4 0.7868 0.1230 0.0407 0.0495 
        D890  4 0.1316 0.5390 0.1420 0.1874 
        D891  4 0.9073 0.0250 0.0450 0.0227 
        D899  4 0.2943 0.2613 0.3669 0.0775 
        D900  4 0.2580 0.3390 0.1928 0.2102 
        D970  4 0.3411 0.3878 0.2224 0.0487 
        D971  4 0.0539 0.0761 0.8241 0.0459 
        D979  4 0.0528 0.1251 0.7444 0.0777 
        D093  5 0.5956 0.0916 0.0477 0.2651 
        D154  5 0.1535 0.1117 0.2822 0.4526 
        D168  5 0.0983 0.1801 0.2851 0.4365 
        D189  5 0.7196 0.1058 0.0712 0.1034 
        D190  5 0.4592 0.1249 0.2008 0.2151 
     D237220  5 0.6890 0.0504 0.0669 0.1937 
     D237221  5 0.5351 0.0721 0.2878 0.1050 
     D237274  5 0.0295 0.3529 0.5510 0.0666 
     D237275  5 0.2595 0.1609 0.4696 0.1101 
     D237276  5 0.1763 0.1444 0.0867 0.5925 
     D237277  5 0.6883 0.0905 0.1355 0.0857 
     D237278  5 0.1340 0.4543 0.1687 0.2431 
     D237279  5 0.0577 0.1155 0.2834 0.5434 
     D237280  5 0.1136 0.6424 0.0387 0.2053 
     D237281  5 0.2538 0.2188 0.4593 0.0681 
     D237351  5 0.0656 0.0335 0.0319 0.8690 
     D237352  5 0.0919 0.2896 0.3915 0.2270 
     D237353  5 0.7220 0.0933 0.1094 0.0753 
     D237359  5 0.6586 0.0675 0.0887 0.1852 
     D237361  5 0.8166 0.0589 0.0482 0.0763 
     D237362  5 0.0992 0.0876 0.3002 0.5130 
     D237363  5 0.1714 0.1636 0.4414 0.2235 
     D237364  5 0.0693 0.1544 0.3474 0.4288 
     D237376  5 0.2292 0.3466 0.0645 0.3598 
     D237377  5 0.1389 0.1761 0.2200 0.4650 
     D237378  5 0.4410 0.3425 0.0472 0.1693 
     D237379  5 0.3336 0.2166 0.1844 0.2654 
     D237380  5 0.0436 0.6790 0.0233 0.2542 
     D237381  5 0.1083 0.6572 0.0797 0.1548 
     D237391  5 0.7710 0.0398 0.1005 0.0886 
     D237392  5 0.0350 0.1831 0.6498 0.1321 
     D237393  5 0.2242 0.5469 0.1173 0.1115 
     D237394  5 0.6906 0.0484 0.1691 0.0919 
     D237395  5 0.5362 0.1332 0.0892 0.2415 
     D237396  5 0.1726 0.1409 0.6202 0.0663 
     D244016  5 0.2149 0.0810 0.6399 0.0643 
     D244018  5 0.3375 0.0861 0.4352 0.1412 
     D244019  5 0.1470 0.1135 0.6577 0.0817 
        D279  5 0.4485 0.0869 0.1558 0.3089 
        D280  5 0.7571 0.1346 0.0578 0.0506 
        D281  5 0.5974 0.0774 0.2522 0.0731 
        D283  5 0.7303 0.0866 0.1205 0.0626 
        D284  5 0.1331 0.0547 0.1307 0.6816 
        D285  5 0.8504 0.0546 0.0505 0.0444 
        D286  5 0.3681 0.2590 0.1676 0.2053 
        D287  5 0.1785 0.3656 0.0383 0.4175 
        D288  5 0.6768 0.1305 0.1321 0.0607 
        D308  5 0.0481 0.1053 0.1083 0.7383 
        D309  5 0.0423 0.4442 0.4592 0.0543 
        D310  5 0.8536 0.0583 0.0328 0.0553 
        D311  5 0.1371 0.1193 0.3377 0.4059 
        D312  5 0.2093 0.4700 0.1408 0.1799 
        D313  5 0.0549 0.0601 0.0201 0.8649 
        D314  5 0.1278 0.2565 0.1660 0.4496 
        D315  5 0.2536 0.5168 0.1039 0.1257 
        D317  5 0.6555 0.1399 0.0619 0.1426 
        D318  5 0.2180 0.2113 0.3906 0.1802 
        D319  5 0.7696 0.0480 0.0657 0.1166 
        D320  5 0.7830 0.0776 0.0573 0.0821 
        D321  5 0.2976 0.0485 0.0572 0.5967 
        D336  5 0.5815 0.1903 0.0669 0.1613 
        D337  5 0.8511 0.0535 0.0526 0.0428 
        D338  5 0.3187 0.0826 0.2079 0.3908 
        D339  5 0.6729 0.0983 0.0483 0.1805 
        D347  5 0.2169 0.6402 0.0920 0.0509 
        D348  5 0.5650 0.3519 0.0560 0.0271 
        D349  5 0.0838 0.0770 0.0506 0.7886 
        D350  5 0.0510 0.4328 0.3303 0.1859 
        D355  5 0.2514 0.0793 0.5699 0.0995 
        D356  5 0.6059 0.1649 0.1033 0.1259 
        D357  5 0.1966 0.6315 0.0665 0.1054 
        D358  5 0.3525 0.3040 0.1992 0.1444 
        D359  5 0.4046 0.1860 0.3238 0.0856 
        D360  5 0.7686 0.0770 0.0764 0.0781 
        D361  5 0.0299 0.0366 0.0261 0.9074 
        D366  5 0.0408 0.0488 0.8181 0.0923 
        D367  5 0.3713 0.1592 0.0468 0.4227 
        D368  5 0.0976 0.0627 0.0887 0.7510 
        D380  5 0.0681 0.2210 0.6430 0.0678 
        D381  5 0.6303 0.1405 0.1756 0.0537 
        D400  5 0.4172 0.2577 0.1386 0.1865 
        D411  5 0.0163 0.0535 0.0281 0.9021 
        D412  5 0.2750 0.6328 0.0495 0.0426 
        D413  5 0.0353 0.0646 0.8552 0.0449 
        D414  5 0.1107 0.4167 0.3342 0.1384 
        D420  5 0.7375 0.0715 0.0716 0.1194 
        D431  5 0.2066 0.3782 0.0393 0.3758 
        D432  5 0.3099 0.5477 0.0717 0.0707 
        D433  5 0.5085 0.2524 0.0742 0.1650 
        D434  5 0.6963 0.1127 0.0963 0.0947 
        D440  5 0.0552 0.4034 0.3293 0.2121 
        D447  5 0.0528 0.5380 0.3098 0.0994 
        D448  5 0.3149 0.4574 0.0516 0.1761 
        D459  5 0.1345 0.0489 0.7568 0.0597 
        D460  5 0.0566 0.0602 0.1018 0.7814 
        D461  5 0.0569 0.5078 0.3614 0.0739 
        D468  5 0.0446 0.0531 0.1318 0.7706 
        D469  5 0.1409 0.1083 0.1804 0.5704 
        D470  5 0.0649 0.4230 0.0612 0.4510 
        D471  5 0.5003 0.2009 0.1786 0.1203 
        D472  5 0.0944 0.0455 0.8391 0.0210 
        D479  5 0.0344 0.6110 0.3158 0.0388 
        D485  5 0.1048 0.4444 0.1044 0.3464 
        D486  5 0.0562 0.0602 0.0784 0.8051 
        D487  5 0.4032 0.4762 0.0499 0.0706 
        D555  5 0.8321 0.0747 0.0573 0.0359 
        D556  5 0.4623 0.2450 0.0829 0.2098 
        D557  5 0.4861 0.2069 0.2241 0.0829 
        D564  5 0.1668 0.5235 0.1242 0.1855 
        D594  5 0.1541 0.5707 0.1898 0.0854 
        D595  5 0.3281 0.2180 0.1200 0.3339 
        D596  5 0.7892 0.1314 0.0505 0.0289 
        D597  5 0.5243 0.0994 0.3392 0.0371 
        D598  5 0.3086 0.3976 0.1212 0.1725 
        D617  5 0.0510 0.3018 0.0727 0.5745 
        D618  5 0.6595 0.0906 0.1702 0.0796 
        D619  5 0.1025 0.6845 0.1052 0.1078 
        D620  5 0.0787 0.1276 0.7480 0.0457 
        D628  5 0.0759 0.7216 0.0931 0.1094 
        D714  5 0.5523 0.1949 0.1096 0.1432 
        D715  5 0.6034 0.0544 0.2642 0.0780 
        D716  5 0.2221 0.3571 0.2789 0.1420 
        D717  5 0.4536 0.0792 0.3581 0.1092 
        D718  5 0.1413 0.1316 0.0341 0.6930 
        D769  5 0.0419 0.7287 0.0377 0.1918 
        D770  5 0.0682 0.3052 0.2811 0.3455 
        D771  5 0.2106 0.5540 0.1114 0.1240 
        D772  5 0.3415 0.1984 0.2636 0.1965 
        D782  5 0.2652 0.2040 0.2193 0.3115 
        D783  5 0.1851 0.2471 0.4842 0.0836 
        D784  5 0.1808 0.0906 0.6694 0.0591 
        D785  5 0.4004 0.1390 0.1312 0.3295 
        D786  5 0.0460 0.3426 0.3683 0.2430 
        D821  5 0.8184 0.0507 0.0576 0.0734 
        D822  5 0.1516 0.1259 0.6214 0.1012 
        D826  5 0.5118 0.1477 0.1343 0.2063 
        D827  5 0.0514 0.0994 0.7454 0.1038 
        D851  5 0.1934 0.3179 0.3229 0.1658 
        D852  5 0.2866 0.5845 0.0634 0.0654 
        D853  5 0.6823 0.0896 0.1130 0.1150 
        D854  5 0.0686 0.1409 0.2220 0.5685 
        D861  5 0.1688 0.1606 0.1164 0.5543 
        D862  5 0.2483 0.1273 0.4492 0.1751 
        D865  5 0.6128 0.2078 0.0619 0.1175 
        D868  5 0.4738 0.1245 0.2161 0.1857 
        D869  5 0.0259 0.0599 0.0524 0.8619 
        D870  5 0.0383 0.1895 0.7382 0.0339 
        D907  5 0.5544 0.2947 0.0282 0.1227 
        D908  5 0.4060 0.4725 0.0600 0.0614 
        D910  5 0.3913 0.1517 0.2617 0.1953 
        D911  5 0.4830 0.0355 0.4281 0.0534 
        D934  5 0.1928 0.3190 0.2769 0.2113 
        D946  5 0.1358 0.5399 0.0440 0.2803 
        D947  5 0.2671 0.2734 0.1742 0.2853 
        D948  5 0.1941 0.1219 0.0480 0.6360 
        D949  5 0.0499 0.0481 0.0300 0.8720 
        D950  5 0.3811 0.1190 0.4424 0.0574 
        D951  5 0.0518 0.2854 0.5551 0.1078 
        D952  5 0.3989 0.1821 0.3328 0.0862 
        D953  5 0.7736 0.0934 0.0604 0.0727 
        D954  5 0.2666 0.0981 0.5411 0.0943 
        D961  5 0.1027 0.5366 0.0437 0.3170 
        D962  5 0.2957 0.4493 0.0864 0.1686 
        D963  5 0.4386 0.1397 0.3529 0.0688 
        D964  5 0.2739 0.1716 0.1109 0.4436 
        D965  5 0.1213 0.4085 0.3447 0.1255 
        D966  5 0.1615 0.6621 0.1216 0.0548 
        D967  5 0.5940 0.1627 0.1801 0.0632 
        D991  5 0.1495 0.4866 0.0557 0.3082 
        D132  8 0.0325 0.0512 0.0313 0.8849 
        D133  8 0.0595 0.5173 0.3567 0.0666 
        D200  8 0.4611 0.3049 0.0527 0.1813 
        D500  8 0.0375 0.1127 0.0244 0.8254 
        D614  8 0.4457 0.1689 0.0785 0.3069 
        D723  8 0.0465 0.0564 0.1278 0.7693 
        D888  8 0.7301 0.1306 0.0828 0.0565 
        D901  8 0.0511 0.0318 0.0292 0.8880 
        D902  8 0.4356 0.0993 0.0854 0.3797 
        D903  8 0.0810 0.0615 0.7986 0.0589 
        D904  8 0.0998 0.5621 0.2517 0.0864 
        D905  8 0.8987 0.0503 0.0238 0.0272 
        D906  8 0.1416 0.3206 0.4883 0.0496 
        D937  8 0.5805 0.0716 0.0567 0.2911 
        D943  8 0.4147 0.0988 0.2033 0.2832 
        D972  8 0.0329 0.0505 0.0595 0.8571 
        D973  8 0.0531 0.0633 0.1990 0.6845 
        D974  8 0.1866 0.1360 0.2017 0.4757 
        D975  8 0.5982 0.1728 0.0996 0.1293 
        D976  8 0.3399 0.1260 0.1106 0.4235 
        D142 10 0.1438 0.4212 0.3169 0.1181 
        D143 10 0.0566 0.2190 0.6603 0.0641 
        D144 10 0.2578 0.2164 0.3365 0.1893 
        D145 10 0.6845 0.0992 0.0512 0.1651 
        D146 10 0.0361 0.1348 0.0982 0.7309 
        D147 10 0.0510 0.1206 0.2395 0.5888 
        D148 10 0.0842 0.1421 0.6657 0.1080 
        D149 10 0.2308 0.4890 0.1745 0.1057 
        D151 10 0.3763 0.0940 0.3991 0.1306 
        D152 10 0.0875 0.3962 0.4396 0.0766 
        D153 10 0.0970 0.2075 0.1620 0.5335 
        D156 10 0.0543 0.6181 0.2601 0.0675 
        D157 10 0.1698 0.6475 0.0405 0.1422 
        D158 10 0.2835 0.0984 0.0341 0.5840 
        D159 10 0.0508 0.0614 0.8494 0.0384 
        D160 10 0.9404 0.0169 0.0184 0.0242 
        D161 10 0.0879 0.0792 0.6934 0.1395 
        D162 10 0.0888 0.5745 0.2839 0.0528 
        D169 10 0.2898 0.1835 0.1638 0.3629 
        D170 10 0.0518 0.4499 0.0670 0.4313 
        D171 10 0.0487 0.2344 0.2142 0.5028 
        D172 10 0.0419 0.4195 0.0975 0.4411 
        D173 10 0.0472 0.0635 0.8272 0.0621 
        D181 10 0.2351 0.1985 0.3771 0.1893 
        D182 10 0.1985 0.3837 0.1573 0.2605 
        D183 10 0.8041 0.0415 0.0532 0.1011 
        D184 10 0.0275 0.3634 0.0680 0.5411 
        D185 10 0.0703 0.0987 0.5936 0.2375 
        D186 10 0.0644 0.0813 0.0260 0.8283 
        D194 10 0.0765 0.4000 0.1823 0.3412 
        D195 10 0.2362 0.5575 0.1167 0.0897 
        D196 10 0.1841 0.2192 0.5481 0.0486 
        D197 10 0.1240 0.2134 0.1197 0.5429 
        D198 10 0.1898 0.0746 0.5165 0.2190 
     D237226 10 0.4665 0.0528 0.3470 0.1337 
     D237232 10 0.6662 0.0681 0.1152 0.1505 
     D237233 10 0.1415 0.6003 0.0675 0.1907 
     D237234 10 0.3317 0.3068 0.1018 0.2597 
     D237354 10 0.8399 0.0521 0.0654 0.0426 
     D237355 10 0.9093 0.0200 0.0417 0.0290 
     D237356 10 0.2481 0.0844 0.4337 0.2338 
     D237357 10 0.0813 0.2002 0.3045 0.4140 
     D237358 10 0.0579 0.6234 0.2778 0.0409 
     D237369 10 0.0224 0.0512 0.0377 0.8887 
     D237370 10 0.2949 0.1610 0.3994 0.1448 
     D237371 10 0.0918 0.3296 0.2921 0.2865 
     D237372 10 0.0743 0.5867 0.2487 0.0903 
     D237373 10 0.3754 0.1878 0.1051 0.3317 
     D237374 10 0.8770 0.0511 0.0362 0.0357 
     D237375 10 0.1060 0.1403 0.6423 0.1114 
     D237400 10 0.0724 0.7606 0.1083 0.0586 
     D244002 10 0.0573 0.4141 0.2783 0.2503 
     D244003 10 0.8368 0.0923 0.0256 0.0453 
     D244004 10 0.8469 0.0286 0.0252 0.0993 
     D244005 10 0.7906 0.0727 0.0638 0.0729 
     D244020 10 0.1864 0.1075 0.4212 0.2849 
     D244021 10 0.0406 0.0510 0.0538 0.8546 
     D244116 10 0.0509 0.5380 0.0981 0.3130 
     D244117 10 0.6944 0.1760 0.0748 0.0548 
     D244121 10 0.4271 0.2899 0.0778 0.2052 
     D244123 10 0.5359 0.2835 0.0808 0.0998 
     D244124 10 0.1504 0.3971 0.1908 0.2617 
        D332 10 0.0575 0.1320 0.5023 0.3081 
        D570 10 0.3105 0.4362 0.1354 0.1180 
        D602 10 0.0715 0.4669 0.3538 0.1078 
        D603 10 0.2175 0.1390 0.3062 0.3373 
        D604 10 0.1109 0.5499 0.2953 0.0439 
        D605 10 0.1901 0.1253 0.6020 0.0826 
        D606 10 0.3337 0.2186 0.1275 0.3203 
        D607 10 0.0350 0.0655 0.8601 0.0394 
        D608 10 0.0244 0.0866 0.8601 0.0289 
        D609 10 0.4376 0.1066 0.0771 0.3787 
        D610 10 0.8263 0.0602 0.0633 0.0502 
        D611 10 0.8043 0.0504 0.0470 0.0983 
        D613 10 0.1188 0.3797 0.3714 0.1301 
        D633 10 0.0380 0.6021 0.3159 0.0440 
        D634 10 0.1077 0.2332 0.2808 0.3783 
        D638 10 0.1891 0.6314 0.1033 0.0762 
        D681 10 0.0616 0.3903 0.0917 0.4564 
        D754 10 0.1337 0.0907 0.0265 0.7491 
        D755 10 0.6467 0.1507 0.0915 0.1111 
        D756 10 0.3674 0.1862 0.0617 0.3847 
        D757 10 0.5602 0.1948 0.1928 0.0521 
        D758 10 0.1053 0.4704 0.1222 0.3021 
        D759 10 0.7003 0.1134 0.1450 0.0412 
        D760 10 0.4528 0.0925 0.3004 0.1543 
        D761 10 0.8749 0.0691 0.0326 0.0234 
        D762 10 0.0426 0.0854 0.8134 0.0586 
        D775 10 0.7853 0.0486 0.0487 0.1174 
        D776 10 0.7594 0.0666 0.0989 0.0751 
        D777 10 0.8502 0.0411 0.0434 0.0653 
        D778 10 0.5430 0.0698 0.0774 0.3098 
        D779 10 0.1164 0.2000 0.0383 0.6454 
        D780 10 0.1962 0.5611 0.1287 0.1141 
        D781 10 0.0516 0.5072 0.3422 0.0990 
        D858 10 0.1324 0.0845 0.0710 0.7121 
        D933 10 0.4626 0.0820 0.3963 0.0591 
        D038 11 0.4607 0.2226 0.1518 0.1649 
        D063 11 0.2387 0.5468 0.0971 0.1173 
        D155 11 0.6236 0.0559 0.2124 0.1081 
        D175 11 0.1392 0.0763 0.0487 0.7357 
        D176 11 0.1550 0.5186 0.0799 0.2466 
        D205 11 0.6050 0.0901 0.0802 0.2248 
     D237229 11 0.1729 0.5426 0.2027 0.0817 
     D237230 11 0.0334 0.0403 0.6970 0.2293 
     D237231 11 0.0589 0.0861 0.7715 0.0835 
     D237269 11 0.1427 0.1363 0.6342 0.0869 
     D237270 11 0.0985 0.1328 0.2795 0.4892 
     D237271 11 0.2196 0.4614 0.1370 0.1820 
     D237272 11 0.0680 0.0847 0.1945 0.6528 
     D237273 11 0.4182 0.4268 0.0497 0.1053 
     D237301 11 0.1136 0.2152 0.4452 0.2260 
     D237302 11 0.0708 0.4053 0.0957 0.4282 
     D237303 11 0.0313 0.1112 0.3158 0.5417 
     D237304 11 0.1852 0.1658 0.2436 0.4054 
     D237305 11 0.5417 0.1564 0.0463 0.2556 
     D237314 11 0.4421 0.2365 0.1104 0.2110 
     D237315 11 0.0965 0.0766 0.1551 0.6718 
     D237316 11 0.0479 0.6799 0.2080 0.0642 
     D237328 11 0.0924 0.0564 0.2229 0.6282 
     D237329 11 0.4738 0.1437 0.1966 0.1859 
     D237330 11 0.4784 0.2982 0.0778 0.1456 
     D237331 11 0.5110 0.3447 0.0724 0.0720 
     D237332 11 0.2780 0.3174 0.0909 0.3137 
     D237333 11 0.4988 0.3091 0.1493 0.0427 
     D237334 11 0.1033 0.2909 0.3803 0.2256 
     D237335 11 0.3331 0.2906 0.0891 0.2872 
     D237336 11 0.7950 0.0631 0.0679 0.0740 
     D237350 11 0.1556 0.6875 0.1084 0.0485 
     D237383 11 0.3783 0.4060 0.0505 0.1652 
     D237384 11 0.1957 0.4261 0.2623 0.1159 
     D237385 11 0.2439 0.2160 0.2826 0.2574 
     D237386 11 0.0936 0.0672 0.6938 0.1454 
     D237387 11 0.0771 0.2511 0.1821 0.4897 
     D237388 11 0.2818 0.3689 0.1792 0.1701 
        D239 11 0.6454 0.1615 0.0913 0.1018 
        D240 11 0.7610 0.1232 0.0795 0.0362 
        D241 11 0.4542 0.1823 0.2894 0.0741 
        D242 11 0.1899 0.3012 0.3975 0.1114 
        D243 11 0.8137 0.0760 0.0443 0.0660 
        D244 11 0.8404 0.0749 0.0457 0.0390 
        D245 11 0.0481 0.0862 0.0846 0.7811 
        D246 11 0.1684 0.1323 0.1735 0.5257 
        D247 11 0.2551 0.4675 0.1480 0.1294 
        D248 11 0.0605 0.0476 0.8274 0.0645 
        D249 11 0.0864 0.0987 0.0639 0.7510 
        D250 11 0.0900 0.0685 0.7630 0.0785 
        D251 11 0.2340 0.1817 0.0862 0.4981 
        D252 11 0.0444 0.1403 0.1404 0.6749 
        D253 11 0.3325 0.4993 0.0485 0.1197 
        D254 11 0.0426 0.0345 0.4302 0.4927 
        D255 11 0.0833 0.3085 0.3134 0.2949 
        D256 11 0.6396 0.1569 0.1039 0.0996 
        D257 11 0.1852 0.1397 0.0597 0.6154 
        D258 11 0.0782 0.1211 0.0593 0.7414 
        D259 11 0.0632 0.2665 0.1180 0.5524 
        D260 11 0.0723 0.7481 0.0507 0.1290 
        D261 11 0.1004 0.5634 0.0951 0.2411 
        D262 11 0.0566 0.1163 0.0707 0.7565 
        D263 11 0.1706 0.6555 0.0612 0.1126 
        D264 11 0.0442 0.1111 0.1107 0.7340 
        D265 11 0.2096 0.0580 0.3596 0.3728 
        D266 11 0.3100 0.3000 0.3346 0.0554 
        D267 11 0.6351 0.1222 0.1125 0.1302 
        D268 11 0.6564 0.0880 0.1570 0.0986 
        D269 11 0.1506 0.4832 0.2099 0.1563 
        D270 11 0.1213 0.2158 0.1182 0.5446 
        D271 11 0.4572 0.1253 0.2098 0.2076 
        D272 11 0.3990 0.3317 0.2225 0.0468 
        D273 11 0.0362 0.0356 0.0337 0.8945 
        D274 11 0.3245 0.2401 0.2664 0.1690 
        D275 11 0.3300 0.1773 0.3933 0.0994 
        D276 11 0.4996 0.1421 0.2970 0.0614 
        D277 11 0.2651 0.1618 0.4490 0.1241 
        D278 11 0.1191 0.5155 0.0643 0.3011 
        D282 11 0.0976 0.4058 0.0488 0.4478 
        D296 11 0.5038 0.1065 0.2904 0.0994 
        D297 11 0.5889 0.1354 0.1736 0.1020 
        D298 11 0.3868 0.1501 0.3858 0.0773 
        D299 11 0.2112 0.4822 0.0890 0.2177 
        D300 11 0.2272 0.5921 0.0939 0.0867 
        D382 11 0.5737 0.1704 0.1464 0.1096 
        D383 11 0.6878 0.1308 0.0396 0.1419 
        D387 11 0.2705 0.3039 0.1175 0.3081 
        D388 11 0.0984 0.1892 0.6302 0.0821 
        D389 11 0.2322 0.4452 0.1457 0.1769 
        D390 11 0.2399 0.2037 0.4235 0.1329 
        D396 11 0.1558 0.1145 0.5931 0.1366 
        D397 11 0.1517 0.2651 0.0292 0.5540 
        D398 11 0.5009 0.3384 0.0789 0.0818 
        D399 11 0.0426 0.3868 0.3945 0.1762 
        D437 11 0.0781 0.6240 0.0437 0.2542 
        D441 11 0.6086 0.0762 0.1314 0.1838 
        D442 11 0.2530 0.5245 0.0996 0.1228 
        D443 11 0.8869 0.0327 0.0443 0.0360 
        D444 11 0.1420 0.3107 0.4293 0.1180 
        D445 11 0.0702 0.2370 0.0925 0.6002 
        D446 11 0.1634 0.3603 0.3624 0.1139 
        D451 11 0.2600 0.0969 0.1779 0.4652 
        D452 11 0.1008 0.6626 0.1875 0.0492 
        D453 11 0.0856 0.0425 0.8220 0.0499 
        D454 11 0.1297 0.2131 0.3074 0.3498 
        D457 11 0.1647 0.0663 0.0449 0.7241 
        D458 11 0.5980 0.1081 0.2031 0.0908 
        D466 11 0.0855 0.1329 0.6398 0.1418 
        D467 11 0.0516 0.7709 0.0610 0.1165 
        D475 11 0.0451 0.1990 0.0790 0.6769 
        D488 11 0.1100 0.0617 0.7366 0.0917 
        D489 11 0.1177 0.0914 0.2319 0.5591 
        D493 11 0.1640 0.1312 0.6379 0.0668 
        D494 11 0.1080 0.0846 0.6039 0.2034 
        D495 11 0.1443 0.1651 0.1315 0.5592 
        D496 11 0.8029 0.0524 0.1137 0.0311 
        D674 11 0.5397 0.2772 0.1284 0.0547 
        D675 11 0.8290 0.0584 0.0891 0.0236 
        D676 11 0.1153 0.1410 0.0792 0.6645 
        D680 11 0.7965 0.1178 0.0396 0.0461 
        D701 11 0.2838 0.1103 0.1193 0.4867 
        D702 11 0.0658 0.5327 0.2432 0.1583 
        D703 11 0.4656 0.1817 0.2749 0.0778 
        D704 11 0.1519 0.1849 0.1796 0.4836 
        D705 11 0.0326 0.1283 0.2169 0.6221 
        D706 11 0.1664 0.7066 0.0436 0.0834 
        D707 11 0.1301 0.1956 0.0944 0.5799 
        D751 11 0.1958 0.4597 0.1381 0.2064 
        D752 11 0.3328 0.3591 0.1243 0.1838 
        D753 11 0.0892 0.0530 0.4417 0.4161 
        D773 11 0.0252 0.0286 0.0324 0.9138 
        D774 11 0.2890 0.3042 0.3232 0.0835 
        D801 11 0.3779 0.1242 0.2786 0.2194 
        D802 11 0.0760 0.0818 0.3220 0.5203 
        D803 11 0.7357 0.0905 0.0903 0.0835 
        D804 11 0.1385 0.1012 0.1551 0.6052 
        D805 11 0.2771 0.3353 0.1411 0.2465 
        D806 11 0.0319 0.0534 0.0376 0.8771 
        D809 11 0.1513 0.6364 0.0842 0.1281 
        D810 11 0.5823 0.2666 0.1002 0.0508 
        D812 11 0.1447 0.1729 0.1971 0.4853 
        D813 11 0.3903 0.4567 0.0981 0.0548 
        D823 11 0.1149 0.5878 0.1191 0.1783 
        D824 11 0.0845 0.7925 0.0432 0.0798 
        D829 11 0.1573 0.4370 0.3584 0.0472 
        D830 11 0.0861 0.2747 0.1798 0.4593 
        D831 11 0.1432 0.1920 0.0596 0.6051 
        D832 11 0.2127 0.4828 0.0971 0.2074 
        D833 11 0.5883 0.1793 0.1836 0.0488 
        D834 11 0.2771 0.1504 0.4888 0.0836 
        D835 11 0.0726 0.0680 0.0363 0.8231 
        D855 11 0.2424 0.0702 0.2187 0.4687 
        D863 11 0.7729 0.1369 0.0582 0.0319 
        D864 11 0.2228 0.5497 0.0733 0.1542 
        D878 11 0.4920 0.1367 0.1083 0.2630 
        D879 11 0.0821 0.1716 0.0576 0.6888 
        D880 11 0.2395 0.0984 0.6341 0.0279 
        D881 11 0.8587 0.0569 0.0447 0.0397 
        D882 11 0.2261 0.3416 0.2150 0.2173 
        D909 11 0.2732 0.0795 0.4433 0.2040 
        D921 11 0.2088 0.4409 0.1840 0.1663 
        D924 11 0.4029 0.1894 0.3471 0.0606 
        D935 11 0.0676 0.3426 0.4481 0.1417 
        D940 11 0.8708 0.0545 0.0472 0.0275 
        D941 11 0.6757 0.0788 0.1848 0.0608 
        D942 11 0.0401 0.1134 0.0881 0.7584 
        D980 11 0.1700 0.1596 0.5498 0.1206 
        D981 11 0.1080 0.4965 0.1552 0.2402 
        D982 11 0.0616 0.2718 0.6231 0.0435 
        D983 11 0.5991 0.1215 0.1518 0.1276 
        D984 11 0.1633 0.4806 0.2589 0.0972 
        D992 11 0.0399 0.2186 0.1067 0.6348 
        D993 11 0.2154 0.1760 0.4040 0.2046 
        D994 11 0.4832 0.1817 0.0588 0.2763 
        D995 11 0.0593 0.0455 0.1568 0.7385 
        H354 11 0.0492 0.1695 0.2096 0.5718 
