        D023  2 0.0541 0.0224 0.0209 0.0131 0.7775 0.0180 0.0145 0.0795 
        D130  2 0.0174 0.0206 0.0975 0.0135 0.5661 0.0713 0.1423 0.0713 
        D131  2 0.0474 0.1232 0.1681 0.0394 0.0518 0.0280 0.1761 0.3660 
        D163  2 0.0328 0.0734 0.0351 0.0582 0.6770 0.0337 0.0436 0.0462 
        D164  2 0.0371 0.0165 0.4487 0.0119 0.0196 0.0624 0.3778 0.0261 
        D165  2 0.0734 0.0243 0.0266 0.0171 0.7861 0.0257 0.0206 0.0261 
        D166  2 0.0980 0.0467 0.0289 0.0183 0.0642 0.4675 0.2036 0.0728 
        D167  2 0.0117 0.0099 0.2280 0.0193 0.0098 0.6922 0.0126 0.0165 
        D192  2 0.0170 0.0175 0.2578 0.0142 0.0167 0.6585 0.0091 0.0093 
        D193  2 0.0887 0.0443 0.0238 0.2247 0.0481 0.4588 0.0565 0.0550 
        D206  2 0.0430 0.0185 0.1786 0.0231 0.0690 0.0637 0.0491 0.5551 
        D207  2 0.0263 0.1502 0.3552 0.0148 0.0212 0.3623 0.0420 0.0280 
        D208  2 0.0634 0.3156 0.0447 0.2579 0.1532 0.0912 0.0266 0.0475 
        D209  2 0.0647 0.0189 0.1389 0.0190 0.0650 0.6364 0.0204 0.0367 
        D210  2 0.0438 0.2210 0.1349 0.4570 0.0346 0.0492 0.0312 0.0283 
     D229599  2 0.1017 0.1520 0.0138 0.0368 0.2926 0.0430 0.0192 0.3410 
     D229600  2 0.0279 0.0310 0.1781 0.0190 0.1194 0.5254 0.0695 0.0296 
     D237227  2 0.0267 0.1801 0.0276 0.3163 0.1385 0.0539 0.2046 0.0523 
     D237228  2 0.0200 0.0653 0.0445 0.1680 0.0224 0.0562 0.6026 0.0210 
     D237258  2 0.1704 0.2064 0.0674 0.0308 0.0722 0.2359 0.1110 0.1059 
     D237310  2 0.0174 0.0147 0.0227 0.0254 0.0140 0.0314 0.8647 0.0099 
     D237311  2 0.0153 0.0216 0.0592 0.0223 0.0189 0.0895 0.7555 0.0177 
     D237312  2 0.1019 0.0227 0.0282 0.0436 0.0512 0.0398 0.6855 0.0272 
     D237313  2 0.0368 0.0225 0.0250 0.0677 0.0544 0.0213 0.0625 0.7098 
     D237322  2 0.1031 0.3297 0.0620 0.0952 0.0864 0.1455 0.1434 0.0347 
     D237323  2 0.0207 0.0579 0.0165 0.0853 0.0223 0.0460 0.7392 0.0121 
     D237324  2 0.0317 0.1545 0.2508 0.0184 0.2619 0.1599 0.0708 0.0519 
     D237325  2 0.0310 0.0297 0.0910 0.0773 0.0666 0.1288 0.5502 0.0256 
     D237326  2 0.0378 0.0363 0.0839 0.0905 0.0263 0.0341 0.6447 0.0462 
     D237327  2 0.0782 0.5410 0.0508 0.0280 0.1538 0.1087 0.0230 0.0166 
     D237337  2 0.0135 0.0125 0.0163 0.0295 0.0183 0.0156 0.8692 0.0250 
     D237338  2 0.0705 0.0761 0.0683 0.1384 0.4131 0.0444 0.1561 0.0332 
     D237339  2 0.1957 0.0439 0.4957 0.0238 0.0968 0.0585 0.0226 0.0628 
     D237340  2 0.0583 0.0538 0.0804 0.1707 0.0418 0.1831 0.3936 0.0182 
     D237389  2 0.0302 0.0163 0.0255 0.0197 0.0219 0.1141 0.7540 0.0182 
     D237390  2 0.0954 0.0475 0.0457 0.0866 0.0599 0.0518 0.5741 0.0390 
     D244017  2 0.0146 0.0310 0.0465 0.0860 0.0163 0.7469 0.0148 0.0438 
     D244112  2 0.0153 0.0182 0.2565 0.0184 0.0435 0.6127 0.0203 0.0151 
     D244118  2 0.0140 0.0209 0.1826 0.0168 0.0774 0.6639 0.0130 0.0115 
     D244119  2 0.0141 0.0392 0.1496 0.5996 0.0177 0.1238 0.0340 0.0219 
     D244120  2 0.0572 0.0274 0.0657 0.0460 0.0175 0.7135 0.0620 0.0108 
     D244122  2 0.0431 0.0186 0.1986 0.0489 0.0505 0.5980 0.0187 0.0235 
        D291  2 0.0142 0.6933 0.0287 0.0156 0.0497 0.0848 0.0241 0.0895 
        D292  2 0.0464 0.1228 0.0610 0.1060 0.0391 0.2916 0.0279 0.3051 
        D293  2 0.0137 0.0115 0.9084 0.0135 0.0104 0.0128 0.0108 0.0189 
        D322  2 0.0798 0.0370 0.7414 0.0153 0.0213 0.0372 0.0321 0.0358 
        D323  2 0.0765 0.0474 0.1032 0.0498 0.0390 0.2869 0.0558 0.3413 
        D324  2 0.0330 0.5040 0.0773 0.0443 0.0387 0.0322 0.1434 0.1271 
        D325  2 0.0161 0.0319 0.8721 0.0109 0.0167 0.0132 0.0157 0.0235 
        D326  2 0.0148 0.0187 0.0187 0.0149 0.0120 0.0114 0.0115 0.8980 
        D340  2 0.0176 0.0179 0.8813 0.0233 0.0123 0.0156 0.0184 0.0137 
        D341  2 0.0196 0.0178 0.7811 0.0323 0.0364 0.0242 0.0631 0.0254 
        D342  2 0.0378 0.0472 0.2690 0.0353 0.0891 0.4484 0.0391 0.0340 
        D343  2 0.0125 0.0142 0.9249 0.0086 0.0102 0.0095 0.0083 0.0117 
        D344  2 0.3394 0.0152 0.0261 0.0192 0.0274 0.1080 0.0560 0.4085 
        D345  2 0.2152 0.0667 0.0348 0.0385 0.0906 0.0512 0.0190 0.4838 
        D346  2 0.1307 0.0635 0.0877 0.3282 0.0324 0.0700 0.1672 0.1204 
        D351  2 0.0523 0.2927 0.2141 0.0177 0.0375 0.0459 0.1128 0.2270 
        D352  2 0.6246 0.0426 0.0545 0.0732 0.0580 0.0568 0.0460 0.0442 
        D353  2 0.2335 0.0410 0.0322 0.0178 0.0333 0.1127 0.0189 0.5106 
        D354  2 0.6164 0.0206 0.0123 0.0395 0.0199 0.0221 0.0205 0.2488 
        D362  2 0.0257 0.0218 0.0279 0.0190 0.0772 0.0384 0.0245 0.7655 
        D363  2 0.0295 0.0225 0.0254 0.0288 0.0568 0.0332 0.0191 0.7846 
        D364  2 0.2804 0.0129 0.0132 0.0289 0.0478 0.0407 0.0182 0.5579 
        D365  2 0.0144 0.0103 0.9072 0.0171 0.0099 0.0115 0.0159 0.0136 
        D369  2 0.0262 0.0437 0.1576 0.1575 0.0359 0.0840 0.3691 0.1259 
        D374  2 0.0654 0.0169 0.0169 0.4854 0.0206 0.3514 0.0159 0.0276 
        D375  2 0.7052 0.0095 0.0125 0.0147 0.0341 0.0431 0.0198 0.1611 
        D376  2 0.1004 0.0221 0.0158 0.4950 0.0426 0.2701 0.0250 0.0289 
        D377  2 0.1761 0.0415 0.1177 0.0895 0.0846 0.0371 0.3179 0.1356 
        D378  2 0.2115 0.0890 0.3148 0.0174 0.1356 0.0415 0.0237 0.1664 
        D379  2 0.0206 0.0208 0.0254 0.0339 0.0248 0.0328 0.0308 0.8109 
        D384  2 0.0137 0.0156 0.0197 0.0255 0.0129 0.0107 0.0189 0.8830 
        D385  2 0.1207 0.0274 0.7180 0.0276 0.0202 0.0365 0.0268 0.0227 
        D386  2 0.5357 0.0347 0.0778 0.0189 0.0385 0.0298 0.0165 0.2480 
        D391  2 0.0348 0.0151 0.8551 0.0132 0.0163 0.0237 0.0186 0.0232 
        D392  2 0.0211 0.0280 0.4581 0.0384 0.0257 0.1720 0.1692 0.0876 
        D393  2 0.2852 0.1413 0.1647 0.0312 0.0358 0.0236 0.0334 0.2848 
        D394  2 0.1704 0.0538 0.0652 0.0821 0.1384 0.2944 0.1274 0.0684 
        D395  2 0.4495 0.0381 0.3164 0.0236 0.0892 0.0339 0.0219 0.0273 
        D401  2 0.0110 0.0164 0.0134 0.0217 0.0144 0.0185 0.8954 0.0092 
        D402  2 0.0595 0.0290 0.8174 0.0195 0.0139 0.0234 0.0171 0.0203 
        D403  2 0.2439 0.0299 0.0431 0.0172 0.0906 0.0448 0.0253 0.5053 
        D415  2 0.0779 0.0167 0.0819 0.0169 0.0929 0.0386 0.1756 0.4995 
        D435  2 0.0943 0.0845 0.5378 0.0163 0.0364 0.0275 0.0525 0.1507 
        D436  2 0.2810 0.0307 0.1436 0.0825 0.1789 0.1057 0.0646 0.1130 
        D438  2 0.0124 0.0129 0.8930 0.0182 0.0151 0.0194 0.0158 0.0132 
        D439  2 0.3775 0.0397 0.0911 0.0264 0.2090 0.0449 0.0119 0.1996 
        D449  2 0.0295 0.0208 0.4283 0.0266 0.0789 0.3092 0.0396 0.0672 
        D450  2 0.2148 0.0523 0.0184 0.0940 0.1765 0.0759 0.1657 0.2024 
        D456  2 0.0198 0.0336 0.0242 0.0155 0.0149 0.0119 0.0134 0.8667 
        D462  2 0.0454 0.0120 0.8536 0.0118 0.0239 0.0263 0.0116 0.0154 
        D463  2 0.0147 0.0124 0.0128 0.0209 0.0132 0.0118 0.0165 0.8978 
        D464  2 0.3762 0.0260 0.1159 0.0411 0.0389 0.2173 0.0332 0.1514 
        D465  2 0.0192 0.0206 0.6296 0.0182 0.0159 0.0312 0.2277 0.0377 
        D473  2 0.1538 0.0891 0.0428 0.2806 0.0693 0.0315 0.3054 0.0274 
        D474  2 0.0637 0.2044 0.0577 0.0573 0.0730 0.0303 0.0423 0.4713 
        D476  2 0.1893 0.0305 0.0910 0.0145 0.5917 0.0216 0.0202 0.0411 
        D477  2 0.3693 0.0868 0.0222 0.0392 0.0358 0.0266 0.0595 0.3606 
        D478  2 0.0481 0.1116 0.0337 0.0742 0.1822 0.3223 0.0403 0.1875 
        D480  2 0.3009 0.0756 0.2637 0.1108 0.0337 0.0241 0.0282 0.1631 
        D481  2 0.2008 0.0800 0.0455 0.0948 0.0525 0.1285 0.0422 0.3557 
        D482  2 0.3183 0.3149 0.0244 0.1051 0.0462 0.0948 0.0514 0.0450 
        D483  2 0.0162 0.0238 0.2421 0.0329 0.0186 0.6361 0.0129 0.0174 
        D484  2 0.8496 0.0264 0.0265 0.0202 0.0251 0.0253 0.0155 0.0115 
        D510  2 0.0288 0.1350 0.0223 0.5096 0.0296 0.2105 0.0292 0.0349 
        D511  2 0.5501 0.0524 0.1215 0.0209 0.0503 0.0382 0.0294 0.1373 
        D512  2 0.0200 0.0200 0.0507 0.0108 0.0220 0.0214 0.8345 0.0206 
        D513  2 0.0211 0.0474 0.7445 0.0459 0.0168 0.0157 0.0397 0.0688 
        D635  2 0.0476 0.0452 0.0302 0.0289 0.3307 0.0332 0.0231 0.4612 
        D636  2 0.0304 0.0185 0.0305 0.0186 0.7251 0.0379 0.0457 0.0934 
        D637  2 0.3422 0.0443 0.1597 0.0638 0.0673 0.0824 0.1822 0.0580 
        D658  2 0.2215 0.0316 0.2980 0.0800 0.1112 0.0989 0.1334 0.0254 
        D659  2 0.0812 0.1074 0.0950 0.0967 0.2419 0.0650 0.0225 0.2902 
        D677  2 0.0370 0.0427 0.1160 0.0276 0.0815 0.0900 0.2087 0.3965 
        D678  2 0.0222 0.0168 0.1564 0.0110 0.0257 0.7348 0.0184 0.0147 
        D679  2 0.0792 0.0622 0.1389 0.0561 0.0373 0.0225 0.0274 0.5765 
        D719  2 0.0404 0.0635 0.3554 0.2954 0.0281 0.0375 0.0721 0.1075 
        D720  2 0.0157 0.0569 0.2204 0.0651 0.0228 0.0257 0.0401 0.5534 
        D721  2 0.0593 0.0212 0.0383 0.0262 0.7972 0.0197 0.0133 0.0247 
        D722  2 0.0762 0.0349 0.0571 0.3169 0.0284 0.3941 0.0334 0.0590 
        D734  2 0.4444 0.0540 0.2380 0.1305 0.0235 0.0499 0.0268 0.0328 
        D735  2 0.1337 0.1018 0.0951 0.0666 0.1325 0.0290 0.0722 0.3692 
        D736  2 0.0822 0.3892 0.0468 0.2439 0.0489 0.0626 0.0702 0.0563 
        D737  2 0.0507 0.0475 0.1329 0.0391 0.0883 0.6044 0.0202 0.0169 
        D807  2 0.1732 0.1128 0.0735 0.2510 0.0750 0.0949 0.1095 0.1100 
        D808  2 0.0297 0.0596 0.1165 0.0233 0.0505 0.0839 0.5875 0.0490 
        D817  2 0.0333 0.0274 0.0294 0.0233 0.0511 0.0468 0.0684 0.7204 
        D818  2 0.0595 0.2106 0.3534 0.0277 0.1299 0.0418 0.0668 0.1104 
        D819  2 0.0522 0.0492 0.0314 0.0306 0.0383 0.0844 0.5237 0.1902 
        D820  2 0.0506 0.0339 0.5507 0.0283 0.0581 0.0366 0.0262 0.2156 
        D895  2 0.0858 0.0425 0.0527 0.0394 0.2617 0.1465 0.0483 0.3231 
        D896  2 0.0149 0.0133 0.0121 0.0285 0.0108 0.0118 0.8963 0.0123 
        D897  2 0.0600 0.0745 0.4174 0.0490 0.0589 0.2387 0.0677 0.0337 
        D898  2 0.0654 0.2527 0.0186 0.0340 0.0721 0.1890 0.2025 0.1657 
        D918  2 0.1129 0.0488 0.1015 0.0983 0.0622 0.0230 0.5058 0.0476 
        D919  2 0.2394 0.0941 0.1493 0.0262 0.1062 0.1556 0.0229 0.2062 
        D920  2 0.0267 0.0251 0.0279 0.0417 0.6414 0.1205 0.0778 0.0389 
        D923  2 0.1531 0.0306 0.0391 0.0191 0.0597 0.0457 0.0418 0.6110 
        D930  2 0.1664 0.0349 0.1020 0.1254 0.0337 0.0384 0.1236 0.3756 
        D931  2 0.4288 0.0460 0.1384 0.0326 0.0499 0.1089 0.0773 0.1181 
        D968  2 0.0186 0.0437 0.8315 0.0147 0.0148 0.0352 0.0162 0.0252 
        D969  2 0.0564 0.2279 0.0688 0.0642 0.0602 0.1963 0.0460 0.2801 
        D977  2 0.0451 0.0484 0.7386 0.0224 0.0341 0.0487 0.0284 0.0343 
        D978  2 0.0437 0.4012 0.0544 0.0384 0.0415 0.2171 0.0247 0.1789 
        D009  4 0.0272 0.0243 0.0233 0.0245 0.7226 0.0755 0.0547 0.0479 
        D057  4 0.0432 0.0201 0.1229 0.0220 0.7155 0.0405 0.0141 0.0216 
        D109  4 0.0444 0.0255 0.0197 0.0389 0.0431 0.0394 0.7612 0.0277 
     D237222  4 0.0241 0.0225 0.0395 0.1290 0.5825 0.1559 0.0134 0.0333 
     D237223  4 0.0755 0.0477 0.4129 0.1393 0.0468 0.0622 0.1956 0.0199 
     D237224  4 0.1873 0.1557 0.0675 0.0321 0.0633 0.1295 0.0244 0.3401 
     D237225  4 0.0307 0.0534 0.0594 0.0828 0.6088 0.0578 0.0388 0.0683 
     D237299  4 0.0253 0.0457 0.0870 0.0332 0.0307 0.0247 0.7197 0.0336 
     D237300  4 0.0363 0.7007 0.0304 0.0448 0.0347 0.0772 0.0439 0.0320 
     D237306  4 0.0502 0.0156 0.0415 0.5943 0.0403 0.0648 0.1571 0.0362 
     D237307  4 0.0200 0.0590 0.0716 0.2390 0.0961 0.0548 0.0432 0.4164 
     D237308  4 0.1500 0.0575 0.2475 0.1099 0.0988 0.2255 0.0452 0.0657 
     D237309  4 0.0593 0.0478 0.0242 0.0180 0.7217 0.0566 0.0249 0.0475 
     D237317  4 0.0282 0.0722 0.0222 0.1512 0.2678 0.0405 0.0217 0.3961 
     D237318  4 0.0175 0.7902 0.0565 0.0213 0.0161 0.0432 0.0277 0.0275 
     D237319  4 0.0443 0.0548 0.0477 0.0418 0.0582 0.1816 0.3319 0.2397 
     D237320  4 0.0271 0.1177 0.2265 0.0488 0.0550 0.0622 0.4254 0.0373 
     D237321  4 0.0253 0.5320 0.0353 0.0389 0.0468 0.1642 0.0777 0.0798 
     D237397  4 0.0188 0.0752 0.2118 0.4193 0.0962 0.0593 0.0875 0.0320 
     D237398  4 0.0672 0.6983 0.0412 0.0128 0.0201 0.0274 0.0445 0.0884 
     D237399  4 0.0264 0.3644 0.0574 0.2095 0.1247 0.0590 0.0652 0.0933 
     D244001  4 0.0333 0.0223 0.0488 0.0445 0.6558 0.1552 0.0183 0.0219 
        D289  4 0.1302 0.1023 0.1319 0.3958 0.0616 0.0933 0.0324 0.0525 
        D290  4 0.0607 0.1875 0.0373 0.0346 0.0934 0.5078 0.0369 0.0418 
        D294  4 0.2381 0.1390 0.0305 0.0308 0.1961 0.2882 0.0255 0.0518 
        D295  4 0.0856 0.0520 0.0947 0.0797 0.2598 0.0855 0.1947 0.1481 
        D301  4 0.0325 0.0540 0.0249 0.0729 0.5176 0.2183 0.0495 0.0303 
        D302  4 0.7117 0.0164 0.0161 0.0138 0.1053 0.0450 0.0171 0.0746 
        D303  4 0.0825 0.0267 0.0343 0.6018 0.0409 0.0881 0.1035 0.0222 
        D304  4 0.0243 0.4717 0.0199 0.0527 0.0603 0.2608 0.0183 0.0920 
        D305  4 0.3599 0.0506 0.0702 0.0207 0.1584 0.2776 0.0170 0.0456 
        D306  4 0.0163 0.0623 0.0216 0.0354 0.0239 0.7713 0.0275 0.0417 
        D307  4 0.0274 0.0373 0.0116 0.0595 0.7960 0.0236 0.0277 0.0169 
        D327  4 0.0348 0.0471 0.0608 0.0314 0.0395 0.0528 0.0563 0.6774 
        D328  4 0.4945 0.0287 0.0257 0.1697 0.0611 0.1197 0.0631 0.0375 
        D329  4 0.2427 0.0577 0.0452 0.0718 0.2065 0.3042 0.0205 0.0515 
        D330  4 0.1152 0.0227 0.1634 0.0210 0.2768 0.1386 0.1224 0.1399 
        D331  4 0.0439 0.3626 0.0289 0.0656 0.0811 0.1566 0.0539 0.2074 
        D333  4 0.1462 0.0791 0.0925 0.1404 0.2986 0.1487 0.0618 0.0327 
        D334  4 0.0677 0.0785 0.0250 0.6097 0.1324 0.0322 0.0197 0.0348 
        D335  4 0.2584 0.0232 0.0979 0.0289 0.1276 0.0711 0.0221 0.3708 
        D370  4 0.1849 0.0423 0.0301 0.1432 0.1207 0.3103 0.0704 0.0981 
        D371  4 0.0837 0.0224 0.0442 0.5367 0.0160 0.1057 0.0723 0.1190 
        D372  4 0.0171 0.6735 0.0254 0.0345 0.0245 0.1917 0.0188 0.0147 
        D373  4 0.0467 0.0387 0.0179 0.0150 0.7941 0.0390 0.0161 0.0326 
        D455  4 0.0259 0.0362 0.0147 0.0163 0.8411 0.0369 0.0120 0.0169 
        D490  4 0.0161 0.0160 0.0104 0.0214 0.8477 0.0168 0.0592 0.0124 
        D497  4 0.0325 0.0234 0.0141 0.0145 0.8186 0.0349 0.0471 0.0150 
        D498  4 0.0338 0.2162 0.0353 0.1311 0.0575 0.2709 0.1478 0.1074 
        D499  4 0.1309 0.0304 0.1173 0.0807 0.0260 0.0862 0.4880 0.0405 
        D514  4 0.1544 0.1013 0.0286 0.0133 0.1657 0.1655 0.1530 0.2180 
        D515  4 0.0828 0.0204 0.1578 0.0299 0.0335 0.0613 0.5900 0.0245 
        D516  4 0.0263 0.0574 0.2412 0.1182 0.1661 0.1036 0.1557 0.1315 
        D517  4 0.0136 0.0973 0.0134 0.0174 0.7912 0.0261 0.0171 0.0239 
        D518  4 0.1047 0.0156 0.0812 0.0575 0.6091 0.0696 0.0178 0.0444 
        D519  4 0.0221 0.0559 0.3094 0.0227 0.0299 0.0217 0.5110 0.0273 
        D560  4 0.0851 0.0566 0.2585 0.0246 0.0694 0.0597 0.3417 0.1045 
        D561  4 0.0382 0.0333 0.2494 0.0159 0.2607 0.0448 0.2243 0.1335 
        D562  4 0.0848 0.1487 0.0483 0.0842 0.1356 0.3451 0.0538 0.0995 
        D563  4 0.3169 0.0830 0.2231 0.0201 0.1027 0.1469 0.0693 0.0379 
        D572  4 0.4315 0.0242 0.0731 0.0429 0.2271 0.1197 0.0233 0.0581 
        D629  4 0.1961 0.1139 0.0414 0.0241 0.1073 0.0294 0.0410 0.4468 
        D630  4 0.1156 0.1032 0.0563 0.0783 0.3515 0.1430 0.0655 0.0866 
        D631  4 0.2411 0.0391 0.1975 0.0336 0.3292 0.0824 0.0437 0.0334 
        D632  4 0.3913 0.0164 0.0786 0.0145 0.2044 0.1071 0.0832 0.1045 
        D646  4 0.0269 0.0235 0.4210 0.0639 0.1773 0.0801 0.1667 0.0404 
        D647  4 0.0634 0.0620 0.1785 0.0220 0.1531 0.1781 0.1062 0.2366 
        D648  4 0.5316 0.0126 0.0267 0.0927 0.0524 0.2249 0.0377 0.0213 
        D649  4 0.2771 0.0303 0.0256 0.0178 0.0806 0.0205 0.2402 0.3078 
        D650  4 0.0704 0.0389 0.0992 0.1009 0.1403 0.0221 0.2028 0.3254 
        D708  4 0.2286 0.0558 0.0292 0.2287 0.0863 0.1208 0.0781 0.1725 
        D709  4 0.0435 0.0465 0.0482 0.0511 0.0355 0.4706 0.2186 0.0861 
        D738  4 0.0187 0.0222 0.0422 0.7159 0.0818 0.0253 0.0622 0.0316 
        D739  4 0.0536 0.1133 0.0332 0.0454 0.3855 0.2473 0.0811 0.0406 
        D740  4 0.0857 0.2015 0.0450 0.2356 0.1930 0.0622 0.1270 0.0499 
        D741  4 0.0218 0.0218 0.5151 0.0220 0.0290 0.0244 0.3318 0.0341 
        D742  4 0.0618 0.0628 0.5193 0.0577 0.1139 0.0582 0.0972 0.0291 
        D743  4 0.2325 0.0487 0.1584 0.0328 0.0492 0.0437 0.0316 0.4031 
        D744  4 0.7559 0.0218 0.0856 0.0167 0.0229 0.0300 0.0336 0.0335 
        D745  4 0.0468 0.0388 0.1392 0.0292 0.0427 0.0214 0.6582 0.0237 
        D814  4 0.0813 0.0563 0.1794 0.0255 0.2024 0.3936 0.0274 0.0341 
        D815  4 0.3587 0.0727 0.0479 0.0319 0.0594 0.1806 0.0500 0.1990 
        D828  4 0.1385 0.0425 0.0399 0.1288 0.0465 0.5428 0.0373 0.0238 
        D845  4 0.0154 0.7971 0.0702 0.0433 0.0171 0.0164 0.0133 0.0273 
        D846  4 0.0945 0.0459 0.0668 0.0124 0.4272 0.0884 0.0148 0.2499 
        D847  4 0.0492 0.3443 0.0625 0.0521 0.2270 0.0836 0.0787 0.1027 
        D848  4 0.0203 0.1193 0.0215 0.0168 0.7669 0.0264 0.0135 0.0154 
        D849  4 0.0320 0.0291 0.1207 0.0239 0.5843 0.0825 0.0861 0.0415 
        D850  4 0.0539 0.2686 0.2493 0.0736 0.1321 0.0257 0.0635 0.1331 
        D856  4 0.0419 0.0391 0.0291 0.0306 0.0327 0.1130 0.5680 0.1456 
        D857  4 0.0286 0.0195 0.0396 0.0446 0.0293 0.2233 0.5983 0.0167 
        D859  4 0.3129 0.0702 0.0783 0.0418 0.1219 0.1867 0.0443 0.1439 
        D860  4 0.0495 0.1869 0.0937 0.4482 0.0443 0.0768 0.0148 0.0859 
        D883  4 0.0933 0.0782 0.0257 0.1083 0.3549 0.0863 0.1516 0.1017 
        D884  4 0.1010 0.0195 0.1116 0.1639 0.0820 0.0470 0.4355 0.0394 
        D885  4 0.0551 0.1224 0.3647 0.0349 0.2190 0.0157 0.0728 0.1154 
        D886  4 0.0559 0.1053 0.0739 0.0442 0.1904 0.2257 0.1118 0.1928 
        D887  4 0.3554 0.2149 0.0532 0.0353 0.0538 0.0833 0.1186 0.0855 
        D889  4 0.0472 0.7180 0.0166 0.0194 0.0294 0.1204 0.0130 0.0362 
        D890  4 0.3335 0.0541 0.0490 0.0967 0.1277 0.1062 0.1234 0.1094 
        D891  4 0.0094 0.9280 0.0135 0.0101 0.0085 0.0085 0.0094 0.0126 
        D899  4 0.0782 0.1306 0.3855 0.0919 0.0709 0.1844 0.0316 0.0269 
        D900  4 0.1283 0.1748 0.0640 0.0558 0.1667 0.1482 0.0752 0.1869 
        D970  4 0.1178 0.1622 0.0407 0.0513 0.3506 0.1017 0.0194 0.1562 
        D971  4 0.1276 0.0311 0.3605 0.0576 0.0383 0.1852 0.0494 0.1503 
        D979  4 0.0759 0.0234 0.0508 0.0284 0.0643 0.0290 0.0156 0.7127 
        D093  5 0.0292 0.0615 0.0237 0.7029 0.0662 0.0416 0.0531 0.0218 
        D154  5 0.0475 0.1582 0.3199 0.0582 0.0586 0.0958 0.2142 0.0477 
        D168  5 0.0555 0.0800 0.3707 0.0307 0.0841 0.1742 0.1045 0.1002 
        D189  5 0.0425 0.2681 0.0524 0.4049 0.0568 0.0869 0.0536 0.0348 
        D190  5 0.0510 0.0280 0.0265 0.7575 0.0260 0.0278 0.0351 0.0480 
     D237220  5 0.0341 0.5654 0.0286 0.1268 0.1151 0.0341 0.0669 0.0290 
     D237221  5 0.0313 0.1662 0.1327 0.3222 0.0536 0.0572 0.0654 0.1713 
     D237274  5 0.1462 0.0212 0.1320 0.0170 0.0326 0.0877 0.0276 0.5358 
     D237275  5 0.0164 0.0833 0.3495 0.0445 0.0277 0.3954 0.0549 0.0283 
     D237276  5 0.1000 0.0313 0.0782 0.3854 0.1653 0.0761 0.1124 0.0513 
     D237277  5 0.0661 0.1225 0.0595 0.5786 0.0224 0.0272 0.0393 0.0845 
     D237278  5 0.0992 0.0392 0.1726 0.1684 0.1425 0.1552 0.1598 0.0632 
     D237279  5 0.0656 0.0644 0.0502 0.0135 0.0593 0.0123 0.6919 0.0428 
     D237280  5 0.0808 0.0343 0.0195 0.0745 0.3042 0.0647 0.0646 0.3574 
     D237281  5 0.0304 0.2807 0.4190 0.0454 0.0455 0.0799 0.0438 0.0552 
     D237351  5 0.0209 0.0252 0.0251 0.0657 0.0626 0.0142 0.7507 0.0357 
     D237352  5 0.1267 0.0363 0.1236 0.0602 0.4521 0.0692 0.0323 0.0995 
     D237353  5 0.0373 0.0383 0.0170 0.7907 0.0132 0.0241 0.0219 0.0574 
     D237359  5 0.0387 0.5980 0.0388 0.0797 0.1147 0.0317 0.0354 0.0631 
     D237361  5 0.0185 0.0737 0.0231 0.7488 0.0205 0.0280 0.0511 0.0362 
     D237362  5 0.0429 0.0330 0.0868 0.1133 0.0778 0.0373 0.1477 0.4612 
     D237363  5 0.0239 0.0666 0.1651 0.0725 0.0503 0.1416 0.1459 0.3341 
     D237364  5 0.1109 0.0568 0.1542 0.0151 0.3285 0.0571 0.1953 0.0820 
     D237376  5 0.5398 0.0285 0.0206 0.1197 0.0194 0.1833 0.0755 0.0132 
     D237377  5 0.0466 0.0333 0.0301 0.1202 0.1523 0.0794 0.2609 0.2771 
     D237378  5 0.0852 0.0489 0.0276 0.3977 0.1007 0.2898 0.0331 0.0170 
     D237379  5 0.2917 0.0549 0.0425 0.2294 0.0664 0.1605 0.0908 0.0638 
     D237380  5 0.3423 0.0196 0.0123 0.0957 0.0557 0.1616 0.2208 0.0920 
     D237381  5 0.0475 0.0454 0.0423 0.1064 0.3450 0.2549 0.0620 0.0965 
     D237391  5 0.0218 0.1162 0.0210 0.7327 0.0200 0.0161 0.0377 0.0345 
     D237392  5 0.1592 0.0250 0.3087 0.0275 0.0243 0.1045 0.0931 0.2577 
     D237393  5 0.0699 0.0507 0.0531 0.2349 0.1799 0.1602 0.0423 0.2090 
     D237394  5 0.0267 0.0229 0.0156 0.8437 0.0147 0.0106 0.0187 0.0471 
     D237395  5 0.0372 0.1186 0.0485 0.4811 0.0880 0.0757 0.1064 0.0444 
     D237396  5 0.0794 0.1069 0.1449 0.1964 0.1508 0.0304 0.0559 0.2352 
     D244016  5 0.3344 0.0851 0.1350 0.2145 0.0315 0.0399 0.0932 0.0665 
     D244018  5 0.0178 0.1164 0.3722 0.2184 0.1712 0.0332 0.0357 0.0351 
     D244019  5 0.0307 0.0526 0.1014 0.0475 0.0309 0.0969 0.0294 0.6107 
        D279  5 0.0580 0.2972 0.2805 0.0754 0.1492 0.0239 0.0704 0.0453 
        D280  5 0.0444 0.5086 0.0218 0.0822 0.1033 0.1349 0.0361 0.0688 
        D281  5 0.0239 0.6474 0.1748 0.0442 0.0212 0.0452 0.0263 0.0170 
        D283  5 0.0356 0.2891 0.0405 0.2973 0.0755 0.0662 0.0322 0.1635 
        D284  5 0.0531 0.1039 0.0880 0.0244 0.1054 0.0380 0.5097 0.0776 
        D285  5 0.0442 0.5702 0.0282 0.1968 0.0446 0.0298 0.0398 0.0465 
        D286  5 0.1774 0.0928 0.0323 0.2433 0.1853 0.1153 0.0496 0.1039 
        D287  5 0.3855 0.0507 0.0148 0.0848 0.0311 0.2840 0.1267 0.0226 
        D288  5 0.0296 0.3694 0.0219 0.0405 0.0453 0.0682 0.0221 0.4028 
        D308  5 0.0348 0.0187 0.0250 0.0347 0.0158 0.0237 0.7287 0.1186 
        D309  5 0.8693 0.0180 0.0158 0.0188 0.0347 0.0153 0.0105 0.0176 
        D310  5 0.0135 0.0746 0.0138 0.7453 0.0308 0.0773 0.0222 0.0225 
        D311  5 0.0683 0.0376 0.1047 0.1134 0.0734 0.1140 0.0491 0.4394 
        D312  5 0.2302 0.0744 0.0643 0.1026 0.2475 0.1367 0.0777 0.0667 
        D313  5 0.0095 0.0095 0.0095 0.0605 0.2681 0.0192 0.6010 0.0227 
        D314  5 0.1758 0.0649 0.1050 0.1574 0.2707 0.0516 0.1349 0.0396 
        D315  5 0.1000 0.0390 0.0225 0.1612 0.0651 0.3864 0.0683 0.1576 
        D317  5 0.0138 0.0239 0.0150 0.7987 0.0436 0.0540 0.0182 0.0328 
        D318  5 0.2237 0.0903 0.1481 0.0460 0.0664 0.1419 0.1208 0.1628 
        D319  5 0.0151 0.0233 0.0240 0.8644 0.0206 0.0135 0.0244 0.0147 
        D320  5 0.0661 0.1332 0.0175 0.6501 0.0304 0.0331 0.0336 0.0361 
        D321  5 0.0178 0.1525 0.0165 0.0601 0.0263 0.0159 0.5817 0.1292 
        D336  5 0.0501 0.0284 0.0173 0.5483 0.0336 0.2755 0.0268 0.0199 
        D337  5 0.0264 0.0438 0.0236 0.8136 0.0175 0.0335 0.0184 0.0233 
        D338  5 0.0496 0.1150 0.0725 0.1302 0.2227 0.0392 0.2203 0.1506 
        D339  5 0.0128 0.0308 0.0264 0.7499 0.0270 0.0791 0.0376 0.0364 
        D347  5 0.0147 0.0255 0.0247 0.0235 0.0351 0.7609 0.0114 0.1041 
        D348  5 0.0438 0.0205 0.0203 0.7107 0.0302 0.1277 0.0100 0.0368 
        D349  5 0.0311 0.0378 0.0253 0.0547 0.0296 0.0219 0.7579 0.0416 
        D350  5 0.8776 0.0148 0.0181 0.0168 0.0199 0.0188 0.0227 0.0113 
        D355  5 0.0424 0.2636 0.4982 0.0249 0.0368 0.0447 0.0388 0.0505 
        D356  5 0.0800 0.1677 0.0218 0.2329 0.1332 0.0874 0.0685 0.2085 
        D357  5 0.0855 0.1113 0.0297 0.0473 0.0509 0.5306 0.0571 0.0876 
        D358  5 0.2856 0.0675 0.0314 0.3395 0.0712 0.0984 0.0730 0.0335 
        D359  5 0.0358 0.0405 0.0264 0.4783 0.0386 0.0373 0.0370 0.3061 
        D360  5 0.0419 0.1919 0.0220 0.3736 0.0958 0.0667 0.0771 0.1310 
        D361  5 0.0112 0.0130 0.0187 0.0183 0.0174 0.0287 0.8739 0.0188 
        D366  5 0.0183 0.0210 0.6932 0.0323 0.0282 0.0246 0.0358 0.1466 
        D367  5 0.0655 0.0745 0.0214 0.4953 0.0926 0.1031 0.1150 0.0326 
        D368  5 0.0289 0.0289 0.0211 0.0898 0.0239 0.0210 0.6510 0.1355 
        D380  5 0.7509 0.0327 0.0476 0.0291 0.0420 0.0154 0.0283 0.0540 
        D381  5 0.0382 0.0651 0.0424 0.6210 0.0626 0.0449 0.0216 0.1041 
        D400  5 0.0431 0.0990 0.0637 0.2347 0.1420 0.3145 0.0311 0.0719 
        D411  5 0.0235 0.0120 0.0307 0.0110 0.2532 0.0919 0.5582 0.0196 
        D412  5 0.0163 0.0327 0.0267 0.1399 0.0880 0.6292 0.0165 0.0507 
        D413  5 0.0732 0.0250 0.6358 0.0298 0.0369 0.0479 0.0952 0.0561 
        D414  5 0.7904 0.0250 0.0625 0.0208 0.0225 0.0371 0.0225 0.0191 
        D420  5 0.0202 0.7138 0.0167 0.0329 0.0671 0.0446 0.0570 0.0477 
        D431  5 0.4575 0.0873 0.0139 0.0244 0.0256 0.1301 0.2406 0.0205 
        D432  5 0.1021 0.1451 0.0252 0.3161 0.1227 0.2141 0.0353 0.0393 
        D433  5 0.0292 0.0924 0.0413 0.5552 0.0440 0.0802 0.0681 0.0897 
        D434  5 0.0347 0.1742 0.0331 0.5136 0.0587 0.0762 0.0429 0.0667 
        D440  5 0.8178 0.0189 0.0203 0.0282 0.0510 0.0210 0.0257 0.0171 
        D447  5 0.1213 0.0480 0.1441 0.0238 0.0786 0.4057 0.0785 0.1000 
        D448  5 0.0273 0.0228 0.0156 0.2501 0.0492 0.5807 0.0207 0.0338 
        D459  5 0.0216 0.1044 0.7510 0.0219 0.0296 0.0243 0.0185 0.0287 
        D460  5 0.0260 0.0199 0.0230 0.0433 0.0179 0.0161 0.7944 0.0594 
        D461  5 0.8546 0.0163 0.0217 0.0132 0.0370 0.0137 0.0126 0.0308 
        D468  5 0.0449 0.0175 0.0566 0.0591 0.0288 0.0377 0.6609 0.0945 
        D469  5 0.1067 0.0684 0.0484 0.0655 0.1619 0.0495 0.2552 0.2442 
        D470  5 0.0851 0.0230 0.0414 0.0907 0.3591 0.2781 0.0465 0.0761 
        D471  5 0.0826 0.0616 0.0632 0.5568 0.0313 0.1062 0.0322 0.0661 
        D472  5 0.0204 0.0848 0.2079 0.0279 0.0180 0.0209 0.0132 0.6070 
        D479  5 0.0596 0.0110 0.2227 0.0281 0.0271 0.6103 0.0144 0.0268 
        D485  5 0.4632 0.0400 0.0291 0.0323 0.0578 0.2882 0.0580 0.0314 
        D486  5 0.0535 0.0310 0.0614 0.0437 0.0656 0.1020 0.5821 0.0606 
        D487  5 0.0709 0.2301 0.0397 0.3175 0.1404 0.1432 0.0257 0.0323 
        D555  5 0.0151 0.0385 0.0302 0.8326 0.0162 0.0386 0.0131 0.0157 
        D556  5 0.4407 0.2122 0.0246 0.0583 0.0724 0.0342 0.1011 0.0564 
        D557  5 0.0359 0.0194 0.0511 0.7126 0.0343 0.0810 0.0283 0.0374 
        D564  5 0.3535 0.0199 0.0224 0.1651 0.0406 0.1452 0.1249 0.1284 
        D594  5 0.0501 0.0401 0.0638 0.0823 0.1490 0.4219 0.0274 0.1654 
        D595  5 0.0873 0.0564 0.0615 0.2955 0.0751 0.1077 0.1749 0.1417 
        D596  5 0.0191 0.0286 0.0193 0.8176 0.0162 0.0564 0.0148 0.0279 
        D597  5 0.0462 0.2876 0.2983 0.2444 0.0285 0.0409 0.0159 0.0382 
        D598  5 0.2046 0.1123 0.0327 0.2980 0.1073 0.1346 0.0543 0.0563 
        D617  5 0.0209 0.0213 0.1137 0.0149 0.1510 0.5137 0.1266 0.0380 
        D618  5 0.0438 0.1106 0.0463 0.5602 0.0353 0.0317 0.0357 0.1363 
        D619  5 0.0741 0.0464 0.0387 0.1369 0.0303 0.2840 0.1330 0.2566 
        D620  5 0.0200 0.0609 0.7411 0.0421 0.0328 0.0318 0.0180 0.0534 
        D628  5 0.8117 0.0193 0.0138 0.0261 0.0289 0.0603 0.0268 0.0132 
        D714  5 0.4197 0.2167 0.0371 0.1079 0.0494 0.0724 0.0736 0.0233 
        D715  5 0.0471 0.0855 0.0513 0.5474 0.0224 0.0260 0.0350 0.1852 
        D716  5 0.0650 0.1019 0.0427 0.0374 0.0571 0.5628 0.0189 0.1142 
        D717  5 0.1433 0.2363 0.0527 0.2663 0.0588 0.0359 0.0416 0.1649 
        D718  5 0.0931 0.0573 0.0363 0.0863 0.0665 0.3430 0.3081 0.0096 
        D769  5 0.0221 0.0194 0.0415 0.0219 0.4017 0.4465 0.0256 0.0214 
        D770  5 0.6381 0.0330 0.1119 0.0289 0.0289 0.0457 0.0874 0.0261 
        D771  5 0.1972 0.1631 0.0527 0.0552 0.0766 0.3181 0.0503 0.0868 
        D772  5 0.6227 0.0507 0.0276 0.0986 0.0761 0.0229 0.0452 0.0562 
        D782  5 0.0311 0.3921 0.0577 0.0471 0.0407 0.0323 0.3586 0.0404 
        D783  5 0.3812 0.0877 0.2300 0.1168 0.0401 0.0706 0.0367 0.0368 
        D784  5 0.1738 0.2765 0.0647 0.0628 0.0595 0.0244 0.0274 0.3108 
        D785  5 0.1598 0.0304 0.0291 0.5647 0.0259 0.0250 0.0835 0.0815 
        D786  5 0.1036 0.0266 0.1337 0.0226 0.3143 0.1305 0.0635 0.2052 
        D821  5 0.0279 0.0349 0.0126 0.8632 0.0107 0.0130 0.0173 0.0204 
        D822  5 0.0570 0.0888 0.1457 0.0957 0.0428 0.1526 0.0490 0.3684 
        D826  5 0.0643 0.1283 0.1821 0.3020 0.1275 0.0426 0.0844 0.0687 
        D827  5 0.0730 0.0447 0.3657 0.0355 0.0486 0.0592 0.0466 0.3267 
        D851  5 0.1320 0.0555 0.0381 0.1466 0.1556 0.0939 0.0887 0.2897 
        D852  5 0.2705 0.2440 0.0384 0.2153 0.1001 0.0772 0.0297 0.0248 
        D853  5 0.0400 0.3329 0.0364 0.3121 0.0546 0.0789 0.0616 0.0834 
        D854  5 0.0647 0.0828 0.0916 0.0189 0.0388 0.1602 0.2658 0.2773 
        D861  5 0.0314 0.0522 0.1329 0.1649 0.0510 0.1862 0.3241 0.0573 
        D862  5 0.0911 0.0528 0.0845 0.2623 0.0915 0.0714 0.0563 0.2901 
        D865  5 0.0787 0.0893 0.0362 0.4237 0.0534 0.1971 0.0829 0.0387 
        D868  5 0.0517 0.1682 0.1054 0.2032 0.1303 0.0577 0.0508 0.2327 
        D869  5 0.0254 0.0212 0.0502 0.0222 0.4423 0.0673 0.3253 0.0461 
        D870  5 0.0363 0.0423 0.3173 0.0152 0.2130 0.0387 0.1701 0.1671 
        D907  5 0.0250 0.0311 0.0151 0.5970 0.0728 0.1987 0.0317 0.0286 
        D908  5 0.1827 0.2534 0.0483 0.1688 0.0526 0.2031 0.0545 0.0366 
        D910  5 0.0368 0.0894 0.2083 0.2952 0.0422 0.1674 0.0487 0.1120 
        D911  5 0.0208 0.4467 0.4276 0.0325 0.0146 0.0152 0.0170 0.0256 
        D934  5 0.4122 0.0868 0.0498 0.0369 0.0492 0.1203 0.0691 0.1758 
        D946  5 0.5009 0.0508 0.0211 0.0331 0.0494 0.1390 0.1434 0.0624 
        D947  5 0.2176 0.2986 0.0432 0.0231 0.1819 0.0775 0.0856 0.0724 
        D948  5 0.0217 0.0545 0.0218 0.1735 0.0522 0.0248 0.5827 0.0687 
        D949  5 0.0234 0.0247 0.0129 0.0521 0.0700 0.0189 0.7564 0.0417 
        D950  5 0.0329 0.4460 0.3666 0.0300 0.0264 0.0226 0.0240 0.0514 
        D951  5 0.0720 0.0173 0.0815 0.0293 0.0749 0.3708 0.0500 0.3041 
        D952  5 0.0225 0.0622 0.0378 0.0707 0.0731 0.0424 0.0176 0.6738 
        D953  5 0.0499 0.1226 0.0216 0.5466 0.0318 0.0558 0.0459 0.1259 
        D954  5 0.0220 0.0244 0.0212 0.0943 0.0123 0.0268 0.0482 0.7508 
        D961  5 0.6267 0.0284 0.0187 0.0346 0.0205 0.1680 0.0788 0.0243 
        D962  5 0.4965 0.0179 0.0134 0.2365 0.0452 0.0999 0.0470 0.0436 
        D963  5 0.2141 0.0877 0.0652 0.3827 0.0359 0.0518 0.0283 0.1344 
        D964  5 0.2260 0.1365 0.0414 0.0286 0.0642 0.0869 0.3504 0.0661 
        D965  5 0.4373 0.0558 0.0573 0.0450 0.1077 0.1863 0.0402 0.0703 
        D966  5 0.1943 0.1084 0.0432 0.0885 0.1830 0.1230 0.0227 0.2369 
        D967  5 0.0303 0.3405 0.0955 0.1871 0.0325 0.1803 0.0510 0.0827 
        D991  5 0.3618 0.0402 0.0276 0.1121 0.2629 0.1055 0.0532 0.0368 
        D132  8 0.0417 0.0227 0.0268 0.0374 0.6491 0.0186 0.1853 0.0183 
        D133  8 0.0242 0.0402 0.6398 0.0214 0.0644 0.1731 0.0171 0.0197 
        D200  8 0.0341 0.1593 0.0143 0.0138 0.0286 0.6867 0.0491 0.0142 
        D500  8 0.0274 0.0217 0.0124 0.0217 0.6959 0.0250 0.1739 0.0220 
        D614  8 0.1004 0.1707 0.0380 0.3623 0.1023 0.0855 0.0958 0.0450 
        D723  8 0.0219 0.0240 0.3405 0.0255 0.0814 0.0420 0.4069 0.0578 
        D888  8 0.0257 0.8281 0.0229 0.0140 0.0276 0.0270 0.0267 0.0280 
        D901  8 0.0268 0.0302 0.0331 0.0246 0.0220 0.0333 0.8174 0.0127 
        D902  8 0.1413 0.0429 0.0346 0.5033 0.0395 0.0430 0.1798 0.0156 
        D903  8 0.0578 0.0268 0.0789 0.0511 0.1327 0.0218 0.0264 0.6046 
        D904  8 0.3488 0.0632 0.0379 0.0400 0.1863 0.0796 0.0433 0.2009 
        D905  8 0.0263 0.7933 0.0131 0.0719 0.0288 0.0367 0.0172 0.0126 
        D906  8 0.0948 0.1815 0.2145 0.0313 0.1680 0.1490 0.0286 0.1323 
        D937  8 0.0229 0.0297 0.0197 0.7876 0.0161 0.0236 0.0898 0.0105 
        D943  8 0.0716 0.5201 0.0599 0.0324 0.1450 0.0684 0.0569 0.0458 
        D972  8 0.0192 0.0210 0.2380 0.0237 0.0567 0.0903 0.5235 0.0275 
        D973  8 0.0365 0.0197 0.1150 0.0318 0.0790 0.0612 0.5377 0.1190 
        D974  8 0.0413 0.1095 0.1880 0.0816 0.0916 0.2241 0.1753 0.0887 
        D975  8 0.0474 0.1546 0.0574 0.0955 0.0610 0.5153 0.0470 0.0218 
        D976  8 0.1179 0.2732 0.0467 0.0859 0.0713 0.1947 0.1709 0.0394 
        D142 10 0.1722 0.0743 0.0995 0.0425 0.0476 0.3958 0.0483 0.1198 
        D143 10 0.0429 0.0198 0.6104 0.0700 0.0365 0.1521 0.0469 0.0214 
        D144 10 0.3689 0.1192 0.0713 0.0922 0.1193 0.0665 0.0648 0.0979 
        D145 10 0.0678 0.7035 0.0367 0.0254 0.0977 0.0223 0.0269 0.0197 
        D146 10 0.1256 0.0176 0.0421 0.0311 0.1528 0.1084 0.4586 0.0638 
        D147 10 0.1512 0.0223 0.1156 0.0195 0.0316 0.1775 0.4402 0.0422 
        D148 10 0.1893 0.0271 0.2031 0.0524 0.0633 0.0369 0.2260 0.2019 
        D149 10 0.0446 0.2355 0.4005 0.0368 0.0639 0.1448 0.0222 0.0517 
        D151 10 0.0301 0.1514 0.2305 0.1106 0.0834 0.0375 0.2654 0.0912 
        D152 10 0.0360 0.1642 0.2456 0.0121 0.0137 0.4445 0.0520 0.0319 
        D153 10 0.1740 0.0481 0.0389 0.0593 0.2948 0.0926 0.2103 0.0819 
        D156 10 0.8133 0.0166 0.0237 0.0177 0.0392 0.0431 0.0163 0.0302 
        D157 10 0.0535 0.0375 0.0160 0.2234 0.1769 0.3181 0.1125 0.0619 
        D158 10 0.0563 0.1018 0.0196 0.0579 0.0358 0.1878 0.5184 0.0222 
        D159 10 0.0158 0.0257 0.7919 0.0279 0.0552 0.0251 0.0188 0.0395 
        D160 10 0.0122 0.7507 0.0115 0.1706 0.0112 0.0135 0.0202 0.0101 
        D161 10 0.1479 0.0590 0.1426 0.0620 0.0716 0.0375 0.0598 0.4196 
        D162 10 0.8616 0.0223 0.0165 0.0181 0.0180 0.0183 0.0145 0.0307 
        D169 10 0.0152 0.2321 0.0326 0.0314 0.4976 0.0325 0.1095 0.0490 
        D170 10 0.1145 0.0187 0.0150 0.0324 0.6694 0.0541 0.0325 0.0634 
        D171 10 0.8015 0.0119 0.0228 0.0240 0.0322 0.0237 0.0461 0.0378 
        D172 10 0.7061 0.0144 0.0550 0.0242 0.0650 0.0283 0.0767 0.0304 
        D173 10 0.0331 0.0497 0.7953 0.0140 0.0298 0.0220 0.0332 0.0228 
        D181 10 0.5423 0.0331 0.0449 0.1308 0.0235 0.0539 0.0556 0.1159 
        D182 10 0.1012 0.1615 0.2960 0.0520 0.0851 0.1603 0.0741 0.0698 
        D183 10 0.0193 0.0749 0.0128 0.7078 0.0834 0.0257 0.0312 0.0449 
        D184 10 0.0280 0.0135 0.0144 0.0101 0.8244 0.0181 0.0397 0.0517 
        D185 10 0.2364 0.0325 0.0509 0.0245 0.0543 0.0314 0.1008 0.4691 
        D186 10 0.0158 0.0378 0.0675 0.0232 0.5316 0.0318 0.2766 0.0156 
        D194 10 0.0579 0.0425 0.1465 0.0511 0.0902 0.2786 0.1639 0.1694 
        D195 10 0.2044 0.1886 0.0869 0.1081 0.1622 0.1362 0.0467 0.0669 
        D196 10 0.0963 0.0970 0.3908 0.0903 0.1177 0.0692 0.0210 0.1176 
        D197 10 0.0284 0.0366 0.1245 0.0777 0.6300 0.0296 0.0526 0.0205 
        D198 10 0.0313 0.0653 0.0197 0.0509 0.0828 0.0180 0.1218 0.6101 
     D237226 10 0.0307 0.5585 0.0719 0.0210 0.0195 0.0193 0.1844 0.0946 
     D237232 10 0.0252 0.5126 0.0701 0.1001 0.0479 0.0926 0.1138 0.0375 
     D237233 10 0.2857 0.1501 0.0872 0.0604 0.0609 0.2557 0.0792 0.0209 
     D237234 10 0.5957 0.0695 0.0277 0.0911 0.0520 0.0772 0.0495 0.0372 
     D237354 10 0.0149 0.8527 0.0346 0.0197 0.0180 0.0259 0.0150 0.0193 
     D237355 10 0.0192 0.8812 0.0193 0.0273 0.0121 0.0095 0.0151 0.0163 
     D237356 10 0.0196 0.0282 0.0267 0.1810 0.2109 0.0115 0.0265 0.4955 
     D237357 10 0.0760 0.0568 0.3212 0.0418 0.1763 0.1072 0.1783 0.0426 
     D237358 10 0.0815 0.0387 0.0568 0.0494 0.6542 0.0681 0.0099 0.0414 
     D237369 10 0.0336 0.0138 0.1714 0.0149 0.0372 0.0278 0.6834 0.0179 
     D237370 10 0.0814 0.0752 0.1594 0.3287 0.0764 0.0948 0.0989 0.0851 
     D237371 10 0.0226 0.0277 0.0224 0.0174 0.1014 0.0396 0.0575 0.7114 
     D237372 10 0.0264 0.0965 0.2331 0.0304 0.4766 0.0732 0.0186 0.0452 
     D237373 10 0.1438 0.1694 0.0353 0.0723 0.0396 0.2040 0.2816 0.0538 
     D237374 10 0.0693 0.7212 0.0188 0.0725 0.0184 0.0361 0.0311 0.0325 
     D237375 10 0.1161 0.0998 0.3074 0.0487 0.0844 0.1114 0.1243 0.1080 
     D237400 10 0.0730 0.0492 0.3098 0.0277 0.0768 0.4211 0.0292 0.0132 
     D244002 10 0.1265 0.0308 0.1550 0.0185 0.4045 0.1213 0.0858 0.0576 
     D244003 10 0.0396 0.3551 0.0240 0.3905 0.0408 0.0966 0.0423 0.0110 
     D244004 10 0.0134 0.0591 0.0091 0.8366 0.0142 0.0125 0.0445 0.0106 
     D244005 10 0.0139 0.7548 0.0227 0.0272 0.1237 0.0201 0.0158 0.0218 
     D244020 10 0.1785 0.0746 0.0468 0.0813 0.0476 0.0484 0.1443 0.3785 
     D244021 10 0.0495 0.0197 0.2967 0.0440 0.0558 0.0194 0.4922 0.0227 
     D244116 10 0.5525 0.0274 0.0385 0.0185 0.2018 0.0866 0.0541 0.0206 
     D244117 10 0.0578 0.1782 0.0428 0.6008 0.0331 0.0314 0.0216 0.0343 
     D244121 10 0.0624 0.0438 0.0363 0.5569 0.0616 0.1366 0.0777 0.0247 
     D244123 10 0.0900 0.2123 0.0295 0.0673 0.0434 0.4692 0.0516 0.0366 
     D244124 10 0.0401 0.0349 0.0877 0.0849 0.3475 0.3146 0.0463 0.0440 
        D332 10 0.1077 0.0244 0.1491 0.0573 0.0764 0.0806 0.1445 0.3600 
        D570 10 0.3220 0.0322 0.0348 0.3607 0.0484 0.1148 0.0365 0.0506 
        D602 10 0.5923 0.0374 0.0975 0.0361 0.0808 0.0714 0.0452 0.0393 
        D603 10 0.0252 0.0427 0.0765 0.0797 0.0175 0.2617 0.4388 0.0578 
        D604 10 0.5456 0.1114 0.0852 0.0319 0.0795 0.0752 0.0179 0.0532 
        D605 10 0.0299 0.2600 0.0722 0.0280 0.0396 0.1331 0.0693 0.3680 
        D606 10 0.0210 0.0432 0.0210 0.2219 0.6102 0.0183 0.0243 0.0401 
        D607 10 0.0492 0.0204 0.0369 0.0212 0.0282 0.0237 0.0254 0.7950 
        D608 10 0.0298 0.0152 0.7480 0.0145 0.0161 0.0895 0.0134 0.0735 
        D609 10 0.1062 0.0609 0.0263 0.3987 0.1752 0.0272 0.1368 0.0687 
        D610 10 0.0334 0.5794 0.0181 0.1102 0.1337 0.0540 0.0222 0.0489 
        D611 10 0.0274 0.0261 0.0094 0.8458 0.0121 0.0348 0.0256 0.0187 
        D613 10 0.7590 0.0293 0.0235 0.0277 0.0312 0.0200 0.0260 0.0832 
        D633 10 0.4668 0.0292 0.0972 0.0161 0.0858 0.1135 0.0374 0.1541 
        D634 10 0.6373 0.0328 0.0389 0.0453 0.0562 0.0358 0.0700 0.0838 
        D638 10 0.0872 0.1029 0.2641 0.0434 0.1728 0.2753 0.0303 0.0239 
        D681 10 0.5849 0.0217 0.0283 0.0407 0.1246 0.0991 0.0594 0.0413 
        D754 10 0.0255 0.0263 0.0235 0.0497 0.0398 0.2537 0.5686 0.0129 
        D755 10 0.0354 0.0549 0.0848 0.6124 0.0181 0.1055 0.0766 0.0122 
        D756 10 0.1350 0.0807 0.0272 0.2432 0.0865 0.2230 0.1737 0.0307 
        D757 10 0.0297 0.3333 0.0808 0.1131 0.0875 0.1108 0.0293 0.2155 
        D758 10 0.2405 0.0689 0.0471 0.0940 0.1618 0.1844 0.0635 0.1397 
        D759 10 0.0983 0.2595 0.0441 0.4760 0.0375 0.0227 0.0351 0.0268 
        D760 10 0.1512 0.2726 0.1461 0.1043 0.1481 0.0713 0.0587 0.0478 
        D761 10 0.0168 0.8236 0.0282 0.0243 0.0295 0.0465 0.0178 0.0133 
        D762 10 0.2365 0.0251 0.0402 0.0225 0.0467 0.0317 0.0297 0.5676 
        D775 10 0.0239 0.1243 0.0199 0.7093 0.0188 0.0157 0.0650 0.0230 
        D776 10 0.0286 0.6466 0.0886 0.0363 0.0381 0.1076 0.0342 0.0201 
        D777 10 0.0321 0.4666 0.0316 0.3391 0.0203 0.0318 0.0345 0.0441 
        D778 10 0.0204 0.3993 0.0441 0.0362 0.0238 0.0656 0.3818 0.0287 
        D779 10 0.4397 0.0383 0.0283 0.0772 0.1265 0.1174 0.1542 0.0183 
        D780 10 0.5169 0.0649 0.0670 0.0395 0.1370 0.0955 0.0469 0.0324 
        D781 10 0.4479 0.0246 0.1325 0.0308 0.0736 0.2000 0.0608 0.0299 
        D858 10 0.0275 0.2218 0.0388 0.0243 0.0969 0.0253 0.5448 0.0206 
        D933 10 0.0342 0.4860 0.0627 0.0388 0.0730 0.0296 0.0316 0.2442 
        D038 11 0.1164 0.4740 0.0461 0.0374 0.0566 0.1079 0.0976 0.0640 
        D063 11 0.1113 0.0859 0.0237 0.0588 0.3781 0.2946 0.0168 0.0308 
        D155 11 0.0338 0.4383 0.0635 0.1578 0.0513 0.0658 0.0451 0.1444 
        D175 11 0.0558 0.0371 0.0333 0.1380 0.1586 0.2178 0.3290 0.0304 
        D176 11 0.0411 0.0390 0.1512 0.0996 0.0344 0.5020 0.1106 0.0221 
        D205 11 0.0305 0.0311 0.0239 0.6925 0.0839 0.0487 0.0641 0.0252 
     D237229 11 0.2544 0.3758 0.0460 0.0266 0.0778 0.1414 0.0482 0.0299 
     D237230 11 0.0288 0.0131 0.7215 0.0239 0.0224 0.0157 0.1154 0.0592 
     D237231 11 0.1048 0.0423 0.3085 0.0359 0.0750 0.0792 0.0248 0.3295 
     D237269 11 0.1212 0.1739 0.2436 0.0489 0.1450 0.0697 0.0749 0.1229 
     D237270 11 0.0346 0.0362 0.0565 0.0273 0.0397 0.0361 0.6817 0.0879 
     D237271 11 0.2494 0.0406 0.0336 0.1036 0.1029 0.3166 0.0726 0.0807 
     D237272 11 0.0234 0.0404 0.3334 0.0252 0.1146 0.0643 0.2663 0.1325 
     D237273 11 0.0508 0.0442 0.0173 0.0650 0.0392 0.7445 0.0216 0.0173 
     D237301 11 0.1407 0.0376 0.1995 0.0866 0.1175 0.1159 0.0509 0.2512 
     D237302 11 0.0862 0.0379 0.0388 0.0249 0.6934 0.0410 0.0410 0.0368 
     D237303 11 0.0664 0.0265 0.2095 0.0248 0.0744 0.0534 0.4632 0.0819 
     D237304 11 0.1557 0.0510 0.0923 0.1357 0.1317 0.1438 0.2004 0.0894 
     D237305 11 0.0975 0.2460 0.0200 0.3634 0.0653 0.0787 0.1069 0.0223 
     D237314 11 0.1890 0.1321 0.0312 0.2392 0.0689 0.1073 0.1305 0.1018 
     D237315 11 0.1350 0.1108 0.0256 0.0217 0.1975 0.0293 0.4239 0.0561 
     D237316 11 0.1541 0.0153 0.0299 0.0484 0.0984 0.0939 0.0174 0.5426 
     D237328 11 0.0593 0.0392 0.0901 0.0561 0.3589 0.0332 0.2462 0.1170 
     D237329 11 0.0247 0.4244 0.1125 0.0679 0.0958 0.0452 0.1219 0.1076 
     D237330 11 0.2904 0.0857 0.0427 0.3673 0.0321 0.1097 0.0523 0.0199 
     D237331 11 0.1193 0.1802 0.0223 0.1182 0.0933 0.2877 0.0353 0.1437 
     D237332 11 0.0791 0.1197 0.0454 0.0859 0.4051 0.1214 0.0235 0.1199 
     D237333 11 0.1476 0.3703 0.0551 0.1783 0.0612 0.1024 0.0191 0.0661 
     D237334 11 0.0550 0.0299 0.0539 0.0426 0.1042 0.0642 0.0380 0.6121 
     D237335 11 0.0875 0.0689 0.1073 0.2981 0.1082 0.1643 0.1021 0.0637 
     D237336 11 0.0431 0.6241 0.0248 0.0718 0.0718 0.0472 0.0328 0.0843 
     D237350 11 0.4328 0.0267 0.0383 0.1890 0.0671 0.2058 0.0139 0.0265 
     D237383 11 0.0480 0.2135 0.0191 0.0353 0.1351 0.4714 0.0385 0.0391 
     D237384 11 0.0492 0.1138 0.0189 0.0184 0.0328 0.0525 0.0464 0.6681 
     D237385 11 0.1529 0.1679 0.1781 0.1131 0.1355 0.1298 0.0571 0.0656 
     D237386 11 0.0250 0.0441 0.3632 0.1049 0.0609 0.0625 0.2059 0.1334 
     D237387 11 0.0875 0.0324 0.0373 0.0353 0.6033 0.0640 0.0221 0.1182 
     D237388 11 0.2536 0.0296 0.0359 0.2760 0.0513 0.1571 0.0556 0.1409 
        D239 11 0.1627 0.4054 0.0365 0.1019 0.0577 0.1380 0.0477 0.0501 
        D240 11 0.0267 0.8575 0.0204 0.0277 0.0223 0.0189 0.0126 0.0139 
        D241 11 0.0148 0.5728 0.0259 0.0125 0.0578 0.1439 0.0165 0.1558 
        D242 11 0.1356 0.2517 0.1165 0.0734 0.0986 0.1458 0.0755 0.1030 
        D243 11 0.0339 0.2982 0.0279 0.3383 0.0862 0.0608 0.0589 0.0956 
        D244 11 0.0210 0.1322 0.0159 0.6615 0.0367 0.0767 0.0235 0.0326 
        D245 11 0.1454 0.0405 0.0607 0.0162 0.5153 0.0260 0.1628 0.0331 
        D246 11 0.1494 0.0602 0.0530 0.1053 0.0642 0.2029 0.2709 0.0941 
        D247 11 0.5110 0.2317 0.0389 0.0540 0.0406 0.0664 0.0237 0.0338 
        D248 11 0.0250 0.0467 0.3552 0.0413 0.0679 0.0552 0.0342 0.3745 
        D249 11 0.1884 0.0413 0.0249 0.0511 0.0353 0.1314 0.4907 0.0370 
        D250 11 0.0624 0.0377 0.3187 0.1878 0.0255 0.1216 0.0567 0.1897 
        D251 11 0.3186 0.0623 0.0235 0.1092 0.0956 0.0612 0.2886 0.0409 
        D252 11 0.0635 0.0163 0.0270 0.0325 0.3523 0.0420 0.1772 0.2893 
        D253 11 0.0231 0.0541 0.0108 0.0494 0.0642 0.7564 0.0175 0.0245 
        D254 11 0.0121 0.0194 0.7753 0.0155 0.0303 0.0135 0.1049 0.0290 
        D255 11 0.1051 0.0291 0.0828 0.0438 0.0423 0.5051 0.0908 0.1010 
        D256 11 0.0592 0.3175 0.0360 0.0827 0.0805 0.0707 0.0587 0.2948 
        D257 11 0.0561 0.0774 0.0465 0.0934 0.0312 0.0765 0.5636 0.0553 
        D258 11 0.0591 0.0291 0.0167 0.0368 0.0373 0.0220 0.7034 0.0956 
        D259 11 0.1290 0.0488 0.0712 0.0258 0.3615 0.0894 0.1819 0.0926 
        D260 11 0.1454 0.0233 0.0233 0.0370 0.0771 0.6380 0.0334 0.0225 
        D261 11 0.5686 0.0715 0.0181 0.0172 0.0749 0.1255 0.0400 0.0841 
        D262 11 0.1318 0.0462 0.0778 0.0463 0.3844 0.0448 0.1662 0.1026 
        D263 11 0.3507 0.0326 0.0210 0.2908 0.1186 0.0639 0.0416 0.0808 
        D264 11 0.0590 0.0247 0.4110 0.0548 0.1611 0.1212 0.1241 0.0440 
        D265 11 0.0210 0.0867 0.6036 0.0795 0.0252 0.0323 0.1156 0.0360 
        D266 11 0.0827 0.1447 0.0944 0.1261 0.0269 0.2351 0.0373 0.2528 
        D267 11 0.2140 0.1258 0.0266 0.3014 0.0761 0.0697 0.0924 0.0941 
        D268 11 0.0942 0.1092 0.0492 0.5355 0.0377 0.0582 0.0502 0.0658 
        D269 11 0.0750 0.0278 0.0239 0.0756 0.2051 0.0390 0.0331 0.5205 
        D270 11 0.0565 0.0351 0.0772 0.0791 0.3003 0.0840 0.1335 0.2343 
        D271 11 0.0460 0.4811 0.0306 0.0437 0.0575 0.1131 0.1261 0.1020 
        D272 11 0.3308 0.2324 0.0525 0.0694 0.1127 0.0844 0.0188 0.0990 
        D273 11 0.0523 0.0303 0.0148 0.0107 0.1075 0.0167 0.7452 0.0224 
        D274 11 0.0499 0.1656 0.0493 0.2756 0.1000 0.1210 0.1338 0.1047 
        D275 11 0.0532 0.0888 0.0686 0.1494 0.0341 0.0599 0.0430 0.5031 
        D276 11 0.0661 0.0422 0.0247 0.4938 0.0912 0.0379 0.0166 0.2276 
        D277 11 0.1557 0.1281 0.1097 0.1960 0.1782 0.0373 0.0721 0.1228 
        D278 11 0.0612 0.0193 0.0250 0.0291 0.0262 0.7606 0.0604 0.0182 
        D282 11 0.0214 0.0251 0.0149 0.0973 0.6889 0.0436 0.0559 0.0529 
        D296 11 0.0535 0.2086 0.0424 0.1257 0.0368 0.0298 0.0215 0.4817 
        D297 11 0.0381 0.0856 0.0343 0.4204 0.2320 0.0516 0.0279 0.1101 
        D298 11 0.2110 0.2761 0.0759 0.0936 0.1188 0.1111 0.0328 0.0808 
        D299 11 0.4124 0.0226 0.0333 0.1587 0.0860 0.2402 0.0279 0.0189 
        D300 11 0.1657 0.3048 0.0761 0.0316 0.0727 0.2182 0.0241 0.1068 
        D382 11 0.0264 0.0286 0.0230 0.4869 0.0401 0.0300 0.0319 0.3332 
        D383 11 0.0414 0.0539 0.0141 0.7053 0.0392 0.0687 0.0585 0.0190 
        D387 11 0.2755 0.2183 0.0505 0.0584 0.0368 0.1146 0.2187 0.0272 
        D388 11 0.0275 0.0299 0.0151 0.0161 0.0239 0.0200 0.0178 0.8496 
        D389 11 0.4047 0.0357 0.0518 0.1077 0.0851 0.2507 0.0241 0.0401 
        D390 11 0.0606 0.0909 0.1907 0.0785 0.0631 0.0683 0.0338 0.4141 
        D396 11 0.1726 0.0878 0.3044 0.1062 0.1088 0.0385 0.0419 0.1399 
        D397 11 0.0251 0.0346 0.0209 0.0319 0.7995 0.0507 0.0198 0.0177 
        D398 11 0.0357 0.3992 0.0279 0.1399 0.0531 0.0999 0.0448 0.1994 
        D399 11 0.5924 0.0224 0.0548 0.0165 0.0577 0.0820 0.0615 0.1128 
        D437 11 0.2902 0.0529 0.0220 0.0248 0.4178 0.1388 0.0316 0.0218 
        D441 11 0.0865 0.2208 0.0650 0.3750 0.0338 0.0481 0.1164 0.0545 
        D442 11 0.1777 0.3020 0.0398 0.0401 0.1494 0.2140 0.0380 0.0389 
        D443 11 0.0268 0.6741 0.0232 0.1619 0.0239 0.0233 0.0218 0.0449 
        D444 11 0.3447 0.0498 0.0993 0.0992 0.0591 0.1164 0.0358 0.1955 
        D445 11 0.0618 0.0229 0.0378 0.0295 0.6283 0.0446 0.0359 0.1392 
        D446 11 0.0677 0.1953 0.1060 0.0216 0.0364 0.2417 0.0615 0.2698 
        D451 11 0.0635 0.1424 0.0837 0.0648 0.2136 0.0687 0.1442 0.2191 
        D452 11 0.4282 0.0839 0.0745 0.0413 0.0761 0.2131 0.0203 0.0626 
        D453 11 0.0151 0.0347 0.0631 0.0342 0.1123 0.0179 0.0146 0.7080 
        D454 11 0.0793 0.2152 0.0347 0.0140 0.0569 0.1657 0.3150 0.1193 
        D457 11 0.1064 0.0503 0.0304 0.1894 0.2397 0.0687 0.2800 0.0350 
        D458 11 0.0203 0.0662 0.0228 0.1685 0.0372 0.0560 0.0206 0.6084 
        D466 11 0.0184 0.0178 0.7644 0.0435 0.0351 0.0513 0.0317 0.0378 
        D467 11 0.3256 0.0236 0.0223 0.0495 0.0181 0.4741 0.0460 0.0407 
        D475 11 0.0939 0.0225 0.0161 0.0405 0.6020 0.0277 0.1496 0.0476 
        D488 11 0.0837 0.1905 0.2883 0.0348 0.0685 0.0643 0.0747 0.1952 
        D489 11 0.0375 0.0537 0.4928 0.1087 0.0902 0.0451 0.1103 0.0617 
        D493 11 0.0602 0.0796 0.2957 0.1146 0.1251 0.0617 0.1388 0.1243 
        D494 11 0.0602 0.0486 0.3513 0.0960 0.0993 0.0491 0.0762 0.2193 
        D495 11 0.0335 0.0799 0.0719 0.0177 0.6061 0.0636 0.0801 0.0471 
        D496 11 0.0247 0.7341 0.0569 0.0584 0.0229 0.0611 0.0125 0.0293 
        D674 11 0.0698 0.5624 0.0632 0.0713 0.0395 0.1178 0.0223 0.0536 
        D675 11 0.0271 0.8296 0.0489 0.0318 0.0176 0.0159 0.0111 0.0180 
        D676 11 0.1498 0.0258 0.0405 0.1795 0.2822 0.1034 0.1932 0.0255 
        D680 11 0.0363 0.7043 0.0112 0.0706 0.0631 0.0525 0.0230 0.0390 
        D701 11 0.0553 0.1787 0.1336 0.0328 0.3491 0.1072 0.0743 0.0690 
        D702 11 0.0664 0.0641 0.0801 0.0195 0.3270 0.1256 0.0880 0.2295 
        D703 11 0.0217 0.3501 0.1300 0.0739 0.0870 0.1516 0.0488 0.1368 
        D704 11 0.0570 0.0447 0.0388 0.0522 0.0840 0.5602 0.1087 0.0545 
        D705 11 0.0225 0.0131 0.4940 0.0240 0.2896 0.0282 0.1080 0.0205 
        D706 11 0.0867 0.1422 0.0417 0.0286 0.2076 0.4445 0.0286 0.0200 
        D707 11 0.0894 0.1041 0.0650 0.0598 0.4714 0.0588 0.0459 0.1056 
        D751 11 0.0397 0.0306 0.0176 0.0381 0.1306 0.0669 0.0311 0.6454 
        D752 11 0.2384 0.1953 0.0384 0.1054 0.2016 0.1264 0.0454 0.0490 
        D753 11 0.0251 0.0396 0.6635 0.0521 0.1010 0.0258 0.0748 0.0182 
        D773 11 0.0125 0.0151 0.0222 0.0110 0.0291 0.0171 0.8707 0.0223 
        D774 11 0.0699 0.3747 0.1179 0.0233 0.0758 0.1882 0.0317 0.1185 
        D801 11 0.0527 0.1466 0.2029 0.2721 0.0615 0.1348 0.0479 0.0817 
        D802 11 0.0437 0.0695 0.1776 0.0290 0.0977 0.0641 0.1361 0.3822 
        D803 11 0.0199 0.6987 0.0144 0.0226 0.0470 0.1182 0.0256 0.0535 
        D804 11 0.0911 0.0566 0.0451 0.0433 0.5240 0.0484 0.0766 0.1149 
        D805 11 0.0936 0.1097 0.0237 0.0687 0.0588 0.0461 0.0944 0.5050 
        D806 11 0.0698 0.0222 0.0262 0.0192 0.1137 0.0183 0.7027 0.0280 
        D809 11 0.1770 0.0347 0.0350 0.2804 0.1440 0.2385 0.0434 0.0470 
        D810 11 0.1841 0.1687 0.0412 0.2553 0.0566 0.1776 0.0253 0.0912 
        D812 11 0.1791 0.0597 0.0890 0.0688 0.1176 0.1121 0.2651 0.1086 
        D813 11 0.1522 0.4737 0.0406 0.0227 0.1715 0.0513 0.0247 0.0633 
        D823 11 0.2651 0.0464 0.0283 0.0532 0.1257 0.3062 0.0346 0.1404 
        D824 11 0.0969 0.0183 0.0462 0.1888 0.0340 0.5648 0.0297 0.0213 
        D829 11 0.5335 0.1042 0.0729 0.0438 0.0789 0.0784 0.0154 0.0729 
        D830 11 0.1654 0.0302 0.1082 0.1624 0.2121 0.0819 0.1505 0.0894 
        D831 11 0.1478 0.1009 0.0642 0.0342 0.4164 0.1342 0.0711 0.0312 
        D832 11 0.0336 0.0277 0.1278 0.3021 0.2044 0.2374 0.0446 0.0225 
        D833 11 0.0374 0.0785 0.0242 0.2267 0.0421 0.0543 0.0178 0.5190 
        D834 11 0.0369 0.0483 0.0381 0.1747 0.0333 0.0391 0.0402 0.5894 
        D835 11 0.0935 0.0674 0.0210 0.0257 0.1939 0.0876 0.4512 0.0596 
        D855 11 0.1605 0.1229 0.1169 0.1630 0.1156 0.0646 0.1404 0.1162 
        D863 11 0.0261 0.8459 0.0163 0.0180 0.0276 0.0370 0.0093 0.0198 
        D864 11 0.0805 0.0396 0.0162 0.0888 0.0499 0.6558 0.0329 0.0363 
        D878 11 0.1344 0.1505 0.0605 0.3072 0.0757 0.0971 0.0782 0.0965 
        D879 11 0.1580 0.0398 0.0374 0.0492 0.3370 0.0566 0.2527 0.0693 
        D880 11 0.0394 0.1596 0.4867 0.0932 0.0337 0.0482 0.0167 0.1224 
        D881 11 0.0147 0.0906 0.0161 0.7661 0.0228 0.0230 0.0253 0.0413 
        D882 11 0.0448 0.1851 0.3682 0.0595 0.0743 0.1326 0.0378 0.0976 
        D909 11 0.0833 0.2487 0.1665 0.1316 0.1309 0.0565 0.0599 0.1226 
        D921 11 0.3500 0.0447 0.0209 0.0828 0.1883 0.1609 0.0257 0.1268 
        D924 11 0.0930 0.5015 0.0780 0.0614 0.1281 0.0660 0.0204 0.0517 
        D935 11 0.0456 0.0544 0.0580 0.0416 0.0457 0.0641 0.0407 0.6500 
        D940 11 0.0139 0.8866 0.0138 0.0217 0.0241 0.0146 0.0108 0.0144 
        D941 11 0.0271 0.2578 0.0279 0.0624 0.0352 0.0223 0.0216 0.5457 
        D942 11 0.0986 0.0358 0.0317 0.0313 0.0527 0.0623 0.6607 0.0270 
        D980 11 0.1943 0.2252 0.0395 0.0369 0.0404 0.0992 0.0648 0.2997 
        D981 11 0.1016 0.0448 0.0190 0.0267 0.5537 0.0743 0.0326 0.1473 
        D982 11 0.1648 0.0228 0.4138 0.0683 0.0544 0.1890 0.0225 0.0645 
        D983 11 0.0439 0.0565 0.0436 0.6022 0.1125 0.0345 0.0183 0.0886 
        D984 11 0.1227 0.0411 0.1597 0.1468 0.0463 0.2644 0.0278 0.1910 
        D992 11 0.2141 0.0327 0.1766 0.0488 0.2807 0.0863 0.1295 0.0313 
        D993 11 0.0361 0.0541 0.1072 0.2689 0.1123 0.0807 0.0810 0.2597 
        D994 11 0.1059 0.2106 0.0536 0.0885 0.2162 0.2077 0.0774 0.0401 
        D995 11 0.0222 0.0164 0.0252 0.0363 0.0255 0.0185 0.8205 0.0354 
        H354 11 0.0820 0.0247 0.0438 0.0279 0.0340 0.0505 0.6069 0.1301 
