        D023  2 0.0166 0.0114 0.9013 0.0128 0.0121 0.0094 0.0095 0.0086 0.0089 0.0094 
        D130  2 0.4901 0.0884 0.0892 0.0662 0.0202 0.0661 0.0207 0.0222 0.0175 0.1193 
        D131  2 0.0464 0.2850 0.0612 0.0511 0.0354 0.2331 0.0733 0.0228 0.1407 0.0509 
        D163  2 0.1687 0.0313 0.3323 0.0142 0.0241 0.0229 0.0673 0.0199 0.0296 0.2897 
        D164  2 0.0134 0.0205 0.0294 0.5277 0.0248 0.3283 0.0110 0.0174 0.0132 0.0143 
        D165  2 0.0396 0.0115 0.8437 0.0181 0.0177 0.0157 0.0119 0.0096 0.0165 0.0156 
        D166  2 0.0655 0.0415 0.0463 0.0412 0.1454 0.1493 0.0238 0.1628 0.0776 0.2465 
        D167  2 0.0111 0.0163 0.0207 0.7565 0.0180 0.0153 0.0279 0.1060 0.0164 0.0119 
        D192  2 0.0112 0.0100 0.0167 0.8718 0.0173 0.0111 0.0157 0.0215 0.0136 0.0112 
        D193  2 0.0585 0.0364 0.0180 0.0168 0.0274 0.0220 0.0220 0.6873 0.0328 0.0788 
        D206  2 0.0359 0.5260 0.0346 0.2296 0.0203 0.0259 0.0154 0.0336 0.0197 0.0590 
        D207  2 0.0211 0.0382 0.1638 0.4160 0.0213 0.0371 0.0516 0.0487 0.1155 0.0866 
        D208  2 0.1256 0.0449 0.1386 0.0473 0.0528 0.0236 0.2365 0.0831 0.2014 0.0462 
        D209  2 0.0401 0.0288 0.0880 0.6587 0.0502 0.0305 0.0232 0.0359 0.0203 0.0242 
        D210  2 0.0280 0.0215 0.0555 0.0834 0.0470 0.0282 0.4007 0.0796 0.1862 0.0701 
     D229599  2 0.0441 0.1070 0.4981 0.0274 0.0739 0.0263 0.0505 0.0664 0.0679 0.0385 
     D229600  2 0.1280 0.0391 0.0836 0.4585 0.0335 0.0414 0.0299 0.0494 0.0495 0.0872 
     D237227  2 0.0694 0.0366 0.0739 0.0373 0.0213 0.3086 0.3344 0.0606 0.0445 0.0133 
     D237228  2 0.0186 0.0167 0.0247 0.0395 0.0185 0.6500 0.0859 0.0692 0.0498 0.0272 
     D237258  2 0.0544 0.0628 0.3106 0.0940 0.1627 0.0857 0.0603 0.0602 0.0709 0.0384 
     D237310  2 0.0236 0.0102 0.0108 0.0243 0.0218 0.7911 0.0401 0.0272 0.0164 0.0347 
     D237311  2 0.0204 0.0163 0.0164 0.1420 0.0170 0.6725 0.0277 0.0216 0.0238 0.0424 
     D237312  2 0.0538 0.0244 0.0359 0.0167 0.1233 0.3816 0.0442 0.0821 0.0214 0.2166 
     D237313  2 0.0420 0.6415 0.0369 0.0178 0.0314 0.0807 0.0384 0.0463 0.0306 0.0343 
     D237322  2 0.1533 0.0413 0.0355 0.0444 0.0556 0.1353 0.2249 0.0770 0.1824 0.0503 
     D237323  2 0.0817 0.0153 0.0191 0.0235 0.0209 0.6575 0.0923 0.0391 0.0333 0.0172 
     D237324  2 0.1765 0.0409 0.0649 0.3073 0.0209 0.0536 0.0232 0.0268 0.2076 0.0783 
     D237325  2 0.0588 0.0302 0.0270 0.0882 0.0310 0.2934 0.0679 0.0775 0.0301 0.2959 
     D237326  2 0.0169 0.0416 0.0689 0.0433 0.0274 0.6092 0.0325 0.0365 0.0632 0.0607 
     D237327  2 0.2542 0.0195 0.1631 0.0476 0.0486 0.0205 0.1145 0.0207 0.2827 0.0287 
     D237337  2 0.0217 0.0235 0.0138 0.0131 0.0148 0.8223 0.0244 0.0218 0.0167 0.0279 
     D237338  2 0.1435 0.0271 0.0980 0.0611 0.0409 0.1522 0.2343 0.0593 0.0412 0.1423 
     D237339  2 0.0568 0.0638 0.0608 0.2824 0.1261 0.0155 0.0210 0.0509 0.2708 0.0519 
     D237340  2 0.0555 0.0236 0.0261 0.1523 0.0443 0.3383 0.1649 0.0862 0.0348 0.0741 
     D237389  2 0.0297 0.0134 0.0208 0.0562 0.0309 0.5892 0.0163 0.0819 0.0143 0.1474 
     D237390  2 0.0390 0.0401 0.0412 0.0203 0.0607 0.3096 0.0804 0.0771 0.0375 0.2942 
     D244017  2 0.0204 0.0319 0.0883 0.3384 0.0175 0.0322 0.0820 0.3348 0.0426 0.0118 
     D244112  2 0.0234 0.0134 0.0260 0.7148 0.0206 0.0291 0.0194 0.0840 0.0157 0.0537 
     D244118  2 0.0569 0.0117 0.0809 0.7301 0.0176 0.0143 0.0210 0.0358 0.0148 0.0170 
     D244119  2 0.0144 0.0257 0.0239 0.4015 0.0124 0.0406 0.3125 0.1254 0.0260 0.0175 
     D244120  2 0.0225 0.0114 0.0228 0.2249 0.1311 0.0481 0.0296 0.3437 0.0770 0.0890 
     D244122  2 0.0552 0.0214 0.0335 0.6598 0.0485 0.0149 0.0286 0.0735 0.0266 0.0379 
        D291  2 0.0580 0.0797 0.1503 0.0479 0.0112 0.0292 0.0405 0.0202 0.5354 0.0276 
        D292  2 0.0238 0.1212 0.2257 0.1352 0.0599 0.0461 0.1264 0.1348 0.0979 0.0290 
        D293  2 0.0114 0.0415 0.0293 0.4679 0.0132 0.0149 0.0097 0.0127 0.3303 0.0690 
        D322  2 0.0131 0.0196 0.1850 0.5032 0.0507 0.0244 0.0209 0.0136 0.1376 0.0321 
        D323  2 0.0446 0.4620 0.0366 0.1240 0.0327 0.0423 0.0421 0.1418 0.0289 0.0450 
        D324  2 0.0133 0.0583 0.2188 0.0283 0.0312 0.0940 0.0394 0.0215 0.4399 0.0551 
        D325  2 0.0198 0.0235 0.0269 0.6191 0.0273 0.0169 0.0136 0.0128 0.1270 0.1131 
        D326  2 0.0141 0.8686 0.0177 0.0092 0.0120 0.0115 0.0150 0.0147 0.0215 0.0156 
        D340  2 0.0142 0.0231 0.0172 0.8226 0.0215 0.0178 0.0194 0.0146 0.0253 0.0244 
        D341  2 0.0326 0.0431 0.0186 0.4216 0.0222 0.0407 0.0680 0.0213 0.0502 0.2818 
        D342  2 0.0290 0.0184 0.1429 0.6152 0.0196 0.0473 0.0248 0.0354 0.0259 0.0414 
        D343  2 0.0140 0.0158 0.0106 0.8709 0.0144 0.0099 0.0117 0.0089 0.0257 0.0180 
        D344  2 0.0213 0.2333 0.0239 0.0497 0.4867 0.0504 0.0123 0.0621 0.0268 0.0334 
        D345  2 0.0184 0.2214 0.2673 0.0421 0.2457 0.0426 0.0292 0.0666 0.0537 0.0130 
        D346  2 0.0158 0.0876 0.1079 0.1003 0.1529 0.1350 0.1998 0.0698 0.0742 0.0567 
        D351  2 0.0451 0.1797 0.0848 0.0346 0.0425 0.1155 0.0286 0.0205 0.3697 0.0789 
        D352  2 0.0354 0.0383 0.0897 0.0643 0.4747 0.0681 0.0667 0.0770 0.0680 0.0178 
        D353  2 0.0405 0.3552 0.0819 0.0459 0.3220 0.0405 0.0176 0.0265 0.0399 0.0302 
        D354  2 0.0262 0.1897 0.0344 0.0145 0.6114 0.0200 0.0241 0.0411 0.0219 0.0168 
        D362  2 0.0239 0.2450 0.4914 0.0296 0.0247 0.0447 0.0163 0.0708 0.0334 0.0202 
        D363  2 0.0154 0.2573 0.4961 0.0228 0.0375 0.0488 0.0234 0.0489 0.0299 0.0198 
        D364  2 0.0151 0.3686 0.0706 0.0252 0.4035 0.0278 0.0183 0.0356 0.0147 0.0206 
        D365  2 0.0128 0.0222 0.0154 0.8365 0.0210 0.0155 0.0277 0.0126 0.0174 0.0189 
        D369  2 0.0232 0.0733 0.0772 0.0912 0.0237 0.3924 0.0683 0.0575 0.1363 0.0569 
        D374  2 0.0268 0.0192 0.0096 0.0158 0.0160 0.0117 0.0210 0.8552 0.0113 0.0132 
        D375  2 0.0171 0.1027 0.0571 0.0183 0.7134 0.0169 0.0142 0.0292 0.0115 0.0195 
        D376  2 0.0297 0.0182 0.0224 0.0300 0.0592 0.0199 0.0554 0.7256 0.0174 0.0222 
        D377  2 0.0322 0.1020 0.1039 0.0541 0.1236 0.3247 0.0807 0.0571 0.0406 0.0812 
        D378  2 0.0232 0.0685 0.3949 0.2648 0.0596 0.0201 0.0200 0.0142 0.1123 0.0225 
        D379  2 0.0162 0.8162 0.0189 0.0179 0.0187 0.0177 0.0235 0.0181 0.0186 0.0343 
        D384  2 0.0134 0.8438 0.0173 0.0101 0.0141 0.0280 0.0224 0.0151 0.0196 0.0163 
        D385  2 0.0184 0.0208 0.0323 0.7008 0.1129 0.0263 0.0384 0.0162 0.0164 0.0173 
        D386  2 0.0368 0.2068 0.0861 0.0668 0.4864 0.0205 0.0287 0.0201 0.0240 0.0237 
        D391  2 0.0185 0.0444 0.0228 0.7632 0.0379 0.0213 0.0177 0.0135 0.0309 0.0297 
        D392  2 0.0193 0.0451 0.0588 0.5371 0.0160 0.2296 0.0235 0.0261 0.0286 0.0159 
        D393  2 0.0301 0.2114 0.1287 0.0593 0.2357 0.0286 0.0325 0.0178 0.2187 0.0372 
        D394  2 0.0903 0.0300 0.1360 0.0735 0.1284 0.1033 0.0412 0.2334 0.0846 0.0794 
        D395  2 0.0275 0.0242 0.1078 0.4714 0.2431 0.0235 0.0400 0.0204 0.0229 0.0192 
        D401  2 0.0164 0.0102 0.0111 0.0172 0.0106 0.8686 0.0232 0.0124 0.0144 0.0157 
        D402  2 0.0144 0.0354 0.0202 0.7012 0.0749 0.0228 0.0251 0.0179 0.0697 0.0183 
        D403  2 0.1408 0.4263 0.0471 0.0310 0.2082 0.0291 0.0220 0.0311 0.0251 0.0393 
        D415  2 0.0397 0.2613 0.1200 0.0381 0.0647 0.2900 0.0123 0.0182 0.0484 0.1073 
        D435  2 0.0435 0.1331 0.1181 0.2844 0.0898 0.0676 0.0260 0.0204 0.1050 0.1121 
        D436  2 0.1090 0.0878 0.0420 0.0345 0.1519 0.0310 0.0399 0.1005 0.0307 0.3729 
        D438  2 0.0120 0.0146 0.0174 0.8640 0.0128 0.0130 0.0143 0.0179 0.0156 0.0184 
        D439  2 0.0348 0.0821 0.3972 0.0678 0.2919 0.0154 0.0175 0.0250 0.0496 0.0187 
        D449  2 0.0141 0.0319 0.0714 0.4273 0.0269 0.0274 0.0175 0.0210 0.0275 0.3350 
        D450  2 0.0730 0.0845 0.2107 0.0168 0.1728 0.1345 0.0709 0.1269 0.0428 0.0672 
        D456  2 0.0149 0.8119 0.0233 0.0120 0.0157 0.0191 0.0121 0.0120 0.0553 0.0237 
        D462  2 0.0371 0.0245 0.0255 0.7396 0.0496 0.0178 0.0153 0.0172 0.0567 0.0166 
        D463  2 0.0170 0.8713 0.0108 0.0080 0.0161 0.0116 0.0190 0.0150 0.0160 0.0152 
        D464  2 0.0448 0.1242 0.0402 0.1312 0.4502 0.0562 0.0361 0.0666 0.0212 0.0293 
        D465  2 0.0168 0.0573 0.0284 0.3806 0.0284 0.3223 0.0208 0.0190 0.0318 0.0945 
        D473  2 0.0414 0.0255 0.0903 0.0360 0.0858 0.2365 0.4008 0.0338 0.0258 0.0239 
        D474  2 0.0198 0.0896 0.5717 0.0256 0.0519 0.0437 0.0669 0.0243 0.0777 0.0288 
        D476  2 0.4591 0.0354 0.1518 0.1014 0.1513 0.0161 0.0195 0.0142 0.0311 0.0201 
        D477  2 0.0217 0.1854 0.0710 0.0236 0.4370 0.0832 0.0444 0.0321 0.0814 0.0202 
        D478  2 0.0252 0.0451 0.5989 0.0456 0.0403 0.0285 0.0363 0.1039 0.0448 0.0315 
        D480  2 0.0385 0.2228 0.0705 0.1137 0.1797 0.0288 0.1019 0.0351 0.1412 0.0678 
        D481  2 0.0254 0.1803 0.2957 0.0482 0.1735 0.0506 0.0781 0.0808 0.0519 0.0155 
        D482  2 0.0909 0.0499 0.0652 0.0306 0.2502 0.0517 0.2617 0.0706 0.0861 0.0431 
        D483  2 0.0136 0.0150 0.0296 0.8222 0.0132 0.0159 0.0353 0.0292 0.0165 0.0095 
        D484  2 0.0162 0.0120 0.0319 0.0313 0.7873 0.0139 0.0255 0.0436 0.0222 0.0160 
        D510  2 0.0289 0.0217 0.0160 0.0197 0.0229 0.0256 0.0546 0.6747 0.0810 0.0550 
        D511  2 0.0371 0.1043 0.1062 0.1531 0.4417 0.0253 0.0264 0.0253 0.0568 0.0238 
        D512  2 0.0166 0.0172 0.0184 0.0562 0.0259 0.8024 0.0134 0.0129 0.0201 0.0169 
        D513  2 0.0201 0.1909 0.0457 0.3844 0.0266 0.0651 0.0550 0.0231 0.0753 0.1137 
        D635  2 0.0121 0.0341 0.8324 0.0227 0.0162 0.0206 0.0124 0.0124 0.0207 0.0166 
        D636  2 0.0377 0.0299 0.8107 0.0236 0.0136 0.0289 0.0139 0.0132 0.0106 0.0179 
        D637  2 0.0420 0.0421 0.0531 0.1459 0.2297 0.0656 0.0895 0.0636 0.0503 0.2181 
        D658  2 0.0901 0.0221 0.0355 0.4303 0.1466 0.1041 0.0725 0.0500 0.0204 0.0282 
        D659  2 0.0393 0.1229 0.0894 0.0215 0.0617 0.0192 0.0289 0.1159 0.1210 0.3802 
        D677  2 0.0730 0.3214 0.0433 0.0423 0.0298 0.0799 0.0188 0.0361 0.0518 0.3036 
        D678  2 0.0245 0.0148 0.0299 0.7689 0.0244 0.0283 0.0116 0.0583 0.0178 0.0215 
        D679  2 0.0337 0.5970 0.0450 0.0283 0.0747 0.0221 0.0488 0.0375 0.0675 0.0455 
        D719  2 0.0302 0.1571 0.0427 0.1198 0.0298 0.1396 0.1830 0.1328 0.1225 0.0426 
        D720  2 0.0212 0.7061 0.0527 0.0323 0.0145 0.0248 0.0411 0.0202 0.0608 0.0263 
        D721  2 0.0258 0.0159 0.8421 0.0302 0.0170 0.0106 0.0179 0.0105 0.0141 0.0159 
        D722  2 0.0315 0.0304 0.0170 0.0428 0.0234 0.0280 0.0286 0.7410 0.0322 0.0251 
        D734  2 0.0344 0.0416 0.0295 0.1259 0.3352 0.0286 0.1784 0.0725 0.0987 0.0552 
        D735  2 0.0517 0.2216 0.3123 0.1087 0.0901 0.0484 0.0531 0.0347 0.0572 0.0220 
        D736  2 0.0186 0.0287 0.2320 0.0380 0.0819 0.0657 0.1895 0.0869 0.1755 0.0832 
        D737  2 0.0881 0.0157 0.0699 0.5580 0.0506 0.0257 0.0925 0.0471 0.0326 0.0198 
        D807  2 0.0310 0.0524 0.1562 0.0427 0.1187 0.0759 0.0889 0.1046 0.1842 0.1454 
        D808  2 0.0585 0.0344 0.0535 0.1031 0.0250 0.5822 0.0268 0.0250 0.0667 0.0249 
        D817  2 0.0249 0.7205 0.0575 0.0191 0.0339 0.0417 0.0143 0.0306 0.0225 0.0351 
        D818  2 0.0753 0.0640 0.2501 0.1664 0.0481 0.0273 0.0570 0.0228 0.1943 0.0946 
        D819  2 0.0298 0.1105 0.0571 0.0229 0.0379 0.6390 0.0298 0.0250 0.0269 0.0210 
        D820  2 0.0251 0.1327 0.0255 0.0430 0.0277 0.0206 0.0130 0.0270 0.3120 0.3734 
        D895  2 0.0833 0.1778 0.0989 0.0429 0.0917 0.0724 0.0260 0.1358 0.0590 0.2122 
        D896  2 0.0112 0.0107 0.0091 0.0109 0.0121 0.8774 0.0187 0.0150 0.0138 0.0212 
        D897  2 0.0356 0.0370 0.0603 0.4520 0.0306 0.0423 0.0432 0.0397 0.0423 0.2171 
        D898  2 0.0364 0.0848 0.2336 0.0183 0.0478 0.2876 0.0549 0.0804 0.1317 0.0245 
        D918  2 0.1315 0.0548 0.0384 0.0525 0.1120 0.2035 0.1214 0.0540 0.0493 0.1825 
        D919  2 0.0442 0.1215 0.2915 0.1251 0.1465 0.0184 0.0205 0.0465 0.1503 0.0354 
        D920  2 0.4331 0.0399 0.1392 0.0833 0.0260 0.0406 0.0390 0.0539 0.0177 0.1273 
        D923  2 0.0389 0.3754 0.1824 0.0462 0.1595 0.0528 0.0208 0.0416 0.0481 0.0344 
        D930  2 0.0300 0.3614 0.0703 0.0353 0.1491 0.1087 0.0958 0.0480 0.0525 0.0490 
        D931  2 0.0395 0.0608 0.1182 0.1536 0.4107 0.0671 0.0362 0.0313 0.0450 0.0376 
        D968  2 0.0135 0.0301 0.0227 0.6908 0.0171 0.0265 0.0187 0.0223 0.1369 0.0214 
        D969  2 0.0443 0.1585 0.1911 0.0864 0.0845 0.0515 0.0976 0.0738 0.1723 0.0400 
        D977  2 0.0396 0.0267 0.0342 0.6773 0.0350 0.0254 0.0217 0.0201 0.0345 0.0855 
        D978  2 0.0756 0.1957 0.1379 0.1571 0.0308 0.0232 0.1685 0.0348 0.1480 0.0283 
        D009  4 0.7212 0.0398 0.0526 0.0178 0.0175 0.0239 0.0223 0.0381 0.0183 0.0487 
        D057  4 0.7685 0.0145 0.0160 0.0471 0.0170 0.0104 0.0156 0.0303 0.0626 0.0178 
        D109  4 0.0769 0.0197 0.0218 0.0173 0.0405 0.6761 0.0463 0.0509 0.0183 0.0323 
     D237222  4 0.4612 0.0190 0.0802 0.0540 0.0172 0.0170 0.0437 0.2054 0.0388 0.0634 
     D237223  4 0.0181 0.0155 0.0174 0.0467 0.0361 0.0259 0.0520 0.0484 0.0358 0.7041 
     D237224  4 0.0443 0.1740 0.1506 0.0846 0.2340 0.0269 0.0809 0.0426 0.1351 0.0269 
     D237225  4 0.3126 0.1036 0.1485 0.0377 0.0215 0.0282 0.0626 0.0510 0.0574 0.1768 
     D237299  4 0.0480 0.0214 0.0216 0.0178 0.0329 0.3584 0.1876 0.0240 0.0527 0.2356 
     D237300  4 0.0241 0.0320 0.0319 0.0391 0.0420 0.0369 0.0847 0.0516 0.5985 0.0593 
     D237306  4 0.0160 0.0186 0.0319 0.0186 0.0481 0.0451 0.0929 0.2394 0.0249 0.4645 
     D237307  4 0.1253 0.4799 0.0236 0.0266 0.0164 0.0330 0.1137 0.0927 0.0378 0.0510 
     D237308  4 0.0522 0.0770 0.0510 0.4363 0.0853 0.0362 0.0950 0.0794 0.0318 0.0559 
     D237309  4 0.2798 0.0502 0.3758 0.0352 0.0663 0.0333 0.0281 0.0478 0.0434 0.0402 
     D237317  4 0.0504 0.2304 0.2735 0.0238 0.0266 0.0266 0.0487 0.2356 0.0549 0.0296 
     D237318  4 0.0137 0.0240 0.0159 0.0343 0.0174 0.0189 0.0194 0.0195 0.8126 0.0243 
     D237319  4 0.0933 0.2545 0.0234 0.0611 0.0355 0.2034 0.0497 0.0822 0.0641 0.1328 
     D237320  4 0.0262 0.0179 0.0347 0.0371 0.0161 0.0351 0.0301 0.0211 0.0703 0.7114 
     D237321  4 0.0325 0.0774 0.1124 0.0857 0.0292 0.1085 0.2283 0.0390 0.2443 0.0427 
     D237397  4 0.0783 0.0341 0.0183 0.0394 0.0137 0.0159 0.0510 0.2748 0.0618 0.4127 
     D237398  4 0.0199 0.1126 0.0417 0.0344 0.0646 0.0280 0.0930 0.0128 0.5304 0.0626 
     D237399  4 0.0500 0.0551 0.1319 0.0281 0.0244 0.0502 0.2580 0.0549 0.2131 0.1342 
     D244001  4 0.6087 0.0181 0.0343 0.0791 0.0192 0.0107 0.0177 0.1604 0.0204 0.0314 
        D289  4 0.0485 0.0458 0.0684 0.0868 0.1006 0.0279 0.1314 0.1052 0.2794 0.1059 
        D290  4 0.4503 0.0244 0.0234 0.0312 0.0198 0.0222 0.0523 0.1637 0.1734 0.0393 
        D294  4 0.4235 0.0521 0.0870 0.0481 0.1209 0.0235 0.0834 0.0524 0.0840 0.0251 
        D295  4 0.1152 0.0979 0.0341 0.0296 0.0427 0.0989 0.0551 0.0585 0.0398 0.4280 
        D301  4 0.4475 0.0486 0.0685 0.0352 0.0316 0.0481 0.0968 0.1252 0.0379 0.0607 
        D302  4 0.0684 0.0608 0.0896 0.0121 0.6551 0.0135 0.0232 0.0253 0.0230 0.0290 
        D303  4 0.0482 0.0259 0.0304 0.0363 0.1110 0.1306 0.3540 0.1770 0.0259 0.0606 
        D304  4 0.3175 0.0910 0.0488 0.0226 0.0189 0.0165 0.1033 0.1424 0.2187 0.0203 
        D305  4 0.1532 0.0353 0.0958 0.1841 0.1998 0.0228 0.0283 0.0658 0.1464 0.0685 
        D306  4 0.1695 0.0460 0.0971 0.0662 0.0196 0.0628 0.0467 0.3157 0.1282 0.0483 
        D307  4 0.7476 0.0158 0.0613 0.0118 0.0215 0.0188 0.0684 0.0256 0.0182 0.0109 
        D327  4 0.0356 0.6675 0.0333 0.0311 0.0216 0.0328 0.0307 0.0330 0.0272 0.0872 
        D328  4 0.0576 0.0281 0.0286 0.0237 0.3657 0.0622 0.1066 0.2202 0.0242 0.0830 
        D329  4 0.4195 0.0332 0.0502 0.1215 0.1344 0.0411 0.0683 0.0495 0.0630 0.0193 
        D330  4 0.0525 0.0605 0.2176 0.0516 0.0590 0.0631 0.0165 0.0494 0.0367 0.3931 
        D331  4 0.1737 0.2283 0.0550 0.0289 0.0311 0.0635 0.1468 0.0837 0.1677 0.0212 
        D333  4 0.4595 0.0286 0.0275 0.0339 0.0314 0.0272 0.0374 0.2283 0.0491 0.0773 
        D334  4 0.2841 0.0345 0.0735 0.0183 0.0393 0.0262 0.3532 0.0994 0.0475 0.0239 
        D335  4 0.0620 0.3735 0.1251 0.0602 0.1603 0.0225 0.0216 0.0919 0.0502 0.0327 
        D370  4 0.0876 0.0427 0.0503 0.0376 0.0763 0.0907 0.0276 0.5373 0.0221 0.0279 
        D371  4 0.0266 0.2105 0.0200 0.0332 0.0993 0.0796 0.1391 0.3188 0.0327 0.0402 
        D372  4 0.0674 0.0201 0.0247 0.0408 0.0162 0.0246 0.3232 0.1281 0.3304 0.0245 
        D373  4 0.5995 0.0328 0.1955 0.0241 0.0394 0.0162 0.0305 0.0200 0.0300 0.0120 
        D455  4 0.8305 0.0153 0.0330 0.0138 0.0167 0.0119 0.0273 0.0137 0.0249 0.0128 
        D490  4 0.8720 0.0134 0.0177 0.0082 0.0106 0.0151 0.0127 0.0137 0.0100 0.0265 
        D497  4 0.7410 0.0164 0.0670 0.0148 0.0292 0.0290 0.0164 0.0200 0.0241 0.0420 
        D498  4 0.1569 0.0975 0.0338 0.0278 0.0202 0.1265 0.1713 0.1838 0.1471 0.0351 
        D499  4 0.0152 0.0439 0.0327 0.1307 0.1472 0.4154 0.0736 0.0407 0.0631 0.0375 
        D514  4 0.1403 0.1149 0.0996 0.0250 0.1799 0.1290 0.0186 0.0709 0.1383 0.0835 
        D515  4 0.0139 0.0199 0.0250 0.0175 0.0383 0.0379 0.0177 0.0312 0.0252 0.7734 
        D516  4 0.0725 0.1268 0.0434 0.0630 0.0165 0.0700 0.0293 0.1545 0.1054 0.3185 
        D517  4 0.4212 0.0227 0.2830 0.0243 0.0176 0.0281 0.0732 0.0362 0.0497 0.0439 
        D518  4 0.6487 0.0453 0.0230 0.0462 0.0377 0.0170 0.0236 0.1058 0.0255 0.0272 
        D519  4 0.0170 0.0148 0.0213 0.0169 0.0125 0.0193 0.0198 0.0116 0.0348 0.8320 
        D560  4 0.0351 0.0901 0.0192 0.0350 0.0432 0.0300 0.0214 0.0207 0.0322 0.6731 
        D561  4 0.1308 0.0493 0.2718 0.1120 0.0300 0.2360 0.0180 0.0220 0.0897 0.0405 
        D562  4 0.1580 0.0706 0.1282 0.0566 0.0651 0.0391 0.0534 0.1727 0.2237 0.0327 
        D563  4 0.0422 0.0250 0.1807 0.3284 0.2028 0.0590 0.0250 0.0256 0.0766 0.0348 
        D572  4 0.3341 0.0463 0.0386 0.0542 0.3335 0.0222 0.0327 0.0596 0.0441 0.0346 
        D629  4 0.0575 0.2443 0.2579 0.0239 0.1449 0.0251 0.0159 0.0294 0.1464 0.0548 
        D630  4 0.1879 0.0476 0.1097 0.0284 0.0620 0.0280 0.0825 0.0756 0.1034 0.2749 
        D631  4 0.5059 0.0316 0.0281 0.0906 0.0930 0.0316 0.0404 0.0514 0.0858 0.0415 
        D632  4 0.1044 0.0688 0.0767 0.1854 0.4243 0.0669 0.0144 0.0207 0.0158 0.0226 
        D646  4 0.0190 0.0319 0.0178 0.0198 0.0149 0.0142 0.0145 0.0380 0.0388 0.7911 
        D647  4 0.1108 0.1739 0.0607 0.0710 0.0435 0.0445 0.0208 0.0625 0.1692 0.2431 
        D648  4 0.1054 0.0243 0.0152 0.0297 0.4705 0.0206 0.0262 0.2629 0.0162 0.0289 
        D649  4 0.0782 0.1640 0.0650 0.0158 0.3316 0.2410 0.0226 0.0225 0.0288 0.0305 
        D650  4 0.1222 0.3624 0.0458 0.0231 0.0558 0.1223 0.0792 0.0405 0.0497 0.0990 
        D708  4 0.0889 0.1200 0.0347 0.0289 0.1555 0.0610 0.0753 0.2898 0.0548 0.0911 
        D709  4 0.1101 0.1148 0.0384 0.0617 0.0382 0.3022 0.0545 0.1662 0.0560 0.0578 
        D738  4 0.0480 0.0467 0.0428 0.0142 0.0141 0.0409 0.1480 0.3319 0.0442 0.2692 
        D739  4 0.6199 0.0309 0.0396 0.0240 0.0238 0.0346 0.0249 0.0900 0.0684 0.0440 
        D740  4 0.1250 0.0379 0.1181 0.0411 0.0588 0.0772 0.3547 0.0738 0.0615 0.0520 
        D741  4 0.0121 0.0182 0.0136 0.0214 0.0129 0.0298 0.0101 0.0119 0.0481 0.8220 
        D742  4 0.1010 0.0294 0.0864 0.1464 0.0576 0.0808 0.0507 0.0395 0.2528 0.1555 
        D743  4 0.0515 0.2956 0.0410 0.0891 0.2498 0.0297 0.0376 0.0283 0.0929 0.0845 
        D744  4 0.0137 0.0338 0.0799 0.0296 0.7076 0.0240 0.0281 0.0121 0.0341 0.0371 
        D745  4 0.0259 0.0170 0.0185 0.0113 0.0311 0.0277 0.0234 0.0171 0.0234 0.8045 
        D814  4 0.0469 0.0321 0.0407 0.1674 0.0790 0.0115 0.0293 0.0562 0.0339 0.5030 
        D815  4 0.0774 0.1606 0.0406 0.0452 0.2818 0.0580 0.0324 0.1245 0.1025 0.0770 
        D828  4 0.0556 0.0300 0.0393 0.0760 0.1011 0.0383 0.0831 0.4778 0.0404 0.0584 
        D845  4 0.0162 0.0260 0.0204 0.0182 0.0201 0.0129 0.1007 0.0239 0.7259 0.0356 
        D846  4 0.3382 0.1918 0.1161 0.1410 0.0614 0.0171 0.0220 0.0255 0.0501 0.0369 
        D847  4 0.3547 0.0614 0.1161 0.0284 0.0270 0.0868 0.1109 0.0257 0.1462 0.0429 
        D848  4 0.5246 0.0149 0.2527 0.0410 0.0159 0.0144 0.0504 0.0191 0.0576 0.0095 
        D849  4 0.2745 0.0379 0.0602 0.0417 0.0207 0.0397 0.0223 0.0305 0.0295 0.4431 
        D850  4 0.0366 0.0677 0.3700 0.0313 0.0287 0.0331 0.0518 0.0332 0.2223 0.1252 
        D856  4 0.0656 0.1320 0.0311 0.0250 0.0384 0.5403 0.0358 0.0604 0.0453 0.0263 
        D857  4 0.0976 0.0107 0.0190 0.0889 0.0269 0.4934 0.0431 0.1833 0.0143 0.0229 
        D859  4 0.0821 0.0703 0.0752 0.0310 0.2821 0.0268 0.0327 0.0696 0.0979 0.2323 
        D860  4 0.0280 0.0728 0.1077 0.0598 0.0421 0.0170 0.2090 0.1904 0.2580 0.0152 
        D883  4 0.4270 0.0545 0.0465 0.0184 0.0465 0.0592 0.0248 0.1874 0.0515 0.0843 
        D884  4 0.0172 0.0213 0.0162 0.0109 0.0241 0.0214 0.0201 0.0405 0.0158 0.8125 
        D885  4 0.0970 0.1696 0.1874 0.0463 0.0373 0.0595 0.0701 0.0169 0.0619 0.2540 
        D886  4 0.3857 0.1339 0.0539 0.0529 0.0408 0.0767 0.0382 0.0941 0.0659 0.0579 
        D887  4 0.0415 0.0328 0.1223 0.0417 0.3755 0.0982 0.0766 0.0440 0.1044 0.0630 
        D889  4 0.1330 0.0238 0.0338 0.0107 0.0414 0.0169 0.0760 0.0498 0.5536 0.0610 
        D890  4 0.0788 0.0852 0.1435 0.0799 0.2023 0.1426 0.0852 0.1221 0.0391 0.0213 
        D891  4 0.0083 0.0113 0.0126 0.0087 0.0104 0.0087 0.0409 0.0108 0.8784 0.0100 
        D899  4 0.0659 0.0216 0.0641 0.3115 0.0645 0.0359 0.0562 0.1474 0.1859 0.0470 
        D900  4 0.2531 0.1177 0.1243 0.0616 0.0880 0.0617 0.0788 0.0508 0.0947 0.0694 
        D970  4 0.3914 0.1112 0.1178 0.0431 0.0814 0.0243 0.0771 0.0270 0.1050 0.0218 
        D971  4 0.0612 0.1880 0.0597 0.4488 0.0540 0.0716 0.0317 0.0426 0.0251 0.0173 
        D979  4 0.0359 0.7230 0.0738 0.0148 0.0360 0.0130 0.0149 0.0369 0.0289 0.0227 
        D093  5 0.0534 0.0293 0.0258 0.0196 0.0240 0.0375 0.6271 0.1022 0.0305 0.0507 
        D154  5 0.0832 0.0623 0.0419 0.0923 0.0386 0.0715 0.0372 0.1095 0.1611 0.3025 
        D168  5 0.0578 0.1116 0.0532 0.1528 0.0391 0.0760 0.0242 0.0583 0.0771 0.3499 
        D189  5 0.0830 0.0308 0.0382 0.0235 0.0346 0.0295 0.3532 0.2059 0.1414 0.0599 
        D190  5 0.0336 0.1671 0.0158 0.0314 0.0552 0.0437 0.3052 0.2816 0.0271 0.0393 
     D237220  5 0.3548 0.0288 0.0363 0.0147 0.0274 0.0594 0.2870 0.0252 0.1187 0.0476 
     D237221  5 0.0670 0.1935 0.0356 0.0941 0.0267 0.0537 0.2571 0.0812 0.1504 0.0408 
     D237274  5 0.0176 0.3356 0.1159 0.0610 0.1825 0.0450 0.0169 0.0306 0.0636 0.1313 
     D237275  5 0.0723 0.0317 0.0322 0.4258 0.0166 0.0735 0.0445 0.1147 0.1620 0.0268 
     D237276  5 0.0768 0.0420 0.0345 0.0404 0.0491 0.0424 0.1235 0.1097 0.0297 0.4517 
     D237277  5 0.0204 0.0839 0.0283 0.0347 0.0755 0.0343 0.5945 0.0596 0.0408 0.0280 
     D237278  5 0.1094 0.0312 0.0483 0.2983 0.1075 0.1313 0.0761 0.1543 0.0249 0.0187 
     D237279  5 0.0172 0.0208 0.2265 0.0211 0.0549 0.5606 0.0291 0.0124 0.0368 0.0205 
     D237280  5 0.1147 0.2341 0.1081 0.0226 0.1029 0.1357 0.0613 0.1526 0.0325 0.0354 
     D237281  5 0.0197 0.0431 0.0610 0.1330 0.0250 0.0297 0.0259 0.0426 0.5181 0.1019 
     D237351  5 0.0262 0.0553 0.0331 0.0178 0.0225 0.6160 0.0713 0.0249 0.0199 0.1130 
     D237352  5 0.3201 0.1716 0.1210 0.0878 0.0912 0.0275 0.0295 0.0635 0.0337 0.0541 
     D237353  5 0.0152 0.1407 0.0236 0.0267 0.0597 0.0667 0.3778 0.2297 0.0401 0.0197 
     D237359  5 0.3557 0.0612 0.0254 0.0166 0.0429 0.0252 0.2236 0.0270 0.1775 0.0448 
     D237361  5 0.0185 0.0324 0.0446 0.0277 0.0221 0.0797 0.5783 0.1475 0.0233 0.0259 
     D237362  5 0.0414 0.5002 0.0349 0.0305 0.0297 0.0915 0.0330 0.0620 0.0294 0.1474 
     D237363  5 0.0308 0.3232 0.0756 0.1149 0.0168 0.0982 0.0365 0.0894 0.0855 0.1290 
     D237364  5 0.3537 0.0952 0.0984 0.0833 0.0967 0.0814 0.0389 0.0201 0.0609 0.0714 
     D237376  5 0.0341 0.0109 0.0186 0.0275 0.5009 0.0330 0.0472 0.2683 0.0282 0.0313 
     D237377  5 0.0293 0.1876 0.1478 0.0297 0.0493 0.3715 0.0977 0.0403 0.0240 0.0227 
     D237378  5 0.1805 0.0172 0.0257 0.0472 0.0679 0.0280 0.2755 0.2714 0.0467 0.0400 
     D237379  5 0.0893 0.0731 0.0343 0.0363 0.2793 0.0714 0.1662 0.1336 0.0410 0.0755 
     D237380  5 0.0703 0.0556 0.0224 0.0173 0.2057 0.2417 0.0444 0.3113 0.0120 0.0195 
     D237381  5 0.1985 0.0791 0.1004 0.0930 0.0518 0.0517 0.0469 0.2519 0.0664 0.0604 
     D237391  5 0.0142 0.0363 0.0340 0.0183 0.0251 0.0333 0.7509 0.0433 0.0187 0.0259 
     D237392  5 0.0139 0.1748 0.1102 0.1881 0.1367 0.1227 0.0152 0.0347 0.0784 0.1252 
     D237393  5 0.0394 0.0701 0.1444 0.0460 0.0498 0.0515 0.0421 0.4391 0.0797 0.0379 
     D237394  5 0.0193 0.1122 0.0652 0.0165 0.0421 0.0328 0.4524 0.2179 0.0221 0.0195 
     D237395  5 0.0399 0.0323 0.0765 0.0566 0.0251 0.0874 0.4826 0.0817 0.0579 0.0600 
     D237396  5 0.0258 0.0681 0.5304 0.0647 0.0448 0.0549 0.0749 0.0295 0.0769 0.0300 
     D244016  5 0.0209 0.1120 0.0838 0.0574 0.2601 0.0917 0.1440 0.1315 0.0762 0.0226 
     D244018  5 0.1624 0.0625 0.0718 0.2894 0.0125 0.0358 0.1867 0.0727 0.0490 0.0572 
     D244019  5 0.0194 0.6450 0.0436 0.0735 0.0305 0.0245 0.0276 0.0396 0.0543 0.0421 
        D279  5 0.1836 0.0695 0.0354 0.0305 0.0454 0.0411 0.2550 0.0362 0.1247 0.1786 
        D280  5 0.0471 0.0241 0.5211 0.0196 0.0305 0.0303 0.1277 0.0478 0.1365 0.0153 
        D281  5 0.0290 0.0210 0.0463 0.0793 0.0175 0.0230 0.1050 0.0531 0.5769 0.0490 
        D283  5 0.0356 0.1194 0.3235 0.0194 0.0305 0.0439 0.0854 0.1090 0.1843 0.0491 
        D284  5 0.2667 0.0778 0.0386 0.0347 0.0604 0.2335 0.0434 0.0400 0.0780 0.1268 
        D285  5 0.0567 0.0410 0.0523 0.0135 0.0397 0.0505 0.4886 0.0583 0.1693 0.0301 
        D286  5 0.1284 0.0701 0.0815 0.0241 0.1276 0.0275 0.3247 0.1100 0.0479 0.0582 
        D287  5 0.0489 0.0243 0.0330 0.0216 0.4831 0.0687 0.1276 0.1451 0.0185 0.0293 
        D288  5 0.0191 0.2275 0.2803 0.0183 0.0212 0.0223 0.0329 0.0329 0.3241 0.0213 
        D308  5 0.0117 0.0625 0.0337 0.0203 0.0458 0.7292 0.0285 0.0213 0.0192 0.0279 
        D309  5 0.0339 0.0168 0.0800 0.0168 0.7748 0.0126 0.0165 0.0162 0.0170 0.0153 
        D310  5 0.0222 0.0267 0.0290 0.0106 0.0166 0.0190 0.2483 0.5658 0.0340 0.0279 
        D311  5 0.0493 0.6033 0.0246 0.0209 0.0238 0.0217 0.0576 0.0812 0.0217 0.0961 
        D312  5 0.0767 0.0358 0.2499 0.0522 0.2144 0.0669 0.0504 0.1257 0.0632 0.0647 
        D313  5 0.2414 0.0170 0.0558 0.0139 0.0086 0.5190 0.0227 0.0646 0.0132 0.0438 
        D314  5 0.1141 0.0433 0.0571 0.0361 0.1078 0.0654 0.1949 0.0686 0.0470 0.2657 
        D315  5 0.0306 0.0819 0.2336 0.0538 0.1186 0.0978 0.0750 0.2394 0.0479 0.0214 
        D317  5 0.0259 0.0358 0.0243 0.0131 0.0100 0.0185 0.1529 0.6573 0.0233 0.0390 
        D318  5 0.0307 0.0844 0.2011 0.0534 0.2100 0.0689 0.0432 0.0680 0.0962 0.1443 
        D319  5 0.0247 0.0193 0.0228 0.0213 0.0144 0.0419 0.2601 0.4754 0.0548 0.0652 
        D320  5 0.0348 0.0460 0.0319 0.0150 0.0741 0.0474 0.4169 0.2349 0.0688 0.0301 
        D321  5 0.0199 0.1511 0.0309 0.0104 0.0156 0.5857 0.0390 0.0329 0.0851 0.0295 
        D336  5 0.0720 0.0232 0.0284 0.0131 0.0350 0.0340 0.3001 0.4502 0.0225 0.0216 
        D337  5 0.0181 0.0395 0.0272 0.0193 0.0236 0.0234 0.2292 0.5543 0.0476 0.0178 
        D338  5 0.3554 0.1022 0.0346 0.0442 0.0271 0.1266 0.1503 0.0374 0.0744 0.0478 
        D339  5 0.0437 0.0370 0.0180 0.0221 0.0129 0.0332 0.1880 0.5708 0.0279 0.0463 
        D347  5 0.0583 0.0582 0.0550 0.0298 0.0164 0.0112 0.0227 0.6096 0.1098 0.0289 
        D348  5 0.0254 0.0341 0.0273 0.0198 0.0290 0.0100 0.1186 0.6916 0.0287 0.0157 
        D349  5 0.0132 0.0268 0.0232 0.0160 0.0277 0.7990 0.0313 0.0245 0.0210 0.0173 
        D350  5 0.0219 0.0136 0.0249 0.0167 0.8210 0.0134 0.0188 0.0149 0.0143 0.0405 
        D355  5 0.0201 0.0372 0.0238 0.0279 0.0268 0.0305 0.0205 0.0206 0.5652 0.2274 
        D356  5 0.0688 0.1204 0.2681 0.0231 0.0549 0.0751 0.1938 0.1081 0.0638 0.0241 
        D357  5 0.0649 0.0506 0.1485 0.0278 0.0971 0.0597 0.0413 0.3428 0.1032 0.0641 
        D358  5 0.0305 0.0198 0.1981 0.0336 0.2289 0.0967 0.2050 0.1047 0.0452 0.0373 
        D359  5 0.0242 0.2638 0.1160 0.0171 0.0324 0.0427 0.0938 0.2803 0.0692 0.0605 
        D360  5 0.0542 0.1046 0.2755 0.0200 0.0393 0.0579 0.2361 0.1104 0.0742 0.0278 
        D361  5 0.0199 0.0247 0.0205 0.0202 0.0141 0.8197 0.0174 0.0250 0.0124 0.0261 
        D366  5 0.0334 0.2806 0.0419 0.3780 0.0231 0.0591 0.0256 0.0369 0.0266 0.0948 
        D367  5 0.1177 0.0245 0.0555 0.0127 0.0423 0.0811 0.1217 0.4609 0.0351 0.0487 
        D368  5 0.0205 0.0963 0.0682 0.0187 0.0249 0.5658 0.0506 0.0483 0.0341 0.0725 
        D380  5 0.0210 0.0354 0.1681 0.0317 0.5888 0.0319 0.0247 0.0168 0.0461 0.0354 
        D381  5 0.0503 0.0964 0.0637 0.0267 0.0233 0.0315 0.1330 0.4542 0.0910 0.0300 
        D400  5 0.2325 0.0630 0.0380 0.0408 0.0214 0.0223 0.0946 0.3009 0.0677 0.1189 
        D411  5 0.1877 0.0184 0.0770 0.0229 0.0323 0.2555 0.0098 0.0285 0.0182 0.3496 
        D412  5 0.0610 0.0306 0.1130 0.0436 0.0236 0.0138 0.0330 0.6041 0.0531 0.0242 
        D413  5 0.0397 0.0633 0.0689 0.5445 0.0796 0.0826 0.0289 0.0164 0.0524 0.0236 
        D414  5 0.0188 0.0227 0.0200 0.0444 0.7090 0.0149 0.0361 0.0340 0.0421 0.0580 
        D420  5 0.0721 0.0368 0.2837 0.0195 0.0164 0.0704 0.1478 0.0316 0.2923 0.0295 
        D431  5 0.0172 0.0163 0.0306 0.0135 0.6328 0.1032 0.0402 0.0379 0.0637 0.0444 
        D432  5 0.0631 0.0315 0.2258 0.0515 0.0728 0.0347 0.3697 0.0888 0.0415 0.0207 
        D433  5 0.0273 0.0471 0.0400 0.0230 0.0230 0.0712 0.1405 0.5120 0.0790 0.0370 
        D434  5 0.0847 0.0856 0.1206 0.0240 0.0310 0.0444 0.1565 0.2769 0.1299 0.0463 
        D440  5 0.0992 0.0203 0.0205 0.0209 0.7004 0.0205 0.0335 0.0162 0.0199 0.0486 
        D447  5 0.0139 0.0392 0.2608 0.0482 0.0855 0.0309 0.0212 0.0269 0.1287 0.3448 
        D448  5 0.0338 0.0335 0.0292 0.0148 0.0251 0.0192 0.0441 0.6984 0.0296 0.0723 
        D459  5 0.0205 0.0192 0.0189 0.0890 0.0189 0.0162 0.0128 0.0271 0.6324 0.1449 
        D460  5 0.0094 0.0361 0.0678 0.0189 0.0248 0.7537 0.0307 0.0156 0.0211 0.0218 
        D461  5 0.0192 0.0390 0.0304 0.0122 0.8000 0.0146 0.0169 0.0187 0.0272 0.0219 
        D468  5 0.0260 0.1060 0.0327 0.0275 0.0834 0.3657 0.0320 0.0627 0.0228 0.2412 
        D469  5 0.1484 0.2014 0.1157 0.0209 0.0958 0.1457 0.0833 0.0317 0.0494 0.1076 
        D470  5 0.1509 0.0683 0.0248 0.0232 0.0364 0.0175 0.0206 0.2056 0.0293 0.4235 
        D471  5 0.0286 0.0945 0.0215 0.0419 0.0623 0.0285 0.1261 0.3307 0.1356 0.1304 
        D472  5 0.0178 0.4898 0.0600 0.0417 0.0137 0.0146 0.0218 0.0237 0.2981 0.0188 
        D479  5 0.0447 0.0478 0.0260 0.6005 0.0682 0.0189 0.0174 0.1280 0.0173 0.0312 
        D485  5 0.0966 0.0273 0.0563 0.0386 0.4857 0.0484 0.0342 0.1016 0.0511 0.0603 
        D486  5 0.1563 0.0589 0.0284 0.0294 0.0652 0.3108 0.0257 0.0701 0.0334 0.2218 
        D487  5 0.0640 0.0199 0.0674 0.0598 0.0464 0.0233 0.5287 0.0905 0.0591 0.0410 
        D555  5 0.0237 0.0283 0.0291 0.0498 0.0176 0.0244 0.3122 0.4645 0.0371 0.0135 
        D556  5 0.0325 0.0332 0.0664 0.0182 0.4929 0.0809 0.0728 0.0241 0.1499 0.0291 
        D557  5 0.0327 0.0428 0.0378 0.0340 0.0270 0.0657 0.2175 0.4883 0.0358 0.0184 
        D564  5 0.0197 0.0440 0.1291 0.0463 0.3674 0.1253 0.0858 0.1291 0.0299 0.0232 
        D594  5 0.0502 0.0864 0.1067 0.0405 0.0362 0.0272 0.0261 0.4765 0.0968 0.0534 
        D595  5 0.0309 0.1188 0.0655 0.0594 0.0741 0.1143 0.1665 0.1774 0.0456 0.1474 
        D596  5 0.0185 0.0366 0.0177 0.0335 0.0183 0.0233 0.2432 0.5810 0.0179 0.0101 
        D597  5 0.0302 0.0507 0.0435 0.1809 0.0313 0.0170 0.1660 0.1325 0.3063 0.0416 
        D598  5 0.1869 0.0507 0.0563 0.0355 0.1421 0.0479 0.2510 0.1478 0.0486 0.0332 
        D617  5 0.1258 0.0295 0.0894 0.1352 0.0181 0.0489 0.0146 0.1166 0.0295 0.3923 
        D618  5 0.0373 0.1527 0.0251 0.0446 0.0449 0.0506 0.4327 0.1062 0.0694 0.0365 
        D619  5 0.0127 0.0855 0.0597 0.0307 0.0688 0.1614 0.0215 0.4641 0.0680 0.0278 
        D620  5 0.0384 0.0699 0.0302 0.5604 0.0183 0.0195 0.0430 0.0606 0.0973 0.0625 
        D628  5 0.0239 0.0147 0.0217 0.0195 0.8009 0.0190 0.0443 0.0237 0.0161 0.0162 
        D714  5 0.0380 0.0165 0.0449 0.0214 0.3979 0.0474 0.1168 0.0870 0.1928 0.0373 
        D715  5 0.0247 0.2642 0.0357 0.0392 0.0466 0.0537 0.2821 0.1251 0.0945 0.0342 
        D716  5 0.1585 0.0913 0.0626 0.0401 0.0411 0.0169 0.0310 0.3525 0.1140 0.0920 
        D717  5 0.1225 0.2178 0.0601 0.0296 0.0912 0.0462 0.1310 0.0747 0.2021 0.0249 
        D718  5 0.1255 0.0112 0.0169 0.0318 0.0811 0.1758 0.0498 0.2631 0.0373 0.2076 
        D769  5 0.2522 0.0176 0.0725 0.0691 0.0193 0.0153 0.0240 0.1379 0.0346 0.3575 
        D770  5 0.0215 0.0276 0.0440 0.0662 0.6379 0.0443 0.0363 0.0453 0.0287 0.0483 
        D771  5 0.0904 0.0472 0.1503 0.0731 0.2269 0.0426 0.0782 0.0899 0.1506 0.0508 
        D772  5 0.0484 0.0392 0.0778 0.0196 0.5988 0.0290 0.0894 0.0354 0.0354 0.0270 
        D782  5 0.0230 0.0305 0.2133 0.0554 0.0341 0.3177 0.0489 0.0310 0.2219 0.0242 
        D783  5 0.0355 0.0414 0.0487 0.3363 0.2163 0.0241 0.1549 0.0639 0.0409 0.0381 
        D784  5 0.0523 0.3236 0.0835 0.0486 0.1754 0.0422 0.0660 0.0315 0.1517 0.0251 
        D785  5 0.0282 0.1651 0.0227 0.0207 0.1601 0.1248 0.2661 0.1618 0.0193 0.0311 
        D786  5 0.3629 0.2092 0.0550 0.0621 0.0655 0.0475 0.0154 0.0810 0.0559 0.0455 
        D821  5 0.0178 0.0540 0.0106 0.0171 0.0484 0.0418 0.6465 0.1268 0.0189 0.0183 
        D822  5 0.0296 0.3776 0.0652 0.0923 0.0435 0.0624 0.0346 0.0885 0.1065 0.0997 
        D826  5 0.0525 0.0322 0.0487 0.0663 0.0582 0.0793 0.1163 0.1860 0.2526 0.1079 
        D827  5 0.0196 0.3493 0.0790 0.0532 0.0565 0.0206 0.0206 0.0319 0.0550 0.3144 
        D851  5 0.0304 0.1261 0.4409 0.0314 0.0644 0.0779 0.0902 0.0686 0.0296 0.0406 
        D852  5 0.0944 0.0261 0.0276 0.0454 0.1618 0.0296 0.1704 0.1570 0.2475 0.0402 
        D853  5 0.0397 0.0687 0.0941 0.0376 0.0317 0.0506 0.3863 0.0809 0.1385 0.0719 
        D854  5 0.0328 0.1681 0.0540 0.0602 0.0529 0.1643 0.0213 0.0460 0.1410 0.2593 
        D861  5 0.0409 0.0692 0.0317 0.0551 0.0379 0.1237 0.0493 0.1625 0.0713 0.3585 
        D862  5 0.0492 0.1844 0.1735 0.0235 0.0639 0.0476 0.0576 0.2329 0.0927 0.0747 
        D865  5 0.0314 0.0267 0.1213 0.0417 0.0500 0.0971 0.1529 0.3924 0.0499 0.0365 
        D868  5 0.1065 0.1566 0.0754 0.0375 0.0379 0.0356 0.1451 0.0719 0.1398 0.1935 
        D869  5 0.2211 0.0398 0.1204 0.0349 0.0196 0.1956 0.0161 0.0230 0.0212 0.3083 
        D870  5 0.0514 0.0394 0.4359 0.1726 0.0258 0.1608 0.0250 0.0214 0.0522 0.0154 
        D907  5 0.0341 0.0148 0.0579 0.0174 0.0163 0.0175 0.1381 0.6411 0.0194 0.0433 
        D908  5 0.0469 0.0259 0.0492 0.0980 0.1253 0.0626 0.4155 0.0832 0.0729 0.0205 
        D910  5 0.0372 0.1124 0.0302 0.0576 0.0227 0.0376 0.0509 0.3671 0.1219 0.1625 
        D911  5 0.0167 0.0150 0.0126 0.0121 0.0151 0.0126 0.0149 0.0243 0.7065 0.1704 
        D934  5 0.0345 0.1446 0.0501 0.0810 0.4169 0.0550 0.1019 0.0263 0.0551 0.0346 
        D946  5 0.0266 0.0220 0.0476 0.0279 0.5774 0.0850 0.0447 0.0654 0.0632 0.0401 
        D947  5 0.1640 0.0634 0.1544 0.0262 0.1797 0.0906 0.0984 0.0249 0.1264 0.0719 
        D948  5 0.0191 0.0324 0.0428 0.0187 0.0202 0.6742 0.0774 0.0717 0.0262 0.0174 
        D949  5 0.0341 0.0328 0.0274 0.0143 0.0205 0.7515 0.0413 0.0340 0.0220 0.0221 
        D950  5 0.0211 0.0250 0.0196 0.0228 0.0222 0.0176 0.0201 0.0366 0.6762 0.1389 
        D951  5 0.0188 0.1168 0.4353 0.0853 0.0646 0.0994 0.0196 0.0788 0.0451 0.0363 
        D952  5 0.0365 0.4892 0.0845 0.0203 0.0187 0.0151 0.0300 0.1043 0.1465 0.0549 
        D953  5 0.0207 0.1249 0.0804 0.0213 0.0495 0.0467 0.4448 0.1329 0.0493 0.0295 
        D954  5 0.0120 0.7297 0.0345 0.0202 0.0223 0.0674 0.0361 0.0390 0.0241 0.0146 
        D961  5 0.0226 0.0145 0.0162 0.0139 0.6745 0.0239 0.0460 0.1353 0.0230 0.0301 
        D962  5 0.0450 0.0363 0.0346 0.0159 0.5146 0.0451 0.0756 0.1949 0.0212 0.0169 
        D963  5 0.0513 0.1758 0.0304 0.0497 0.1674 0.0247 0.2936 0.0685 0.0871 0.0515 
        D964  5 0.0363 0.0434 0.1751 0.0353 0.1990 0.2027 0.1446 0.0377 0.0632 0.0627 
        D965  5 0.0685 0.0746 0.1507 0.0572 0.3786 0.0280 0.0451 0.1150 0.0509 0.0315 
        D966  5 0.1243 0.2215 0.1008 0.0584 0.1598 0.0284 0.0998 0.1052 0.0780 0.0239 
        D967  5 0.0247 0.0470 0.1309 0.1878 0.0346 0.0805 0.1415 0.1189 0.2146 0.0196 
        D991  5 0.5215 0.0225 0.0245 0.0218 0.1103 0.0331 0.0510 0.1295 0.0353 0.0505 
        D132  8 0.6704 0.0173 0.0296 0.0117 0.0298 0.0311 0.0257 0.0200 0.0234 0.1411 
        D133  8 0.0351 0.0192 0.0385 0.6749 0.0209 0.0165 0.0232 0.0324 0.0490 0.0903 
        D200  8 0.3679 0.0149 0.0209 0.0413 0.0388 0.0456 0.0684 0.1487 0.1975 0.0561 
        D500  8 0.7082 0.0219 0.0480 0.0118 0.0213 0.0641 0.0173 0.0484 0.0194 0.0396 
        D614  8 0.1544 0.0406 0.0353 0.0206 0.0657 0.0761 0.1307 0.2677 0.1022 0.1068 
        D723  8 0.0420 0.0428 0.0142 0.0276 0.0154 0.0789 0.0201 0.0333 0.0378 0.6880 
        D888  8 0.0419 0.0221 0.0362 0.0306 0.0242 0.0318 0.1400 0.0211 0.6286 0.0235 
        D901  8 0.0312 0.0171 0.0167 0.0162 0.0315 0.2318 0.0728 0.0353 0.0247 0.5226 
        D902  8 0.0411 0.0220 0.0316 0.0467 0.0942 0.0728 0.5483 0.0834 0.0167 0.0431 
        D903  8 0.0335 0.5970 0.1545 0.0304 0.0446 0.0295 0.0331 0.0305 0.0271 0.0197 
        D904  8 0.2076 0.2106 0.1071 0.0635 0.1989 0.0298 0.0388 0.0625 0.0552 0.0260 
        D905  8 0.0736 0.0158 0.0218 0.0173 0.0281 0.0195 0.3806 0.0438 0.3826 0.0169 
        D906  8 0.0346 0.0590 0.4562 0.1765 0.0404 0.0178 0.0314 0.0255 0.1271 0.0313 
        D937  8 0.0315 0.0197 0.0165 0.0404 0.0173 0.0604 0.5629 0.2049 0.0216 0.0248 
        D943  8 0.3276 0.0447 0.1226 0.0377 0.0397 0.0371 0.1004 0.0312 0.1927 0.0664 
        D972  8 0.0220 0.0181 0.0175 0.0302 0.0173 0.0507 0.0145 0.0239 0.0189 0.7870 
        D973  8 0.0846 0.0753 0.0421 0.0385 0.0244 0.4676 0.0226 0.0302 0.0540 0.1607 
        D974  8 0.1428 0.0688 0.0797 0.0799 0.0229 0.2170 0.0628 0.0871 0.0594 0.1795 
        D975  8 0.2493 0.0239 0.0425 0.1213 0.0328 0.0279 0.1549 0.1046 0.1744 0.0685 
        D976  8 0.1991 0.0516 0.0521 0.0611 0.0737 0.1369 0.1662 0.0799 0.0904 0.0890 
        D142 10 0.0400 0.1253 0.1220 0.1758 0.1444 0.0527 0.0615 0.1677 0.0548 0.0558 
        D143 10 0.0570 0.0217 0.0316 0.6435 0.0340 0.0410 0.0365 0.0943 0.0179 0.0227 
        D144 10 0.0206 0.0427 0.3990 0.0342 0.2805 0.0538 0.0480 0.0352 0.0538 0.0323 
        D145 10 0.2295 0.0260 0.0281 0.0216 0.0428 0.0184 0.1822 0.0227 0.3636 0.0650 
        D146 10 0.0579 0.0437 0.1207 0.0299 0.1066 0.2575 0.0249 0.1007 0.0209 0.2373 
        D147 10 0.0237 0.0504 0.0334 0.0517 0.1451 0.2544 0.0235 0.0696 0.0489 0.2993 
        D148 10 0.0396 0.0721 0.0757 0.0472 0.3218 0.2318 0.0980 0.0187 0.0598 0.0354 
        D149 10 0.0318 0.0428 0.0625 0.2130 0.0478 0.0210 0.0719 0.0359 0.1035 0.3698 
        D151 10 0.0750 0.0351 0.0632 0.0396 0.0283 0.2659 0.2497 0.0348 0.1672 0.0413 
        D152 10 0.0184 0.0257 0.0314 0.6342 0.0368 0.0388 0.0238 0.0156 0.1570 0.0182 
        D153 10 0.1383 0.0538 0.2088 0.0311 0.1076 0.1815 0.0369 0.0801 0.0476 0.1143 
        D156 10 0.0173 0.0300 0.0262 0.0273 0.7644 0.0192 0.0182 0.0284 0.0286 0.0405 
        D157 10 0.0616 0.0279 0.1333 0.0362 0.0430 0.0865 0.1007 0.4630 0.0225 0.0252 
        D158 10 0.1206 0.0174 0.0197 0.0178 0.0710 0.1799 0.2107 0.0583 0.0975 0.2071 
        D159 10 0.0757 0.0749 0.0532 0.6091 0.0193 0.0252 0.0379 0.0291 0.0402 0.0352 
        D160 10 0.0097 0.0089 0.0211 0.0092 0.0091 0.0119 0.7079 0.0123 0.1978 0.0121 
        D161 10 0.0272 0.4527 0.1721 0.0613 0.0773 0.0432 0.0439 0.0276 0.0480 0.0469 
        D162 10 0.0185 0.0238 0.0309 0.0265 0.8009 0.0122 0.0149 0.0299 0.0242 0.0182 
        D169 10 0.2524 0.0550 0.3570 0.0248 0.0187 0.0710 0.0490 0.0205 0.1314 0.0203 
        D170 10 0.5408 0.0552 0.1059 0.0218 0.1091 0.0389 0.0299 0.0486 0.0211 0.0289 
        D171 10 0.0239 0.0272 0.0290 0.0155 0.7772 0.0215 0.0196 0.0455 0.0102 0.0302 
        D172 10 0.0430 0.0149 0.0241 0.0214 0.6198 0.0402 0.0168 0.0398 0.0197 0.1605 
        D173 10 0.0602 0.0310 0.0280 0.5308 0.0293 0.0186 0.0181 0.0138 0.1535 0.1166 
        D181 10 0.0273 0.1056 0.0318 0.0384 0.5090 0.0552 0.1225 0.0504 0.0318 0.0280 
        D182 10 0.0325 0.0364 0.0306 0.0429 0.0858 0.0281 0.0821 0.0308 0.1019 0.5288 
        D183 10 0.0733 0.0666 0.0406 0.0108 0.0121 0.0235 0.6617 0.0668 0.0239 0.0207 
        D184 10 0.2461 0.0372 0.5245 0.0156 0.0266 0.0591 0.0131 0.0200 0.0134 0.0445 
        D185 10 0.0305 0.3478 0.1965 0.0331 0.1947 0.0749 0.0381 0.0190 0.0333 0.0323 
        D186 10 0.2855 0.0156 0.0525 0.0145 0.0129 0.0357 0.0387 0.0126 0.0324 0.4996 
        D194 10 0.0548 0.1136 0.1539 0.1100 0.0431 0.1076 0.0381 0.1222 0.0403 0.2164 
        D195 10 0.0412 0.0364 0.1350 0.1354 0.1567 0.0487 0.1271 0.0814 0.1519 0.0863 
        D196 10 0.0510 0.0429 0.0542 0.1156 0.0473 0.0219 0.0360 0.0650 0.5059 0.0602 
        D197 10 0.3389 0.0250 0.1736 0.0688 0.0296 0.0433 0.0990 0.0240 0.0332 0.1645 
        D198 10 0.0195 0.3828 0.3429 0.0141 0.0251 0.0822 0.0501 0.0275 0.0378 0.0180 
     D237226 10 0.0091 0.0535 0.1638 0.0396 0.0274 0.2631 0.0706 0.0131 0.3413 0.0186 
     D237232 10 0.0371 0.0277 0.0763 0.0518 0.0264 0.1423 0.0638 0.0709 0.4508 0.0528 
     D237233 10 0.0694 0.0205 0.0516 0.1503 0.2861 0.0467 0.0680 0.1344 0.0951 0.0778 
     D237234 10 0.0578 0.0336 0.0272 0.0242 0.4876 0.0441 0.1675 0.0618 0.0374 0.0587 
     D237354 10 0.0135 0.0157 0.0192 0.0190 0.0126 0.0114 0.0647 0.0248 0.7880 0.0310 
     D237355 10 0.0242 0.0277 0.0360 0.0139 0.0176 0.0144 0.3792 0.0164 0.4436 0.0271 
     D237356 10 0.0277 0.5122 0.2629 0.0135 0.0147 0.0219 0.0748 0.0243 0.0163 0.0315 
     D237357 10 0.1034 0.0480 0.0891 0.2782 0.0601 0.1753 0.0419 0.0579 0.0581 0.0879 
     D237358 10 0.0178 0.0134 0.8077 0.0495 0.0190 0.0115 0.0150 0.0304 0.0239 0.0118 
     D237369 10 0.0186 0.0171 0.0144 0.0141 0.0339 0.0480 0.0138 0.0140 0.0128 0.8133 
     D237370 10 0.0263 0.0855 0.1840 0.1383 0.0607 0.0831 0.1220 0.2094 0.0570 0.0337 
     D237371 10 0.0280 0.3975 0.2891 0.0295 0.0220 0.1179 0.0195 0.0339 0.0307 0.0318 
     D237372 10 0.1029 0.0271 0.2764 0.3353 0.0222 0.0289 0.0695 0.0410 0.0494 0.0474 
     D237373 10 0.0718 0.0388 0.0230 0.0380 0.1872 0.1919 0.0775 0.0427 0.2675 0.0615 
     D237374 10 0.0551 0.0307 0.0169 0.0163 0.0614 0.0226 0.3281 0.0505 0.3986 0.0198 
     D237375 10 0.0388 0.0794 0.1782 0.3157 0.0576 0.1041 0.0590 0.0293 0.0772 0.0607 
     D237400 10 0.0546 0.0137 0.0190 0.6938 0.0581 0.0163 0.0334 0.0240 0.0343 0.0528 
     D244002 10 0.4944 0.0529 0.0664 0.0694 0.0832 0.0519 0.0326 0.0500 0.0369 0.0622 
     D244003 10 0.0378 0.0107 0.0198 0.0301 0.0233 0.0219 0.6978 0.0500 0.0905 0.0180 
     D244004 10 0.0172 0.0123 0.0189 0.0089 0.0156 0.0652 0.7369 0.0999 0.0130 0.0121 
     D244005 10 0.0607 0.0193 0.2207 0.0186 0.0131 0.0131 0.1235 0.0191 0.4796 0.0323 
     D244020 10 0.0307 0.3708 0.0748 0.0364 0.1663 0.1273 0.0790 0.0373 0.0428 0.0346 
     D244021 10 0.0383 0.0182 0.0153 0.0352 0.0253 0.0464 0.0381 0.0261 0.0244 0.7327 
     D244116 10 0.0771 0.0156 0.0954 0.0273 0.5175 0.0323 0.0216 0.0388 0.0260 0.1483 
     D244117 10 0.0166 0.0246 0.0528 0.0415 0.0412 0.0178 0.6750 0.0582 0.0398 0.0326 
     D244121 10 0.0555 0.0378 0.0559 0.0654 0.0522 0.0458 0.4374 0.1718 0.0278 0.0504 
     D244123 10 0.0431 0.0264 0.0834 0.0611 0.0895 0.0547 0.0964 0.2247 0.2534 0.0673 
     D244124 10 0.3917 0.0569 0.0427 0.2247 0.0251 0.0275 0.0899 0.0908 0.0271 0.0235 
        D332 10 0.0334 0.3550 0.0571 0.0945 0.0930 0.1068 0.0305 0.0424 0.0305 0.1569 
        D570 10 0.0390 0.0584 0.0593 0.0276 0.3821 0.0425 0.1596 0.1681 0.0278 0.0356 
        D602 10 0.0897 0.0316 0.0431 0.0696 0.4731 0.0461 0.0341 0.0709 0.0549 0.0870 
        D603 10 0.0286 0.0551 0.0295 0.1566 0.0211 0.4022 0.0954 0.1011 0.0651 0.0453 
        D604 10 0.0311 0.0527 0.1414 0.1600 0.3887 0.0264 0.0678 0.0362 0.0758 0.0199 
        D605 10 0.0259 0.2518 0.1478 0.0646 0.0338 0.1404 0.0660 0.0503 0.1797 0.0397 
        D606 10 0.1782 0.0411 0.4644 0.0190 0.0165 0.0288 0.1411 0.0590 0.0313 0.0206 
        D607 10 0.0185 0.7302 0.0439 0.0353 0.0388 0.0255 0.0186 0.0205 0.0245 0.0441 
        D608 10 0.0133 0.0792 0.0159 0.7989 0.0175 0.0122 0.0141 0.0161 0.0155 0.0171 
        D609 10 0.0473 0.0537 0.1540 0.0152 0.0816 0.1196 0.3218 0.0783 0.0309 0.0975 
        D610 10 0.0455 0.0193 0.4561 0.0103 0.0220 0.0220 0.1858 0.0414 0.1759 0.0215 
        D611 10 0.0200 0.0300 0.0194 0.0126 0.0369 0.0312 0.5136 0.2899 0.0212 0.0251 
        D613 10 0.0170 0.0373 0.0450 0.0147 0.7528 0.0181 0.0226 0.0218 0.0455 0.0251 
        D633 10 0.0214 0.0720 0.2403 0.1377 0.3350 0.0525 0.0137 0.0298 0.0707 0.0270 
        D634 10 0.0560 0.0711 0.0542 0.0242 0.6118 0.0454 0.0329 0.0521 0.0261 0.0262 
        D638 10 0.0918 0.0173 0.0316 0.5744 0.0416 0.0211 0.1094 0.0291 0.0489 0.0348 
        D681 10 0.1161 0.0430 0.0305 0.0227 0.4241 0.0345 0.0416 0.1435 0.0179 0.1260 
        D754 10 0.0666 0.0102 0.0211 0.0165 0.0259 0.1169 0.0619 0.1523 0.0276 0.5010 
        D755 10 0.0142 0.0127 0.0144 0.1459 0.0209 0.0469 0.6748 0.0304 0.0181 0.0217 
        D756 10 0.0891 0.0293 0.0355 0.0310 0.0729 0.0807 0.3547 0.1800 0.0327 0.0941 
        D757 10 0.0772 0.1149 0.1853 0.1289 0.0255 0.0333 0.0835 0.1076 0.2142 0.0296 
        D758 10 0.1636 0.2245 0.0274 0.0475 0.1200 0.0324 0.0583 0.1301 0.0451 0.1511 
        D759 10 0.0151 0.0266 0.1088 0.0641 0.0593 0.0188 0.6001 0.0269 0.0624 0.0179 
        D760 10 0.2577 0.0628 0.0577 0.0280 0.0831 0.0415 0.1628 0.0859 0.1715 0.0492 
        D761 10 0.0526 0.0154 0.0254 0.0705 0.0160 0.0243 0.2965 0.0284 0.4495 0.0216 
        D762 10 0.0174 0.4566 0.1760 0.0635 0.1548 0.0325 0.0265 0.0198 0.0358 0.0173 
        D775 10 0.0212 0.0217 0.0356 0.0179 0.0195 0.0642 0.7343 0.0237 0.0379 0.0240 
        D776 10 0.0305 0.0239 0.0730 0.0938 0.0202 0.0243 0.0656 0.0508 0.5389 0.0789 
        D777 10 0.0249 0.0574 0.0349 0.0229 0.0243 0.0379 0.6404 0.0416 0.0836 0.0322 
        D778 10 0.0189 0.0190 0.0418 0.0859 0.0194 0.3436 0.1866 0.0214 0.2269 0.0364 
        D779 10 0.1697 0.0144 0.0165 0.0202 0.3126 0.0536 0.0551 0.0838 0.0309 0.2432 
        D780 10 0.1233 0.0232 0.0364 0.0739 0.4413 0.0346 0.0952 0.0378 0.0931 0.0412 
        D781 10 0.0721 0.0273 0.0432 0.1092 0.3131 0.0507 0.0154 0.1320 0.1631 0.0738 
        D858 10 0.0891 0.0165 0.1098 0.0374 0.0216 0.5326 0.0946 0.0146 0.0609 0.0228 
        D933 10 0.0165 0.1264 0.4918 0.0318 0.0214 0.0277 0.0563 0.0238 0.1833 0.0210 
        D038 11 0.0222 0.0348 0.1446 0.0411 0.0715 0.1150 0.1292 0.0846 0.2890 0.0680 
        D063 11 0.7084 0.0216 0.0177 0.0243 0.0242 0.0088 0.0386 0.1038 0.0326 0.0200 
        D155 11 0.0288 0.1953 0.1271 0.0403 0.0217 0.0576 0.3783 0.0311 0.0844 0.0353 
        D175 11 0.4970 0.0262 0.0228 0.0218 0.0315 0.0862 0.0637 0.0959 0.0299 0.1250 
        D176 11 0.0333 0.0241 0.0250 0.3068 0.0485 0.0811 0.1386 0.0987 0.0290 0.2149 
        D205 11 0.1107 0.0285 0.0640 0.0165 0.0271 0.0464 0.2294 0.3543 0.0428 0.0803 
     D237229 11 0.0754 0.0279 0.1099 0.0750 0.1823 0.0455 0.0438 0.0510 0.3497 0.0396 
     D237230 11 0.0170 0.1276 0.0259 0.1899 0.0315 0.0773 0.0245 0.0171 0.0225 0.4667 
     D237231 11 0.1250 0.3001 0.0352 0.0816 0.0723 0.0229 0.0211 0.0529 0.1902 0.0987 
     D237269 11 0.0836 0.0869 0.1508 0.0973 0.0571 0.0616 0.0509 0.0444 0.3171 0.0503 
     D237270 11 0.0190 0.0316 0.1759 0.0558 0.0219 0.6121 0.0215 0.0182 0.0245 0.0195 
     D237271 11 0.1930 0.0763 0.0456 0.0665 0.1834 0.0498 0.0687 0.2060 0.0396 0.0711 
     D237272 11 0.0581 0.0945 0.0241 0.0264 0.0150 0.1874 0.0167 0.0452 0.1041 0.4284 
     D237273 11 0.1539 0.0243 0.0313 0.0336 0.0513 0.0234 0.0997 0.4740 0.0630 0.0455 
     D237301 11 0.0380 0.0739 0.0493 0.0371 0.0733 0.0356 0.0247 0.1817 0.1402 0.3462 
     D237302 11 0.6953 0.0373 0.0302 0.0252 0.0487 0.0312 0.0252 0.0366 0.0339 0.0365 
     D237303 11 0.0379 0.0437 0.1159 0.2141 0.0543 0.3588 0.0211 0.0216 0.0295 0.1031 
     D237304 11 0.1572 0.0818 0.0539 0.0780 0.1474 0.1877 0.1341 0.0618 0.0323 0.0657 
     D237305 11 0.1803 0.0195 0.0254 0.0210 0.0368 0.0661 0.1985 0.2636 0.1331 0.0557 
     D237314 11 0.0704 0.0905 0.0482 0.0226 0.1517 0.1019 0.2216 0.1334 0.0783 0.0814 
     D237315 11 0.1405 0.0561 0.1623 0.0204 0.1389 0.2292 0.0375 0.0270 0.0930 0.0951 
     D237316 11 0.0303 0.4231 0.0345 0.0303 0.2667 0.0234 0.0235 0.1146 0.0169 0.0368 
     D237328 11 0.0477 0.0780 0.3340 0.0206 0.0314 0.0876 0.0555 0.0274 0.0233 0.2946 
     D237329 11 0.0399 0.0968 0.2144 0.1043 0.0182 0.1669 0.1432 0.0338 0.1579 0.0245 
     D237330 11 0.0573 0.0224 0.0194 0.0531 0.1722 0.0392 0.1607 0.3606 0.0773 0.0378 
     D237331 11 0.1161 0.1046 0.0835 0.0299 0.1679 0.0367 0.2811 0.0889 0.0671 0.0242 
     D237332 11 0.1435 0.0705 0.0586 0.0213 0.0350 0.0167 0.0495 0.1293 0.1329 0.3427 
     D237333 11 0.0566 0.0673 0.0469 0.0749 0.1126 0.0207 0.4439 0.0492 0.1099 0.0181 
     D237334 11 0.0528 0.5087 0.0568 0.0328 0.0530 0.0481 0.0325 0.0720 0.0494 0.0938 
     D237335 11 0.0449 0.0351 0.0417 0.0236 0.0464 0.0385 0.0790 0.1975 0.0521 0.4412 
     D237336 11 0.1166 0.1046 0.0495 0.0186 0.0334 0.0323 0.4392 0.0190 0.1652 0.0216 
     D237350 11 0.0748 0.0181 0.0247 0.0622 0.2110 0.0154 0.0598 0.4766 0.0357 0.0217 
     D237383 11 0.2651 0.0274 0.1344 0.0825 0.0473 0.0514 0.1027 0.1509 0.0806 0.0577 
     D237384 11 0.0256 0.3835 0.1758 0.0232 0.0570 0.1172 0.0310 0.0327 0.1341 0.0199 
     D237385 11 0.2221 0.0775 0.0766 0.0644 0.0754 0.0524 0.1294 0.0923 0.0783 0.1315 
     D237386 11 0.0500 0.0873 0.0513 0.1441 0.0207 0.3905 0.0584 0.0510 0.1150 0.0318 
     D237387 11 0.2967 0.1172 0.0347 0.0185 0.0545 0.0206 0.0215 0.1168 0.0550 0.2645 
     D237388 11 0.0519 0.1344 0.0242 0.0386 0.3079 0.0422 0.2246 0.1059 0.0225 0.0478 
        D239 11 0.0486 0.0423 0.1559 0.0334 0.1473 0.0320 0.3359 0.0311 0.1225 0.0511 
        D240 11 0.0372 0.0223 0.1408 0.0354 0.0267 0.0155 0.4622 0.0172 0.2270 0.0158 
        D241 11 0.1094 0.0881 0.1852 0.0135 0.0192 0.0215 0.0316 0.0343 0.4589 0.0383 
        D242 11 0.0371 0.0442 0.1802 0.0739 0.1058 0.0786 0.0850 0.0598 0.2427 0.0926 
        D243 11 0.0628 0.0787 0.0500 0.0272 0.0208 0.0248 0.5613 0.0384 0.1041 0.0318 
        D244 11 0.0271 0.0324 0.1777 0.0193 0.0153 0.0502 0.1879 0.4039 0.0709 0.0152 
        D245 11 0.4351 0.0342 0.0935 0.0207 0.0972 0.0604 0.0333 0.0163 0.0363 0.1731 
        D246 11 0.1296 0.1395 0.0349 0.0327 0.0520 0.1492 0.2059 0.1370 0.0340 0.0851 
        D247 11 0.0433 0.0332 0.0474 0.0220 0.4852 0.0174 0.1137 0.0620 0.1372 0.0386 
        D248 11 0.0295 0.4654 0.1188 0.1286 0.0201 0.0424 0.0347 0.0585 0.0462 0.0558 
        D249 11 0.1376 0.0374 0.0227 0.0148 0.2103 0.2923 0.0353 0.1544 0.0310 0.0642 
        D250 11 0.0194 0.2330 0.0971 0.1706 0.0464 0.0507 0.0977 0.1420 0.0468 0.0964 
        D251 11 0.1483 0.0361 0.0750 0.0216 0.2645 0.2119 0.1281 0.0502 0.0368 0.0274 
        D252 11 0.1978 0.2704 0.1191 0.0250 0.0584 0.1672 0.0329 0.0547 0.0161 0.0584 
        D253 11 0.2988 0.0291 0.0355 0.0442 0.0265 0.0249 0.0498 0.3821 0.0787 0.0305 
        D254 11 0.0305 0.0506 0.0263 0.1779 0.0118 0.0373 0.0207 0.0153 0.0298 0.5999 
        D255 11 0.0471 0.0932 0.1055 0.0761 0.0715 0.1144 0.0299 0.3057 0.0493 0.1072 
        D256 11 0.0520 0.2110 0.0731 0.0278 0.0447 0.0380 0.3447 0.0330 0.1352 0.0405 
        D257 11 0.0187 0.0331 0.0327 0.0305 0.0634 0.4849 0.1087 0.0443 0.0660 0.1175 
        D258 11 0.0228 0.0648 0.0576 0.0141 0.0427 0.6840 0.0448 0.0188 0.0293 0.0212 
        D259 11 0.1102 0.0379 0.3054 0.0455 0.0852 0.0832 0.0293 0.0338 0.0366 0.2328 
        D260 11 0.4355 0.0270 0.0333 0.0606 0.1270 0.0382 0.0295 0.2048 0.0223 0.0219 
        D261 11 0.0972 0.0429 0.0447 0.0199 0.4816 0.0236 0.0316 0.1119 0.0568 0.0897 
        D262 11 0.2584 0.1230 0.0487 0.0513 0.0905 0.0934 0.0597 0.0306 0.0324 0.2119 
        D263 11 0.0334 0.0359 0.1763 0.0263 0.2803 0.0526 0.1267 0.2098 0.0285 0.0301 
        D264 11 0.1302 0.0333 0.0149 0.0206 0.0349 0.0205 0.0200 0.0412 0.0226 0.6619 
        D265 11 0.0242 0.0403 0.0354 0.1411 0.0228 0.0309 0.0903 0.0391 0.1200 0.4559 
        D266 11 0.0260 0.1084 0.0699 0.0706 0.0757 0.0409 0.0493 0.1650 0.3553 0.0387 
        D267 11 0.0957 0.0626 0.1087 0.0233 0.1690 0.0915 0.2640 0.0725 0.0640 0.0488 
        D268 11 0.0522 0.0857 0.0500 0.0402 0.0773 0.0625 0.4260 0.1265 0.0515 0.0283 
        D269 11 0.0350 0.1079 0.3347 0.0150 0.0796 0.0298 0.0212 0.1806 0.0855 0.1108 
        D270 11 0.0582 0.0843 0.0738 0.0249 0.0321 0.1016 0.0510 0.0654 0.0466 0.4622 
        D271 11 0.1077 0.1499 0.1054 0.0144 0.0213 0.2205 0.1887 0.0504 0.1216 0.0201 
        D272 11 0.0537 0.0603 0.1460 0.0365 0.2819 0.0171 0.1712 0.0465 0.1360 0.0508 
        D273 11 0.2142 0.0294 0.0228 0.0143 0.0389 0.5874 0.0242 0.0141 0.0227 0.0320 
        D274 11 0.0205 0.0393 0.2292 0.0309 0.0293 0.1544 0.0503 0.3111 0.1009 0.0341 
        D275 11 0.0402 0.3537 0.0893 0.0472 0.0546 0.0695 0.1365 0.0574 0.1022 0.0493 
        D276 11 0.0406 0.1649 0.1937 0.0205 0.0732 0.0225 0.1758 0.2183 0.0511 0.0394 
        D277 11 0.0279 0.0462 0.5041 0.0439 0.0706 0.0357 0.1468 0.0279 0.0469 0.0499 
        D278 11 0.2228 0.0214 0.0209 0.0690 0.1041 0.0489 0.0333 0.3887 0.0274 0.0634 
        D282 11 0.4114 0.0405 0.1535 0.0145 0.0206 0.0436 0.0473 0.1836 0.0301 0.0550 
        D296 11 0.0368 0.5677 0.0477 0.0152 0.0350 0.0149 0.0634 0.0558 0.0944 0.0690 
        D297 11 0.1889 0.1239 0.2125 0.0261 0.0338 0.0253 0.1362 0.1426 0.0826 0.0282 
        D298 11 0.0339 0.0571 0.2944 0.0398 0.1051 0.0240 0.0564 0.0632 0.2301 0.0959 
        D299 11 0.2469 0.0196 0.0154 0.0273 0.0929 0.0241 0.0708 0.4447 0.0185 0.0398 
        D300 11 0.0736 0.0809 0.1296 0.1102 0.2023 0.0395 0.1662 0.0550 0.1097 0.0329 
        D382 11 0.0216 0.3472 0.0629 0.0141 0.0270 0.0575 0.2120 0.2015 0.0264 0.0297 
        D383 11 0.0407 0.0197 0.0481 0.0236 0.0241 0.0771 0.2565 0.4402 0.0476 0.0223 
        D387 11 0.0449 0.0174 0.0817 0.0824 0.3022 0.1792 0.0945 0.0533 0.0833 0.0609 
        D388 11 0.0309 0.6843 0.1066 0.0167 0.0381 0.0274 0.0225 0.0237 0.0319 0.0179 
        D389 11 0.3100 0.0370 0.0132 0.0296 0.1842 0.0188 0.0729 0.2056 0.0420 0.0868 
        D390 11 0.0629 0.2725 0.0749 0.0381 0.0507 0.0301 0.0367 0.1185 0.1687 0.1468 
        D396 11 0.1772 0.2351 0.0293 0.0643 0.1225 0.0203 0.0909 0.0764 0.0777 0.1064 
        D397 11 0.5960 0.0126 0.0451 0.0115 0.0201 0.0121 0.0464 0.0358 0.0374 0.1831 
        D398 11 0.0178 0.0828 0.5036 0.0281 0.0356 0.0455 0.1162 0.0727 0.0703 0.0274 
        D399 11 0.0383 0.0857 0.0962 0.0521 0.5348 0.0364 0.0182 0.0465 0.0381 0.0538 
        D437 11 0.5482 0.0170 0.0344 0.0436 0.1127 0.0245 0.0502 0.0694 0.0595 0.0406 
        D441 11 0.0334 0.0569 0.0522 0.0352 0.0512 0.0940 0.4951 0.0781 0.0543 0.0495 
        D442 11 0.2534 0.0275 0.0958 0.0361 0.1276 0.0437 0.0854 0.1198 0.1713 0.0394 
        D443 11 0.0323 0.0730 0.0354 0.0284 0.0235 0.0263 0.3890 0.0513 0.3143 0.0266 
        D444 11 0.0532 0.1650 0.0431 0.1005 0.3589 0.0424 0.0736 0.0609 0.0515 0.0508 
        D445 11 0.0715 0.0601 0.0572 0.0112 0.0393 0.0216 0.0161 0.0566 0.0521 0.6143 
        D446 11 0.0218 0.0863 0.1048 0.0860 0.0703 0.0668 0.0236 0.0415 0.4252 0.0737 
        D451 11 0.0369 0.1576 0.2121 0.0238 0.0360 0.0449 0.0922 0.0366 0.0515 0.3085 
        D452 11 0.0824 0.0609 0.0864 0.1341 0.2894 0.0285 0.0471 0.1298 0.1050 0.0363 
        D453 11 0.0395 0.6577 0.1400 0.0168 0.0128 0.0145 0.0218 0.0299 0.0405 0.0265 
        D454 11 0.0723 0.0855 0.1214 0.0496 0.1035 0.3169 0.0611 0.0828 0.0807 0.0262 
        D457 11 0.1762 0.0353 0.0224 0.0196 0.0679 0.0882 0.2493 0.0357 0.0349 0.2704 
        D458 11 0.0446 0.5739 0.0461 0.0222 0.0182 0.0219 0.0683 0.1225 0.0537 0.0286 
        D466 11 0.0320 0.0615 0.0347 0.6416 0.0187 0.0332 0.0531 0.0264 0.0312 0.0678 
        D467 11 0.0472 0.0247 0.0201 0.0381 0.3519 0.0521 0.0333 0.3715 0.0256 0.0355 
        D475 11 0.4275 0.0665 0.1372 0.0216 0.1231 0.1065 0.0387 0.0277 0.0176 0.0335 
        D488 11 0.0873 0.1389 0.0533 0.0584 0.0442 0.0591 0.0268 0.0304 0.4212 0.0804 
        D489 11 0.0847 0.0840 0.0292 0.0530 0.0258 0.0286 0.0609 0.0436 0.0712 0.5189 
        D493 11 0.0503 0.0457 0.2652 0.0572 0.0819 0.1158 0.1193 0.0614 0.1353 0.0679 
        D494 11 0.0773 0.2051 0.1397 0.0835 0.0558 0.0849 0.0588 0.0826 0.0702 0.1421 
        D495 11 0.3726 0.0457 0.1620 0.0614 0.0286 0.0986 0.0544 0.0208 0.0679 0.0879 
        D496 11 0.0442 0.0670 0.0805 0.0452 0.0184 0.0133 0.3373 0.0662 0.2888 0.0391 
        D674 11 0.0298 0.0635 0.0918 0.0957 0.0457 0.0309 0.2932 0.0672 0.2465 0.0357 
        D675 11 0.0239 0.0201 0.0266 0.0233 0.0230 0.0122 0.0560 0.0563 0.7393 0.0193 
        D676 11 0.5075 0.0224 0.0203 0.0179 0.0390 0.0612 0.0510 0.1887 0.0264 0.0657 
        D680 11 0.0234 0.0312 0.2457 0.0181 0.0312 0.0242 0.4291 0.0377 0.1382 0.0214 
        D701 11 0.5040 0.0626 0.0203 0.0162 0.0371 0.0291 0.0457 0.0375 0.1398 0.1076 
        D702 11 0.1545 0.1028 0.2038 0.1421 0.0571 0.1519 0.0317 0.0408 0.0738 0.0416 
        D703 11 0.0744 0.0581 0.1059 0.1099 0.0212 0.0574 0.0546 0.0828 0.4073 0.0284 
        D704 11 0.1834 0.0710 0.0505 0.0572 0.0524 0.1573 0.0619 0.2505 0.0416 0.0742 
        D705 11 0.0221 0.0179 0.0479 0.0543 0.0146 0.0183 0.0138 0.0152 0.0168 0.7791 
        D706 11 0.3006 0.0148 0.0743 0.1212 0.1214 0.0208 0.0737 0.0704 0.1273 0.0755 
        D707 11 0.0569 0.0453 0.0948 0.0172 0.0443 0.0230 0.0458 0.0554 0.0649 0.5524 
        D751 11 0.0798 0.4625 0.0980 0.0184 0.0419 0.0582 0.0413 0.1106 0.0373 0.0519 
        D752 11 0.4096 0.0672 0.0231 0.0403 0.0785 0.0249 0.1885 0.0517 0.0705 0.0457 
        D753 11 0.0185 0.0215 0.0261 0.0748 0.0188 0.0244 0.0438 0.0320 0.0373 0.7027 
        D773 11 0.0208 0.0168 0.0466 0.0149 0.0149 0.6247 0.0123 0.0175 0.0204 0.2110 
        D774 11 0.0971 0.0844 0.2842 0.0918 0.0697 0.0414 0.1043 0.0368 0.1596 0.0308 
        D801 11 0.0310 0.0536 0.0846 0.1207 0.0411 0.0546 0.1961 0.1585 0.1465 0.1133 
        D802 11 0.0231 0.2564 0.1297 0.0495 0.0368 0.1452 0.0331 0.0162 0.0535 0.2565 
        D803 11 0.1409 0.0499 0.0394 0.0141 0.0239 0.0293 0.0700 0.0590 0.5397 0.0339 
        D804 11 0.4939 0.1330 0.0774 0.0214 0.0587 0.0395 0.0566 0.0308 0.0297 0.0590 
        D805 11 0.0530 0.3091 0.1100 0.0245 0.0973 0.1238 0.1272 0.0527 0.0593 0.0432 
        D806 11 0.2750 0.0432 0.0194 0.0181 0.0594 0.4738 0.0250 0.0220 0.0188 0.0455 
        D809 11 0.0801 0.0336 0.1235 0.0651 0.1562 0.0313 0.0760 0.2279 0.0450 0.1613 
        D810 11 0.0785 0.0565 0.0425 0.0261 0.1612 0.0193 0.1099 0.3147 0.1525 0.0389 
        D812 11 0.2349 0.0912 0.0667 0.0456 0.0939 0.1850 0.0407 0.0754 0.0553 0.1113 
        D813 11 0.0837 0.0329 0.0686 0.0255 0.1244 0.0159 0.0207 0.0213 0.5803 0.0266 
        D823 11 0.1796 0.1052 0.0390 0.0371 0.1524 0.0260 0.0472 0.2909 0.0345 0.0882 
        D824 11 0.0901 0.0312 0.0158 0.1323 0.1059 0.0293 0.0557 0.4413 0.0231 0.0754 
        D829 11 0.0330 0.0398 0.2566 0.0493 0.3778 0.0125 0.0258 0.0444 0.1138 0.0470 
        D830 11 0.0394 0.0374 0.0882 0.0241 0.1006 0.0521 0.0465 0.0997 0.0363 0.4758 
        D831 11 0.5496 0.0443 0.0195 0.0308 0.0410 0.0277 0.0490 0.0298 0.0736 0.1346 
        D832 11 0.2529 0.0175 0.0564 0.2220 0.0222 0.0254 0.0950 0.2039 0.0238 0.0810 
        D833 11 0.0287 0.3637 0.0675 0.0169 0.0396 0.0152 0.0972 0.2339 0.1034 0.0339 
        D834 11 0.0228 0.5299 0.0452 0.0263 0.0248 0.0574 0.0785 0.1284 0.0591 0.0275 
        D835 11 0.0727 0.0273 0.1398 0.0173 0.0686 0.1257 0.0328 0.0409 0.0443 0.4307 
        D855 11 0.0620 0.1409 0.1361 0.0252 0.0827 0.0784 0.1073 0.0505 0.0441 0.2728 
        D863 11 0.0512 0.0177 0.1151 0.0492 0.0261 0.0140 0.3823 0.0186 0.3090 0.0168 
        D864 11 0.1890 0.0358 0.0448 0.0388 0.0765 0.0469 0.0467 0.4349 0.0454 0.0412 
        D878 11 0.0779 0.0718 0.0388 0.0247 0.1049 0.0527 0.2297 0.0840 0.0616 0.2538 
        D879 11 0.0946 0.0337 0.3087 0.0197 0.0942 0.1375 0.0426 0.0757 0.0291 0.1641 
        D880 11 0.0548 0.0885 0.0301 0.0955 0.0235 0.0177 0.0549 0.1454 0.4422 0.0473 
        D881 11 0.0178 0.0460 0.0643 0.0226 0.0159 0.0391 0.6336 0.1060 0.0390 0.0158 
        D882 11 0.0524 0.1124 0.0337 0.1004 0.0267 0.0250 0.0502 0.0416 0.0700 0.4876 
        D909 11 0.0665 0.1051 0.1849 0.0426 0.0546 0.0254 0.1534 0.0399 0.1179 0.2097 
        D921 11 0.2954 0.1040 0.0429 0.0351 0.2314 0.0277 0.0567 0.1430 0.0386 0.0251 
        D924 11 0.0447 0.0583 0.2642 0.0857 0.0487 0.0161 0.2244 0.0418 0.1872 0.0288 
        D935 11 0.0724 0.3279 0.0594 0.0244 0.0422 0.0693 0.0152 0.1817 0.1459 0.0616 
        D940 11 0.0317 0.0176 0.1661 0.0160 0.0133 0.0156 0.4161 0.0161 0.2912 0.0164 
        D941 11 0.0246 0.5031 0.1124 0.0167 0.0281 0.0248 0.1126 0.0246 0.1289 0.0242 
        D942 11 0.1496 0.0407 0.0302 0.0230 0.0745 0.5426 0.0363 0.0446 0.0293 0.0292 
        D980 11 0.0721 0.2033 0.0714 0.0448 0.1225 0.0711 0.0511 0.0352 0.3016 0.0269 
        D981 11 0.2687 0.0979 0.4087 0.0300 0.0506 0.0290 0.0282 0.0433 0.0217 0.0220 
        D982 11 0.0790 0.0743 0.0376 0.5033 0.0972 0.0225 0.0566 0.0870 0.0253 0.0172 
        D983 11 0.0669 0.0800 0.1457 0.0163 0.0322 0.0216 0.1928 0.1928 0.0597 0.1920 
        D984 11 0.0264 0.0683 0.0229 0.0269 0.0460 0.0167 0.0181 0.5253 0.1392 0.1104 
        D992 11 0.1086 0.0209 0.0396 0.0310 0.1264 0.0286 0.0303 0.0631 0.0316 0.5199 
        D993 11 0.0192 0.0972 0.4344 0.0363 0.0241 0.0698 0.0408 0.1822 0.0322 0.0637 
        D994 11 0.6086 0.0237 0.0146 0.0158 0.0581 0.0222 0.0853 0.0657 0.0566 0.0495 
        D995 11 0.0307 0.0252 0.0786 0.0150 0.0350 0.7076 0.0293 0.0264 0.0154 0.0369 
        H354 11 0.0173 0.0560 0.0413 0.0370 0.0622 0.6700 0.0252 0.0241 0.0325 0.0345 
