        D023  2 0.8160 0.1190 0.0650 
        D130  2 0.2563 0.6994 0.0443 
        D131  2 0.4533 0.3112 0.2355 
        D163  2 0.2396 0.5214 0.2390 
        D164  2 0.6323 0.3337 0.0340 
        D165  2 0.7298 0.2062 0.0640 
        D166  2 0.2297 0.6295 0.1407 
        D167  2 0.7573 0.0764 0.1663 
        D192  2 0.8700 0.0455 0.0844 
        D193  2 0.1021 0.5285 0.3694 
        D206  2 0.5388 0.3819 0.0793 
        D207  2 0.6290 0.1637 0.2072 
        D208  2 0.1387 0.1319 0.7294 
        D209  2 0.8174 0.0748 0.1078 
        D210  2 0.1857 0.1094 0.7049 
     D229599  2 0.3997 0.1623 0.4380 
     D229600  2 0.5977 0.3159 0.0864 
     D237227  2 0.1299 0.1773 0.6928 
     D237228  2 0.1060 0.5928 0.3012 
     D237258  2 0.3614 0.3285 0.3102 
     D237310  2 0.0656 0.8332 0.1012 
     D237311  2 0.1365 0.7857 0.0777 
     D237312  2 0.0710 0.8449 0.0841 
     D237313  2 0.2155 0.3342 0.4503 
     D237322  2 0.1533 0.3262 0.5204 
     D237323  2 0.0517 0.6177 0.3306 
     D237324  2 0.6766 0.2119 0.1115 
     D237325  2 0.1269 0.7231 0.1500 
     D237326  2 0.2565 0.5362 0.2073 
     D237327  2 0.2281 0.0774 0.6946 
     D237337  2 0.0614 0.8399 0.0987 
     D237338  2 0.2109 0.5607 0.2283 
     D237339  2 0.8431 0.0702 0.0867 
     D237340  2 0.1932 0.5625 0.2443 
     D237389  2 0.0668 0.8799 0.0533 
     D237390  2 0.0751 0.7609 0.1640 
     D244017  2 0.2072 0.0777 0.7152 
     D244112  2 0.5769 0.3078 0.1153 
     D244118  2 0.7711 0.1106 0.1183 
     D244119  2 0.3553 0.0898 0.5550 
     D244120  2 0.2198 0.3820 0.3982 
     D244122  2 0.7402 0.1419 0.1179 
        D291  2 0.2218 0.1002 0.6780 
        D292  2 0.2115 0.0834 0.7050 
        D293  2 0.9145 0.0404 0.0450 
        D322  2 0.8947 0.0418 0.0634 
        D323  2 0.5961 0.2088 0.1951 
        D324  2 0.3692 0.1673 0.4635 
        D325  2 0.8698 0.0751 0.0551 
        D326  2 0.4853 0.1288 0.3859 
        D340  2 0.8954 0.0495 0.0550 
        D341  2 0.6483 0.2375 0.1142 
        D342  2 0.6711 0.1929 0.1361 
        D343  2 0.9341 0.0348 0.0311 
        D344  2 0.7156 0.2132 0.0711 
        D345  2 0.7026 0.0689 0.2285 
        D346  2 0.4179 0.2019 0.3802 
        D351  2 0.4860 0.2513 0.2627 
        D352  2 0.6400 0.1561 0.2040 
        D353  2 0.7006 0.1678 0.1315 
        D354  2 0.6686 0.1519 0.1795 
        D362  2 0.5924 0.1736 0.2340 
        D363  2 0.5644 0.1269 0.3087 
        D364  2 0.7672 0.1204 0.1123 
        D365  2 0.9062 0.0455 0.0483 
        D369  2 0.2869 0.3171 0.3961 
        D374  2 0.1266 0.3486 0.5248 
        D375  2 0.7172 0.1932 0.0895 
        D376  2 0.2034 0.3282 0.4684 
        D377  2 0.2360 0.6227 0.1413 
        D378  2 0.8779 0.0558 0.0663 
        D379  2 0.5527 0.2044 0.2429 
        D384  2 0.3816 0.2395 0.3789 
        D385  2 0.8822 0.0713 0.0465 
        D386  2 0.8479 0.0889 0.0633 
        D391  2 0.8920 0.0590 0.0490 
        D392  2 0.7942 0.0912 0.1146 
        D393  2 0.7145 0.0837 0.2018 
        D394  2 0.3972 0.2648 0.3380 
        D395  2 0.8471 0.0848 0.0681 
        D401  2 0.0593 0.8729 0.0679 
        D402  2 0.8810 0.0518 0.0672 
        D403  2 0.6318 0.2822 0.0861 
        D415  2 0.5161 0.4259 0.0580 
        D435  2 0.7766 0.1452 0.0782 
        D436  2 0.2870 0.5924 0.1207 
        D438  2 0.8836 0.0710 0.0455 
        D439  2 0.8732 0.0481 0.0786 
        D449  2 0.7979 0.1500 0.0520 
        D450  2 0.1983 0.5510 0.2507 
        D456  2 0.5931 0.1298 0.2771 
        D462  2 0.9269 0.0364 0.0367 
        D463  2 0.5116 0.1256 0.3627 
        D464  2 0.7280 0.1734 0.0986 
        D465  2 0.6408 0.3055 0.0537 
        D473  2 0.1671 0.3860 0.4469 
        D474  2 0.3677 0.1165 0.5158 
        D476  2 0.7192 0.2149 0.0660 
        D477  2 0.5363 0.1588 0.3049 
        D478  2 0.4405 0.1120 0.4475 
        D480  2 0.6794 0.1097 0.2108 
        D481  2 0.3537 0.0726 0.5737 
        D482  2 0.1391 0.2228 0.6380 
        D483  2 0.7940 0.0467 0.1593 
        D484  2 0.6257 0.1413 0.2330 
        D510  2 0.0757 0.2042 0.7201 
        D511  2 0.8359 0.0654 0.0987 
        D512  2 0.1994 0.7547 0.0459 
        D513  2 0.6205 0.2378 0.1417 
        D635  2 0.7791 0.0959 0.1250 
        D636  2 0.5373 0.3742 0.0885 
        D637  2 0.4439 0.4141 0.1421 
        D658  2 0.5056 0.3400 0.1543 
        D659  2 0.3920 0.2995 0.3085 
        D677  2 0.2132 0.6507 0.1362 
        D678  2 0.7844 0.1122 0.1035 
        D679  2 0.4591 0.1808 0.3601 
        D719  2 0.3588 0.1445 0.4967 
        D720  2 0.3922 0.2081 0.3997 
        D721  2 0.8250 0.1008 0.0742 
        D722  2 0.2195 0.3272 0.4533 
        D734  2 0.5166 0.1327 0.3507 
        D735  2 0.6251 0.1408 0.2341 
        D736  2 0.2336 0.1774 0.5890 
        D737  2 0.5653 0.0992 0.3355 
        D807  2 0.2340 0.2433 0.5226 
        D808  2 0.4306 0.3912 0.1782 
        D817  2 0.3821 0.3543 0.2636 
        D818  2 0.5830 0.2391 0.1779 
        D819  2 0.3096 0.5146 0.1758 
        D820  2 0.6707 0.2176 0.1117 
        D895  2 0.4135 0.4230 0.1635 
        D896  2 0.0460 0.8800 0.0739 
        D897  2 0.5929 0.2258 0.1813 
        D898  2 0.1473 0.2550 0.5977 
        D918  2 0.1333 0.7151 0.1516 
        D919  2 0.7847 0.0738 0.1415 
        D920  2 0.1410 0.7777 0.0812 
        D923  2 0.7774 0.1105 0.1121 
        D930  2 0.4614 0.3193 0.2193 
        D931  2 0.6588 0.1867 0.1545 
        D968  2 0.8863 0.0461 0.0676 
        D969  2 0.3649 0.1107 0.5244 
        D977  2 0.7101 0.2043 0.0856 
        D978  2 0.3945 0.0985 0.5070 
        D009  4 0.1218 0.7327 0.1455 
        D057  4 0.5270 0.2770 0.1960 
        D109  4 0.0637 0.8572 0.0791 
     D237222  4 0.2606 0.4622 0.2772 
     D237223  4 0.1349 0.7288 0.1363 
     D237224  4 0.5729 0.1057 0.3214 
     D237225  4 0.2241 0.5324 0.2435 
     D237299  4 0.1309 0.6732 0.1958 
     D237300  4 0.0757 0.1246 0.7996 
     D237306  4 0.1323 0.6592 0.2085 
     D237307  4 0.1343 0.3669 0.4988 
     D237308  4 0.6351 0.1629 0.2021 
     D237309  4 0.4590 0.3242 0.2168 
     D237317  4 0.2757 0.1346 0.5898 
     D237318  4 0.1182 0.0674 0.8143 
     D237319  4 0.1718 0.6398 0.1883 
     D237320  4 0.1691 0.6528 0.1781 
     D237321  4 0.1144 0.1443 0.7413 
     D237397  4 0.1203 0.5118 0.3679 
     D237398  4 0.3136 0.1259 0.5605 
     D237399  4 0.1532 0.1820 0.6648 
     D244001  4 0.4152 0.4679 0.1168 
        D289  4 0.3713 0.1134 0.5153 
        D290  4 0.1641 0.1833 0.6526 
        D294  4 0.4774 0.1418 0.3808 
        D295  4 0.1107 0.7317 0.1576 
        D301  4 0.1102 0.6771 0.2128 
        D302  4 0.7590 0.1362 0.1048 
        D303  4 0.1225 0.3747 0.5027 
        D304  4 0.0801 0.0914 0.8285 
        D305  4 0.7253 0.1381 0.1365 
        D306  4 0.2619 0.1602 0.5780 
        D307  4 0.1547 0.5942 0.2511 
        D327  4 0.3474 0.4057 0.2468 
        D328  4 0.1588 0.5903 0.2509 
        D329  4 0.5849 0.1179 0.2971 
        D330  4 0.5378 0.3948 0.0675 
        D331  4 0.1353 0.1456 0.7190 
        D333  4 0.1862 0.5256 0.2882 
        D334  4 0.1532 0.2136 0.6332 
        D335  4 0.7812 0.1030 0.1158 
        D370  4 0.2468 0.4891 0.2641 
        D371  4 0.1717 0.3594 0.4689 
        D372  4 0.0839 0.0777 0.8384 
        D373  4 0.5167 0.3607 0.1226 
        D455  4 0.3615 0.4152 0.2233 
        D490  4 0.0424 0.9065 0.0511 
        D497  4 0.0672 0.8419 0.0908 
        D498  4 0.1001 0.2409 0.6590 
        D499  4 0.4689 0.3471 0.1840 
        D514  4 0.3598 0.4939 0.1463 
        D515  4 0.1015 0.8481 0.0504 
        D516  4 0.1463 0.6117 0.2420 
        D517  4 0.3370 0.4118 0.2512 
        D518  4 0.4895 0.4002 0.1103 
        D519  4 0.0873 0.8324 0.0803 
        D560  4 0.1505 0.7620 0.0875 
        D561  4 0.7351 0.1985 0.0663 
        D562  4 0.3705 0.1551 0.4745 
        D563  4 0.8209 0.1104 0.0687 
        D572  4 0.6476 0.1818 0.1706 
        D629  4 0.5095 0.2928 0.1977 
        D630  4 0.2511 0.4501 0.2987 
        D631  4 0.5553 0.2683 0.1764 
        D632  4 0.7003 0.2538 0.0459 
        D646  4 0.2257 0.6504 0.1240 
        D647  4 0.4426 0.4287 0.1287 
        D648  4 0.2966 0.6030 0.1004 
        D649  4 0.3620 0.5310 0.1069 
        D650  4 0.1657 0.5502 0.2841 
        D708  4 0.1557 0.4165 0.4277 
        D709  4 0.1835 0.3728 0.4437 
        D738  4 0.0948 0.5171 0.3881 
        D739  4 0.1463 0.6489 0.2048 
        D740  4 0.1200 0.2765 0.6035 
        D741  4 0.1703 0.7820 0.0478 
        D742  4 0.4705 0.2958 0.2337 
        D743  4 0.6627 0.1546 0.1827 
        D744  4 0.7759 0.1066 0.1175 
        D745  4 0.0669 0.8524 0.0807 
        D814  4 0.5110 0.3560 0.1331 
        D815  4 0.5169 0.2441 0.2390 
        D828  4 0.1283 0.3394 0.5323 
        D845  4 0.0728 0.0454 0.8818 
        D846  4 0.7883 0.1202 0.0915 
        D847  4 0.1801 0.2748 0.5452 
        D848  4 0.5364 0.1829 0.2807 
        D849  4 0.1259 0.8114 0.0627 
        D850  4 0.3857 0.2387 0.3757 
        D856  4 0.2698 0.5498 0.1804 
        D857  4 0.0827 0.8367 0.0806 
        D859  4 0.3304 0.3825 0.2871 
        D860  4 0.1542 0.0382 0.8077 
        D883  4 0.1161 0.6251 0.2588 
        D884  4 0.0603 0.8782 0.0615 
        D885  4 0.3225 0.5565 0.1210 
        D886  4 0.3662 0.3772 0.2565 
        D887  4 0.3234 0.3450 0.3316 
        D889  4 0.0664 0.0845 0.8491 
        D890  4 0.3768 0.3806 0.2425 
        D891  4 0.0447 0.0337 0.9216 
        D899  4 0.4383 0.1442 0.4175 
        D900  4 0.3346 0.2374 0.4281 
        D970  4 0.4680 0.0965 0.4355 
        D971  4 0.8068 0.0906 0.1026 
        D979  4 0.6639 0.1512 0.1848 
        D093  5 0.0889 0.4303 0.4808 
        D154  5 0.2471 0.5161 0.2368 
        D168  5 0.3553 0.4998 0.1449 
        D189  5 0.1050 0.1803 0.7147 
        D190  5 0.1692 0.2950 0.5358 
     D237220  5 0.0731 0.3450 0.5819 
     D237221  5 0.1866 0.1694 0.6440 
     D237274  5 0.8256 0.1095 0.0649 
     D237275  5 0.4492 0.1637 0.3871 
     D237276  5 0.1259 0.6926 0.1815 
     D237277  5 0.1719 0.1672 0.6610 
     D237278  5 0.4761 0.3118 0.2122 
     D237279  5 0.4427 0.4852 0.0721 
     D237280  5 0.2519 0.4277 0.3203 
     D237281  5 0.4265 0.1042 0.4693 
     D237351  5 0.0557 0.8160 0.1282 
     D237352  5 0.4960 0.3723 0.1317 
     D237353  5 0.0966 0.1136 0.7898 
     D237359  5 0.0759 0.3322 0.5919 
     D237361  5 0.0791 0.1201 0.8008 
     D237362  5 0.2117 0.5962 0.1921 
     D237363  5 0.3756 0.3064 0.3180 
     D237364  5 0.3925 0.5033 0.1042 
     D237376  5 0.1237 0.6084 0.2680 
     D237377  5 0.3068 0.4465 0.2467 
     D237378  5 0.1263 0.3194 0.5542 
     D237379  5 0.2008 0.4092 0.3901 
     D237380  5 0.2033 0.6391 0.1577 
     D237381  5 0.4098 0.3326 0.2576 
     D237391  5 0.1083 0.1165 0.7752 
     D237392  5 0.7637 0.1621 0.0741 
     D237393  5 0.3280 0.2009 0.4711 
     D237394  5 0.1431 0.1483 0.7086 
     D237395  5 0.1714 0.3797 0.4489 
     D237396  5 0.6587 0.0929 0.2485 
     D244016  5 0.5757 0.0947 0.3295 
     D244018  5 0.3908 0.2472 0.3620 
     D244019  5 0.5606 0.1293 0.3101 
        D279  5 0.1631 0.4308 0.4061 
        D280  5 0.1062 0.0754 0.8184 
        D281  5 0.1848 0.1008 0.7144 
        D283  5 0.1058 0.0938 0.8004 
        D284  5 0.1302 0.7373 0.1325 
        D285  5 0.0615 0.0893 0.8492 
        D286  5 0.2482 0.3611 0.3908 
        D287  5 0.0802 0.6307 0.2891 
        D288  5 0.1270 0.0745 0.7985 
        D308  5 0.1827 0.7282 0.0891 
        D309  5 0.8491 0.0923 0.0585 
        D310  5 0.0516 0.0974 0.8510 
        D311  5 0.1712 0.5450 0.2838 
        D312  5 0.3586 0.2992 0.3421 
        D313  5 0.0488 0.8522 0.0991 
        D314  5 0.2206 0.6297 0.1496 
        D315  5 0.2583 0.2047 0.5370 
        D317  5 0.0571 0.2448 0.6982 
        D318  5 0.4190 0.2620 0.3190 
        D319  5 0.0569 0.1937 0.7494 
        D320  5 0.0633 0.1133 0.8235 
        D321  5 0.0816 0.5857 0.3327 
        D336  5 0.0972 0.2448 0.6581 
        D337  5 0.0625 0.0694 0.8681 
        D338  5 0.1956 0.4369 0.3675 
        D339  5 0.0505 0.1820 0.7675 
        D347  5 0.2953 0.1099 0.5948 
        D348  5 0.1338 0.0597 0.8066 
        D349  5 0.0933 0.7807 0.1259 
        D350  5 0.7178 0.2022 0.0800 
        D355  5 0.4110 0.2026 0.3864 
        D356  5 0.1351 0.1655 0.6993 
        D357  5 0.1741 0.2356 0.5903 
        D358  5 0.3652 0.1996 0.4352 
        D359  5 0.2581 0.1247 0.6172 
        D360  5 0.0963 0.1217 0.7820 
        D361  5 0.0562 0.8803 0.0635 
        D366  5 0.7131 0.1840 0.1029 
        D367  5 0.0737 0.4291 0.4972 
        D368  5 0.1022 0.7064 0.1914 
        D380  5 0.8108 0.1036 0.0856 
        D381  5 0.1193 0.0832 0.7975 
        D400  5 0.1220 0.2673 0.6106 
        D411  5 0.0613 0.9036 0.0351 
        D412  5 0.2288 0.0915 0.6797 
        D413  5 0.8730 0.0722 0.0548 
        D414  5 0.6470 0.1983 0.1546 
        D420  5 0.1101 0.1657 0.7242 
        D431  5 0.0864 0.5594 0.3542 
        D432  5 0.2726 0.1407 0.5866 
        D433  5 0.0833 0.2184 0.6983 
        D434  5 0.0925 0.1191 0.7884 
        D440  5 0.6809 0.2562 0.0629 
        D447  5 0.7543 0.1348 0.1109 
        D448  5 0.0921 0.3490 0.5588 
        D459  5 0.5343 0.1286 0.3371 
        D460  5 0.1592 0.7210 0.1199 
        D461  5 0.7948 0.1183 0.0870 
        D468  5 0.1640 0.7539 0.0821 
        D469  5 0.1622 0.5603 0.2775 
        D470  5 0.1072 0.7861 0.1068 
        D471  5 0.1697 0.2745 0.5559 
        D472  5 0.5744 0.0599 0.3657 
        D479  5 0.8195 0.1003 0.0802 
        D485  5 0.2258 0.5612 0.2130 
        D486  5 0.1278 0.7803 0.0920 
        D487  5 0.1940 0.1476 0.6584 
        D555  5 0.0713 0.0540 0.8747 
        D556  5 0.1536 0.3213 0.5250 
        D557  5 0.1926 0.1619 0.6454 
        D564  5 0.4068 0.2276 0.3656 
        D594  5 0.4235 0.1988 0.3777 
        D595  5 0.1789 0.3869 0.4342 
        D596  5 0.0769 0.0572 0.8659 
        D597  5 0.3357 0.0697 0.5946 
        D598  5 0.1782 0.3447 0.4770 
        D617  5 0.1652 0.7434 0.0914 
        D618  5 0.1597 0.1565 0.6838 
        D619  5 0.3483 0.2804 0.3713 
        D620  5 0.7578 0.0771 0.1651 
        D628  5 0.5308 0.2698 0.1994 
        D714  5 0.1795 0.2400 0.5805 
        D715  5 0.1463 0.1065 0.7472 
        D716  5 0.2875 0.2824 0.4301 
        D717  5 0.2340 0.1210 0.6449 
        D718  5 0.0666 0.7766 0.1568 
        D769  5 0.2534 0.6361 0.1106 
        D770  5 0.3750 0.4910 0.1339 
        D771  5 0.2463 0.3105 0.4433 
        D772  5 0.3244 0.3421 0.3336 
        D782  5 0.3777 0.3233 0.2989 
        D783  5 0.6581 0.1199 0.2220 
        D784  5 0.5644 0.0875 0.3481 
        D785  5 0.1654 0.4065 0.4281 
        D786  5 0.5743 0.3404 0.0853 
        D821  5 0.0741 0.1266 0.7993 
        D822  5 0.5997 0.1325 0.2677 
        D826  5 0.1736 0.2512 0.5752 
        D827  5 0.5778 0.3021 0.1201 
        D851  5 0.4892 0.1839 0.3269 
        D852  5 0.2226 0.1684 0.6089 
        D853  5 0.1625 0.2160 0.6215 
        D854  5 0.2746 0.5984 0.1270 
        D861  5 0.1785 0.5000 0.3215 
        D862  5 0.3443 0.2583 0.3974 
        D865  5 0.1107 0.1777 0.7116 
        D868  5 0.1514 0.2956 0.5530 
        D869  5 0.1007 0.8534 0.0458 
        D870  5 0.8697 0.0766 0.0537 
        D907  5 0.0620 0.2048 0.7333 
        D908  5 0.1869 0.1577 0.6554 
        D910  5 0.1524 0.2992 0.5484 
        D911  5 0.1769 0.1316 0.6915 
        D934  5 0.4982 0.2685 0.2333 
        D946  5 0.2106 0.4665 0.3229 
        D947  5 0.2893 0.4050 0.3057 
        D948  5 0.0802 0.6417 0.2781 
        D949  5 0.0506 0.8657 0.0836 
        D950  5 0.2636 0.1172 0.6193 
        D951  5 0.7945 0.1058 0.0997 
        D952  5 0.2343 0.1492 0.6165 
        D953  5 0.0925 0.1198 0.7878 
        D954  5 0.3587 0.1560 0.4853 
        D961  5 0.1561 0.6541 0.1898 
        D962  5 0.2148 0.2848 0.5004 
        D963  5 0.3112 0.1551 0.5337 
        D964  5 0.1759 0.5023 0.3218 
        D965  5 0.5785 0.2379 0.1836 
        D966  5 0.4435 0.1392 0.4173 
        D967  5 0.2221 0.0814 0.6964 
        D991  5 0.2001 0.4872 0.3127 
        D132  8 0.0456 0.8954 0.0590 
        D133  8 0.7360 0.1663 0.0977 
        D200  8 0.1324 0.2908 0.5769 
        D500  8 0.0514 0.8922 0.0565 
        D614  8 0.0899 0.3779 0.5322 
        D723  8 0.0958 0.8092 0.0951 
        D888  8 0.1062 0.0697 0.8241 
        D901  8 0.0484 0.8699 0.0817 
        D902  8 0.1390 0.4432 0.4178 
        D903  8 0.6376 0.1566 0.2058 
        D904  8 0.6254 0.1511 0.2235 
        D905  8 0.0422 0.0544 0.9034 
        D906  8 0.7049 0.0909 0.2041 
        D937  8 0.0681 0.3415 0.5904 
        D943  8 0.2123 0.4326 0.3550 
        D972  8 0.0955 0.8425 0.0620 
        D973  8 0.1921 0.7087 0.0992 
        D974  8 0.1979 0.5553 0.2468 
        D975  8 0.1444 0.1689 0.6867 
        D976  8 0.1583 0.4876 0.3541 
        D142 10 0.5513 0.2311 0.2175 
        D143 10 0.8078 0.1120 0.0802 
        D144 10 0.4326 0.2581 0.3094 
        D145 10 0.0814 0.2554 0.6632 
        D146 10 0.1209 0.8203 0.0587 
        D147 10 0.2810 0.6559 0.0631 
        D148 10 0.6977 0.1939 0.1084 
        D149 10 0.3696 0.2250 0.4054 
        D151 10 0.3465 0.1939 0.4596 
        D152 10 0.7484 0.1022 0.1495 
        D153 10 0.2821 0.5741 0.1438 
        D156 10 0.7611 0.1406 0.0983 
        D157 10 0.1990 0.3960 0.4050 
        D158 10 0.0564 0.6334 0.3102 
        D159 10 0.8018 0.0931 0.1051 
        D160 10 0.0322 0.0421 0.9257 
        D161 10 0.5582 0.2675 0.1744 
        D162 10 0.7710 0.0886 0.1404 
        D169 10 0.2611 0.4233 0.3155 
        D170 10 0.2082 0.6943 0.0975 
        D171 10 0.3201 0.6149 0.0650 
        D172 10 0.3132 0.6142 0.0727 
        D173 10 0.8033 0.1158 0.0809 
        D181 10 0.3867 0.2873 0.3261 
        D182 10 0.2767 0.4322 0.2911 
        D183 10 0.0723 0.2038 0.7239 
        D184 10 0.2164 0.7363 0.0474 
        D185 10 0.5092 0.3387 0.1521 
        D186 10 0.0622 0.8526 0.0853 
        D194 10 0.2817 0.5643 0.1540 
        D195 10 0.5165 0.1456 0.3379 
        D196 10 0.5269 0.0846 0.3884 
        D197 10 0.2502 0.6379 0.1120 
        D198 10 0.3797 0.3436 0.2767 
     D237226 10 0.2532 0.1414 0.6054 
     D237232 10 0.0971 0.1855 0.7174 
     D237233 10 0.2331 0.4304 0.3365 
     D237234 10 0.1865 0.4358 0.3777 
     D237354 10 0.0633 0.0615 0.8752 
     D237355 10 0.0482 0.0548 0.8970 
     D237356 10 0.3200 0.3698 0.3103 
     D237357 10 0.4625 0.4150 0.1225 
     D237358 10 0.8392 0.0799 0.0809 
     D237369 10 0.0723 0.8924 0.0353 
     D237370 10 0.3516 0.2816 0.3668 
     D237371 10 0.4173 0.3569 0.2258 
     D237372 10 0.5849 0.2570 0.1581 
     D237373 10 0.1801 0.3535 0.4664 
     D237374 10 0.0524 0.0801 0.8675 
     D237375 10 0.7216 0.1358 0.1427 
     D237400 10 0.6770 0.1753 0.1477 
     D244002 10 0.5280 0.3801 0.0919 
     D244003 10 0.0509 0.0712 0.8778 
     D244004 10 0.0398 0.1611 0.7990 
     D244005 10 0.1013 0.1230 0.7757 
     D244020 10 0.3184 0.3983 0.2833 
     D244021 10 0.0712 0.8553 0.0734 
     D244116 10 0.2792 0.6139 0.1069 
     D244117 10 0.1363 0.0958 0.7679 
     D244121 10 0.1587 0.3135 0.5279 
     D244123 10 0.1307 0.1801 0.6891 
     D244124 10 0.4360 0.3875 0.1765 
        D332 10 0.5038 0.3908 0.1053 
        D570 10 0.3080 0.2396 0.4524 
        D602 10 0.6957 0.2025 0.1018 
        D603 10 0.2924 0.3465 0.3611 
        D604 10 0.8046 0.0774 0.1180 
        D605 10 0.4591 0.1622 0.3787 
        D606 10 0.1715 0.4743 0.3542 
        D607 10 0.7973 0.1019 0.1008 
        D608 10 0.9194 0.0393 0.0413 
        D609 10 0.1020 0.5030 0.3951 
        D610 10 0.0981 0.0837 0.8182 
        D611 10 0.0490 0.1574 0.7936 
        D613 10 0.4592 0.2306 0.3101 
        D633 10 0.8583 0.0596 0.0821 
        D634 10 0.3583 0.5012 0.1405 
        D638 10 0.5503 0.1648 0.2848 
        D681 10 0.1615 0.7606 0.0779 
        D754 10 0.0487 0.8091 0.1422 
        D755 10 0.1671 0.2088 0.6242 
        D756 10 0.0907 0.5624 0.3469 
        D757 10 0.2116 0.0925 0.6959 
        D758 10 0.2306 0.5189 0.2505 
        D759 10 0.2203 0.0623 0.7174 
        D760 10 0.2142 0.2855 0.5003 
        D761 10 0.0811 0.0602 0.8587 
        D762 10 0.8096 0.1014 0.0890 
        D775 10 0.0671 0.1721 0.7608 
        D776 10 0.1489 0.1106 0.7405 
        D777 10 0.0618 0.0945 0.8437 
        D778 10 0.1237 0.3262 0.5501 
        D779 10 0.0882 0.7880 0.1238 
        D780 10 0.4230 0.1960 0.3811 
        D781 10 0.7592 0.1508 0.0900 
        D858 10 0.1154 0.7008 0.1838 
        D933 10 0.3924 0.0949 0.5127 
        D038 11 0.2074 0.2200 0.5726 
        D063 11 0.1940 0.3119 0.4941 
        D155 11 0.1640 0.1489 0.6871 
        D175 11 0.0769 0.7528 0.1704 
        D176 11 0.2333 0.4655 0.3012 
        D205 11 0.0773 0.3747 0.5480 
     D237229 11 0.5821 0.1432 0.2747 
     D237230 11 0.5261 0.4165 0.0574 
     D237231 11 0.7046 0.1590 0.1363 
     D237269 11 0.6291 0.1351 0.2358 
     D237270 11 0.3948 0.4343 0.1709 
     D237271 11 0.3300 0.3115 0.3585 
     D237272 11 0.1284 0.7619 0.1097 
     D237273 11 0.1164 0.2374 0.6462 
     D237301 11 0.3893 0.3882 0.2226 
     D237302 11 0.2604 0.6257 0.1140 
     D237303 11 0.4451 0.5057 0.0493 
     D237304 11 0.3198 0.4510 0.2293 
     D237305 11 0.0979 0.3429 0.5592 
     D237314 11 0.1309 0.2579 0.6111 
     D237315 11 0.1603 0.7038 0.1359 
     D237316 11 0.7221 0.1220 0.1560 
     D237328 11 0.1707 0.7146 0.1148 
     D237329 11 0.2859 0.2349 0.4791 
     D237330 11 0.1260 0.2390 0.6350 
     D237331 11 0.1917 0.1293 0.6790 
     D237332 11 0.1433 0.4918 0.3649 
     D237333 11 0.3134 0.0801 0.6065 
     D237334 11 0.4235 0.3493 0.2272 
     D237335 11 0.1569 0.4007 0.4424 
     D237336 11 0.0811 0.1013 0.8175 
     D237350 11 0.4770 0.1591 0.3639 
     D237383 11 0.1524 0.3377 0.5099 
     D237384 11 0.4166 0.1799 0.4035 
     D237385 11 0.2402 0.4383 0.3215 
     D237386 11 0.5026 0.2658 0.2316 
     D237387 11 0.1890 0.6637 0.1473 
     D237388 11 0.3424 0.2820 0.3755 
        D239 11 0.1681 0.1616 0.6703 
        D240 11 0.1720 0.0722 0.7558 
        D241 11 0.3191 0.1102 0.5707 
        D242 11 0.5532 0.1648 0.2820 
        D243 11 0.0798 0.1079 0.8122 
        D244 11 0.0592 0.0639 0.8769 
        D245 11 0.1178 0.7927 0.0895 
        D246 11 0.1532 0.6181 0.2287 
        D247 11 0.3425 0.2444 0.4132 
        D248 11 0.5772 0.2565 0.1663 
        D249 11 0.0850 0.7882 0.1267 
        D250 11 0.6037 0.1580 0.2383 
        D251 11 0.1623 0.5789 0.2588 
        D252 11 0.1714 0.7430 0.0856 
        D253 11 0.1262 0.2567 0.6172 
        D254 11 0.2924 0.6319 0.0757 
        D255 11 0.4159 0.4241 0.1599 
        D256 11 0.1169 0.1467 0.7364 
        D257 11 0.1727 0.6205 0.2068 
        D258 11 0.1482 0.7241 0.1277 
        D259 11 0.2588 0.6135 0.1276 
        D260 11 0.3177 0.4287 0.2536 
        D261 11 0.3127 0.4788 0.2085 
        D262 11 0.1357 0.7553 0.1090 
        D263 11 0.3535 0.3328 0.3138 
        D264 11 0.1253 0.8022 0.0725 
        D265 11 0.3056 0.4483 0.2461 
        D266 11 0.4325 0.0946 0.4729 
        D267 11 0.1483 0.1958 0.6558 
        D268 11 0.1643 0.1468 0.6888 
        D269 11 0.4146 0.2615 0.3238 
        D270 11 0.1662 0.6825 0.1512 
        D271 11 0.2301 0.2054 0.5645 
        D272 11 0.3660 0.0764 0.5576 
        D273 11 0.0611 0.8875 0.0513 
        D274 11 0.2892 0.1792 0.5315 
        D275 11 0.3824 0.1537 0.4639 
        D276 11 0.2183 0.1256 0.6561 
        D277 11 0.5023 0.2271 0.2705 
        D278 11 0.1437 0.5642 0.2921 
        D282 11 0.1228 0.6875 0.1897 
        D296 11 0.1411 0.1191 0.7399 
        D297 11 0.1900 0.1500 0.6599 
        D298 11 0.3871 0.1564 0.4565 
        D299 11 0.1872 0.5128 0.3000 
        D300 11 0.3542 0.1969 0.4490 
        D382 11 0.1319 0.1555 0.7126 
        D383 11 0.0675 0.2363 0.6962 
        D387 11 0.2909 0.4010 0.3081 
        D388 11 0.5077 0.1532 0.3391 
        D389 11 0.2948 0.3977 0.3075 
        D390 11 0.3559 0.2300 0.4141 
        D396 11 0.3974 0.3056 0.2970 
        D397 11 0.0987 0.7488 0.1526 
        D398 11 0.1751 0.1007 0.7243 
        D399 11 0.7227 0.2115 0.0658 
        D437 11 0.2429 0.5857 0.1714 
        D441 11 0.1362 0.2492 0.6146 
        D442 11 0.2852 0.2369 0.4778 
        D443 11 0.0638 0.0543 0.8819 
        D444 11 0.5936 0.1748 0.2315 
        D445 11 0.1251 0.7829 0.0920 
        D446 11 0.6161 0.1325 0.2513 
        D451 11 0.1810 0.6093 0.2098 
        D452 11 0.6445 0.1364 0.2191 
        D453 11 0.5092 0.1943 0.2966 
        D454 11 0.3833 0.3863 0.2304 
        D457 11 0.0590 0.8017 0.1393 
        D458 11 0.1291 0.0964 0.7745 
        D466 11 0.6685 0.2348 0.0967 
        D467 11 0.2429 0.5355 0.2216 
        D475 11 0.1591 0.7681 0.0727 
        D488 11 0.5317 0.1931 0.2752 
        D489 11 0.1579 0.6726 0.1695 
        D493 11 0.6250 0.1510 0.2239 
        D494 11 0.4129 0.3521 0.2350 
        D495 11 0.2235 0.5946 0.1819 
        D496 11 0.1305 0.0624 0.8071 
        D674 11 0.2013 0.1044 0.6943 
        D675 11 0.0979 0.0458 0.8563 
        D676 11 0.0888 0.7996 0.1117 
        D680 11 0.0835 0.0686 0.8478 
        D701 11 0.1169 0.5397 0.3434 
        D702 11 0.5914 0.2992 0.1094 
        D703 11 0.2983 0.1162 0.5855 
        D704 11 0.1934 0.5755 0.2311 
        D705 11 0.2478 0.7106 0.0416 
        D706 11 0.3538 0.2956 0.3505 
        D707 11 0.1350 0.6925 0.1725 
        D751 11 0.2266 0.3896 0.3838 
        D752 11 0.1997 0.3059 0.4943 
        D753 11 0.2945 0.5852 0.1203 
        D773 11 0.0518 0.9047 0.0434 
        D774 11 0.3777 0.1361 0.4862 
        D801 11 0.3028 0.2889 0.4082 
        D802 11 0.3814 0.5246 0.0941 
        D803 11 0.0824 0.1376 0.7800 
        D804 11 0.1447 0.7098 0.1455 
        D805 11 0.2476 0.3595 0.3930 
        D806 11 0.0614 0.8826 0.0560 
        D809 11 0.3796 0.3536 0.2669 
        D810 11 0.1781 0.1082 0.7137 
        D812 11 0.2567 0.5258 0.2175 
        D813 11 0.3411 0.0867 0.5722 
        D823 11 0.3187 0.4578 0.2235 
        D824 11 0.2515 0.4342 0.3142 
        D829 11 0.6982 0.0662 0.2356 
        D830 11 0.3038 0.5669 0.1293 
        D831 11 0.1154 0.6815 0.2031 
        D832 11 0.3818 0.2618 0.3564 
        D833 11 0.1408 0.0821 0.7771 
        D834 11 0.3411 0.1026 0.5563 
        D835 11 0.0702 0.8215 0.1083 
        D855 11 0.1887 0.5318 0.2796 
        D863 11 0.1240 0.0529 0.8231 
        D864 11 0.2401 0.3442 0.4156 
        D878 11 0.1221 0.4131 0.4648 
        D879 11 0.1670 0.7129 0.1201 
        D880 11 0.3725 0.0733 0.5542 
        D881 11 0.0621 0.0656 0.8722 
        D882 11 0.3103 0.4019 0.2878 
        D909 11 0.2854 0.3655 0.3492 
        D921 11 0.3568 0.3066 0.3367 
        D924 11 0.4095 0.1352 0.4553 
        D935 11 0.4025 0.3373 0.2603 
        D940 11 0.0785 0.0491 0.8725 
        D941 11 0.1356 0.0737 0.7907 
        D942 11 0.1103 0.8032 0.0865 
        D980 11 0.4753 0.1726 0.3521 
        D981 11 0.4261 0.4053 0.1685 
        D982 11 0.8016 0.0845 0.1140 
        D983 11 0.1371 0.2014 0.6615 
        D984 11 0.3775 0.2386 0.3839 
        D992 11 0.1599 0.7565 0.0835 
        D993 11 0.3681 0.3449 0.2870 
        D994 11 0.1052 0.3894 0.5054 
        D995 11 0.2271 0.6890 0.0839 
        H354 11 0.3631 0.5387 0.0982 
