        D023  2 0.1965 0.0492 0.7210 0.0334 
        D130  2 0.0635 0.5572 0.3489 0.0304 
        D131  2 0.4381 0.2342 0.1490 0.1786 
        D163  2 0.1475 0.5516 0.1689 0.1320 
        D164  2 0.0643 0.2497 0.6695 0.0165 
        D165  2 0.0873 0.1016 0.7717 0.0394 
        D166  2 0.3054 0.4601 0.1408 0.0938 
        D167  2 0.0469 0.0298 0.8583 0.0650 
        D192  2 0.0306 0.0189 0.9119 0.0385 
        D193  2 0.4396 0.1498 0.0568 0.3538 
        D206  2 0.4020 0.2376 0.3253 0.0352 
        D207  2 0.1450 0.1724 0.5600 0.1227 
        D208  2 0.0876 0.0772 0.1450 0.6902 
        D209  2 0.1473 0.0377 0.7745 0.0406 
        D210  2 0.0716 0.0589 0.1409 0.7287 
     D229599  2 0.5479 0.0563 0.1540 0.2418 
     D229600  2 0.0478 0.1497 0.7537 0.0488 
     D237227  2 0.1081 0.1461 0.1069 0.6389 
     D237228  2 0.0600 0.5740 0.0740 0.2920 
     D237258  2 0.2105 0.2210 0.3656 0.2029 
     D237310  2 0.0253 0.8849 0.0350 0.0548 
     D237311  2 0.0362 0.7578 0.1548 0.0512 
     D237312  2 0.0703 0.8425 0.0388 0.0485 
     D237313  2 0.6138 0.1583 0.0654 0.1625 
     D237322  2 0.1124 0.1837 0.0911 0.6128 
     D237323  2 0.0331 0.6517 0.0367 0.2785 
     D237324  2 0.0561 0.1055 0.7794 0.0589 
     D237325  2 0.0679 0.7359 0.1005 0.0957 
     D237326  2 0.1871 0.5340 0.1442 0.1348 
     D237327  2 0.1108 0.0497 0.1977 0.6418 
     D237337  2 0.0472 0.8788 0.0307 0.0432 
     D237338  2 0.1076 0.4570 0.2081 0.2273 
     D237339  2 0.1852 0.0429 0.7090 0.0629 
     D237340  2 0.0784 0.4859 0.2230 0.2128 
     D237389  2 0.0413 0.8664 0.0625 0.0298 
     D237390  2 0.0850 0.7923 0.0355 0.0872 
     D244017  2 0.2323 0.0509 0.2381 0.4787 
     D244112  2 0.0528 0.1072 0.7802 0.0599 
     D244118  2 0.0285 0.0307 0.8983 0.0426 
     D244119  2 0.0507 0.0488 0.4298 0.4706 
     D244120  2 0.1653 0.2520 0.2490 0.3337 
     D244122  2 0.0769 0.0435 0.8271 0.0525 
        D291  2 0.1852 0.0614 0.2324 0.5211 
        D292  2 0.2363 0.0512 0.2446 0.4679 
        D293  2 0.0524 0.0212 0.8936 0.0328 
        D322  2 0.0532 0.0265 0.8906 0.0297 
        D323  2 0.3533 0.1310 0.3993 0.1164 
        D324  2 0.2703 0.1296 0.2318 0.3684 
        D325  2 0.0678 0.0711 0.8259 0.0353 
        D326  2 0.8439 0.0342 0.0429 0.0790 
        D340  2 0.0268 0.0310 0.9089 0.0333 
        D341  2 0.0537 0.1416 0.7463 0.0585 
        D342  2 0.1169 0.0805 0.7422 0.0605 
        D343  2 0.0226 0.0179 0.9437 0.0158 
        D344  2 0.8014 0.0704 0.0947 0.0335 
        D345  2 0.7807 0.0280 0.1018 0.0895 
        D346  2 0.4135 0.1257 0.1930 0.2678 
        D351  2 0.4879 0.1874 0.1819 0.1428 
        D352  2 0.3990 0.0896 0.3599 0.1515 
        D353  2 0.8034 0.0463 0.0628 0.0875 
        D354  2 0.8536 0.0429 0.0534 0.0501 
        D362  2 0.6267 0.0672 0.2289 0.0771 
        D363  2 0.6689 0.0468 0.1779 0.1064 
        D364  2 0.8732 0.0290 0.0713 0.0265 
        D365  2 0.0235 0.0265 0.9245 0.0254 
        D369  2 0.2522 0.2952 0.1986 0.2540 
        D374  2 0.4604 0.0493 0.0548 0.4354 
        D375  2 0.8235 0.0482 0.1019 0.0264 
        D376  2 0.4196 0.0520 0.0875 0.4409 
        D377  2 0.3637 0.3988 0.1367 0.1007 
        D378  2 0.1231 0.0255 0.8146 0.0368 
        D379  2 0.8255 0.0658 0.0661 0.0426 
        D384  2 0.8284 0.0631 0.0404 0.0681 
        D385  2 0.0376 0.0363 0.8968 0.0293 
        D386  2 0.6715 0.0421 0.2526 0.0338 
        D391  2 0.0342 0.0350 0.9024 0.0284 
        D392  2 0.0838 0.0764 0.7831 0.0567 
        D393  2 0.3719 0.0647 0.4563 0.1071 
        D394  2 0.3029 0.1690 0.3048 0.2234 
        D395  2 0.0893 0.0467 0.8208 0.0432 
        D401  2 0.0279 0.8993 0.0319 0.0410 
        D402  2 0.0473 0.0271 0.8790 0.0466 
        D403  2 0.7463 0.0599 0.1603 0.0336 
        D415  2 0.5599 0.2650 0.1411 0.0340 
        D435  2 0.2093 0.1242 0.6207 0.0458 
        D436  2 0.4333 0.3544 0.1368 0.0755 
        D438  2 0.0276 0.0307 0.9171 0.0247 
        D439  2 0.5605 0.0297 0.3677 0.0420 
        D449  2 0.2060 0.1275 0.6299 0.0366 
        D450  2 0.4428 0.2909 0.0852 0.1811 
        D456  2 0.7498 0.0523 0.0789 0.1191 
        D462  2 0.0333 0.0236 0.9227 0.0204 
        D463  2 0.8953 0.0297 0.0308 0.0443 
        D464  2 0.6057 0.0849 0.2510 0.0583 
        D465  2 0.0828 0.4611 0.4196 0.0365 
        D473  2 0.1614 0.2796 0.1371 0.4219 
        D474  2 0.3804 0.0571 0.2063 0.3563 
        D476  2 0.0861 0.0974 0.7873 0.0291 
        D477  2 0.7007 0.0604 0.1190 0.1199 
        D478  2 0.4915 0.0596 0.2074 0.2415 
        D480  2 0.2182 0.0655 0.5492 0.1671 
        D481  2 0.5055 0.0382 0.1974 0.2589 
        D482  2 0.2906 0.1447 0.0786 0.4861 
        D483  2 0.0290 0.0194 0.8766 0.0751 
        D484  2 0.2898 0.0760 0.4377 0.1966 
        D510  2 0.1682 0.0709 0.0591 0.7018 
        D511  2 0.2862 0.0386 0.6166 0.0586 
        D512  2 0.0367 0.8376 0.1000 0.0257 
        D513  2 0.2162 0.2096 0.4880 0.0862 
        D635  2 0.4546 0.0436 0.4354 0.0665 
        D636  2 0.1710 0.1955 0.5950 0.0385 
        D637  2 0.2485 0.3081 0.3491 0.0942 
        D658  2 0.0713 0.1826 0.6634 0.0827 
        D659  2 0.6389 0.1305 0.1051 0.1254 
        D677  2 0.2129 0.6097 0.1126 0.0648 
        D678  2 0.0817 0.0398 0.8343 0.0442 
        D679  2 0.6199 0.0778 0.1191 0.1832 
        D719  2 0.3196 0.0780 0.2816 0.3208 
        D720  2 0.4665 0.1420 0.1905 0.2010 
        D721  2 0.0843 0.0374 0.8273 0.0511 
        D722  2 0.4288 0.0695 0.1216 0.3801 
        D734  2 0.3345 0.0600 0.3629 0.2426 
        D735  2 0.3550 0.0566 0.4765 0.1119 
        D736  2 0.2145 0.1041 0.1177 0.5637 
        D737  2 0.0730 0.0488 0.7235 0.1547 
        D807  2 0.2883 0.1614 0.1561 0.3943 
        D808  2 0.2127 0.3759 0.3111 0.1003 
        D817  2 0.6601 0.1859 0.0709 0.0830 
        D818  2 0.2033 0.1655 0.4924 0.1388 
        D819  2 0.4084 0.4256 0.0974 0.0687 
        D820  2 0.4078 0.1192 0.3995 0.0735 
        D895  2 0.6150 0.1913 0.1303 0.0634 
        D896  2 0.0296 0.9104 0.0220 0.0379 
        D897  2 0.0924 0.1390 0.6898 0.0788 
        D898  2 0.4290 0.1651 0.0534 0.3524 
        D918  2 0.1116 0.7268 0.0770 0.0846 
        D919  2 0.3366 0.0324 0.5495 0.0815 
        D920  2 0.0510 0.6160 0.2868 0.0462 
        D923  2 0.7396 0.0440 0.1824 0.0340 
        D930  2 0.5541 0.1775 0.1528 0.1156 
        D931  2 0.3689 0.1408 0.4061 0.0842 
        D968  2 0.0441 0.0241 0.8924 0.0394 
        D969  2 0.4294 0.0760 0.1798 0.3148 
        D977  2 0.0923 0.1923 0.6691 0.0463 
        D978  2 0.2428 0.0585 0.3067 0.3921 
        D009  4 0.1703 0.6750 0.0661 0.0887 
        D057  4 0.0390 0.0727 0.8114 0.0770 
        D109  4 0.0572 0.8677 0.0316 0.0435 
     D237222  4 0.0854 0.1813 0.5524 0.1809 
     D237223  4 0.0539 0.6876 0.1118 0.1467 
     D237224  4 0.5497 0.0452 0.2539 0.1512 
     D237225  4 0.2093 0.4986 0.1368 0.1552 
     D237299  4 0.0875 0.6906 0.0638 0.1581 
     D237300  4 0.0700 0.0749 0.0606 0.7946 
     D237306  4 0.2100 0.5421 0.0734 0.1745 
     D237307  4 0.3120 0.2645 0.0971 0.3264 
     D237308  4 0.0904 0.0664 0.7278 0.1155 
     D237309  4 0.3855 0.1577 0.3387 0.1181 
     D237317  4 0.5664 0.0640 0.1160 0.2536 
     D237318  4 0.0413 0.0459 0.0973 0.8154 
     D237319  4 0.3063 0.5206 0.0750 0.0981 
     D237320  4 0.0584 0.7371 0.0937 0.1109 
     D237321  4 0.1364 0.0865 0.0807 0.6964 
     D237397  4 0.1027 0.4555 0.1107 0.3311 
     D237398  4 0.2307 0.0801 0.1488 0.5404 
     D237399  4 0.1866 0.1298 0.1092 0.5744 
     D244001  4 0.1707 0.1757 0.5982 0.0554 
        D289  4 0.3027 0.0781 0.2830 0.3361 
        D290  4 0.1324 0.1629 0.2113 0.4934 
        D294  4 0.3158 0.0972 0.3084 0.2786 
        D295  4 0.2063 0.6052 0.0682 0.1202 
        D301  4 0.0741 0.5593 0.1928 0.1738 
        D302  4 0.5271 0.0539 0.3699 0.0491 
        D303  4 0.1913 0.2985 0.0783 0.4320 
        D304  4 0.1918 0.0595 0.0624 0.6863 
        D305  4 0.3006 0.0691 0.5649 0.0653 
        D306  4 0.2922 0.1057 0.1642 0.4379 
        D307  4 0.0568 0.3173 0.3992 0.2267 
        D327  4 0.5490 0.1977 0.1436 0.1096 
        D328  4 0.3916 0.3373 0.0846 0.1865 
        D329  4 0.2233 0.0526 0.5315 0.1926 
        D330  4 0.3803 0.3739 0.2107 0.0351 
        D331  4 0.1615 0.1178 0.1100 0.6108 
        D333  4 0.1697 0.3693 0.2200 0.2410 
        D334  4 0.1368 0.1039 0.1293 0.6300 
        D335  4 0.3621 0.0434 0.5404 0.0541 
        D370  4 0.4921 0.1530 0.1424 0.2125 
        D371  4 0.4134 0.2384 0.0475 0.3007 
        D372  4 0.0506 0.0338 0.0436 0.8720 
        D373  4 0.0863 0.1461 0.6923 0.0752 
        D455  4 0.0475 0.1568 0.6786 0.1171 
        D490  4 0.0265 0.9283 0.0212 0.0240 
        D497  4 0.0478 0.8559 0.0482 0.0482 
        D498  4 0.0929 0.1790 0.0932 0.6349 
        D499  4 0.3269 0.2312 0.3098 0.1321 
        D514  4 0.5131 0.3109 0.1042 0.0718 
        D515  4 0.0672 0.8555 0.0467 0.0306 
        D516  4 0.1729 0.4844 0.1733 0.1695 
        D517  4 0.1792 0.2218 0.3698 0.2292 
        D518  4 0.1530 0.1229 0.6760 0.0481 
        D519  4 0.0321 0.8855 0.0362 0.0462 
        D560  4 0.1642 0.7039 0.0828 0.0491 
        D561  4 0.2725 0.1378 0.5538 0.0358 
        D562  4 0.3671 0.0813 0.2220 0.3296 
        D563  4 0.0756 0.0766 0.8118 0.0360 
        D572  4 0.4411 0.0875 0.3849 0.0865 
        D629  4 0.7045 0.1038 0.1167 0.0750 
        D630  4 0.2928 0.2977 0.1792 0.2303 
        D631  4 0.1223 0.0915 0.7040 0.0821 
        D632  4 0.2712 0.1239 0.5775 0.0274 
        D646  4 0.1675 0.6429 0.1223 0.0674 
        D647  4 0.3607 0.2850 0.2937 0.0606 
        D648  4 0.3748 0.2986 0.2245 0.1021 
        D649  4 0.5573 0.3064 0.0894 0.0469 
        D650  4 0.2700 0.5039 0.0840 0.1421 
        D708  4 0.5198 0.1910 0.0640 0.2252 
        D709  4 0.3217 0.3447 0.0986 0.2350 
        D738  4 0.1029 0.4455 0.0676 0.3840 
        D739  4 0.1952 0.5596 0.0998 0.1454 
        D740  4 0.1118 0.2267 0.0783 0.5832 
        D741  4 0.0681 0.8400 0.0639 0.0280 
        D742  4 0.1373 0.2353 0.4504 0.1770 
        D743  4 0.5958 0.0867 0.2280 0.0895 
        D744  4 0.4037 0.0668 0.4536 0.0760 
        D745  4 0.0392 0.8887 0.0327 0.0393 
        D814  4 0.3235 0.1600 0.4361 0.0804 
        D815  4 0.6018 0.0974 0.1975 0.1033 
        D828  4 0.1682 0.1599 0.1330 0.5389 
        D845  4 0.0562 0.0297 0.0503 0.8638 
        D846  4 0.2588 0.0544 0.6443 0.0424 
        D847  4 0.2327 0.2180 0.1519 0.3974 
        D848  4 0.0348 0.0461 0.7694 0.1497 
        D849  4 0.0972 0.7782 0.0883 0.0363 
        D850  4 0.2574 0.1340 0.2483 0.3603 
        D856  4 0.4157 0.3773 0.0928 0.1142 
        D857  4 0.0520 0.8187 0.0748 0.0545 
        D859  4 0.5225 0.1869 0.1190 0.1716 
        D860  4 0.1004 0.0216 0.1485 0.7296 
        D883  4 0.2419 0.5235 0.0648 0.1698 
        D884  4 0.0626 0.8689 0.0309 0.0377 
        D885  4 0.1896 0.5517 0.1711 0.0877 
        D886  4 0.2259 0.2692 0.3787 0.1262 
        D887  4 0.3188 0.2567 0.1383 0.2862 
        D889  4 0.1610 0.0456 0.0355 0.7580 
        D890  4 0.4702 0.1629 0.2418 0.1251 
        D891  4 0.0302 0.0183 0.0274 0.9242 
        D899  4 0.0933 0.0667 0.5102 0.3298 
        D900  4 0.4031 0.2012 0.1506 0.2451 
        D970  4 0.3323 0.0461 0.3212 0.3004 
        D971  4 0.0741 0.0557 0.8190 0.0512 
        D979  4 0.5787 0.0608 0.2971 0.0634 
        D093  5 0.0852 0.2526 0.0521 0.6101 
        D154  5 0.1766 0.4293 0.1974 0.1967 
        D168  5 0.1373 0.4844 0.2977 0.0805 
        D189  5 0.0787 0.0888 0.0937 0.7388 
        D190  5 0.3584 0.1781 0.0930 0.3705 
     D237220  5 0.0814 0.3291 0.0388 0.5507 
     D237221  5 0.2738 0.1295 0.1095 0.4872 
     D237274  5 0.8367 0.0461 0.0882 0.0290 
     D237275  5 0.0579 0.1008 0.5629 0.2783 
     D237276  5 0.1580 0.5554 0.1063 0.1803 
     D237277  5 0.3244 0.0782 0.0748 0.5225 
     D237278  5 0.1418 0.1513 0.5805 0.1264 
     D237279  5 0.2020 0.5457 0.1981 0.0542 
     D237280  5 0.6416 0.1727 0.0647 0.1209 
     D237281  5 0.1110 0.0552 0.4386 0.3951 
     D237351  5 0.0597 0.8441 0.0296 0.0665 
     D237352  5 0.1683 0.1920 0.5786 0.0611 
     D237353  5 0.3418 0.0605 0.0409 0.5568 
     D237359  5 0.1684 0.2832 0.0416 0.5069 
     D237361  5 0.1222 0.0847 0.0521 0.7410 
     D237362  5 0.3863 0.4201 0.0837 0.1098 
     D237363  5 0.4154 0.2543 0.1794 0.1509 
     D237364  5 0.1945 0.4563 0.2938 0.0555 
     D237376  5 0.1997 0.3614 0.0847 0.3542 
     D237377  5 0.3451 0.3447 0.1735 0.1368 
     D237378  5 0.1603 0.1784 0.0825 0.5787 
     D237379  5 0.3276 0.2506 0.1269 0.2950 
     D237380  5 0.5595 0.2509 0.0584 0.1312 
     D237381  5 0.2393 0.2593 0.3740 0.1274 
     D237391  5 0.2209 0.0859 0.0704 0.6228 
     D237392  5 0.5900 0.1282 0.2468 0.0350 
     D237393  5 0.4888 0.1059 0.1625 0.2428 
     D237394  5 0.3804 0.0882 0.0436 0.4878 
     D237395  5 0.1460 0.2604 0.1318 0.4618 
     D237396  5 0.2542 0.0526 0.5426 0.1506 
     D244016  5 0.4492 0.0700 0.2713 0.2095 
     D244018  5 0.0552 0.1553 0.5639 0.2256 
     D244019  5 0.5562 0.0866 0.2162 0.1410 
        D279  5 0.1419 0.3744 0.0852 0.3984 
        D280  5 0.2149 0.0425 0.0547 0.6879 
        D281  5 0.0548 0.0565 0.1963 0.6923 
        D283  5 0.2641 0.0679 0.0524 0.6156 
        D284  5 0.0845 0.7782 0.0652 0.0721 
        D285  5 0.1047 0.0558 0.0334 0.8061 
        D286  5 0.3018 0.1844 0.1782 0.3356 
        D287  5 0.2141 0.4733 0.0434 0.2692 
        D288  5 0.2997 0.0504 0.0599 0.5900 
        D308  5 0.3343 0.5677 0.0559 0.0421 
        D309  5 0.3303 0.0534 0.5811 0.0353 
        D310  5 0.1034 0.0530 0.0275 0.8161 
        D311  5 0.3879 0.3497 0.1059 0.1566 
        D312  5 0.4006 0.1351 0.2240 0.2403 
        D313  5 0.0311 0.8770 0.0313 0.0605 
        D314  5 0.1919 0.4774 0.1765 0.1542 
        D315  5 0.4915 0.0978 0.1058 0.3049 
        D317  5 0.1592 0.0989 0.0379 0.7040 
        D318  5 0.5241 0.1590 0.1380 0.1789 
        D319  5 0.0695 0.0992 0.0486 0.7828 
        D320  5 0.1542 0.0774 0.0404 0.7279 
        D321  5 0.2540 0.5114 0.0282 0.2065 
        D336  5 0.1710 0.1428 0.0638 0.6223 
        D337  5 0.0802 0.0393 0.0347 0.8458 
        D338  5 0.1331 0.3604 0.1758 0.3306 
        D339  5 0.1043 0.1238 0.0378 0.7341 
        D347  5 0.4564 0.0485 0.1353 0.3598 
        D348  5 0.1956 0.0246 0.0758 0.7040 
        D349  5 0.1943 0.6833 0.0448 0.0777 
        D350  5 0.3166 0.1642 0.4699 0.0494 
        D355  5 0.2335 0.1921 0.2428 0.3316 
        D356  5 0.2892 0.1113 0.0795 0.5201 
        D357  5 0.4124 0.1705 0.0802 0.3370 
        D358  5 0.2453 0.1055 0.2788 0.3704 
        D359  5 0.6007 0.0876 0.0465 0.2653 
        D360  5 0.2175 0.0868 0.0590 0.6368 
        D361  5 0.0541 0.8968 0.0240 0.0251 
        D366  5 0.2276 0.2532 0.4698 0.0494 
        D367  5 0.1287 0.2270 0.0447 0.5997 
        D368  5 0.2239 0.6146 0.0442 0.1173 
        D380  5 0.3301 0.0723 0.5268 0.0709 
        D381  5 0.1932 0.0504 0.0796 0.6768 
        D400  5 0.1171 0.1402 0.1541 0.5885 
        D411  5 0.0238 0.9313 0.0276 0.0173 
        D412  5 0.2243 0.0397 0.2125 0.5236 
        D413  5 0.0981 0.0460 0.8228 0.0330 
        D414  5 0.2087 0.1402 0.5309 0.1202 
        D420  5 0.1172 0.1095 0.1110 0.6623 
        D431  5 0.2504 0.4535 0.0449 0.2512 
        D432  5 0.1244 0.0721 0.3107 0.4928 
        D433  5 0.1748 0.0947 0.0596 0.6709 
        D434  5 0.1650 0.1247 0.0478 0.6626 
        D440  5 0.3176 0.2198 0.4173 0.0453 
        D447  5 0.4646 0.1351 0.3082 0.0920 
        D448  5 0.2858 0.1518 0.0538 0.5087 
        D459  5 0.0837 0.0712 0.5780 0.2670 
        D460  5 0.2889 0.6106 0.0545 0.0460 
        D461  5 0.5075 0.0807 0.3684 0.0434 
        D468  5 0.1661 0.7428 0.0499 0.0412 
        D469  5 0.2467 0.5136 0.0759 0.1639 
        D470  5 0.3370 0.4786 0.0882 0.0963 
        D471  5 0.3096 0.1144 0.0819 0.4940 
        D472  5 0.5519 0.0246 0.2580 0.1655 
        D479  5 0.0815 0.0484 0.8342 0.0358 
        D485  5 0.2435 0.4363 0.1501 0.1701 
        D486  5 0.0942 0.7915 0.0612 0.0531 
        D487  5 0.1184 0.0849 0.1903 0.6063 
        D555  5 0.0563 0.0299 0.0646 0.8491 
        D556  5 0.2884 0.1832 0.0816 0.4467 
        D557  5 0.2405 0.0611 0.1530 0.5453 
        D564  5 0.6154 0.1115 0.1259 0.1472 
        D594  5 0.4801 0.0871 0.1850 0.2479 
        D595  5 0.3038 0.3066 0.0728 0.3168 
        D596  5 0.1659 0.0331 0.0587 0.7422 
        D597  5 0.1323 0.0392 0.2843 0.5442 
        D598  5 0.2108 0.2187 0.1476 0.4228 
        D617  5 0.0699 0.7022 0.1798 0.0481 
        D618  5 0.3373 0.0910 0.0750 0.4968 
        D619  5 0.6132 0.1045 0.0928 0.1895 
        D620  5 0.0481 0.0391 0.8284 0.0844 
        D628  5 0.4105 0.1393 0.3007 0.1495 
        D714  5 0.1804 0.1085 0.1032 0.6078 
        D715  5 0.3690 0.0838 0.0772 0.4700 
        D716  5 0.4509 0.1366 0.1499 0.2626 
        D717  5 0.2600 0.1092 0.1716 0.4593 
        D718  5 0.0694 0.7034 0.0435 0.1838 
        D769  5 0.1344 0.4608 0.3247 0.0802 
        D770  5 0.2812 0.3959 0.2073 0.1156 
        D771  5 0.2390 0.2282 0.2119 0.3209 
        D772  5 0.4346 0.1612 0.1789 0.2253 
        D782  5 0.1548 0.3183 0.2894 0.2375 
        D783  5 0.1351 0.0852 0.6172 0.1625 
        D784  5 0.4891 0.0514 0.2561 0.2034 
        D785  5 0.5371 0.1648 0.0435 0.2546 
        D786  5 0.1800 0.1881 0.5895 0.0424 
        D821  5 0.3289 0.0645 0.0349 0.5716 
        D822  5 0.4452 0.1245 0.2728 0.1575 
        D826  5 0.1253 0.1683 0.1649 0.5416 
        D827  5 0.6115 0.1917 0.1320 0.0649 
        D851  5 0.3906 0.1207 0.3339 0.1547 
        D852  5 0.1506 0.0651 0.2161 0.5682 
        D853  5 0.1207 0.0962 0.1054 0.6777 
        D854  5 0.3298 0.4929 0.1116 0.0656 
        D861  5 0.1541 0.4702 0.1187 0.2570 
        D862  5 0.4747 0.1287 0.1193 0.2774 
        D865  5 0.1497 0.0946 0.0852 0.6704 
        D868  5 0.2622 0.1801 0.0873 0.4704 
        D869  5 0.0337 0.8879 0.0531 0.0252 
        D870  5 0.3114 0.0665 0.5853 0.0368 
        D907  5 0.1138 0.1101 0.0513 0.7248 
        D908  5 0.1294 0.0693 0.1850 0.6164 
        D910  5 0.1718 0.1845 0.1176 0.5262 
        D911  5 0.1443 0.0779 0.0897 0.6880 
        D934  5 0.4666 0.1455 0.2506 0.1373 
        D946  5 0.3441 0.3398 0.1139 0.2023 
        D947  5 0.4815 0.2100 0.1097 0.1988 
        D948  5 0.2382 0.5788 0.0440 0.1390 
        D949  5 0.1495 0.7698 0.0248 0.0560 
        D950  5 0.1683 0.0593 0.1617 0.6107 
        D951  5 0.4188 0.0721 0.4632 0.0459 
        D952  5 0.5132 0.0760 0.0846 0.3262 
        D953  5 0.2181 0.0668 0.0385 0.6766 
        D954  5 0.6717 0.0792 0.0945 0.1546 
        D961  5 0.3748 0.3604 0.0685 0.1962 
        D962  5 0.5859 0.1029 0.0723 0.2390 
        D963  5 0.3106 0.0849 0.1939 0.4106 
        D964  5 0.2013 0.4630 0.0944 0.2413 
        D965  5 0.3757 0.1041 0.3771 0.1431 
        D966  5 0.5236 0.0400 0.1776 0.2588 
        D967  5 0.1596 0.0482 0.2091 0.5831 
        D991  5 0.2292 0.3333 0.2092 0.2283 
        D132  8 0.0322 0.8848 0.0439 0.0391 
        D133  8 0.0330 0.0437 0.8751 0.0482 
        D200  8 0.1523 0.2452 0.1316 0.4709 
        D500  8 0.0423 0.8895 0.0425 0.0258 
        D614  8 0.1180 0.3099 0.0686 0.5035 
        D723  8 0.0564 0.8378 0.0594 0.0464 
        D888  8 0.1020 0.0471 0.0934 0.7575 
        D901  8 0.0312 0.9044 0.0207 0.0437 
        D902  8 0.0617 0.3357 0.1349 0.4677 
        D903  8 0.4213 0.0753 0.3968 0.1066 
        D904  8 0.4052 0.0742 0.3964 0.1242 
        D905  8 0.0308 0.0342 0.0239 0.9111 
        D906  8 0.2371 0.0424 0.5903 0.1302 
        D937  8 0.0413 0.2787 0.0549 0.6252 
        D943  8 0.1952 0.3487 0.1465 0.3096 
        D972  8 0.0394 0.8733 0.0536 0.0338 
        D973  8 0.1409 0.7134 0.0929 0.0528 
        D974  8 0.1111 0.5633 0.1809 0.1448 
        D975  8 0.0953 0.1620 0.2101 0.5326 
        D976  8 0.1537 0.5077 0.0872 0.2514 
        D142 10 0.4668 0.0936 0.3043 0.1354 
        D143 10 0.0498 0.0512 0.8476 0.0514 
        D144 10 0.4680 0.1541 0.2152 0.1627 
        D145 10 0.0907 0.1967 0.0494 0.6632 
        D146 10 0.2287 0.6596 0.0739 0.0378 
        D147 10 0.2766 0.5616 0.1097 0.0521 
        D148 10 0.5404 0.1438 0.2295 0.0862 
        D149 10 0.1596 0.1532 0.4349 0.2522 
        D151 10 0.1495 0.1608 0.2333 0.4563 
        D152 10 0.0776 0.0666 0.7589 0.0969 
        D153 10 0.3368 0.3825 0.1792 0.1015 
        D156 10 0.5193 0.0758 0.3537 0.0512 
        D157 10 0.2851 0.1982 0.2003 0.3164 
        D158 10 0.0633 0.6206 0.0298 0.2863 
        D159 10 0.0461 0.0376 0.8731 0.0433 
        D160 10 0.0160 0.0210 0.0145 0.9484 
        D161 10 0.4781 0.1407 0.2872 0.0941 
        D162 10 0.4650 0.0416 0.3942 0.0991 
        D169 10 0.0799 0.3170 0.3668 0.2363 
        D170 10 0.1930 0.5194 0.2294 0.0583 
        D171 10 0.5524 0.2650 0.1289 0.0536 
        D172 10 0.3352 0.4180 0.1728 0.0741 
        D173 10 0.0451 0.0746 0.8294 0.0510 
        D181 10 0.5650 0.1234 0.1309 0.1807 
        D182 10 0.3283 0.3830 0.1284 0.1603 
        D183 10 0.0928 0.1570 0.0426 0.7076 
        D184 10 0.1447 0.5696 0.2631 0.0226 
        D185 10 0.6806 0.1477 0.1165 0.0551 
        D186 10 0.0328 0.8616 0.0506 0.0550 
        D194 10 0.3182 0.3682 0.2365 0.0771 
        D195 10 0.1415 0.0759 0.5414 0.2411 
        D196 10 0.1828 0.0385 0.5651 0.2136 
        D197 10 0.0393 0.5042 0.3867 0.0698 
        D198 10 0.5468 0.1517 0.1571 0.1444 
     D237226 10 0.2499 0.0955 0.1651 0.4895 
     D237232 10 0.0673 0.1345 0.0859 0.7123 
     D237233 10 0.1688 0.3068 0.2424 0.2820 
     D237234 10 0.3042 0.2406 0.1083 0.3469 
     D237354 10 0.0503 0.0270 0.0416 0.8812 
     D237355 10 0.0303 0.0259 0.0246 0.9192 
     D237356 10 0.5214 0.1659 0.1660 0.1467 
     D237357 10 0.1019 0.3142 0.5138 0.0701 
     D237358 10 0.0823 0.0303 0.8271 0.0603 
     D237369 10 0.0324 0.9200 0.0289 0.0186 
     D237370 10 0.1818 0.1246 0.3517 0.3420 
     D237371 10 0.6066 0.1752 0.1239 0.0943 
     D237372 10 0.1160 0.0710 0.7261 0.0868 
     D237373 10 0.2071 0.3114 0.0894 0.3922 
     D237374 10 0.0773 0.0342 0.0261 0.8625 
     D237375 10 0.1960 0.1251 0.5786 0.1003 
     D237400 10 0.0715 0.0448 0.8244 0.0593 
     D244002 10 0.3913 0.3489 0.2080 0.0517 
     D244003 10 0.0301 0.0401 0.0511 0.8787 
     D244004 10 0.0316 0.0700 0.0214 0.8770 
     D244005 10 0.0353 0.0789 0.1117 0.7741 
     D244020 10 0.4981 0.2253 0.1296 0.1470 
     D244021 10 0.0375 0.8736 0.0518 0.0371 
     D244116 10 0.2010 0.4820 0.2265 0.0905 
     D244117 10 0.0960 0.0504 0.0995 0.7541 
     D244121 10 0.1120 0.1822 0.2092 0.4966 
     D244123 10 0.1444 0.0911 0.0853 0.6793 
     D244124 10 0.0868 0.1699 0.6368 0.1065 
        D332 10 0.4467 0.2923 0.2055 0.0555 
        D570 10 0.5295 0.1012 0.1033 0.2660 
        D602 10 0.2431 0.1583 0.5245 0.0740 
        D603 10 0.1564 0.3040 0.2870 0.2526 
        D604 10 0.1590 0.0296 0.7130 0.0984 
        D605 10 0.4799 0.0988 0.2434 0.1779 
        D606 10 0.1039 0.2436 0.3981 0.2543 
        D607 10 0.7887 0.0437 0.1358 0.0318 
        D608 10 0.0519 0.0219 0.9043 0.0219 
        D609 10 0.2813 0.3334 0.0517 0.3336 
        D610 10 0.1469 0.0465 0.0444 0.7622 
        D611 10 0.0837 0.1147 0.0301 0.7714 
        D613 10 0.5605 0.1286 0.1785 0.1323 
        D633 10 0.4189 0.0366 0.5044 0.0401 
        D634 10 0.5473 0.2221 0.1423 0.0882 
        D638 10 0.0442 0.0476 0.7786 0.1296 
        D681 10 0.4294 0.3959 0.1129 0.0617 
        D754 10 0.0413 0.8387 0.0265 0.0935 
        D755 10 0.0387 0.0995 0.2463 0.6155 
        D756 10 0.1145 0.4030 0.0688 0.4137 
        D757 10 0.2571 0.0729 0.2192 0.4508 
        D758 10 0.3913 0.3098 0.1379 0.1611 
        D759 10 0.0795 0.0355 0.1566 0.7284 
        D760 10 0.1676 0.1340 0.2091 0.4894 
        D761 10 0.0349 0.0259 0.0810 0.8582 
        D762 10 0.5697 0.0441 0.3405 0.0457 
        D775 10 0.0504 0.1077 0.0472 0.7947 
        D776 10 0.0491 0.0648 0.1274 0.7587 
        D777 10 0.1136 0.0693 0.0277 0.7894 
        D778 10 0.0490 0.3303 0.1056 0.5151 
        D779 10 0.1510 0.6375 0.0630 0.1486 
        D780 10 0.2118 0.1022 0.4244 0.2616 
        D781 10 0.1908 0.1144 0.6462 0.0485 
        D858 10 0.0849 0.6944 0.0905 0.1302 
        D933 10 0.3285 0.0540 0.2044 0.4132 
        D038 11 0.2632 0.1250 0.1067 0.5051 
        D063 11 0.1689 0.1244 0.2947 0.4120 
        D155 11 0.1316 0.1228 0.1162 0.6294 
        D175 11 0.0715 0.7498 0.0522 0.1265 
        D176 11 0.1417 0.3356 0.2992 0.2235 
        D205 11 0.1037 0.2539 0.0624 0.5800 
     D237229 11 0.1856 0.0900 0.4279 0.2965 
     D237230 11 0.1403 0.5272 0.2987 0.0338 
     D237231 11 0.3770 0.1118 0.4326 0.0787 
     D237269 11 0.2342 0.0709 0.5470 0.1479 
     D237270 11 0.2142 0.3999 0.3005 0.0855 
     D237271 11 0.3453 0.2006 0.2598 0.1943 
     D237272 11 0.0996 0.7423 0.0923 0.0658 
     D237273 11 0.1338 0.1212 0.1145 0.6304 
     D237301 11 0.5166 0.2006 0.1713 0.1115 
     D237302 11 0.1467 0.3818 0.3915 0.0799 
     D237303 11 0.1056 0.5734 0.2853 0.0357 
     D237304 11 0.3034 0.3609 0.1779 0.1578 
     D237305 11 0.0695 0.2668 0.0818 0.5819 
     D237314 11 0.2450 0.1768 0.0632 0.5150 
     D237315 11 0.1403 0.6656 0.1057 0.0884 
     D237316 11 0.7818 0.0416 0.1282 0.0484 
     D237328 11 0.1400 0.6666 0.1071 0.0863 
     D237329 11 0.1279 0.2079 0.3406 0.3236 
     D237330 11 0.1439 0.0978 0.1128 0.6455 
     D237331 11 0.4396 0.0658 0.0630 0.4316 
     D237332 11 0.3110 0.2928 0.1074 0.2888 
     D237333 11 0.2629 0.0402 0.2249 0.4721 
     D237334 11 0.6635 0.1440 0.1045 0.0881 
     D237335 11 0.2770 0.3267 0.0813 0.3149 
     D237336 11 0.1692 0.0550 0.0603 0.7155 
     D237350 11 0.2746 0.0700 0.4192 0.2361 
     D237383 11 0.1921 0.2621 0.1340 0.4117 
     D237384 11 0.6964 0.0632 0.0954 0.1450 
     D237385 11 0.2143 0.3709 0.1761 0.2387 
     D237386 11 0.2653 0.1760 0.4176 0.1412 
     D237387 11 0.3282 0.4579 0.1219 0.0920 
     D237388 11 0.5283 0.1420 0.1154 0.2143 
        D239 11 0.1765 0.1024 0.1218 0.5994 
        D240 11 0.0611 0.0271 0.1515 0.7603 
        D241 11 0.4179 0.0561 0.0592 0.4667 
        D242 11 0.2922 0.0955 0.3993 0.2130 
        D243 11 0.1346 0.0778 0.0582 0.7294 
        D244 11 0.1113 0.0375 0.0576 0.7935 
        D245 11 0.0992 0.8025 0.0482 0.0501 
        D246 11 0.2577 0.4874 0.0795 0.1755 
        D247 11 0.2641 0.1225 0.1998 0.4135 
        D248 11 0.2858 0.1332 0.4984 0.0826 
        D249 11 0.1647 0.6986 0.0373 0.0994 
        D250 11 0.2448 0.1246 0.4589 0.1717 
        D251 11 0.2172 0.4384 0.1374 0.2070 
        D252 11 0.2223 0.6217 0.1089 0.0472 
        D253 11 0.1743 0.1332 0.1383 0.5541 
        D254 11 0.0512 0.6347 0.2683 0.0458 
        D255 11 0.3556 0.2639 0.2686 0.1119 
        D256 11 0.3530 0.0858 0.0746 0.4865 
        D257 11 0.1656 0.6101 0.0756 0.1488 
        D258 11 0.2900 0.5906 0.0626 0.0568 
        D259 11 0.2346 0.4594 0.2260 0.0800 
        D260 11 0.2634 0.2818 0.2490 0.2059 
        D261 11 0.5666 0.1924 0.1066 0.1345 
        D262 11 0.1950 0.6807 0.0663 0.0580 
        D263 11 0.5203 0.1256 0.1244 0.2296 
        D264 11 0.1357 0.7457 0.0848 0.0339 
        D265 11 0.0847 0.4647 0.2618 0.1888 
        D266 11 0.4303 0.0392 0.1777 0.3528 
        D267 11 0.3225 0.1248 0.0619 0.4907 
        D268 11 0.1821 0.1032 0.0919 0.6228 
        D269 11 0.7195 0.0871 0.0678 0.1257 
        D270 11 0.3149 0.4804 0.0759 0.1288 
        D271 11 0.2662 0.1344 0.1268 0.4726 
        D272 11 0.3266 0.0464 0.2010 0.4260 
        D273 11 0.0371 0.9110 0.0230 0.0288 
        D274 11 0.3162 0.1101 0.1956 0.3782 
        D275 11 0.5114 0.0807 0.1622 0.2457 
        D276 11 0.3774 0.0548 0.1095 0.4583 
        D277 11 0.1821 0.1272 0.4349 0.2558 
        D278 11 0.1588 0.4165 0.2084 0.2163 
        D282 11 0.1093 0.6445 0.1329 0.1133 
        D296 11 0.4080 0.0586 0.0757 0.4576 
        D297 11 0.2341 0.1071 0.1796 0.4792 
        D298 11 0.2643 0.0961 0.2496 0.3900 
        D299 11 0.2316 0.2589 0.2133 0.2962 
        D300 11 0.3982 0.0909 0.1684 0.3425 
        D382 11 0.5417 0.0842 0.0498 0.3244 
        D383 11 0.0980 0.1361 0.0565 0.7094 
        D387 11 0.1425 0.3841 0.1971 0.2763 
        D388 11 0.8414 0.0311 0.0571 0.0704 
        D389 11 0.3741 0.1852 0.2222 0.2185 
        D390 11 0.3612 0.1276 0.2313 0.2799 
        D396 11 0.4367 0.1647 0.2135 0.1851 
        D397 11 0.0643 0.6879 0.1116 0.1363 
        D398 11 0.3521 0.0540 0.0944 0.4995 
        D399 11 0.4339 0.1339 0.3943 0.0380 
        D437 11 0.2224 0.4673 0.2175 0.0928 
        D441 11 0.0933 0.1576 0.0635 0.6855 
        D442 11 0.1788 0.1395 0.2329 0.4488 
        D443 11 0.0692 0.0380 0.0351 0.8577 
        D444 11 0.4333 0.1263 0.3041 0.1364 
        D445 11 0.2858 0.5784 0.0742 0.0615 
        D446 11 0.4508 0.0941 0.2719 0.1833 
        D451 11 0.2406 0.4808 0.0923 0.1863 
        D452 11 0.4216 0.0583 0.3973 0.1228 
        D453 11 0.5629 0.0703 0.2252 0.1415 
        D454 11 0.4130 0.3209 0.1332 0.1329 
        D457 11 0.1085 0.7497 0.0304 0.1114 
        D458 11 0.5026 0.0758 0.0427 0.3790 
        D466 11 0.0791 0.0806 0.7800 0.0603 
        D467 11 0.4392 0.2073 0.1235 0.2300 
        D475 11 0.1359 0.6857 0.1328 0.0456 
        D488 11 0.2691 0.1886 0.3504 0.1919 
        D489 11 0.1396 0.5824 0.1657 0.1123 
        D493 11 0.3285 0.1007 0.3786 0.1923 
        D494 11 0.4313 0.1978 0.2406 0.1303 
        D495 11 0.1403 0.5038 0.2391 0.1168 
        D496 11 0.0789 0.0339 0.0868 0.8004 
        D674 11 0.1554 0.0588 0.1463 0.6395 
        D675 11 0.0473 0.0240 0.0727 0.8560 
        D676 11 0.1149 0.6663 0.0867 0.1321 
        D680 11 0.1353 0.0493 0.0631 0.7523 
        D701 11 0.1703 0.5251 0.0641 0.2405 
        D702 11 0.3659 0.1250 0.4401 0.0690 
        D703 11 0.2125 0.0726 0.2940 0.4209 
        D704 11 0.1964 0.4901 0.1305 0.1831 
        D705 11 0.0471 0.7137 0.2094 0.0297 
        D706 11 0.1104 0.1543 0.4586 0.2767 
        D707 11 0.2811 0.4904 0.0788 0.1497 
        D751 11 0.6735 0.1205 0.0643 0.1416 
        D752 11 0.2266 0.1621 0.1865 0.4249 
        D753 11 0.0644 0.6307 0.2123 0.0926 
        D773 11 0.0427 0.9031 0.0288 0.0254 
        D774 11 0.3359 0.0795 0.2583 0.3263 
        D801 11 0.2212 0.1795 0.1790 0.4202 
        D802 11 0.3525 0.4365 0.1238 0.0871 
        D803 11 0.1215 0.0792 0.0581 0.7412 
        D804 11 0.2252 0.5527 0.0997 0.1225 
        D805 11 0.6223 0.1461 0.0504 0.1812 
        D806 11 0.0727 0.8658 0.0349 0.0266 
        D809 11 0.3772 0.1598 0.2321 0.2308 
        D810 11 0.2872 0.0417 0.0688 0.6022 
        D812 11 0.2904 0.4581 0.1525 0.0989 
        D813 11 0.1765 0.0528 0.3396 0.4311 
        D823 11 0.3964 0.2042 0.2486 0.1507 
        D824 11 0.2544 0.2393 0.2583 0.2480 
        D829 11 0.3270 0.0394 0.3960 0.2376 
        D830 11 0.3343 0.4757 0.1137 0.0763 
        D831 11 0.1806 0.5615 0.1046 0.1533 
        D832 11 0.0941 0.1952 0.4407 0.2700 
        D833 11 0.4431 0.0497 0.0646 0.4426 
        D834 11 0.6518 0.0583 0.0858 0.2041 
        D835 11 0.1290 0.7584 0.0349 0.0777 
        D855 11 0.1307 0.5518 0.1235 0.1940 
        D863 11 0.0541 0.0255 0.1090 0.8115 
        D864 11 0.3644 0.1846 0.1151 0.3359 
        D878 11 0.2733 0.2475 0.0743 0.4049 
        D879 11 0.2141 0.5735 0.1027 0.1097 
        D880 11 0.1098 0.0313 0.4789 0.3799 
        D881 11 0.0801 0.0489 0.0469 0.8241 
        D882 11 0.2293 0.2939 0.2705 0.2063 
        D909 11 0.1495 0.2445 0.2457 0.3603 
        D921 11 0.4115 0.1379 0.2416 0.2089 
        D924 11 0.1202 0.0620 0.4432 0.3746 
        D935 11 0.7326 0.0882 0.0844 0.0947 
        D940 11 0.0510 0.0263 0.0562 0.8666 
        D941 11 0.4122 0.0413 0.0608 0.4857 
        D942 11 0.1146 0.7638 0.0702 0.0514 
        D980 11 0.4780 0.0985 0.2093 0.2141 
        D981 11 0.4143 0.1664 0.3441 0.0752 
        D982 11 0.0592 0.0363 0.8565 0.0480 
        D983 11 0.2580 0.1156 0.0844 0.5420 
        D984 11 0.4992 0.1296 0.1683 0.2029 
        D992 11 0.1616 0.6844 0.1039 0.0501 
        D993 11 0.4953 0.1538 0.1849 0.1660 
        D994 11 0.1408 0.2949 0.0798 0.4845 
        D995 11 0.1701 0.7259 0.0589 0.0451 
        H354 11 0.3235 0.4493 0.1768 0.0504 
